"device","ts","humidity","temp","light","motion","lpg","co","smoke","msg_received","metadata","__dt"
"iot-device-02","1.5946545542056494E9","62.0","75.2","true","false","0.0069","0.0043","0.0183","2020-11-26T17:27:08.958+0000","{defaultclientid=iot-device-02, thingname=iot-device-02, thingid=4ae4927a-aefb-4584-a45a-fc4839feffd6, thingarn=arn:aws:iot:us-east-1:507441099951:thing/iot-device-02, thingtypename=null, attributes={installed=1593361211, latitude=32.8205865, longitude=-96.871627}, version=1, billinggroupname=null}","2020-11-26 00:00:00.000"
"iot-device-01","1.594654555887167E9","74.5","66.38","false","false","0.0067","0.0042","0.0179","2020-11-26T17:27:09.249+0000","{defaultclientid=iot-device-01, thingname=iot-device-01, thingid=983c2b68-f9a3-4e83-b3c6-9f6f8ad5431b, thingarn=arn:aws:iot:us-east-1:507441099951:thing/iot-device-01, thingtypename=null, attributes={installed=1594665292, latitude=37.4133144, longitude=-122.1513069}, version=1, billinggroupname=null}","2020-11-26 00:00:00.000"
"iot-device-03","1.5946545567343948E9","51.5","70.88","false","false","0.0079","0.0052","0.0211","2020-11-26T17:27:09.549+0000","{defaultclientid=iot-device-03, thingname=iot-device-03, thingid=877352b9-a35d-45d3-9c98-162d89965a13, thingarn=arn:aws:iot:us-east-1:507441099951:thing/iot-device-03, thingtypename=null, attributes={installed=1592562234, latitude=37.4133144, longitude=-122.1513069}, version=1, billinggroupname=null}","2020-11-26 00:00:00.000"
"iot-device-02","1.5946545596185415E9","61.9","75.2","true","false","0.0069","0.0043","0.0183","2020-11-26T17:27:09.850+0000","{defaultclientid=iot-device-02, thingname=iot-device-02, thingid=4ae4927a-aefb-4584-a45a-fc4839feffd6, thingarn=arn:aws:iot:us-east-1:507441099951:thing/iot-device-02, thingtypename=null, attributes={installed=1593361211, latitude=32.8205865, longitude=-96.871627}, version=1, billinggroupname=null}","2020-11-26 00:00:00.000"
"iot-device-01","1.5946545602389019E9","74.6","66.38","false","false","0.0067","0.0042","0.0179","2020-11-26T17:27:10.141+0000","{defaultclientid=iot-device-01, thingname=iot-device-01, thingid=983c2b68-f9a3-4e83-b3c6-9f6f8ad5431b, thingarn=arn:aws:iot:us-east-1:507441099951:thing/iot-device-01, thingtypename=null, attributes={installed=1594665292, latitude=37.4133144, longitude=-122.1513069}, version=1, billinggroupname=null}","2020-11-26 00:00:00.000"
"iot-device-03","1.5946545604203012E9","51.7","70.88","false","false","0.0079","0.0052","0.0211","2020-11-26T17:27:10.431+0000","{defaultclientid=iot-device-03, thingname=iot-device-03, thingid=877352b9-a35d-45d3-9c98-162d89965a13, thingarn=arn:aws:iot:us-east-1:507441099951:thing/iot-device-03, thingtypename=null, attributes={installed=1592562234, latitude=37.4133144, longitude=-122.1513069}, version=1, billinggroupname=null}","2020-11-26 00:00:00.000"
"iot-device-03","1.5946545641062572E9","51.9","70.88","false","false","0.0079","0.0051","0.021","2020-11-26T17:27:10.732+0000","{defaultclientid=iot-device-03, thingname=iot-device-03, thingid=877352b9-a35d-45d3-9c98-162d89965a13, thingarn=arn:aws:iot:us-east-1:507441099951:thing/iot-device-03, thingtypename=null, attributes={installed=1592562234, latitude=37.4133144, longitude=-122.1513069}, version=1, billinggroupname=null}","2020-11-26 00:00:00.000"
"iot-device-01","1.5946545645919142E9","74.6","66.38","false","false","0.0067","0.0042","0.0179","2020-11-26T17:27:11.029+0000","{defaultclientid=iot-device-01, thingname=iot-device-01, thingid=983c2b68-f9a3-4e83-b3c6-9f6f8ad5431b, thingarn=arn:aws:iot:us-east-1:507441099951:thing/iot-device-01, thingtypename=null, attributes={installed=1594665292, latitude=37.4133144, longitude=-122.1513069}, version=1, billinggroupname=null}","2020-11-26 00:00:00.000"
"iot-device-02","1.5946545661879563E9","61.9","75.2","true","false","0.0069","0.0043","0.0183","2020-11-26T17:27:11.322+0000","{defaultclientid=iot-device-02, thingname=iot-device-02, thingid=4ae4927a-aefb-4584-a45a-fc4839feffd6, thingarn=arn:aws:iot:us-east-1:507441099951:thing/iot-device-02, thingtypename=null, attributes={installed=1593361211, latitude=32.8205865, longitude=-96.871627}, version=1, billinggroupname=null}","2020-11-26 00:00:00.000"
"iot-device-03","1.5946545677922606E9","51.7","70.88","false","false","0.0079","0.0052","0.0211","2020-11-26T17:27:11.612+0000","{defaultclientid=iot-device-03, thingname=iot-device-03, thingid=877352b9-a35d-45d3-9c98-162d89965a13, thingarn=arn:aws:iot:us-east-1:507441099951:thing/iot-device-03, thingtypename=null, attributes={installed=1592562234, latitude=37.4133144, longitude=-122.1513069}, version=1, billinggroupname=null}","2020-11-26 00:00:00.000"
"iot-device-01","1.5946549276555276E9","74.8","66.56","false","false","0.0067","0.0042","0.0179","2020-11-26T17:27:20.760+0000","{defaultclientid=iot-device-01, thingname=iot-device-01, thingid=983c2b68-f9a3-4e83-b3c6-9f6f8ad5431b, thingarn=arn:aws:iot:us-east-1:507441099951:thing/iot-device-01, thingtypename=null, attributes={installed=1594665292, latitude=37.4133144, longitude=-122.1513069}, version=1, billinggroupname=null}","2020-11-26 00:00:00.000"
"iot-device-03","1.5946549292840738E9","51.9","71.6","false","false","0.0079","0.0052","0.0211","2020-11-26T17:27:21.051+0000","{defaultclientid=iot-device-03, thingname=iot-device-03, thingid=877352b9-a35d-45d3-9c98-162d89965a13, thingarn=arn:aws:iot:us-east-1:507441099951:thing/iot-device-03, thingtypename=null, attributes={installed=1592562234, latitude=37.4133144, longitude=-122.1513069}, version=1, billinggroupname=null}","2020-11-26 00:00:00.000"
"iot-device-03","1.5946549329693706E9","51.9","71.6","false","false","0.0079","0.0052","0.0211","2020-11-26T17:27:21.354+0000","{defaultclientid=iot-device-03, thingname=iot-device-03, thingid=877352b9-a35d-45d3-9c98-162d89965a13, thingarn=arn:aws:iot:us-east-1:507441099951:thing/iot-device-03, thingtypename=null, attributes={installed=1592562234, latitude=37.4133144, longitude=-122.1513069}, version=1, billinggroupname=null}","2020-11-26 00:00:00.000"
"iot-device-03","1.594654936638985E9","51.9","71.78","false","false","0.0079","0.0052","0.0211","2020-11-26T17:27:21.641+0000","{defaultclientid=iot-device-03, thingname=iot-device-03, thingid=877352b9-a35d-45d3-9c98-162d89965a13, thingarn=arn:aws:iot:us-east-1:507441099951:thing/iot-device-03, thingtypename=null, attributes={installed=1592562234, latitude=37.4133144, longitude=-122.1513069}, version=1, billinggroupname=null}","2020-11-26 00:00:00.000"
"iot-device-01","1.5946549374087734E9","74.8","66.56","false","false","0.0067","0.0042","0.0179","2020-11-26T17:27:21.932+0000","{defaultclientid=iot-device-01, thingname=iot-device-01, thingid=983c2b68-f9a3-4e83-b3c6-9f6f8ad5431b, thingarn=arn:aws:iot:us-east-1:507441099951:thing/iot-device-01, thingtypename=null, attributes={installed=1594665292, latitude=37.4133144, longitude=-122.1513069}, version=1, billinggroupname=null}","2020-11-26 00:00:00.000"
"iot-device-02","1.5946549374929698E9","62.0","75.2","true","false","0.0069","0.0043","0.0182","2020-11-26T17:27:22.219+0000","{defaultclientid=iot-device-02, thingname=iot-device-02, thingid=4ae4927a-aefb-4584-a45a-fc4839feffd6, thingarn=arn:aws:iot:us-east-1:507441099951:thing/iot-device-02, thingtypename=null, attributes={installed=1593361211, latitude=32.8205865, longitude=-96.871627}, version=1, billinggroupname=null}","2020-11-26 00:00:00.000"
"iot-device-03","1.5946549403229315E9","51.9","71.6","false","false","0.0079","0.0051","0.021","2020-11-26T17:27:22.518+0000","{defaultclientid=iot-device-03, thingname=iot-device-03, thingid=877352b9-a35d-45d3-9c98-162d89965a13, thingarn=arn:aws:iot:us-east-1:507441099951:thing/iot-device-03, thingtypename=null, attributes={installed=1592562234, latitude=37.4133144, longitude=-122.1513069}, version=1, billinggroupname=null}","2020-11-26 00:00:00.000"
"iot-device-02","1.5946549418378994E9","62.0","75.2","true","false","0.0069","0.0043","0.0183","2020-11-26T17:27:22.826+0000","{defaultclientid=iot-device-02, thingname=iot-device-02, thingid=4ae4927a-aefb-4584-a45a-fc4839feffd6, thingarn=arn:aws:iot:us-east-1:507441099951:thing/iot-device-02, thingtypename=null, attributes={installed=1593361211, latitude=32.8205865, longitude=-96.871627}, version=1, billinggroupname=null}","2020-11-26 00:00:00.000"
"iot-device-01","1.594654943372571E9","74.9","66.74","false","false","0.0067","0.0042","0.0179","2020-11-26T17:27:23.121+0000","{defaultclientid=iot-device-01, thingname=iot-device-01, thingid=983c2b68-f9a3-4e83-b3c6-9f6f8ad5431b, thingarn=arn:aws:iot:us-east-1:507441099951:thing/iot-device-01, thingtypename=null, attributes={installed=1594665292, latitude=37.4133144, longitude=-122.1513069}, version=1, billinggroupname=null}","2020-11-26 00:00:00.000"
"iot-device-03","1.5946549440073E9","51.9","71.6","false","false","0.0079","0.0052","0.0211","2020-11-26T17:27:23.419+0000","{defaultclientid=iot-device-03, thingname=iot-device-03, thingid=877352b9-a35d-45d3-9c98-162d89965a13, thingarn=arn:aws:iot:us-east-1:507441099951:thing/iot-device-03, thingtypename=null, attributes={installed=1592562234, latitude=37.4133144, longitude=-122.1513069}, version=1, billinggroupname=null}","2020-11-26 00:00:00.000"
"iot-device-03","1.5946544977574675E9","50.4","70.7","false","false","0.0079","0.0052","0.0211","2020-11-26T17:26:59.979+0000","{defaultclientid=iot-device-03, thingname=iot-device-03, thingid=877352b9-a35d-45d3-9c98-162d89965a13, thingarn=arn:aws:iot:us-east-1:507441099951:thing/iot-device-03, thingtypename=null, attributes={installed=1592562234, latitude=37.4133144, longitude=-122.1513069}, version=1, billinggroupname=null}","2020-11-26 00:00:00.000"
"iot-device-02","1.594654501037742E9","62.2","75.02","true","false","0.0069","0.0043","0.0182","2020-11-26T17:27:00.277+0000","{defaultclientid=iot-device-02, thingname=iot-device-02, thingid=4ae4927a-aefb-4584-a45a-fc4839feffd6, thingarn=arn:aws:iot:us-east-1:507441099951:thing/iot-device-02, thingtypename=null, attributes={installed=1593361211, latitude=32.8205865, longitude=-96.871627}, version=1, billinggroupname=null}","2020-11-26 00:00:00.000"
"iot-device-03","1.594654501443852E9","50.4","70.7","false","false","0.0079","0.0052","0.0212","2020-11-26T17:27:00.608+0000","{defaultclientid=iot-device-03, thingname=iot-device-03, thingid=877352b9-a35d-45d3-9c98-162d89965a13, thingarn=arn:aws:iot:us-east-1:507441099951:thing/iot-device-03, thingtypename=null, attributes={installed=1592562234, latitude=37.4133144, longitude=-122.1513069}, version=1, billinggroupname=null}","2020-11-26 00:00:00.000"
"iot-device-01","1.5946545019886029E9","74.4","66.38","false","false","0.0067","0.0041","0.0177","2020-11-26T17:27:00.888+0000","{defaultclientid=iot-device-01, thingname=iot-device-01, thingid=983c2b68-f9a3-4e83-b3c6-9f6f8ad5431b, thingarn=arn:aws:iot:us-east-1:507441099951:thing/iot-device-01, thingtypename=null, attributes={installed=1594665292, latitude=37.4133144, longitude=-122.1513069}, version=1, billinggroupname=null}","2020-11-26 00:00:00.000"
"iot-device-03","1.594654505129774E9","50.3","70.7","false","false","0.0079","0.0052","0.0211","2020-11-26T17:27:01.180+0000","{defaultclientid=iot-device-03, thingname=iot-device-03, thingid=877352b9-a35d-45d3-9c98-162d89965a13, thingarn=arn:aws:iot:us-east-1:507441099951:thing/iot-device-03, thingtypename=null, attributes={installed=1592562234, latitude=37.4133144, longitude=-122.1513069}, version=1, billinggroupname=null}","2020-11-26 00:00:00.000"
"iot-device-01","1.5946545068776667E9","74.4","66.38","false","false","0.0067","0.0041","0.0177","2020-11-26T17:27:01.474+0000","{defaultclientid=iot-device-01, thingname=iot-device-01, thingid=983c2b68-f9a3-4e83-b3c6-9f6f8ad5431b, thingarn=arn:aws:iot:us-east-1:507441099951:thing/iot-device-01, thingtypename=null, attributes={installed=1594665292, latitude=37.4133144, longitude=-122.1513069}, version=1, billinggroupname=null}","2020-11-26 00:00:00.000"
"iot-device-02","1.5946545070047965E9","61.9","75.02","true","false","0.0069","0.0043","0.0181","2020-11-26T17:27:01.758+0000","{defaultclientid=iot-device-02, thingname=iot-device-02, thingid=4ae4927a-aefb-4584-a45a-fc4839feffd6, thingarn=arn:aws:iot:us-east-1:507441099951:thing/iot-device-02, thingtypename=null, attributes={installed=1593361211, latitude=32.8205865, longitude=-96.871627}, version=1, billinggroupname=null}","2020-11-26 00:00:00.000"
"iot-device-03","1.5946545088159206E9","50.3","70.7","false","false","0.0079","0.0052","0.0212","2020-11-26T17:27:02.056+0000","{defaultclientid=iot-device-03, thingname=iot-device-03, thingid=877352b9-a35d-45d3-9c98-162d89965a13, thingarn=arn:aws:iot:us-east-1:507441099951:thing/iot-device-03, thingtypename=null, attributes={installed=1592562234, latitude=37.4133144, longitude=-122.1513069}, version=1, billinggroupname=null}","2020-11-26 00:00:00.000"
"iot-device-02","1.59465451136255E9","62.0","75.2","true","false","0.0069","0.0043","0.0182","2020-11-26T17:27:02.363+0000","{defaultclientid=iot-device-02, thingname=iot-device-02, thingid=4ae4927a-aefb-4584-a45a-fc4839feffd6, thingarn=arn:aws:iot:us-east-1:507441099951:thing/iot-device-02, thingtypename=null, attributes={installed=1593361211, latitude=32.8205865, longitude=-96.871627}, version=1, billinggroupname=null}","2020-11-26 00:00:00.000"
"iot-device-03","1.5946545125021172E9","50.4","70.7","false","false","0.0079","0.0052","0.0211","2020-11-26T17:27:02.664+0000","{defaultclientid=iot-device-03, thingname=iot-device-03, thingid=877352b9-a35d-45d3-9c98-162d89965a13, thingarn=arn:aws:iot:us-east-1:507441099951:thing/iot-device-03, thingtypename=null, attributes={installed=1592562234, latitude=37.4133144, longitude=-122.1513069}, version=1, billinggroupname=null}","2020-11-26 00:00:00.000"
"iot-device-02","1.5946549812985651E9","62.1","75.2","true","false","0.0069","0.0043","0.0182","2020-11-26T17:27:29.604+0000","{defaultclientid=iot-device-02, thingname=iot-device-02, thingid=4ae4927a-aefb-4584-a45a-fc4839feffd6, thingarn=arn:aws:iot:us-east-1:507441099951:thing/iot-device-02, thingtypename=null, attributes={installed=1593361211, latitude=32.8205865, longitude=-96.871627}, version=1, billinggroupname=null}","2020-11-26 00:00:00.000"
"iot-device-01","1.5946549831790745E9","74.7","66.56","false","false","0.0067","0.0042","0.0179","2020-11-26T17:27:29.891+0000","{defaultclientid=iot-device-01, thingname=iot-device-01, thingid=983c2b68-f9a3-4e83-b3c6-9f6f8ad5431b, thingarn=arn:aws:iot:us-east-1:507441099951:thing/iot-device-01, thingtypename=null, attributes={installed=1594665292, latitude=37.4133144, longitude=-122.1513069}, version=1, billinggroupname=null}","2020-11-26 00:00:00.000"
"iot-device-01","1.594654910292487E9","74.8","66.74","false","false","0.0067","0.0042","0.0179","2020-11-26T17:27:17.838+0000","{defaultclientid=iot-device-01, thingname=iot-device-01, thingid=983c2b68-f9a3-4e83-b3c6-9f6f8ad5431b, thingarn=arn:aws:iot:us-east-1:507441099951:thing/iot-device-01, thingtypename=null, attributes={installed=1594665292, latitude=37.4133144, longitude=-122.1513069}, version=1, billinggroupname=null}","2020-11-26 00:00:00.000"
"iot-device-03","1.5946549108643944E9","51.9","71.6","false","false","0.0079","0.0052","0.0211","2020-11-26T17:27:18.128+0000","{defaultclientid=iot-device-03, thingname=iot-device-03, thingid=877352b9-a35d-45d3-9c98-162d89965a13, thingarn=arn:aws:iot:us-east-1:507441099951:thing/iot-device-03, thingtypename=null, attributes={installed=1592562234, latitude=37.4133144, longitude=-122.1513069}, version=1, billinggroupname=null}","2020-11-26 00:00:00.000"
"iot-device-03","1.5946549145468712E9","51.9","71.6","false","false","0.0079","0.0052","0.0212","2020-11-26T17:27:18.425+0000","{defaultclientid=iot-device-03, thingname=iot-device-03, thingid=877352b9-a35d-45d3-9c98-162d89965a13, thingarn=arn:aws:iot:us-east-1:507441099951:thing/iot-device-03, thingtypename=null, attributes={installed=1592562234, latitude=37.4133144, longitude=-122.1513069}, version=1, billinggroupname=null}","2020-11-26 00:00:00.000"
"iot-device-01","1.594654914647825E9","74.8","66.56","false","false","0.0067","0.0042","0.0179","2020-11-26T17:27:18.719+0000","{defaultclientid=iot-device-01, thingname=iot-device-01, thingid=983c2b68-f9a3-4e83-b3c6-9f6f8ad5431b, thingarn=arn:aws:iot:us-east-1:507441099951:thing/iot-device-01, thingtypename=null, attributes={installed=1594665292, latitude=37.4133144, longitude=-122.1513069}, version=1, billinggroupname=null}","2020-11-26 00:00:00.000"
"iot-device-03","1.594654918231825E9","51.9","71.6","false","false","0.0079","0.0052","0.0211","2020-11-26T17:27:19.011+0000","{defaultclientid=iot-device-03, thingname=iot-device-03, thingid=877352b9-a35d-45d3-9c98-162d89965a13, thingarn=arn:aws:iot:us-east-1:507441099951:thing/iot-device-03, thingtypename=null, attributes={installed=1592562234, latitude=37.4133144, longitude=-122.1513069}, version=1, billinggroupname=null}","2020-11-26 00:00:00.000"
"iot-device-02","1.5946549196701894E9","62.0","75.2","true","false","0.0069","0.0043","0.0183","2020-11-26T17:27:19.299+0000","{defaultclientid=iot-device-02, thingname=iot-device-02, thingid=4ae4927a-aefb-4584-a45a-fc4839feffd6, thingarn=arn:aws:iot:us-east-1:507441099951:thing/iot-device-02, thingtypename=null, attributes={installed=1593361211, latitude=32.8205865, longitude=-96.871627}, version=1, billinggroupname=null}","2020-11-26 00:00:00.000"
"iot-device-01","1.594654921686857E9","74.8","66.56","false","false","0.0067","0.0042","0.0179","2020-11-26T17:27:19.592+0000","{defaultclientid=iot-device-01, thingname=iot-device-01, thingid=983c2b68-f9a3-4e83-b3c6-9f6f8ad5431b, thingarn=arn:aws:iot:us-east-1:507441099951:thing/iot-device-01, thingtypename=null, attributes={installed=1594665292, latitude=37.4133144, longitude=-122.1513069}, version=1, billinggroupname=null}","2020-11-26 00:00:00.000"
"iot-device-03","1.5946549219163213E9","51.9","71.6","false","false","0.0079","0.0052","0.0211","2020-11-26T17:27:19.881+0000","{defaultclientid=iot-device-03, thingname=iot-device-03, thingid=877352b9-a35d-45d3-9c98-162d89965a13, thingarn=arn:aws:iot:us-east-1:507441099951:thing/iot-device-03, thingtypename=null, attributes={installed=1592562234, latitude=37.4133144, longitude=-122.1513069}, version=1, billinggroupname=null}","2020-11-26 00:00:00.000"
"iot-device-03","1.5946549256002145E9","51.9","71.6","false","false","0.0079","0.0052","0.0212","2020-11-26T17:27:20.169+0000","{defaultclientid=iot-device-03, thingname=iot-device-03, thingid=877352b9-a35d-45d3-9c98-162d89965a13, thingarn=arn:aws:iot:us-east-1:507441099951:thing/iot-device-03, thingtypename=null, attributes={installed=1592562234, latitude=37.4133144, longitude=-122.1513069}, version=1, billinggroupname=null}","2020-11-26 00:00:00.000"
"iot-device-02","1.594654926196434E9","61.7","75.2","true","false","0.0069","0.0043","0.0183","2020-11-26T17:27:20.468+0000","{defaultclientid=iot-device-02, thingname=iot-device-02, thingid=4ae4927a-aefb-4584-a45a-fc4839feffd6, thingarn=arn:aws:iot:us-east-1:507441099951:thing/iot-device-02, thingtypename=null, attributes={installed=1593361211, latitude=32.8205865, longitude=-96.871627}, version=1, billinggroupname=null}","2020-11-26 00:00:00.000"
"iot-device-01","1.5946545161273613E9","74.5","66.38","false","false","0.0067","0.0042","0.0179","2020-11-26T17:27:03.018+0000","{defaultclientid=iot-device-01, thingname=iot-device-01, thingid=983c2b68-f9a3-4e83-b3c6-9f6f8ad5431b, thingarn=arn:aws:iot:us-east-1:507441099951:thing/iot-device-01, thingtypename=null, attributes={installed=1594665292, latitude=37.4133144, longitude=-122.1513069}, version=1, billinggroupname=null}","2020-11-26 00:00:00.000"
"iot-device-03","1.5946545161881506E9","50.5","70.7","false","false","0.0079","0.0052","0.021","2020-11-26T17:27:03.325+0000","{defaultclientid=iot-device-03, thingname=iot-device-03, thingid=877352b9-a35d-45d3-9c98-162d89965a13, thingarn=arn:aws:iot:us-east-1:507441099951:thing/iot-device-03, thingtypename=null, attributes={installed=1592562234, latitude=37.4133144, longitude=-122.1513069}, version=1, billinggroupname=null}","2020-11-26 00:00:00.000"
"iot-device-03","1.594654519875232E9","50.7","70.7","false","false","0.0079","0.0052","0.021","2020-11-26T17:27:03.627+0000","{defaultclientid=iot-device-03, thingname=iot-device-03, thingid=877352b9-a35d-45d3-9c98-162d89965a13, thingarn=arn:aws:iot:us-east-1:507441099951:thing/iot-device-03, thingtypename=null, attributes={installed=1592562234, latitude=37.4133144, longitude=-122.1513069}, version=1, billinggroupname=null}","2020-11-26 00:00:00.000"
"iot-device-01","1.5946545199426634E9","74.5","66.38","false","false","0.0068","0.0042","0.0179","2020-11-26T17:27:03.931+0000","{defaultclientid=iot-device-01, thingname=iot-device-01, thingid=983c2b68-f9a3-4e83-b3c6-9f6f8ad5431b, thingarn=arn:aws:iot:us-east-1:507441099951:thing/iot-device-01, thingtypename=null, attributes={installed=1594665292, latitude=37.4133144, longitude=-122.1513069}, version=1, billinggroupname=null}","2020-11-26 00:00:00.000"
"iot-device-03","1.5946545235613475E9","50.7","70.7","false","false","0.0079","0.0052","0.0211","2020-11-26T17:27:04.221+0000","{defaultclientid=iot-device-03, thingname=iot-device-03, thingid=877352b9-a35d-45d3-9c98-162d89965a13, thingarn=arn:aws:iot:us-east-1:507441099951:thing/iot-device-03, thingtypename=null, attributes={installed=1592562234, latitude=37.4133144, longitude=-122.1513069}, version=1, billinggroupname=null}","2020-11-26 00:00:00.000"
"iot-device-01","1.5946545259182465E9","74.6","66.38","false","false","0.0067","0.0041","0.0177","2020-11-26T17:27:04.516+0000","{defaultclientid=iot-device-01, thingname=iot-device-01, thingid=983c2b68-f9a3-4e83-b3c6-9f6f8ad5431b, thingarn=arn:aws:iot:us-east-1:507441099951:thing/iot-device-01, thingtypename=null, attributes={installed=1594665292, latitude=37.4133144, longitude=-122.1513069}, version=1, billinggroupname=null}","2020-11-26 00:00:00.000"
"iot-device-03","1.5946545272473686E9","50.7","70.7","false","false","0.0079","0.0052","0.0211","2020-11-26T17:27:04.808+0000","{defaultclientid=iot-device-03, thingname=iot-device-03, thingid=877352b9-a35d-45d3-9c98-162d89965a13, thingarn=arn:aws:iot:us-east-1:507441099951:thing/iot-device-03, thingtypename=null, attributes={installed=1592562234, latitude=37.4133144, longitude=-122.1513069}, version=1, billinggroupname=null}","2020-11-26 00:00:00.000"
"iot-device-02","1.5946545288024235E9","61.9","75.2","true","false","0.0069","0.0043","0.0183","2020-11-26T17:27:05.108+0000","{defaultclientid=iot-device-02, thingname=iot-device-02, thingid=4ae4927a-aefb-4584-a45a-fc4839feffd6, thingarn=arn:aws:iot:us-east-1:507441099951:thing/iot-device-02, thingtypename=null, attributes={installed=1593361211, latitude=32.8205865, longitude=-96.871627}, version=1, billinggroupname=null}","2020-11-26 00:00:00.000"
"iot-device-01","1.5946545308013892E9","74.5","66.38","false","false","0.0067","0.0041","0.0177","2020-11-26T17:27:05.402+0000","{defaultclientid=iot-device-01, thingname=iot-device-01, thingid=983c2b68-f9a3-4e83-b3c6-9f6f8ad5431b, thingarn=arn:aws:iot:us-east-1:507441099951:thing/iot-device-01, thingtypename=null, attributes={installed=1594665292, latitude=37.4133144, longitude=-122.1513069}, version=1, billinggroupname=null}","2020-11-26 00:00:00.000"
"iot-device-03","1.5946545309334493E9","50.8","70.7","false","false","0.0079","0.0052","0.0211","2020-11-26T17:27:05.702+0000","{defaultclientid=iot-device-03, thingname=iot-device-03, thingid=877352b9-a35d-45d3-9c98-162d89965a13, thingarn=arn:aws:iot:us-east-1:507441099951:thing/iot-device-03, thingtypename=null, attributes={installed=1592562234, latitude=37.4133144, longitude=-122.1513069}, version=1, billinggroupname=null}","2020-11-26 00:00:00.000"
"iot-device-02","1.5946549634294345E9","62.0","75.2","true","false","0.0069","0.0043","0.0182","2020-11-26T17:27:26.667+0000","{defaultclientid=iot-device-02, thingname=iot-device-02, thingid=4ae4927a-aefb-4584-a45a-fc4839feffd6, thingarn=arn:aws:iot:us-east-1:507441099951:thing/iot-device-02, thingtypename=null, attributes={installed=1593361211, latitude=32.8205865, longitude=-96.871627}, version=1, billinggroupname=null}","2020-11-26 00:00:00.000"
"iot-device-01","1.5946549656093936E9","75.1","66.56","false","false","0.0067","0.0042","0.0179","2020-11-26T17:27:26.958+0000","{defaultclientid=iot-device-01, thingname=iot-device-01, thingid=983c2b68-f9a3-4e83-b3c6-9f6f8ad5431b, thingarn=arn:aws:iot:us-east-1:507441099951:thing/iot-device-01, thingtypename=null, attributes={installed=1594665292, latitude=37.4133144, longitude=-122.1513069}, version=1, billinggroupname=null}","2020-11-26 00:00:00.000"
"iot-device-03","1.594654966375549E9","51.9","71.6","false","false","0.0079","0.0052","0.0211","2020-11-26T17:27:27.252+0000","{defaultclientid=iot-device-03, thingname=iot-device-03, thingid=877352b9-a35d-45d3-9c98-162d89965a13, thingarn=arn:aws:iot:us-east-1:507441099951:thing/iot-device-03, thingtypename=null, attributes={installed=1592562234, latitude=37.4133144, longitude=-122.1513069}, version=1, billinggroupname=null}","2020-11-26 00:00:00.000"
"iot-device-03","1.5946549700614705E9","51.9","71.78","false","false","0.0079","0.0052","0.0211","2020-11-26T17:27:27.547+0000","{defaultclientid=iot-device-03, thingname=iot-device-03, thingid=877352b9-a35d-45d3-9c98-162d89965a13, thingarn=arn:aws:iot:us-east-1:507441099951:thing/iot-device-03, thingtypename=null, attributes={installed=1592562234, latitude=37.4133144, longitude=-122.1513069}, version=1, billinggroupname=null}","2020-11-26 00:00:00.000"
"iot-device-02","1.594654971516413E9","62.0","75.2","true","false","0.0069","0.0043","0.0181","2020-11-26T17:27:27.838+0000","{defaultclientid=iot-device-02, thingname=iot-device-02, thingid=4ae4927a-aefb-4584-a45a-fc4839feffd6, thingarn=arn:aws:iot:us-east-1:507441099951:thing/iot-device-02, thingtypename=null, attributes={installed=1593361211, latitude=32.8205865, longitude=-96.871627}, version=1, billinggroupname=null}","2020-11-26 00:00:00.000"
"iot-device-03","1.5946549737476516E9","51.9","71.78","false","false","0.0079","0.0052","0.0212","2020-11-26T17:27:28.128+0000","{defaultclientid=iot-device-03, thingname=iot-device-03, thingid=877352b9-a35d-45d3-9c98-162d89965a13, thingarn=arn:aws:iot:us-east-1:507441099951:thing/iot-device-03, thingtypename=null, attributes={installed=1592562234, latitude=37.4133144, longitude=-122.1513069}, version=1, billinggroupname=null}","2020-11-26 00:00:00.000"
"iot-device-02","1.5946549769408455E9","62.0","75.2","true","false","0.0069","0.0043","0.0183","2020-11-26T17:27:28.419+0000","{defaultclientid=iot-device-02, thingname=iot-device-02, thingid=4ae4927a-aefb-4584-a45a-fc4839feffd6, thingarn=arn:aws:iot:us-east-1:507441099951:thing/iot-device-02, thingtypename=null, attributes={installed=1593361211, latitude=32.8205865, longitude=-96.871627}, version=1, billinggroupname=null}","2020-11-26 00:00:00.000"
"iot-device-03","1.594654977364948E9","51.8","71.6","false","false","0.0079","0.0052","0.0211","2020-11-26T17:27:28.718+0000","{defaultclientid=iot-device-03, thingname=iot-device-03, thingid=877352b9-a35d-45d3-9c98-162d89965a13, thingarn=arn:aws:iot:us-east-1:507441099951:thing/iot-device-03, thingtypename=null, attributes={installed=1592562234, latitude=37.4133144, longitude=-122.1513069}, version=1, billinggroupname=null}","2020-11-26 00:00:00.000"
"iot-device-01","1.594654977740571E9","74.8","66.56","false","false","0.0067","0.0042","0.0179","2020-11-26T17:27:29.019+0000","{defaultclientid=iot-device-01, thingname=iot-device-01, thingid=983c2b68-f9a3-4e83-b3c6-9f6f8ad5431b, thingarn=arn:aws:iot:us-east-1:507441099951:thing/iot-device-01, thingtypename=null, attributes={installed=1594665292, latitude=37.4133144, longitude=-122.1513069}, version=1, billinggroupname=null}","2020-11-26 00:00:00.000"
"iot-device-03","1.5946549810511568E9","51.9","71.78","false","false","0.0079","0.0052","0.0211","2020-11-26T17:27:29.310+0000","{defaultclientid=iot-device-03, thingname=iot-device-03, thingid=877352b9-a35d-45d3-9c98-162d89965a13, thingarn=arn:aws:iot:us-east-1:507441099951:thing/iot-device-03, thingtypename=null, attributes={installed=1592562234, latitude=37.4133144, longitude=-122.1513069}, version=1, billinggroupname=null}","2020-11-26 00:00:00.000"
"iot-device-03","1.5946545899073164E9","52.4","71.06","false","false","0.0079","0.0052","0.0212","2020-11-26T17:27:14.848+0000","{defaultclientid=iot-device-03, thingname=iot-device-03, thingid=877352b9-a35d-45d3-9c98-162d89965a13, thingarn=arn:aws:iot:us-east-1:507441099951:thing/iot-device-03, thingtypename=null, attributes={installed=1592562234, latitude=37.4133144, longitude=-122.1513069}, version=1, billinggroupname=null}","2020-11-26 00:00:00.000"
"iot-device-02","1.5946545920467815E9","61.8","75.02","true","false","0.0069","0.0043","0.0182","2020-11-26T17:27:15.140+0000","{defaultclientid=iot-device-02, thingname=iot-device-02, thingid=4ae4927a-aefb-4584-a45a-fc4839feffd6, thingarn=arn:aws:iot:us-east-1:507441099951:thing/iot-device-02, thingtypename=null, attributes={installed=1593361211, latitude=32.8205865, longitude=-96.871627}, version=1, billinggroupname=null}","2020-11-26 00:00:00.000"
"iot-device-03","1.5946545935935533E9","52.4","71.06","false","false","0.0079","0.0052","0.0212","2020-11-26T17:27:15.494+0000","{defaultclientid=iot-device-03, thingname=iot-device-03, thingid=877352b9-a35d-45d3-9c98-162d89965a13, thingarn=arn:aws:iot:us-east-1:507441099951:thing/iot-device-03, thingtypename=null, attributes={installed=1592562234, latitude=37.4133144, longitude=-122.1513069}, version=1, billinggroupname=null}","2020-11-26 00:00:00.000"
"iot-device-02","1.5946548973501825E9","62.0","75.2","true","false","0.0069","0.0043","0.0183","2020-11-26T17:27:15.792+0000","{defaultclientid=iot-device-02, thingname=iot-device-02, thingid=4ae4927a-aefb-4584-a45a-fc4839feffd6, thingarn=arn:aws:iot:us-east-1:507441099951:thing/iot-device-02, thingtypename=null, attributes={installed=1593361211, latitude=32.8205865, longitude=-96.871627}, version=1, billinggroupname=null}","2020-11-26 00:00:00.000"
"iot-device-01","1.5946548994328148E9","74.7","66.56","false","false","0.0067","0.0041","0.0177","2020-11-26T17:27:16.090+0000","{defaultclientid=iot-device-01, thingname=iot-device-01, thingid=983c2b68-f9a3-4e83-b3c6-9f6f8ad5431b, thingarn=arn:aws:iot:us-east-1:507441099951:thing/iot-device-01, thingtypename=null, attributes={installed=1594665292, latitude=37.4133144, longitude=-122.1513069}, version=1, billinggroupname=null}","2020-11-26 00:00:00.000"
"iot-device-03","1.5946548998077354E9","51.9","71.6","false","false","0.0079","0.0052","0.0211","2020-11-26T17:27:16.379+0000","{defaultclientid=iot-device-03, thingname=iot-device-03, thingid=877352b9-a35d-45d3-9c98-162d89965a13, thingarn=arn:aws:iot:us-east-1:507441099951:thing/iot-device-03, thingtypename=null, attributes={installed=1592562234, latitude=37.4133144, longitude=-122.1513069}, version=1, billinggroupname=null}","2020-11-26 00:00:00.000"
"iot-device-03","1.5946549034938455E9","51.9","71.6","false","false","0.0079","0.0052","0.0212","2020-11-26T17:27:16.672+0000","{defaultclientid=iot-device-03, thingname=iot-device-03, thingid=877352b9-a35d-45d3-9c98-162d89965a13, thingarn=arn:aws:iot:us-east-1:507441099951:thing/iot-device-03, thingtypename=null, attributes={installed=1592562234, latitude=37.4133144, longitude=-122.1513069}, version=1, billinggroupname=null}","2020-11-26 00:00:00.000"
"iot-device-01","1.594654903789636E9","74.8","66.56","false","false","0.0067","0.0042","0.0179","2020-11-26T17:27:16.968+0000","{defaultclientid=iot-device-01, thingname=iot-device-01, thingid=983c2b68-f9a3-4e83-b3c6-9f6f8ad5431b, thingarn=arn:aws:iot:us-east-1:507441099951:thing/iot-device-01, thingtypename=null, attributes={installed=1594665292, latitude=37.4133144, longitude=-122.1513069}, version=1, billinggroupname=null}","2020-11-26 00:00:00.000"
"iot-device-02","1.5946549065087063E9","62.0","75.2","true","false","0.0069","0.0043","0.0183","2020-11-26T17:27:17.258+0000","{defaultclientid=iot-device-02, thingname=iot-device-02, thingid=4ae4927a-aefb-4584-a45a-fc4839feffd6, thingarn=arn:aws:iot:us-east-1:507441099951:thing/iot-device-02, thingtypename=null, attributes={installed=1593361211, latitude=32.8205865, longitude=-96.871627}, version=1, billinggroupname=null}","2020-11-26 00:00:00.000"
"iot-device-03","1.5946549071804075E9","51.9","71.6","false","false","0.0079","0.0052","0.0212","2020-11-26T17:27:17.547+0000","{defaultclientid=iot-device-03, thingname=iot-device-03, thingid=877352b9-a35d-45d3-9c98-162d89965a13, thingarn=arn:aws:iot:us-east-1:507441099951:thing/iot-device-03, thingtypename=null, attributes={installed=1592562234, latitude=37.4133144, longitude=-122.1513069}, version=1, billinggroupname=null}","2020-11-26 00:00:00.000"
"iot-device-03","1.5946545714781847E9","51.9","70.88","false","false","0.0079","0.0052","0.0212","2020-11-26T17:27:11.900+0000","{defaultclientid=iot-device-03, thingname=iot-device-03, thingid=877352b9-a35d-45d3-9c98-162d89965a13, thingarn=arn:aws:iot:us-east-1:507441099951:thing/iot-device-03, thingtypename=null, attributes={installed=1592562234, latitude=37.4133144, longitude=-122.1513069}, version=1, billinggroupname=null}","2020-11-26 00:00:00.000"
"iot-device-02","1.5946545721310327E9","61.9","75.2","true","false","0.0069","0.0043","0.0183","2020-11-26T17:27:12.193+0000","{defaultclientid=iot-device-02, thingname=iot-device-02, thingid=4ae4927a-aefb-4584-a45a-fc4839feffd6, thingarn=arn:aws:iot:us-east-1:507441099951:thing/iot-device-02, thingtypename=null, attributes={installed=1593361211, latitude=32.8205865, longitude=-96.871627}, version=1, billinggroupname=null}","2020-11-26 00:00:00.000"
"iot-device-03","1.5946545751644485E9","52.0","70.88","false","false","0.0079","0.0052","0.0212","2020-11-26T17:27:12.518+0000","{defaultclientid=iot-device-03, thingname=iot-device-03, thingid=877352b9-a35d-45d3-9c98-162d89965a13, thingarn=arn:aws:iot:us-east-1:507441099951:thing/iot-device-03, thingtypename=null, attributes={installed=1592562234, latitude=37.4133144, longitude=-122.1513069}, version=1, billinggroupname=null}","2020-11-26 00:00:00.000"
"iot-device-03","1.5946545788521805E9","52.2","71.06","false","false","0.0079","0.0052","0.0211","2020-11-26T17:27:12.809+0000","{defaultclientid=iot-device-03, thingname=iot-device-03, thingid=877352b9-a35d-45d3-9c98-162d89965a13, thingarn=arn:aws:iot:us-east-1:507441099951:thing/iot-device-03, thingtypename=null, attributes={installed=1592562234, latitude=37.4133144, longitude=-122.1513069}, version=1, billinggroupname=null}","2020-11-26 00:00:00.000"
"iot-device-01","1.5946545811032796E9","74.6","66.56","false","false","0.0067","0.0042","0.0179","2020-11-26T17:27:13.101+0000","{defaultclientid=iot-device-01, thingname=iot-device-01, thingid=983c2b68-f9a3-4e83-b3c6-9f6f8ad5431b, thingarn=arn:aws:iot:us-east-1:507441099951:thing/iot-device-01, thingtypename=null, attributes={installed=1594665292, latitude=37.4133144, longitude=-122.1513069}, version=1, billinggroupname=null}","2020-11-26 00:00:00.000"
"iot-device-03","1.5946545825373864E9","52.2","70.88","false","false","0.0079","0.0052","0.0211","2020-11-26T17:27:13.399+0000","{defaultclientid=iot-device-03, thingname=iot-device-03, thingid=877352b9-a35d-45d3-9c98-162d89965a13, thingarn=arn:aws:iot:us-east-1:507441099951:thing/iot-device-03, thingtypename=null, attributes={installed=1592562234, latitude=37.4133144, longitude=-122.1513069}, version=1, billinggroupname=null}","2020-11-26 00:00:00.000"
"iot-device-02","1.5946545834271116E9","61.8","75.2","true","false","0.0069","0.0043","0.0183","2020-11-26T17:27:13.688+0000","{defaultclientid=iot-device-02, thingname=iot-device-02, thingid=4ae4927a-aefb-4584-a45a-fc4839feffd6, thingarn=arn:aws:iot:us-east-1:507441099951:thing/iot-device-02, thingtypename=null, attributes={installed=1593361211, latitude=32.8205865, longitude=-96.871627}, version=1, billinggroupname=null}","2020-11-26 00:00:00.000"
"iot-device-01","1.5946545854602313E9","74.6","66.56","false","false","0.0067","0.0042","0.0179","2020-11-26T17:27:13.971+0000","{defaultclientid=iot-device-01, thingname=iot-device-01, thingid=983c2b68-f9a3-4e83-b3c6-9f6f8ad5431b, thingarn=arn:aws:iot:us-east-1:507441099951:thing/iot-device-01, thingtypename=null, attributes={installed=1594665292, latitude=37.4133144, longitude=-122.1513069}, version=1, billinggroupname=null}","2020-11-26 00:00:00.000"
"iot-device-03","1.5946545862232757E9","52.2","70.88","false","false","0.0079","0.0052","0.0211","2020-11-26T17:27:14.273+0000","{defaultclientid=iot-device-03, thingname=iot-device-03, thingid=877352b9-a35d-45d3-9c98-162d89965a13, thingarn=arn:aws:iot:us-east-1:507441099951:thing/iot-device-03, thingtypename=null, attributes={installed=1592562234, latitude=37.4133144, longitude=-122.1513069}, version=1, billinggroupname=null}","2020-11-26 00:00:00.000"
"iot-device-01","1.5946545898101993E9","74.6","66.56","false","false","0.0067","0.0041","0.0177","2020-11-26T17:27:14.559+0000","{defaultclientid=iot-device-01, thingname=iot-device-01, thingid=983c2b68-f9a3-4e83-b3c6-9f6f8ad5431b, thingarn=arn:aws:iot:us-east-1:507441099951:thing/iot-device-01, thingtypename=null, attributes={installed=1594665292, latitude=37.4133144, longitude=-122.1513069}, version=1, billinggroupname=null}","2020-11-26 00:00:00.000"
"iot-device-02","1.5946545336786313E9","61.8","75.02","true","false","0.0069","0.0043","0.0183","2020-11-26T17:27:05.994+0000","{defaultclientid=iot-device-02, thingname=iot-device-02, thingid=4ae4927a-aefb-4584-a45a-fc4839feffd6, thingarn=arn:aws:iot:us-east-1:507441099951:thing/iot-device-02, thingtypename=null, attributes={installed=1593361211, latitude=32.8205865, longitude=-96.871627}, version=1, billinggroupname=null}","2020-11-26 00:00:00.000"
"iot-device-03","1.594654534618557E9","50.8","70.7","false","false","0.0079","0.0052","0.0211","2020-11-26T17:27:06.303+0000","{defaultclientid=iot-device-03, thingname=iot-device-03, thingid=877352b9-a35d-45d3-9c98-162d89965a13, thingarn=arn:aws:iot:us-east-1:507441099951:thing/iot-device-03, thingtypename=null, attributes={installed=1592562234, latitude=37.4133144, longitude=-122.1513069}, version=1, billinggroupname=null}","2020-11-26 00:00:00.000"
"iot-device-01","1.5946545362251248E9","74.5","66.38","false","false","0.0067","0.0042","0.0179","2020-11-26T17:27:06.600+0000","{defaultclientid=iot-device-01, thingname=iot-device-01, thingid=983c2b68-f9a3-4e83-b3c6-9f6f8ad5431b, thingarn=arn:aws:iot:us-east-1:507441099951:thing/iot-device-01, thingtypename=null, attributes={installed=1594665292, latitude=37.4133144, longitude=-122.1513069}, version=1, billinggroupname=null}","2020-11-26 00:00:00.000"
"iot-device-03","1.5946545383045168E9","50.8","70.88","false","false","0.0079","0.0052","0.0211","2020-11-26T17:27:06.892+0000","{defaultclientid=iot-device-03, thingname=iot-device-03, thingid=877352b9-a35d-45d3-9c98-162d89965a13, thingarn=arn:aws:iot:us-east-1:507441099951:thing/iot-device-03, thingtypename=null, attributes={installed=1592562234, latitude=37.4133144, longitude=-122.1513069}, version=1, billinggroupname=null}","2020-11-26 00:00:00.000"
"iot-device-02","1.594654540716177E9","61.9","75.2","true","false","0.0069","0.0043","0.0183","2020-11-26T17:27:07.194+0000","{defaultclientid=iot-device-02, thingname=iot-device-02, thingid=4ae4927a-aefb-4584-a45a-fc4839feffd6, thingarn=arn:aws:iot:us-east-1:507441099951:thing/iot-device-02, thingtypename=null, attributes={installed=1593361211, latitude=32.8205865, longitude=-96.871627}, version=1, billinggroupname=null}","2020-11-26 00:00:00.000"
"iot-device-03","1.5946545419903965E9","50.7","70.7","false","false","0.0079","0.0051","0.021","2020-11-26T17:27:07.492+0000","{defaultclientid=iot-device-03, thingname=iot-device-03, thingid=877352b9-a35d-45d3-9c98-162d89965a13, thingarn=arn:aws:iot:us-east-1:507441099951:thing/iot-device-03, thingtypename=null, attributes={installed=1592562234, latitude=37.4133144, longitude=-122.1513069}, version=1, billinggroupname=null}","2020-11-26 00:00:00.000"
"iot-device-03","1.594654545676653E9","50.9","70.88","false","false","0.0079","0.0052","0.0212","2020-11-26T17:27:07.795+0000","{defaultclientid=iot-device-03, thingname=iot-device-03, thingid=877352b9-a35d-45d3-9c98-162d89965a13, thingarn=arn:aws:iot:us-east-1:507441099951:thing/iot-device-03, thingtypename=null, attributes={installed=1592562234, latitude=37.4133144, longitude=-122.1513069}, version=1, billinggroupname=null}","2020-11-26 00:00:00.000"
"iot-device-03","1.5946545493625903E9","51.1","70.88","false","false","0.0079","0.0052","0.0211","2020-11-26T17:27:08.089+0000","{defaultclientid=iot-device-03, thingname=iot-device-03, thingid=877352b9-a35d-45d3-9c98-162d89965a13, thingarn=arn:aws:iot:us-east-1:507441099951:thing/iot-device-03, thingtypename=null, attributes={installed=1592562234, latitude=37.4133144, longitude=-122.1513069}, version=1, billinggroupname=null}","2020-11-26 00:00:00.000"
"iot-device-02","1.594654550399564E9","61.9","75.2","true","false","0.0069","0.0043","0.0183","2020-11-26T17:27:08.377+0000","{defaultclientid=iot-device-02, thingname=iot-device-02, thingid=4ae4927a-aefb-4584-a45a-fc4839feffd6, thingarn=arn:aws:iot:us-east-1:507441099951:thing/iot-device-02, thingtypename=null, attributes={installed=1593361211, latitude=32.8205865, longitude=-96.871627}, version=1, billinggroupname=null}","2020-11-26 00:00:00.000"
"iot-device-03","1.5946545530484982E9","51.4","70.88","false","false","0.0079","0.0052","0.0211","2020-11-26T17:27:08.669+0000","{defaultclientid=iot-device-03, thingname=iot-device-03, thingid=877352b9-a35d-45d3-9c98-162d89965a13, thingarn=arn:aws:iot:us-east-1:507441099951:thing/iot-device-03, thingtypename=null, attributes={installed=1592562234, latitude=37.4133144, longitude=-122.1513069}, version=1, billinggroupname=null}","2020-11-26 00:00:00.000"
"iot-device-02","1.5946549472501314E9","62.0","75.2","true","false","0.0069","0.0043","0.0182","2020-11-26T17:27:23.722+0000","{defaultclientid=iot-device-02, thingname=iot-device-02, thingid=4ae4927a-aefb-4584-a45a-fc4839feffd6, thingarn=arn:aws:iot:us-east-1:507441099951:thing/iot-device-02, thingtypename=null, attributes={installed=1593361211, latitude=32.8205865, longitude=-96.871627}, version=1, billinggroupname=null}","2020-11-26 00:00:00.000"
"iot-device-03","1.594654947693686E9","51.9","71.6","false","false","0.0079","0.0052","0.0211","2020-11-26T17:27:24.022+0000","{defaultclientid=iot-device-03, thingname=iot-device-03, thingid=877352b9-a35d-45d3-9c98-162d89965a13, thingarn=arn:aws:iot:us-east-1:507441099951:thing/iot-device-03, thingtypename=null, attributes={installed=1592562234, latitude=37.4133144, longitude=-122.1513069}, version=1, billinggroupname=null}","2020-11-26 00:00:00.000"
"iot-device-01","1.5946549477227292E9","74.9","66.74","false","false","0.0067","0.0041","0.0177","2020-11-26T17:27:24.314+0000","{defaultclientid=iot-device-01, thingname=iot-device-01, thingid=983c2b68-f9a3-4e83-b3c6-9f6f8ad5431b, thingarn=arn:aws:iot:us-east-1:507441099951:thing/iot-device-01, thingtypename=null, attributes={installed=1594665292, latitude=37.4133144, longitude=-122.1513069}, version=1, billinggroupname=null}","2020-11-26 00:00:00.000"
"iot-device-03","1.59465495137889E9","51.9","71.78","false","false","0.0079","0.0052","0.0212","2020-11-26T17:27:24.608+0000","{defaultclientid=iot-device-03, thingname=iot-device-03, thingid=877352b9-a35d-45d3-9c98-162d89965a13, thingarn=arn:aws:iot:us-east-1:507441099951:thing/iot-device-03, thingtypename=null, attributes={installed=1592562234, latitude=37.4133144, longitude=-122.1513069}, version=1, billinggroupname=null}","2020-11-26 00:00:00.000"
"iot-device-01","1.5946549515370266E9","75.1","66.56","false","false","0.0066","0.004","0.0173","2020-11-26T17:27:24.900+0000","{defaultclientid=iot-device-01, thingname=iot-device-01, thingid=983c2b68-f9a3-4e83-b3c6-9f6f8ad5431b, thingarn=arn:aws:iot:us-east-1:507441099951:thing/iot-device-01, thingtypename=null, attributes={installed=1594665292, latitude=37.4133144, longitude=-122.1513069}, version=1, billinggroupname=null}","2020-11-26 00:00:00.000"
"iot-device-03","1.5946549550656528E9","51.9","71.78","false","false","0.0079","0.0052","0.021","2020-11-26T17:27:25.189+0000","{defaultclientid=iot-device-03, thingname=iot-device-03, thingid=877352b9-a35d-45d3-9c98-162d89965a13, thingarn=arn:aws:iot:us-east-1:507441099951:thing/iot-device-03, thingtypename=null, attributes={installed=1592562234, latitude=37.4133144, longitude=-122.1513069}, version=1, billinggroupname=null}","2020-11-26 00:00:00.000"
"iot-device-02","1.5946549569414306E9","62.0","75.2","true","false","0.0069","0.0043","0.0181","2020-11-26T17:27:25.481+0000","{defaultclientid=iot-device-02, thingname=iot-device-02, thingid=4ae4927a-aefb-4584-a45a-fc4839feffd6, thingarn=arn:aws:iot:us-east-1:507441099951:thing/iot-device-02, thingtypename=null, attributes={installed=1593361211, latitude=32.8205865, longitude=-96.871627}, version=1, billinggroupname=null}","2020-11-26 00:00:00.000"
"iot-device-03","1.5946549590047927E9","51.9","71.78","false","false","0.0079","0.0052","0.0212","2020-11-26T17:27:25.771+0000","{defaultclientid=iot-device-03, thingname=iot-device-03, thingid=877352b9-a35d-45d3-9c98-162d89965a13, thingarn=arn:aws:iot:us-east-1:507441099951:thing/iot-device-03, thingtypename=null, attributes={installed=1592562234, latitude=37.4133144, longitude=-122.1513069}, version=1, billinggroupname=null}","2020-11-26 00:00:00.000"
"iot-device-01","1.5946549607231398E9","74.8","66.56","false","false","0.0067","0.0042","0.0179","2020-11-26T17:27:26.061+0000","{defaultclientid=iot-device-01, thingname=iot-device-01, thingid=983c2b68-f9a3-4e83-b3c6-9f6f8ad5431b, thingarn=arn:aws:iot:us-east-1:507441099951:thing/iot-device-01, thingtypename=null, attributes={installed=1594665292, latitude=37.4133144, longitude=-122.1513069}, version=1, billinggroupname=null}","2020-11-26 00:00:00.000"
"iot-device-03","1.5946549626895359E9","51.9","71.78","false","false","0.0079","0.0052","0.0211","2020-11-26T17:27:26.361+0000","{defaultclientid=iot-device-03, thingname=iot-device-03, thingid=877352b9-a35d-45d3-9c98-162d89965a13, thingarn=arn:aws:iot:us-east-1:507441099951:thing/iot-device-03, thingtypename=null, attributes={installed=1592562234, latitude=37.4133144, longitude=-122.1513069}, version=1, billinggroupname=null}","2020-11-26 00:00:00.000"
"iot-device-03","1.5946276008136053E9","51.5","71.24","false","false","0.0078","0.0051","0.0209","2020-11-26T17:09:30.083+0000","{defaultclientid=iot-device-03, thingname=iot-device-03, thingid=877352b9-a35d-45d3-9c98-162d89965a13, thingarn=arn:aws:iot:us-east-1:507441099951:thing/iot-device-03, thingtypename=null, attributes={installed=1592562234, latitude=37.4133144, longitude=-122.1513069}, version=1, billinggroupname=null}","2020-11-26 00:00:00.000"
"iot-device-01","1.5946276019353375E9","75.8","67.28","false","false","0.0065","0.0039","0.017","2020-11-26T17:09:30.392+0000","{defaultclientid=iot-device-01, thingname=iot-device-01, thingid=983c2b68-f9a3-4e83-b3c6-9f6f8ad5431b, thingarn=arn:aws:iot:us-east-1:507441099951:thing/iot-device-01, thingtypename=null, attributes={installed=1594665292, latitude=37.4133144, longitude=-122.1513069}, version=1, billinggroupname=null}","2020-11-26 00:00:00.000"
"iot-device-02","1.5946276038138282E9","59.6","75.38","true","false","0.0074","0.0047","0.0196","2020-11-26T17:09:30.686+0000","{defaultclientid=iot-device-02, thingname=iot-device-02, thingid=4ae4927a-aefb-4584-a45a-fc4839feffd6, thingarn=arn:aws:iot:us-east-1:507441099951:thing/iot-device-02, thingtypename=null, attributes={installed=1593361211, latitude=32.8205865, longitude=-96.871627}, version=1, billinggroupname=null}","2020-11-26 00:00:00.000"
"iot-device-03","1.5946276045028384E9","51.4","71.24","false","false","0.0078","0.0051","0.0209","2020-11-26T17:09:30.977+0000","{defaultclientid=iot-device-03, thingname=iot-device-03, thingid=877352b9-a35d-45d3-9c98-162d89965a13, thingarn=arn:aws:iot:us-east-1:507441099951:thing/iot-device-03, thingtypename=null, attributes={installed=1592562234, latitude=37.4133144, longitude=-122.1513069}, version=1, billinggroupname=null}","2020-11-26 00:00:00.000"
"iot-device-01","1.594627607355527E9","75.8","67.28","false","false","0.0065","0.0039","0.017","2020-11-26T17:09:31.270+0000","{defaultclientid=iot-device-01, thingname=iot-device-01, thingid=983c2b68-f9a3-4e83-b3c6-9f6f8ad5431b, thingarn=arn:aws:iot:us-east-1:507441099951:thing/iot-device-01, thingtypename=null, attributes={installed=1594665292, latitude=37.4133144, longitude=-122.1513069}, version=1, billinggroupname=null}","2020-11-26 00:00:00.000"
"iot-device-02","1.594627607621927E9","59.6","75.38","true","false","0.0074","0.0047","0.0197","2020-11-26T17:09:31.568+0000","{defaultclientid=iot-device-02, thingname=iot-device-02, thingid=4ae4927a-aefb-4584-a45a-fc4839feffd6, thingarn=arn:aws:iot:us-east-1:507441099951:thing/iot-device-02, thingtypename=null, attributes={installed=1593361211, latitude=32.8205865, longitude=-96.871627}, version=1, billinggroupname=null}","2020-11-26 00:00:00.000"
"iot-device-03","1.5946276081886046E9","51.5","71.42","false","false","0.0078","0.0051","0.0209","2020-11-26T17:09:31.862+0000","{defaultclientid=iot-device-03, thingname=iot-device-03, thingid=877352b9-a35d-45d3-9c98-162d89965a13, thingarn=arn:aws:iot:us-east-1:507441099951:thing/iot-device-03, thingtypename=null, attributes={installed=1592562234, latitude=37.4133144, longitude=-122.1513069}, version=1, billinggroupname=null}","2020-11-26 00:00:00.000"
"iot-device-03","1.5946276121269858E9","51.5","71.42","false","false","0.0078","0.0051","0.0209","2020-11-26T17:09:32.140+0000","{defaultclientid=iot-device-03, thingname=iot-device-03, thingid=877352b9-a35d-45d3-9c98-162d89965a13, thingarn=arn:aws:iot:us-east-1:507441099951:thing/iot-device-03, thingtypename=null, attributes={installed=1592562234, latitude=37.4133144, longitude=-122.1513069}, version=1, billinggroupname=null}","2020-11-26 00:00:00.000"
"iot-device-02","1.594627612495591E9","59.7","75.38","true","false","0.0075","0.0048","0.0199","2020-11-26T17:09:32.431+0000","{defaultclientid=iot-device-02, thingname=iot-device-02, thingid=4ae4927a-aefb-4584-a45a-fc4839feffd6, thingarn=arn:aws:iot:us-east-1:507441099951:thing/iot-device-02, thingtypename=null, attributes={installed=1593361211, latitude=32.8205865, longitude=-96.871627}, version=1, billinggroupname=null}","2020-11-26 00:00:00.000"
"iot-device-01","1.5946276127805607E9","75.9","67.28","false","false","0.0065","0.004","0.0172","2020-11-26T17:09:32.724+0000","{defaultclientid=iot-device-01, thingname=iot-device-01, thingid=983c2b68-f9a3-4e83-b3c6-9f6f8ad5431b, thingarn=arn:aws:iot:us-east-1:507441099951:thing/iot-device-01, thingtypename=null, attributes={installed=1594665292, latitude=37.4133144, longitude=-122.1513069}, version=1, billinggroupname=null}","2020-11-26 00:00:00.000"
"iot-device-03","1.5946276158117511E9","51.5","71.42","false","false","0.0079","0.0051","0.021","2020-11-26T17:09:33.019+0000","{defaultclientid=iot-device-03, thingname=iot-device-03, thingid=877352b9-a35d-45d3-9c98-162d89965a13, thingarn=arn:aws:iot:us-east-1:507441099951:thing/iot-device-03, thingtypename=null, attributes={installed=1592562234, latitude=37.4133144, longitude=-122.1513069}, version=1, billinggroupname=null}","2020-11-26 00:00:00.000"
"iot-device-02","1.59462761684199E9","59.7","75.38","true","false","0.0074","0.0047","0.0197","2020-11-26T17:09:33.319+0000","{defaultclientid=iot-device-02, thingname=iot-device-02, thingid=4ae4927a-aefb-4584-a45a-fc4839feffd6, thingarn=arn:aws:iot:us-east-1:507441099951:thing/iot-device-02, thingtypename=null, attributes={installed=1593361211, latitude=32.8205865, longitude=-96.871627}, version=1, billinggroupname=null}","2020-11-26 00:00:00.000"
"iot-device-01","1.5946276187475293E9","75.9","67.28","false","false","0.0065","0.004","0.0172","2020-11-26T17:09:33.605+0000","{defaultclientid=iot-device-01, thingname=iot-device-01, thingid=983c2b68-f9a3-4e83-b3c6-9f6f8ad5431b, thingarn=arn:aws:iot:us-east-1:507441099951:thing/iot-device-01, thingtypename=null, attributes={installed=1594665292, latitude=37.4133144, longitude=-122.1513069}, version=1, billinggroupname=null}","2020-11-26 00:00:00.000"
"iot-device-03","1.5946276194973965E9","51.5","71.42","false","false","0.0078","0.0051","0.0209","2020-11-26T17:09:33.902+0000","{defaultclientid=iot-device-03, thingname=iot-device-03, thingid=877352b9-a35d-45d3-9c98-162d89965a13, thingarn=arn:aws:iot:us-east-1:507441099951:thing/iot-device-03, thingtypename=null, attributes={installed=1592562234, latitude=37.4133144, longitude=-122.1513069}, version=1, billinggroupname=null}","2020-11-26 00:00:00.000"
"iot-device-03","1.5946276231817288E9","51.5","71.42","false","false","0.0078","0.0051","0.0209","2020-11-26T17:09:34.195+0000","{defaultclientid=iot-device-03, thingname=iot-device-03, thingid=877352b9-a35d-45d3-9c98-162d89965a13, thingarn=arn:aws:iot:us-east-1:507441099951:thing/iot-device-03, thingtypename=null, attributes={installed=1592562234, latitude=37.4133144, longitude=-122.1513069}, version=1, billinggroupname=null}","2020-11-26 00:00:00.000"
"iot-device-01","1.5946276236399467E9","75.9","67.28","false","false","0.0065","0.004","0.0172","2020-11-26T17:09:34.480+0000","{defaultclientid=iot-device-01, thingname=iot-device-01, thingid=983c2b68-f9a3-4e83-b3c6-9f6f8ad5431b, thingarn=arn:aws:iot:us-east-1:507441099951:thing/iot-device-01, thingtypename=null, attributes={installed=1594665292, latitude=37.4133144, longitude=-122.1513069}, version=1, billinggroupname=null}","2020-11-26 00:00:00.000"
"iot-device-02","1.5946276249875648E9","59.6","75.38","true","false","0.0074","0.0047","0.0197","2020-11-26T17:09:34.769+0000","{defaultclientid=iot-device-02, thingname=iot-device-02, thingid=4ae4927a-aefb-4584-a45a-fc4839feffd6, thingarn=arn:aws:iot:us-east-1:507441099951:thing/iot-device-02, thingtypename=null, attributes={installed=1593361211, latitude=32.8205865, longitude=-96.871627}, version=1, billinggroupname=null}","2020-11-26 00:00:00.000"
"iot-device-03","1.5946276268683918E9","51.4","71.24","false","false","0.0078","0.0051","0.0209","2020-11-26T17:09:35.057+0000","{defaultclientid=iot-device-03, thingname=iot-device-03, thingid=877352b9-a35d-45d3-9c98-162d89965a13, thingarn=arn:aws:iot:us-east-1:507441099951:thing/iot-device-03, thingtypename=null, attributes={installed=1592562234, latitude=37.4133144, longitude=-122.1513069}, version=1, billinggroupname=null}","2020-11-26 00:00:00.000"
"iot-device-02","1.5946276287964456E9","59.7","75.38","true","false","0.0074","0.0047","0.0197","2020-11-26T17:09:35.342+0000","{defaultclientid=iot-device-02, thingname=iot-device-02, thingid=4ae4927a-aefb-4584-a45a-fc4839feffd6, thingarn=arn:aws:iot:us-east-1:507441099951:thing/iot-device-02, thingtypename=null, attributes={installed=1593361211, latitude=32.8205865, longitude=-96.871627}, version=1, billinggroupname=null}","2020-11-26 00:00:00.000"
"iot-device-03","1.5946276305524378E9","51.4","71.24","false","false","0.0079","0.0051","0.021","2020-11-26T17:09:35.630+0000","{defaultclientid=iot-device-03, thingname=iot-device-03, thingid=877352b9-a35d-45d3-9c98-162d89965a13, thingarn=arn:aws:iot:us-east-1:507441099951:thing/iot-device-03, thingtypename=null, attributes={installed=1592562234, latitude=37.4133144, longitude=-122.1513069}, version=1, billinggroupname=null}","2020-11-26 00:00:00.000"
"iot-device-03","1.5946276342376044E9","51.4","71.24","false","false","0.0078","0.0051","0.0209","2020-11-26T17:09:35.912+0000","{defaultclientid=iot-device-03, thingname=iot-device-03, thingid=877352b9-a35d-45d3-9c98-162d89965a13, thingarn=arn:aws:iot:us-east-1:507441099951:thing/iot-device-03, thingtypename=null, attributes={installed=1592562234, latitude=37.4133144, longitude=-122.1513069}, version=1, billinggroupname=null}","2020-11-26 00:00:00.000"
"iot-device-03","1.5946276379244218E9","51.4","71.42","false","false","0.0078","0.0051","0.0209","2020-11-26T17:09:36.205+0000","{defaultclientid=iot-device-03, thingname=iot-device-03, thingid=877352b9-a35d-45d3-9c98-162d89965a13, thingarn=arn:aws:iot:us-east-1:507441099951:thing/iot-device-03, thingtypename=null, attributes={installed=1592562234, latitude=37.4133144, longitude=-122.1513069}, version=1, billinggroupname=null}","2020-11-26 00:00:00.000"
"iot-device-02","1.5946276384870784E9","59.6","75.38","true","false","0.0074","0.0047","0.0197","2020-11-26T17:09:36.496+0000","{defaultclientid=iot-device-02, thingname=iot-device-02, thingid=4ae4927a-aefb-4584-a45a-fc4839feffd6, thingarn=arn:aws:iot:us-east-1:507441099951:thing/iot-device-02, thingtypename=null, attributes={installed=1593361211, latitude=32.8205865, longitude=-96.871627}, version=1, billinggroupname=null}","2020-11-26 00:00:00.000"
"iot-device-01","1.5946276396007507E9","75.8","67.28","false","false","0.0067","0.0041","0.0177","2020-11-26T17:09:36.791+0000","{defaultclientid=iot-device-01, thingname=iot-device-01, thingid=983c2b68-f9a3-4e83-b3c6-9f6f8ad5431b, thingarn=arn:aws:iot:us-east-1:507441099951:thing/iot-device-01, thingtypename=null, attributes={installed=1594665292, latitude=37.4133144, longitude=-122.1513069}, version=1, billinggroupname=null}","2020-11-26 00:00:00.000"
"iot-device-03","1.594627641610881E9","51.4","71.24","false","false","0.0078","0.0051","0.021","2020-11-26T17:09:37.089+0000","{defaultclientid=iot-device-03, thingname=iot-device-03, thingid=877352b9-a35d-45d3-9c98-162d89965a13, thingarn=arn:aws:iot:us-east-1:507441099951:thing/iot-device-03, thingtypename=null, attributes={installed=1592562234, latitude=37.4133144, longitude=-122.1513069}, version=1, billinggroupname=null}","2020-11-26 00:00:00.000"
"iot-device-01","1.5946276444987366E9","75.8","67.28","false","false","0.0066","0.004","0.0173","2020-11-26T17:09:37.385+0000","{defaultclientid=iot-device-01, thingname=iot-device-01, thingid=983c2b68-f9a3-4e83-b3c6-9f6f8ad5431b, thingarn=arn:aws:iot:us-east-1:507441099951:thing/iot-device-01, thingtypename=null, attributes={installed=1594665292, latitude=37.4133144, longitude=-122.1513069}, version=1, billinggroupname=null}","2020-11-26 00:00:00.000"
"iot-device-03","1.594627645297296E9","51.4","71.24","false","false","0.0078","0.0051","0.0209","2020-11-26T17:09:37.684+0000","{defaultclientid=iot-device-03, thingname=iot-device-03, thingid=877352b9-a35d-45d3-9c98-162d89965a13, thingarn=arn:aws:iot:us-east-1:507441099951:thing/iot-device-03, thingtypename=null, attributes={installed=1592562234, latitude=37.4133144, longitude=-122.1513069}, version=1, billinggroupname=null}","2020-11-26 00:00:00.000"
"iot-device-02","1.5946276455065036E9","59.7","75.38","true","false","0.0073","0.0047","0.0195","2020-11-26T17:09:37.996+0000","{defaultclientid=iot-device-02, thingname=iot-device-02, thingid=4ae4927a-aefb-4584-a45a-fc4839feffd6, thingarn=arn:aws:iot:us-east-1:507441099951:thing/iot-device-02, thingtypename=null, attributes={installed=1593361211, latitude=32.8205865, longitude=-96.871627}, version=1, billinggroupname=null}","2020-11-26 00:00:00.000"
"iot-device-01","1.5946276488591E9","75.8","67.28","false","false","0.0066","0.004","0.0173","2020-11-26T17:09:38.277+0000","{defaultclientid=iot-device-01, thingname=iot-device-01, thingid=983c2b68-f9a3-4e83-b3c6-9f6f8ad5431b, thingarn=arn:aws:iot:us-east-1:507441099951:thing/iot-device-01, thingtypename=null, attributes={installed=1594665292, latitude=37.4133144, longitude=-122.1513069}, version=1, billinggroupname=null}","2020-11-26 00:00:00.000"
"iot-device-03","1.5946276489819233E9","51.4","71.24","false","false","0.0078","0.0051","0.021","2020-11-26T17:09:38.574+0000","{defaultclientid=iot-device-03, thingname=iot-device-03, thingid=877352b9-a35d-45d3-9c98-162d89965a13, thingarn=arn:aws:iot:us-east-1:507441099951:thing/iot-device-03, thingtypename=null, attributes={installed=1592562234, latitude=37.4133144, longitude=-122.1513069}, version=1, billinggroupname=null}","2020-11-26 00:00:00.000"
"iot-device-02","1.594627685612539E9","59.7","75.38","true","false","0.0072","0.0046","0.0191","2020-11-26T17:09:44.843+0000","{defaultclientid=iot-device-02, thingname=iot-device-02, thingid=4ae4927a-aefb-4584-a45a-fc4839feffd6, thingarn=arn:aws:iot:us-east-1:507441099951:thing/iot-device-02, thingtypename=null, attributes={installed=1593361211, latitude=32.8205865, longitude=-96.871627}, version=1, billinggroupname=null}","2020-11-26 00:00:00.000"
"iot-device-03","1.5946276858408115E9","51.4","71.42","false","false","0.0078","0.0051","0.0209","2020-11-26T17:09:45.128+0000","{defaultclientid=iot-device-03, thingname=iot-device-03, thingid=877352b9-a35d-45d3-9c98-162d89965a13, thingarn=arn:aws:iot:us-east-1:507441099951:thing/iot-device-03, thingtypename=null, attributes={installed=1592562234, latitude=37.4133144, longitude=-122.1513069}, version=1, billinggroupname=null}","2020-11-26 00:00:00.000"
"iot-device-02","1.5946276894170265E9","59.7","75.38","true","false","0.0073","0.0046","0.0194","2020-11-26T17:09:45.445+0000","{defaultclientid=iot-device-02, thingname=iot-device-02, thingid=4ae4927a-aefb-4584-a45a-fc4839feffd6, thingarn=arn:aws:iot:us-east-1:507441099951:thing/iot-device-02, thingtypename=null, attributes={installed=1593361211, latitude=32.8205865, longitude=-96.871627}, version=1, billinggroupname=null}","2020-11-26 00:00:00.000"
"iot-device-03","1.5946276895283434E9","51.3","71.24","false","false","0.0079","0.0051","0.021","2020-11-26T17:09:45.742+0000","{defaultclientid=iot-device-03, thingname=iot-device-03, thingid=877352b9-a35d-45d3-9c98-162d89965a13, thingarn=arn:aws:iot:us-east-1:507441099951:thing/iot-device-03, thingtypename=null, attributes={installed=1592562234, latitude=37.4133144, longitude=-122.1513069}, version=1, billinggroupname=null}","2020-11-26 00:00:00.000"
"iot-device-01","1.5946276908012686E9","76.3","67.28","false","false","0.0066","0.004","0.0173","2020-11-26T17:09:46.045+0000","{defaultclientid=iot-device-01, thingname=iot-device-01, thingid=983c2b68-f9a3-4e83-b3c6-9f6f8ad5431b, thingarn=arn:aws:iot:us-east-1:507441099951:thing/iot-device-01, thingtypename=null, attributes={installed=1594665292, latitude=37.4133144, longitude=-122.1513069}, version=1, billinggroupname=null}","2020-11-26 00:00:00.000"
"iot-device-03","1.5946276932158108E9","51.3","71.24","false","false","0.0078","0.0051","0.0209","2020-11-26T17:09:46.330+0000","{defaultclientid=iot-device-03, thingname=iot-device-03, thingid=877352b9-a35d-45d3-9c98-162d89965a13, thingarn=arn:aws:iot:us-east-1:507441099951:thing/iot-device-03, thingtypename=null, attributes={installed=1592562234, latitude=37.4133144, longitude=-122.1513069}, version=1, billinggroupname=null}","2020-11-26 00:00:00.000"
"iot-device-02","1.594627695364399E9","59.8","75.38","true","false","0.0073","0.0046","0.0194","2020-11-26T17:09:46.628+0000","{defaultclientid=iot-device-02, thingname=iot-device-02, thingid=4ae4927a-aefb-4584-a45a-fc4839feffd6, thingarn=arn:aws:iot:us-east-1:507441099951:thing/iot-device-02, thingtypename=null, attributes={installed=1593361211, latitude=32.8205865, longitude=-96.871627}, version=1, billinggroupname=null}","2020-11-26 00:00:00.000"
"iot-device-03","1.59462769690326E9","51.4","71.42","false","false","0.0078","0.0051","0.0209","2020-11-26T17:09:46.915+0000","{defaultclientid=iot-device-03, thingname=iot-device-03, thingid=877352b9-a35d-45d3-9c98-162d89965a13, thingarn=arn:aws:iot:us-east-1:507441099951:thing/iot-device-03, thingtypename=null, attributes={installed=1592562234, latitude=37.4133144, longitude=-122.1513069}, version=1, billinggroupname=null}","2020-11-26 00:00:00.000"
"iot-device-03","1.5946277005880966E9","51.3","71.24","false","false","0.0078","0.0051","0.0209","2020-11-26T17:09:47.200+0000","{defaultclientid=iot-device-03, thingname=iot-device-03, thingid=877352b9-a35d-45d3-9c98-162d89965a13, thingarn=arn:aws:iot:us-east-1:507441099951:thing/iot-device-03, thingtypename=null, attributes={installed=1592562234, latitude=37.4133144, longitude=-122.1513069}, version=1, billinggroupname=null}","2020-11-26 00:00:00.000"
"iot-device-03","1.5946277042744606E9","51.4","71.42","false","false","0.0078","0.0051","0.021","2020-11-26T17:09:47.490+0000","{defaultclientid=iot-device-03, thingname=iot-device-03, thingid=877352b9-a35d-45d3-9c98-162d89965a13, thingarn=arn:aws:iot:us-east-1:507441099951:thing/iot-device-03, thingtypename=null, attributes={installed=1592562234, latitude=37.4133144, longitude=-122.1513069}, version=1, billinggroupname=null}","2020-11-26 00:00:00.000"
"iot-device-03","1.5946276674153411E9","51.4","71.42","false","false","0.0078","0.0051","0.0209","2020-11-26T17:09:41.905+0000","{defaultclientid=iot-device-03, thingname=iot-device-03, thingid=877352b9-a35d-45d3-9c98-162d89965a13, thingarn=arn:aws:iot:us-east-1:507441099951:thing/iot-device-03, thingtypename=null, attributes={installed=1592562234, latitude=37.4133144, longitude=-122.1513069}, version=1, billinggroupname=null}","2020-11-26 00:00:00.000"
"iot-device-02","1.5946276704360065E9","59.7","75.38","true","false","0.0072","0.0046","0.0192","2020-11-26T17:09:42.188+0000","{defaultclientid=iot-device-02, thingname=iot-device-02, thingid=4ae4927a-aefb-4584-a45a-fc4839feffd6, thingarn=arn:aws:iot:us-east-1:507441099951:thing/iot-device-02, thingtypename=null, attributes={installed=1593361211, latitude=32.8205865, longitude=-96.871627}, version=1, billinggroupname=null}","2020-11-26 00:00:00.000"
"iot-device-01","1.5946276710389392E9","75.9","67.28","false","false","0.0065","0.004","0.0172","2020-11-26T17:09:42.495+0000","{defaultclientid=iot-device-01, thingname=iot-device-01, thingid=983c2b68-f9a3-4e83-b3c6-9f6f8ad5431b, thingarn=arn:aws:iot:us-east-1:507441099951:thing/iot-device-01, thingtypename=null, attributes={installed=1594665292, latitude=37.4133144, longitude=-122.1513069}, version=1, billinggroupname=null}","2020-11-26 00:00:00.000"
"iot-device-03","1.5946276711007116E9","51.4","71.42","false","false","0.0078","0.0051","0.021","2020-11-26T17:09:42.783+0000","{defaultclientid=iot-device-03, thingname=iot-device-03, thingid=877352b9-a35d-45d3-9c98-162d89965a13, thingarn=arn:aws:iot:us-east-1:507441099951:thing/iot-device-03, thingtypename=null, attributes={installed=1592562234, latitude=37.4133144, longitude=-122.1513069}, version=1, billinggroupname=null}","2020-11-26 00:00:00.000"
"iot-device-03","1.5946276747869065E9","51.4","71.42","false","false","0.0078","0.0051","0.0209","2020-11-26T17:09:43.069+0000","{defaultclientid=iot-device-03, thingname=iot-device-03, thingid=877352b9-a35d-45d3-9c98-162d89965a13, thingarn=arn:aws:iot:us-east-1:507441099951:thing/iot-device-03, thingtypename=null, attributes={installed=1592562234, latitude=37.4133144, longitude=-122.1513069}, version=1, billinggroupname=null}","2020-11-26 00:00:00.000"
"iot-device-02","1.5946276758512535E9","59.7","75.38","true","false","0.0073","0.0046","0.0194","2020-11-26T17:09:43.372+0000","{defaultclientid=iot-device-02, thingname=iot-device-02, thingid=4ae4927a-aefb-4584-a45a-fc4839feffd6, thingarn=arn:aws:iot:us-east-1:507441099951:thing/iot-device-02, thingtypename=null, attributes={installed=1593361211, latitude=32.8205865, longitude=-96.871627}, version=1, billinggroupname=null}","2020-11-26 00:00:00.000"
"iot-device-03","1.5946276784710054E9","51.4","71.42","false","false","0.0078","0.0051","0.0209","2020-11-26T17:09:43.662+0000","{defaultclientid=iot-device-03, thingname=iot-device-03, thingid=877352b9-a35d-45d3-9c98-162d89965a13, thingarn=arn:aws:iot:us-east-1:507441099951:thing/iot-device-03, thingtypename=null, attributes={installed=1592562234, latitude=37.4133144, longitude=-122.1513069}, version=1, billinggroupname=null}","2020-11-26 00:00:00.000"
"iot-device-02","1.5946276801960313E9","59.7","75.38","true","false","0.0072","0.0046","0.0192","2020-11-26T17:09:43.959+0000","{defaultclientid=iot-device-02, thingname=iot-device-02, thingid=4ae4927a-aefb-4584-a45a-fc4839feffd6, thingarn=arn:aws:iot:us-east-1:507441099951:thing/iot-device-02, thingtypename=null, attributes={installed=1593361211, latitude=32.8205865, longitude=-96.871627}, version=1, billinggroupname=null}","2020-11-26 00:00:00.000"
"iot-device-03","1.5946276821545115E9","51.4","71.42","false","false","0.0078","0.0051","0.0209","2020-11-26T17:09:44.243+0000","{defaultclientid=iot-device-03, thingname=iot-device-03, thingid=877352b9-a35d-45d3-9c98-162d89965a13, thingarn=arn:aws:iot:us-east-1:507441099951:thing/iot-device-03, thingtypename=null, attributes={installed=1592562234, latitude=37.4133144, longitude=-122.1513069}, version=1, billinggroupname=null}","2020-11-26 00:00:00.000"
"iot-device-01","1.5946276842747364E9","75.9","67.28","false","false","0.0066","0.0041","0.0175","2020-11-26T17:09:44.540+0000","{defaultclientid=iot-device-01, thingname=iot-device-01, thingid=983c2b68-f9a3-4e83-b3c6-9f6f8ad5431b, thingarn=arn:aws:iot:us-east-1:507441099951:thing/iot-device-01, thingtypename=null, attributes={installed=1594665292, latitude=37.4133144, longitude=-122.1513069}, version=1, billinggroupname=null}","2020-11-26 00:00:00.000"
"iot-device-03","1.594628678067889E9","49.7","71.06","false","false","0.0078","0.0051","0.0209","2020-11-26T17:09:59.540+0000","{defaultclientid=iot-device-03, thingname=iot-device-03, thingid=877352b9-a35d-45d3-9c98-162d89965a13, thingarn=arn:aws:iot:us-east-1:507441099951:thing/iot-device-03, thingtypename=null, attributes={installed=1592562234, latitude=37.4133144, longitude=-122.1513069}, version=1, billinggroupname=null}","2020-11-26 00:00:00.000"
"iot-device-01","1.594628679840857E9","74.6","67.1","false","false","0.0066","0.004","0.0173","2020-11-26T17:09:59.824+0000","{defaultclientid=iot-device-01, thingname=iot-device-01, thingid=983c2b68-f9a3-4e83-b3c6-9f6f8ad5431b, thingarn=arn:aws:iot:us-east-1:507441099951:thing/iot-device-01, thingtypename=null, attributes={installed=1594665292, latitude=37.4133144, longitude=-122.1513069}, version=1, billinggroupname=null}","2020-11-26 00:00:00.000"
"iot-device-03","1.5946286449741852E9","50.1","71.24","false","false","0.0078","0.0051","0.0209","2020-11-26T17:09:53.652+0000","{defaultclientid=iot-device-03, thingname=iot-device-03, thingid=877352b9-a35d-45d3-9c98-162d89965a13, thingarn=arn:aws:iot:us-east-1:507441099951:thing/iot-device-03, thingtypename=null, attributes={installed=1592562234, latitude=37.4133144, longitude=-122.1513069}, version=1, billinggroupname=null}","2020-11-26 00:00:00.000"
"iot-device-02","1.5946286481464875E9","59.8","75.2","true","false","0.0073","0.0047","0.0195","2020-11-26T17:09:53.941+0000","{defaultclientid=iot-device-02, thingname=iot-device-02, thingid=4ae4927a-aefb-4584-a45a-fc4839feffd6, thingarn=arn:aws:iot:us-east-1:507441099951:thing/iot-device-02, thingtypename=null, attributes={installed=1593361211, latitude=32.8205865, longitude=-96.871627}, version=1, billinggroupname=null}","2020-11-26 00:00:00.000"
"iot-device-01","1.5946286481778047E9","74.8","67.28","false","false","0.0065","0.004","0.0172","2020-11-26T17:09:54.234+0000","{defaultclientid=iot-device-01, thingname=iot-device-01, thingid=983c2b68-f9a3-4e83-b3c6-9f6f8ad5431b, thingarn=arn:aws:iot:us-east-1:507441099951:thing/iot-device-01, thingtypename=null, attributes={installed=1594665292, latitude=37.4133144, longitude=-122.1513069}, version=1, billinggroupname=null}","2020-11-26 00:00:00.000"
"iot-device-03","1.5946286485525672E9","50.1","71.24","false","false","0.0078","0.0051","0.0208","2020-11-26T17:09:54.527+0000","{defaultclientid=iot-device-03, thingname=iot-device-03, thingid=877352b9-a35d-45d3-9c98-162d89965a13, thingarn=arn:aws:iot:us-east-1:507441099951:thing/iot-device-03, thingtypename=null, attributes={installed=1592562234, latitude=37.4133144, longitude=-122.1513069}, version=1, billinggroupname=null}","2020-11-26 00:00:00.000"
"iot-device-03","1.5946286522581909E9","50.1","71.24","false","false","0.0078","0.0051","0.0209","2020-11-26T17:09:54.824+0000","{defaultclientid=iot-device-03, thingname=iot-device-03, thingid=877352b9-a35d-45d3-9c98-162d89965a13, thingarn=arn:aws:iot:us-east-1:507441099951:thing/iot-device-03, thingtypename=null, attributes={installed=1592562234, latitude=37.4133144, longitude=-122.1513069}, version=1, billinggroupname=null}","2020-11-26 00:00:00.000"
"iot-device-02","1.594628652489283E9","59.6","75.2","true","false","0.0074","0.0048","0.0198","2020-11-26T17:09:55.112+0000","{defaultclientid=iot-device-02, thingname=iot-device-02, thingid=4ae4927a-aefb-4584-a45a-fc4839feffd6, thingarn=arn:aws:iot:us-east-1:507441099951:thing/iot-device-02, thingtypename=null, attributes={installed=1593361211, latitude=32.8205865, longitude=-96.871627}, version=1, billinggroupname=null}","2020-11-26 00:00:00.000"
"iot-device-01","1.5946286557873693E9","74.7","67.28","false","false","0.0065","0.0039","0.017","2020-11-26T17:09:55.417+0000","{defaultclientid=iot-device-01, thingname=iot-device-01, thingid=983c2b68-f9a3-4e83-b3c6-9f6f8ad5431b, thingarn=arn:aws:iot:us-east-1:507441099951:thing/iot-device-01, thingtypename=null, attributes={installed=1594665292, latitude=37.4133144, longitude=-122.1513069}, version=1, billinggroupname=null}","2020-11-26 00:00:00.000"
"iot-device-03","1.5946286559460938E9","50.0","71.24","false","false","0.0078","0.0051","0.0209","2020-11-26T17:09:55.716+0000","{defaultclientid=iot-device-03, thingname=iot-device-03, thingid=877352b9-a35d-45d3-9c98-162d89965a13, thingarn=arn:aws:iot:us-east-1:507441099951:thing/iot-device-03, thingtypename=null, attributes={installed=1592562234, latitude=37.4133144, longitude=-122.1513069}, version=1, billinggroupname=null}","2020-11-26 00:00:00.000"
"iot-device-02","1.5946286562983966E9","59.6","75.2","true","false","0.0075","0.0048","0.02","2020-11-26T17:09:56.008+0000","{defaultclientid=iot-device-02, thingname=iot-device-02, thingid=4ae4927a-aefb-4584-a45a-fc4839feffd6, thingarn=arn:aws:iot:us-east-1:507441099951:thing/iot-device-02, thingtypename=null, attributes={installed=1593361211, latitude=32.8205865, longitude=-96.871627}, version=1, billinggroupname=null}","2020-11-26 00:00:00.000"
"iot-device-03","1.59462865963371E9","50.0","71.24","false","false","0.0078","0.0051","0.0209","2020-11-26T17:09:56.292+0000","{defaultclientid=iot-device-03, thingname=iot-device-03, thingid=877352b9-a35d-45d3-9c98-162d89965a13, thingarn=arn:aws:iot:us-east-1:507441099951:thing/iot-device-03, thingtypename=null, attributes={installed=1592562234, latitude=37.4133144, longitude=-122.1513069}, version=1, billinggroupname=null}","2020-11-26 00:00:00.000"
"iot-device-01","1.5946286601378994E9","74.7","67.28","false","false","0.0065","0.004","0.0172","2020-11-26T17:09:56.589+0000","{defaultclientid=iot-device-01, thingname=iot-device-01, thingid=983c2b68-f9a3-4e83-b3c6-9f6f8ad5431b, thingarn=arn:aws:iot:us-east-1:507441099951:thing/iot-device-01, thingtypename=null, attributes={installed=1594665292, latitude=37.4133144, longitude=-122.1513069}, version=1, billinggroupname=null}","2020-11-26 00:00:00.000"
"iot-device-02","1.594628661177596E9","59.6","75.2","true","false","0.0074","0.0048","0.0198","2020-11-26T17:09:56.880+0000","{defaultclientid=iot-device-02, thingname=iot-device-02, thingid=4ae4927a-aefb-4584-a45a-fc4839feffd6, thingarn=arn:aws:iot:us-east-1:507441099951:thing/iot-device-02, thingtypename=null, attributes={installed=1593361211, latitude=32.8205865, longitude=-96.871627}, version=1, billinggroupname=null}","2020-11-26 00:00:00.000"
"iot-device-03","1.5946286633211641E9","50.0","71.24","false","false","0.0078","0.0051","0.0209","2020-11-26T17:09:57.175+0000","{defaultclientid=iot-device-03, thingname=iot-device-03, thingid=877352b9-a35d-45d3-9c98-162d89965a13, thingarn=arn:aws:iot:us-east-1:507441099951:thing/iot-device-03, thingtypename=null, attributes={installed=1592562234, latitude=37.4133144, longitude=-122.1513069}, version=1, billinggroupname=null}","2020-11-26 00:00:00.000"
"iot-device-02","1.5946286649848619E9","59.6","75.2","true","false","0.0075","0.0048","0.02","2020-11-26T17:09:57.463+0000","{defaultclientid=iot-device-02, thingname=iot-device-02, thingid=4ae4927a-aefb-4584-a45a-fc4839feffd6, thingarn=arn:aws:iot:us-east-1:507441099951:thing/iot-device-02, thingtypename=null, attributes={installed=1593361211, latitude=32.8205865, longitude=-96.871627}, version=1, billinggroupname=null}","2020-11-26 00:00:00.000"
"iot-device-03","1.5946286670086381E9","50.0","71.24","false","false","0.0078","0.0051","0.0209","2020-11-26T17:09:57.754+0000","{defaultclientid=iot-device-03, thingname=iot-device-03, thingid=877352b9-a35d-45d3-9c98-162d89965a13, thingarn=arn:aws:iot:us-east-1:507441099951:thing/iot-device-03, thingtypename=null, attributes={installed=1592562234, latitude=37.4133144, longitude=-122.1513069}, version=1, billinggroupname=null}","2020-11-26 00:00:00.000"
"iot-device-02","1.5946286703988173E9","59.8","75.2","true","false","0.0075","0.0048","0.0199","2020-11-26T17:09:58.049+0000","{defaultclientid=iot-device-02, thingname=iot-device-02, thingid=4ae4927a-aefb-4584-a45a-fc4839feffd6, thingarn=arn:aws:iot:us-east-1:507441099951:thing/iot-device-02, thingtypename=null, attributes={installed=1593361211, latitude=32.8205865, longitude=-96.871627}, version=1, billinggroupname=null}","2020-11-26 00:00:00.000"
"iot-device-03","1.594628670696127E9","49.8","71.06","false","false","0.0078","0.0051","0.0209","2020-11-26T17:09:58.327+0000","{defaultclientid=iot-device-03, thingname=iot-device-03, thingid=877352b9-a35d-45d3-9c98-162d89965a13, thingarn=arn:aws:iot:us-east-1:507441099951:thing/iot-device-03, thingtypename=null, attributes={installed=1592562234, latitude=37.4133144, longitude=-122.1513069}, version=1, billinggroupname=null}","2020-11-26 00:00:00.000"
"iot-device-01","1.5946286733423347E9","74.6","67.28","false","false","0.0067","0.0042","0.0179","2020-11-26T17:09:58.672+0000","{defaultclientid=iot-device-01, thingname=iot-device-01, thingid=983c2b68-f9a3-4e83-b3c6-9f6f8ad5431b, thingarn=arn:aws:iot:us-east-1:507441099951:thing/iot-device-01, thingtypename=null, attributes={installed=1594665292, latitude=37.4133144, longitude=-122.1513069}, version=1, billinggroupname=null}","2020-11-26 00:00:00.000"
"iot-device-03","1.5946286743819597E9","49.8","71.06","false","false","0.0078","0.0051","0.021","2020-11-26T17:09:58.958+0000","{defaultclientid=iot-device-03, thingname=iot-device-03, thingid=877352b9-a35d-45d3-9c98-162d89965a13, thingarn=arn:aws:iot:us-east-1:507441099951:thing/iot-device-03, thingtypename=null, attributes={installed=1592562234, latitude=37.4133144, longitude=-122.1513069}, version=1, billinggroupname=null}","2020-11-26 00:00:00.000"
"iot-device-02","1.594628675277093E9","59.6","75.2","true","false","0.0075","0.0048","0.0199","2020-11-26T17:09:59.250+0000","{defaultclientid=iot-device-02, thingname=iot-device-02, thingid=4ae4927a-aefb-4584-a45a-fc4839feffd6, thingarn=arn:aws:iot:us-east-1:507441099951:thing/iot-device-02, thingtypename=null, attributes={installed=1593361211, latitude=32.8205865, longitude=-96.871627}, version=1, billinggroupname=null}","2020-11-26 00:00:00.000"
"iot-device-01","1.5946277234580472E9","75.7","67.28","false","false","0.0066","0.004","0.0173","2020-11-26T17:09:50.690+0000","{defaultclientid=iot-device-01, thingname=iot-device-01, thingid=983c2b68-f9a3-4e83-b3c6-9f6f8ad5431b, thingarn=arn:aws:iot:us-east-1:507441099951:thing/iot-device-01, thingtypename=null, attributes={installed=1594665292, latitude=37.4133144, longitude=-122.1513069}, version=1, billinggroupname=null}","2020-11-26 00:00:00.000"
"iot-device-03","1.5946277263801348E9","51.4","71.24","false","false","0.0078","0.0051","0.0209","2020-11-26T17:09:51.000+0000","{defaultclientid=iot-device-03, thingname=iot-device-03, thingid=877352b9-a35d-45d3-9c98-162d89965a13, thingarn=arn:aws:iot:us-east-1:507441099951:thing/iot-device-03, thingtypename=null, attributes={installed=1592562234, latitude=37.4133144, longitude=-122.1513069}, version=1, billinggroupname=null}","2020-11-26 00:00:00.000"
"iot-device-02","1.5946277285014355E9","59.8","75.38","true","false","0.0073","0.0047","0.0195","2020-11-26T17:09:51.290+0000","{defaultclientid=iot-device-02, thingname=iot-device-02, thingid=4ae4927a-aefb-4584-a45a-fc4839feffd6, thingarn=arn:aws:iot:us-east-1:507441099951:thing/iot-device-02, thingtypename=null, attributes={installed=1593361211, latitude=32.8205865, longitude=-96.871627}, version=1, billinggroupname=null}","2020-11-26 00:00:00.000"
"iot-device-01","1.5946277294167516E9","75.7","67.28","false","false","0.0065","0.0039","0.017","2020-11-26T17:09:51.587+0000","{defaultclientid=iot-device-01, thingname=iot-device-01, thingid=983c2b68-f9a3-4e83-b3c6-9f6f8ad5431b, thingarn=arn:aws:iot:us-east-1:507441099951:thing/iot-device-01, thingtypename=null, attributes={installed=1594665292, latitude=37.4133144, longitude=-122.1513069}, version=1, billinggroupname=null}","2020-11-26 00:00:00.000"
"iot-device-03","1.594627730066428E9","51.4","71.42","false","false","0.0078","0.0051","0.0209","2020-11-26T17:09:51.877+0000","{defaultclientid=iot-device-03, thingname=iot-device-03, thingid=877352b9-a35d-45d3-9c98-162d89965a13, thingarn=arn:aws:iot:us-east-1:507441099951:thing/iot-device-03, thingtypename=null, attributes={installed=1592562234, latitude=37.4133144, longitude=-122.1513069}, version=1, billinggroupname=null}","2020-11-26 00:00:00.000"
"iot-device-02","1.5946286362270048E9","59.6","75.2","true","false","0.0074","0.0048","0.0198","2020-11-26T17:09:52.173+0000","{defaultclientid=iot-device-02, thingname=iot-device-02, thingid=4ae4927a-aefb-4584-a45a-fc4839feffd6, thingarn=arn:aws:iot:us-east-1:507441099951:thing/iot-device-02, thingtypename=null, attributes={installed=1593361211, latitude=32.8205865, longitude=-96.871627}, version=1, billinggroupname=null}","2020-11-26 00:00:00.000"
"iot-device-03","1.594628637602295E9","50.3","71.24","false","false","0.0078","0.0051","0.0209","2020-11-26T17:09:52.466+0000","{defaultclientid=iot-device-03, thingname=iot-device-03, thingid=877352b9-a35d-45d3-9c98-162d89965a13, thingarn=arn:aws:iot:us-east-1:507441099951:thing/iot-device-03, thingtypename=null, attributes={installed=1592562234, latitude=37.4133144, longitude=-122.1513069}, version=1, billinggroupname=null}","2020-11-26 00:00:00.000"
"iot-device-01","1.5946286379061134E9","75.0","67.28","false","false","0.0064","0.0039","0.0169","2020-11-26T17:09:52.744+0000","{defaultclientid=iot-device-01, thingname=iot-device-01, thingid=983c2b68-f9a3-4e83-b3c6-9f6f8ad5431b, thingarn=arn:aws:iot:us-east-1:507441099951:thing/iot-device-01, thingtypename=null, attributes={installed=1594665292, latitude=37.4133144, longitude=-122.1513069}, version=1, billinggroupname=null}","2020-11-26 00:00:00.000"
"iot-device-02","1.594628640567646E9","59.7","75.2","true","false","0.0074","0.0048","0.0198","2020-11-26T17:09:53.054+0000","{defaultclientid=iot-device-02, thingname=iot-device-02, thingid=4ae4927a-aefb-4584-a45a-fc4839feffd6, thingarn=arn:aws:iot:us-east-1:507441099951:thing/iot-device-02, thingtypename=null, attributes={installed=1593361211, latitude=32.8205865, longitude=-96.871627}, version=1, billinggroupname=null}","2020-11-26 00:00:00.000"
"iot-device-03","1.5946286412883835E9","50.2","71.24","false","false","0.0078","0.0051","0.0209","2020-11-26T17:09:53.350+0000","{defaultclientid=iot-device-03, thingname=iot-device-03, thingid=877352b9-a35d-45d3-9c98-162d89965a13, thingarn=arn:aws:iot:us-east-1:507441099951:thing/iot-device-03, thingtypename=null, attributes={installed=1592562234, latitude=37.4133144, longitude=-122.1513069}, version=1, billinggroupname=null}","2020-11-26 00:00:00.000"
"iot-device-03","1.5946277079607544E9","51.4","71.42","false","false","0.0078","0.0051","0.0209","2020-11-26T17:09:47.770+0000","{defaultclientid=iot-device-03, thingname=iot-device-03, thingid=877352b9-a35d-45d3-9c98-162d89965a13, thingarn=arn:aws:iot:us-east-1:507441099951:thing/iot-device-03, thingtypename=null, attributes={installed=1592562234, latitude=37.4133144, longitude=-122.1513069}, version=1, billinggroupname=null}","2020-11-26 00:00:00.000"
"iot-device-01","1.5946277104579782E9","75.6","67.28","false","false","0.0066","0.0041","0.0175","2020-11-26T17:09:48.059+0000","{defaultclientid=iot-device-01, thingname=iot-device-01, thingid=983c2b68-f9a3-4e83-b3c6-9f6f8ad5431b, thingarn=arn:aws:iot:us-east-1:507441099951:thing/iot-device-01, thingtypename=null, attributes={installed=1594665292, latitude=37.4133144, longitude=-122.1513069}, version=1, billinggroupname=null}","2020-11-26 00:00:00.000"
"iot-device-03","1.5946277116442585E9","51.4","71.42","false","false","0.0079","0.0052","0.021","2020-11-26T17:09:48.348+0000","{defaultclientid=iot-device-03, thingname=iot-device-03, thingid=877352b9-a35d-45d3-9c98-162d89965a13, thingarn=arn:aws:iot:us-east-1:507441099951:thing/iot-device-03, thingtypename=null, attributes={installed=1592562234, latitude=37.4133144, longitude=-122.1513069}, version=1, billinggroupname=null}","2020-11-26 00:00:00.000"
"iot-device-02","1.5946277133366506E9","59.7","75.38","true","false","0.0072","0.0046","0.0192","2020-11-26T17:09:48.638+0000","{defaultclientid=iot-device-02, thingname=iot-device-02, thingid=4ae4927a-aefb-4584-a45a-fc4839feffd6, thingarn=arn:aws:iot:us-east-1:507441099951:thing/iot-device-02, thingtypename=null, attributes={installed=1593361211, latitude=32.8205865, longitude=-96.871627}, version=1, billinggroupname=null}","2020-11-26 00:00:00.000"
"iot-device-03","1.5946277153295672E9","51.4","71.42","false","false","0.0078","0.0051","0.0209","2020-11-26T17:09:48.940+0000","{defaultclientid=iot-device-03, thingname=iot-device-03, thingid=877352b9-a35d-45d3-9c98-162d89965a13, thingarn=arn:aws:iot:us-east-1:507441099951:thing/iot-device-03, thingtypename=null, attributes={installed=1592562234, latitude=37.4133144, longitude=-122.1513069}, version=1, billinggroupname=null}","2020-11-26 00:00:00.000"
"iot-device-01","1.594627717492916E9","75.7","67.28","false","false","0.0066","0.0041","0.0175","2020-11-26T17:09:49.228+0000","{defaultclientid=iot-device-01, thingname=iot-device-01, thingid=983c2b68-f9a3-4e83-b3c6-9f6f8ad5431b, thingarn=arn:aws:iot:us-east-1:507441099951:thing/iot-device-01, thingtypename=null, attributes={installed=1594665292, latitude=37.4133144, longitude=-122.1513069}, version=1, billinggroupname=null}","2020-11-26 00:00:00.000"
"iot-device-03","1.5946277190134985E9","51.3","71.24","false","false","0.0079","0.0051","0.021","2020-11-26T17:09:49.520+0000","{defaultclientid=iot-device-03, thingname=iot-device-03, thingid=877352b9-a35d-45d3-9c98-162d89965a13, thingarn=arn:aws:iot:us-east-1:507441099951:thing/iot-device-03, thingtypename=null, attributes={installed=1592562234, latitude=37.4133144, longitude=-122.1513069}, version=1, billinggroupname=null}","2020-11-26 00:00:00.000"
"iot-device-02","1.5946277192808144E9","59.8","75.38","true","false","0.0072","0.0046","0.0192","2020-11-26T17:09:49.799+0000","{defaultclientid=iot-device-02, thingname=iot-device-02, thingid=4ae4927a-aefb-4584-a45a-fc4839feffd6, thingarn=arn:aws:iot:us-east-1:507441099951:thing/iot-device-02, thingtypename=null, attributes={installed=1593361211, latitude=32.8205865, longitude=-96.871627}, version=1, billinggroupname=null}","2020-11-26 00:00:00.000"
"iot-device-03","1.5946277226966784E9","51.3","71.24","false","false","0.0079","0.0051","0.021","2020-11-26T17:09:50.095+0000","{defaultclientid=iot-device-03, thingname=iot-device-03, thingid=877352b9-a35d-45d3-9c98-162d89965a13, thingarn=arn:aws:iot:us-east-1:507441099951:thing/iot-device-03, thingtypename=null, attributes={installed=1592562234, latitude=37.4133144, longitude=-122.1513069}, version=1, billinggroupname=null}","2020-11-26 00:00:00.000"
"iot-device-02","1.5946277230880556E9","59.7","75.2","true","false","0.0073","0.0047","0.0195","2020-11-26T17:09:50.388+0000","{defaultclientid=iot-device-02, thingname=iot-device-02, thingid=4ae4927a-aefb-4584-a45a-fc4839feffd6, thingarn=arn:aws:iot:us-east-1:507441099951:thing/iot-device-02, thingtypename=null, attributes={installed=1593361211, latitude=32.8205865, longitude=-96.871627}, version=1, billinggroupname=null}","2020-11-26 00:00:00.000"
"iot-device-02","1.5946276498497007E9","59.7","75.38","true","false","0.0074","0.0047","0.0196","2020-11-26T17:09:38.870+0000","{defaultclientid=iot-device-02, thingname=iot-device-02, thingid=4ae4927a-aefb-4584-a45a-fc4839feffd6, thingarn=arn:aws:iot:us-east-1:507441099951:thing/iot-device-02, thingtypename=null, attributes={installed=1593361211, latitude=32.8205865, longitude=-96.871627}, version=1, billinggroupname=null}","2020-11-26 00:00:00.000"
"iot-device-03","1.5946276526675887E9","51.5","71.42","false","false","0.0079","0.0052","0.021","2020-11-26T17:09:39.160+0000","{defaultclientid=iot-device-03, thingname=iot-device-03, thingid=877352b9-a35d-45d3-9c98-162d89965a13, thingarn=arn:aws:iot:us-east-1:507441099951:thing/iot-device-03, thingtypename=null, attributes={installed=1592562234, latitude=37.4133144, longitude=-122.1513069}, version=1, billinggroupname=null}","2020-11-26 00:00:00.000"
"iot-device-02","1.5946276547262821E9","59.7","75.38","true","false","0.0074","0.0047","0.0196","2020-11-26T17:09:39.460+0000","{defaultclientid=iot-device-02, thingname=iot-device-02, thingid=4ae4927a-aefb-4584-a45a-fc4839feffd6, thingarn=arn:aws:iot:us-east-1:507441099951:thing/iot-device-02, thingtypename=null, attributes={installed=1593361211, latitude=32.8205865, longitude=-96.871627}, version=1, billinggroupname=null}","2020-11-26 00:00:00.000"
"iot-device-03","1.5946276563561187E9","51.4","71.24","false","false","0.0078","0.0051","0.021","2020-11-26T17:09:39.775+0000","{defaultclientid=iot-device-03, thingname=iot-device-03, thingid=877352b9-a35d-45d3-9c98-162d89965a13, thingarn=arn:aws:iot:us-east-1:507441099951:thing/iot-device-03, thingtypename=null, attributes={installed=1592562234, latitude=37.4133144, longitude=-122.1513069}, version=1, billinggroupname=null}","2020-11-26 00:00:00.000"
"iot-device-01","1.5946276591120515E9","75.8","67.28","false","false","0.0065","0.004","0.0172","2020-11-26T17:09:40.073+0000","{defaultclientid=iot-device-01, thingname=iot-device-01, thingid=983c2b68-f9a3-4e83-b3c6-9f6f8ad5431b, thingarn=arn:aws:iot:us-east-1:507441099951:thing/iot-device-01, thingtypename=null, attributes={installed=1594665292, latitude=37.4133144, longitude=-122.1513069}, version=1, billinggroupname=null}","2020-11-26 00:00:00.000"
"iot-device-03","1.5946276600445304E9","51.4","71.42","false","false","0.0078","0.0051","0.0209","2020-11-26T17:09:40.378+0000","{defaultclientid=iot-device-03, thingname=iot-device-03, thingid=877352b9-a35d-45d3-9c98-162d89965a13, thingarn=arn:aws:iot:us-east-1:507441099951:thing/iot-device-03, thingtypename=null, attributes={installed=1592562234, latitude=37.4133144, longitude=-122.1513069}, version=1, billinggroupname=null}","2020-11-26 00:00:00.000"
"iot-device-02","1.5946276601407213E9","59.7","75.38","true","false","0.0074","0.0047","0.0197","2020-11-26T17:09:40.681+0000","{defaultclientid=iot-device-02, thingname=iot-device-02, thingid=4ae4927a-aefb-4584-a45a-fc4839feffd6, thingarn=arn:aws:iot:us-east-1:507441099951:thing/iot-device-02, thingtypename=null, attributes={installed=1593361211, latitude=32.8205865, longitude=-96.871627}, version=1, billinggroupname=null}","2020-11-26 00:00:00.000"
"iot-device-03","1.5946276637307081E9","51.4","71.42","false","false","0.0078","0.0051","0.0209","2020-11-26T17:09:40.977+0000","{defaultclientid=iot-device-03, thingname=iot-device-03, thingid=877352b9-a35d-45d3-9c98-162d89965a13, thingarn=arn:aws:iot:us-east-1:507441099951:thing/iot-device-03, thingtypename=null, attributes={installed=1592562234, latitude=37.4133144, longitude=-122.1513069}, version=1, billinggroupname=null}","2020-11-26 00:00:00.000"
"iot-device-02","1.5946276639569411E9","59.8","75.38","true","false","0.0075","0.0048","0.0199","2020-11-26T17:09:41.262+0000","{defaultclientid=iot-device-02, thingname=iot-device-02, thingid=4ae4927a-aefb-4584-a45a-fc4839feffd6, thingarn=arn:aws:iot:us-east-1:507441099951:thing/iot-device-02, thingtypename=null, attributes={installed=1593361211, latitude=32.8205865, longitude=-96.871627}, version=1, billinggroupname=null}","2020-11-26 00:00:00.000"
"iot-device-01","1.5946276656107185E9","75.9","67.28","false","false","0.0065","0.0039","0.017","2020-11-26T17:09:41.549+0000","{defaultclientid=iot-device-01, thingname=iot-device-01, thingid=983c2b68-f9a3-4e83-b3c6-9f6f8ad5431b, thingarn=arn:aws:iot:us-east-1:507441099951:thing/iot-device-01, thingtypename=null, attributes={installed=1594665292, latitude=37.4133144, longitude=-122.1513069}, version=1, billinggroupname=null}","2020-11-26 00:00:00.000"
"iot-device-03","1.5946457741824846E9","52.4","71.42","false","false","0.0078","0.0051","0.0209","2020-11-26T17:24:29.991+0000","{defaultclientid=iot-device-03, thingname=iot-device-03, thingid=877352b9-a35d-45d3-9c98-162d89965a13, thingarn=arn:aws:iot:us-east-1:507441099951:thing/iot-device-03, thingtypename=null, attributes={installed=1592562234, latitude=37.4133144, longitude=-122.1513069}, version=1, billinggroupname=null}","2020-11-26 00:00:00.000"
"iot-device-02","1.5946457742476585E9","65.3","73.94","true","false","0.0071","0.0045","0.0188","2020-11-26T17:24:30.281+0000","{defaultclientid=iot-device-02, thingname=iot-device-02, thingid=4ae4927a-aefb-4584-a45a-fc4839feffd6, thingarn=arn:aws:iot:us-east-1:507441099951:thing/iot-device-02, thingtypename=null, attributes={installed=1593361211, latitude=32.8205865, longitude=-96.871627}, version=1, billinggroupname=null}","2020-11-26 00:00:00.000"
"iot-device-01","1.5946457755277064E9","75.8","67.28","false","false","0.0063","0.0038","0.0166","2020-11-26T17:24:30.569+0000","{defaultclientid=iot-device-01, thingname=iot-device-01, thingid=983c2b68-f9a3-4e83-b3c6-9f6f8ad5431b, thingarn=arn:aws:iot:us-east-1:507441099951:thing/iot-device-01, thingtypename=null, attributes={installed=1594665292, latitude=37.4133144, longitude=-122.1513069}, version=1, billinggroupname=null}","2020-11-26 00:00:00.000"
"iot-device-03","1.5946457778671806E9","52.4","71.42","false","false","0.0078","0.0051","0.0209","2020-11-26T17:24:30.860+0000","{defaultclientid=iot-device-03, thingname=iot-device-03, thingid=877352b9-a35d-45d3-9c98-162d89965a13, thingarn=arn:aws:iot:us-east-1:507441099951:thing/iot-device-03, thingtypename=null, attributes={installed=1592562234, latitude=37.4133144, longitude=-122.1513069}, version=1, billinggroupname=null}","2020-11-26 00:00:00.000"
"iot-device-02","1.5946457796623359E9","65.3","73.94","true","false","0.0071","0.0045","0.0188","2020-11-26T17:24:31.148+0000","{defaultclientid=iot-device-02, thingname=iot-device-02, thingid=4ae4927a-aefb-4584-a45a-fc4839feffd6, thingarn=arn:aws:iot:us-east-1:507441099951:thing/iot-device-02, thingtypename=null, attributes={installed=1593361211, latitude=32.8205865, longitude=-96.871627}, version=1, billinggroupname=null}","2020-11-26 00:00:00.000"
"iot-device-01","1.5946457798797972E9","75.8","67.28","false","false","0.0062","0.0037","0.0164","2020-11-26T17:24:31.440+0000","{defaultclientid=iot-device-01, thingname=iot-device-01, thingid=983c2b68-f9a3-4e83-b3c6-9f6f8ad5431b, thingarn=arn:aws:iot:us-east-1:507441099951:thing/iot-device-01, thingtypename=null, attributes={installed=1594665292, latitude=37.4133144, longitude=-122.1513069}, version=1, billinggroupname=null}","2020-11-26 00:00:00.000"
"iot-device-03","1.5946457815678833E9","52.4","71.42","false","false","0.0078","0.0051","0.0209","2020-11-26T17:24:31.739+0000","{defaultclientid=iot-device-03, thingname=iot-device-03, thingid=877352b9-a35d-45d3-9c98-162d89965a13, thingarn=arn:aws:iot:us-east-1:507441099951:thing/iot-device-03, thingtypename=null, attributes={installed=1592562234, latitude=37.4133144, longitude=-122.1513069}, version=1, billinggroupname=null}","2020-11-26 00:00:00.000"
"iot-device-03","1.5946457852537026E9","52.4","71.42","false","false","0.0078","0.0051","0.0208","2020-11-26T17:24:32.035+0000","{defaultclientid=iot-device-03, thingname=iot-device-03, thingid=877352b9-a35d-45d3-9c98-162d89965a13, thingarn=arn:aws:iot:us-east-1:507441099951:thing/iot-device-03, thingtypename=null, attributes={installed=1592562234, latitude=37.4133144, longitude=-122.1513069}, version=1, billinggroupname=null}","2020-11-26 00:00:00.000"
"iot-device-02","1.594645787209224E9","65.2","73.76","true","false","0.0071","0.0045","0.0188","2020-11-26T17:24:32.333+0000","{defaultclientid=iot-device-02, thingname=iot-device-02, thingid=4ae4927a-aefb-4584-a45a-fc4839feffd6, thingarn=arn:aws:iot:us-east-1:507441099951:thing/iot-device-02, thingtypename=null, attributes={installed=1593361211, latitude=32.8205865, longitude=-96.871627}, version=1, billinggroupname=null}","2020-11-26 00:00:00.000"
"iot-device-03","1.5946457889400144E9","52.4","71.42","false","false","0.0078","0.0051","0.0209","2020-11-26T17:24:32.623+0000","{defaultclientid=iot-device-03, thingname=iot-device-03, thingid=877352b9-a35d-45d3-9c98-162d89965a13, thingarn=arn:aws:iot:us-east-1:507441099951:thing/iot-device-03, thingtypename=null, attributes={installed=1592562234, latitude=37.4133144, longitude=-122.1513069}, version=1, billinggroupname=null}","2020-11-26 00:00:00.000"
"iot-device-03","1.594645807299249E9","52.4","71.42","false","false","0.0078","0.0051","0.0209","2020-11-26T17:24:35.841+0000","{defaultclientid=iot-device-03, thingname=iot-device-03, thingid=877352b9-a35d-45d3-9c98-162d89965a13, thingarn=arn:aws:iot:us-east-1:507441099951:thing/iot-device-03, thingtypename=null, attributes={installed=1592562234, latitude=37.4133144, longitude=-122.1513069}, version=1, billinggroupname=null}","2020-11-26 00:00:00.000"
"iot-device-03","1.5946458109854882E9","52.4","71.42","false","false","0.0078","0.0051","0.0209","2020-11-26T17:24:36.128+0000","{defaultclientid=iot-device-03, thingname=iot-device-03, thingid=877352b9-a35d-45d3-9c98-162d89965a13, thingarn=arn:aws:iot:us-east-1:507441099951:thing/iot-device-03, thingtypename=null, attributes={installed=1592562234, latitude=37.4133144, longitude=-122.1513069}, version=1, billinggroupname=null}","2020-11-26 00:00:00.000"
"iot-device-02","1.5946458142624366E9","65.2","73.76","true","false","0.0071","0.0045","0.0189","2020-11-26T17:24:36.420+0000","{defaultclientid=iot-device-02, thingname=iot-device-02, thingid=4ae4927a-aefb-4584-a45a-fc4839feffd6, thingarn=arn:aws:iot:us-east-1:507441099951:thing/iot-device-02, thingtypename=null, attributes={installed=1593361211, latitude=32.8205865, longitude=-96.871627}, version=1, billinggroupname=null}","2020-11-26 00:00:00.000"
"iot-device-03","1.5946458146777375E9","52.4","71.42","false","false","0.0078","0.0051","0.0209","2020-11-26T17:24:36.719+0000","{defaultclientid=iot-device-03, thingname=iot-device-03, thingid=877352b9-a35d-45d3-9c98-162d89965a13, thingarn=arn:aws:iot:us-east-1:507441099951:thing/iot-device-03, thingtypename=null, attributes={installed=1592562234, latitude=37.4133144, longitude=-122.1513069}, version=1, billinggroupname=null}","2020-11-26 00:00:00.000"
"iot-device-03","1.5946458183659346E9","52.4","71.42","false","false","0.0078","0.0051","0.0209","2020-11-26T17:24:37.025+0000","{defaultclientid=iot-device-03, thingname=iot-device-03, thingid=877352b9-a35d-45d3-9c98-162d89965a13, thingarn=arn:aws:iot:us-east-1:507441099951:thing/iot-device-03, thingtypename=null, attributes={installed=1592562234, latitude=37.4133144, longitude=-122.1513069}, version=1, billinggroupname=null}","2020-11-26 00:00:00.000"
"iot-device-01","1.5946458209477162E9","75.7","67.28","false","false","0.0064","0.0039","0.0169","2020-11-26T17:24:37.309+0000","{defaultclientid=iot-device-01, thingname=iot-device-01, thingid=983c2b68-f9a3-4e83-b3c6-9f6f8ad5431b, thingarn=arn:aws:iot:us-east-1:507441099951:thing/iot-device-01, thingtypename=null, attributes={installed=1594665292, latitude=37.4133144, longitude=-122.1513069}, version=1, billinggroupname=null}","2020-11-26 00:00:00.000"
"iot-device-03","1.5946458220578446E9","52.4","71.42","false","false","0.0078","0.0051","0.0208","2020-11-26T17:24:37.590+0000","{defaultclientid=iot-device-03, thingname=iot-device-03, thingid=877352b9-a35d-45d3-9c98-162d89965a13, thingarn=arn:aws:iot:us-east-1:507441099951:thing/iot-device-03, thingtypename=null, attributes={installed=1592562234, latitude=37.4133144, longitude=-122.1513069}, version=1, billinggroupname=null}","2020-11-26 00:00:00.000"
"iot-device-02","1.5946458228802788E9","65.2","73.94","true","false","0.0071","0.0045","0.0188","2020-11-26T17:24:37.965+0000","{defaultclientid=iot-device-02, thingname=iot-device-02, thingid=4ae4927a-aefb-4584-a45a-fc4839feffd6, thingarn=arn:aws:iot:us-east-1:507441099951:thing/iot-device-02, thingtypename=null, attributes={installed=1593361211, latitude=32.8205865, longitude=-96.871627}, version=1, billinggroupname=null}","2020-11-26 00:00:00.000"
"iot-device-03","1.5946458257436304E9","52.4","71.42","false","false","0.0078","0.0051","0.0208","2020-11-26T17:24:38.260+0000","{defaultclientid=iot-device-03, thingname=iot-device-03, thingid=877352b9-a35d-45d3-9c98-162d89965a13, thingarn=arn:aws:iot:us-east-1:507441099951:thing/iot-device-03, thingtypename=null, attributes={installed=1592562234, latitude=37.4133144, longitude=-122.1513069}, version=1, billinggroupname=null}","2020-11-26 00:00:00.000"
"iot-device-01","1.5946458274601505E9","75.6","67.28","false","false","0.0063","0.0038","0.0165","2020-11-26T17:24:38.556+0000","{defaultclientid=iot-device-01, thingname=iot-device-01, thingid=983c2b68-f9a3-4e83-b3c6-9f6f8ad5431b, thingarn=arn:aws:iot:us-east-1:507441099951:thing/iot-device-01, thingtypename=null, attributes={installed=1594665292, latitude=37.4133144, longitude=-122.1513069}, version=1, billinggroupname=null}","2020-11-26 00:00:00.000"
"iot-device-01","1.594645789070172E9","75.7","67.1","false","false","0.0064","0.0039","0.0169","2020-11-26T17:24:32.911+0000","{defaultclientid=iot-device-01, thingname=iot-device-01, thingid=983c2b68-f9a3-4e83-b3c6-9f6f8ad5431b, thingarn=arn:aws:iot:us-east-1:507441099951:thing/iot-device-01, thingtypename=null, attributes={installed=1594665292, latitude=37.4133144, longitude=-122.1513069}, version=1, billinggroupname=null}","2020-11-26 00:00:00.000"
"iot-device-03","1.5946457926253848E9","52.4","71.42","false","false","0.0078","0.0051","0.0209","2020-11-26T17:24:33.202+0000","{defaultclientid=iot-device-03, thingname=iot-device-03, thingid=877352b9-a35d-45d3-9c98-162d89965a13, thingarn=arn:aws:iot:us-east-1:507441099951:thing/iot-device-03, thingtypename=null, attributes={installed=1592562234, latitude=37.4133144, longitude=-122.1513069}, version=1, billinggroupname=null}","2020-11-26 00:00:00.000"
"iot-device-02","1.5946457931586404E9","65.2","73.94","true","false","0.0071","0.0045","0.0188","2020-11-26T17:24:33.490+0000","{defaultclientid=iot-device-02, thingname=iot-device-02, thingid=4ae4927a-aefb-4584-a45a-fc4839feffd6, thingarn=arn:aws:iot:us-east-1:507441099951:thing/iot-device-02, thingtypename=null, attributes={installed=1593361211, latitude=32.8205865, longitude=-96.871627}, version=1, billinggroupname=null}","2020-11-26 00:00:00.000"
"iot-device-01","1.594645793959634E9","75.8","67.28","false","false","0.0063","0.0038","0.0167","2020-11-26T17:24:33.789+0000","{defaultclientid=iot-device-01, thingname=iot-device-01, thingid=983c2b68-f9a3-4e83-b3c6-9f6f8ad5431b, thingarn=arn:aws:iot:us-east-1:507441099951:thing/iot-device-01, thingtypename=null, attributes={installed=1594665292, latitude=37.4133144, longitude=-122.1513069}, version=1, billinggroupname=null}","2020-11-26 00:00:00.000"
"iot-device-03","1.5946457962346954E9","52.4","71.42","false","false","0.0078","0.0051","0.0209","2020-11-26T17:24:34.085+0000","{defaultclientid=iot-device-03, thingname=iot-device-03, thingid=877352b9-a35d-45d3-9c98-162d89965a13, thingarn=arn:aws:iot:us-east-1:507441099951:thing/iot-device-03, thingtypename=null, attributes={installed=1592562234, latitude=37.4133144, longitude=-122.1513069}, version=1, billinggroupname=null}","2020-11-26 00:00:00.000"
"iot-device-02","1.5946457991062002E9","65.3","56.66","true","false","0.007","0.0044","0.0186","2020-11-26T17:24:34.381+0000","{defaultclientid=iot-device-02, thingname=iot-device-02, thingid=4ae4927a-aefb-4584-a45a-fc4839feffd6, thingarn=arn:aws:iot:us-east-1:507441099951:thing/iot-device-02, thingtypename=null, attributes={installed=1593361211, latitude=32.8205865, longitude=-96.871627}, version=1, billinggroupname=null}","2020-11-26 00:00:00.000"
"iot-device-03","1.5946457999219015E9","52.4","71.42","false","false","0.0078","0.0051","0.0209","2020-11-26T17:24:34.679+0000","{defaultclientid=iot-device-03, thingname=iot-device-03, thingid=877352b9-a35d-45d3-9c98-162d89965a13, thingarn=arn:aws:iot:us-east-1:507441099951:thing/iot-device-03, thingtypename=null, attributes={installed=1592562234, latitude=37.4133144, longitude=-122.1513069}, version=1, billinggroupname=null}","2020-11-26 00:00:00.000"
"iot-device-03","1.5946458036107125E9","52.4","71.42","false","false","0.0078","0.0051","0.0209","2020-11-26T17:24:34.976+0000","{defaultclientid=iot-device-03, thingname=iot-device-03, thingid=877352b9-a35d-45d3-9c98-162d89965a13, thingarn=arn:aws:iot:us-east-1:507441099951:thing/iot-device-03, thingtypename=null, attributes={installed=1592562234, latitude=37.4133144, longitude=-122.1513069}, version=1, billinggroupname=null}","2020-11-26 00:00:00.000"
"iot-device-01","1.5946458060961475E9","75.7","67.1","false","false","0.0064","0.0039","0.0169","2020-11-26T17:24:35.259+0000","{defaultclientid=iot-device-01, thingname=iot-device-01, thingid=983c2b68-f9a3-4e83-b3c6-9f6f8ad5431b, thingarn=arn:aws:iot:us-east-1:507441099951:thing/iot-device-01, thingtypename=null, attributes={installed=1594665292, latitude=37.4133144, longitude=-122.1513069}, version=1, billinggroupname=null}","2020-11-26 00:00:00.000"
"iot-device-02","1.5946458061728427E9","65.2","73.76","true","false","0.0071","0.0045","0.0188","2020-11-26T17:24:35.547+0000","{defaultclientid=iot-device-02, thingname=iot-device-02, thingid=4ae4927a-aefb-4584-a45a-fc4839feffd6, thingarn=arn:aws:iot:us-east-1:507441099951:thing/iot-device-02, thingtypename=null, attributes={installed=1593361211, latitude=32.8205865, longitude=-96.871627}, version=1, billinggroupname=null}","2020-11-26 00:00:00.000"
"iot-device-03","1.5946458294334335E9","52.4","71.42","false","false","0.0078","0.0051","0.0208","2020-11-26T17:24:38.858+0000","{defaultclientid=iot-device-03, thingname=iot-device-03, thingid=877352b9-a35d-45d3-9c98-162d89965a13, thingarn=arn:aws:iot:us-east-1:507441099951:thing/iot-device-03, thingtypename=null, attributes={installed=1592562234, latitude=37.4133144, longitude=-122.1513069}, version=1, billinggroupname=null}","2020-11-26 00:00:00.000"
"iot-device-02","1.5946458304386635E9","65.1","73.94","true","false","0.0071","0.0045","0.019","2020-11-26T17:24:39.151+0000","{defaultclientid=iot-device-02, thingname=iot-device-02, thingid=4ae4927a-aefb-4584-a45a-fc4839feffd6, thingarn=arn:aws:iot:us-east-1:507441099951:thing/iot-device-02, thingtypename=null, attributes={installed=1593361211, latitude=32.8205865, longitude=-96.871627}, version=1, billinggroupname=null}","2020-11-26 00:00:00.000"
"iot-device-03","1.5946458331219938E9","52.4","71.42","false","false","0.0078","0.0051","0.0208","2020-11-26T17:24:39.451+0000","{defaultclientid=iot-device-03, thingname=iot-device-03, thingid=877352b9-a35d-45d3-9c98-162d89965a13, thingarn=arn:aws:iot:us-east-1:507441099951:thing/iot-device-03, thingtypename=null, attributes={installed=1592562234, latitude=37.4133144, longitude=-122.1513069}, version=1, billinggroupname=null}","2020-11-26 00:00:00.000"
"iot-device-01","1.594650368286552E9","74.3","66.92","false","false","0.0064","0.0039","0.0169","2020-11-26T17:24:39.741+0000","{defaultclientid=iot-device-01, thingname=iot-device-01, thingid=983c2b68-f9a3-4e83-b3c6-9f6f8ad5431b, thingarn=arn:aws:iot:us-east-1:507441099951:thing/iot-device-01, thingtypename=null, attributes={installed=1594665292, latitude=37.4133144, longitude=-122.1513069}, version=1, billinggroupname=null}","2020-11-26 00:00:00.000"
"iot-device-03","1.5946503699587286E9","50.2","71.24","false","false","0.0078","0.0051","0.0209","2020-11-26T17:24:40.030+0000","{defaultclientid=iot-device-03, thingname=iot-device-03, thingid=877352b9-a35d-45d3-9c98-162d89965a13, thingarn=arn:aws:iot:us-east-1:507441099951:thing/iot-device-03, thingtypename=null, attributes={installed=1592562234, latitude=37.4133144, longitude=-122.1513069}, version=1, billinggroupname=null}","2020-11-26 00:00:00.000"
"iot-device-02","1.5946503724968414E9","61.9","74.48","true","false","0.007","0.0043","0.0184","2020-11-26T17:24:40.322+0000","{defaultclientid=iot-device-02, thingname=iot-device-02, thingid=4ae4927a-aefb-4584-a45a-fc4839feffd6, thingarn=arn:aws:iot:us-east-1:507441099951:thing/iot-device-02, thingtypename=null, attributes={installed=1593361211, latitude=32.8205865, longitude=-96.871627}, version=1, billinggroupname=null}","2020-11-26 00:00:00.000"
"iot-device-03","1.594650373642432E9","50.2","71.42","false","false","0.0078","0.0051","0.0209","2020-11-26T17:24:40.626+0000","{defaultclientid=iot-device-03, thingname=iot-device-03, thingid=877352b9-a35d-45d3-9c98-162d89965a13, thingarn=arn:aws:iot:us-east-1:507441099951:thing/iot-device-03, thingtypename=null, attributes={installed=1592562234, latitude=37.4133144, longitude=-122.1513069}, version=1, billinggroupname=null}","2020-11-26 00:00:00.000"
"iot-device-03","1.594650377321868E9","50.2","71.42","false","false","0.0078","0.0051","0.0209","2020-11-26T17:24:40.919+0000","{defaultclientid=iot-device-03, thingname=iot-device-03, thingid=877352b9-a35d-45d3-9c98-162d89965a13, thingarn=arn:aws:iot:us-east-1:507441099951:thing/iot-device-03, thingtypename=null, attributes={installed=1592562234, latitude=37.4133144, longitude=-122.1513069}, version=1, billinggroupname=null}","2020-11-26 00:00:00.000"
"iot-device-02","1.594650377377119E9","61.9","74.48","true","false","0.007","0.0043","0.0184","2020-11-26T17:24:41.199+0000","{defaultclientid=iot-device-02, thingname=iot-device-02, thingid=4ae4927a-aefb-4584-a45a-fc4839feffd6, thingarn=arn:aws:iot:us-east-1:507441099951:thing/iot-device-02, thingtypename=null, attributes={installed=1593361211, latitude=32.8205865, longitude=-96.871627}, version=1, billinggroupname=null}","2020-11-26 00:00:00.000"
"iot-device-03","1.5946503810063245E9","50.2","71.24","false","false","0.0078","0.0051","0.0209","2020-11-26T17:24:41.490+0000","{defaultclientid=iot-device-03, thingname=iot-device-03, thingid=877352b9-a35d-45d3-9c98-162d89965a13, thingarn=arn:aws:iot:us-east-1:507441099951:thing/iot-device-03, thingtypename=null, attributes={installed=1592562234, latitude=37.4133144, longitude=-122.1513069}, version=1, billinggroupname=null}","2020-11-26 00:00:00.000"
"iot-device-01","1.5946504330813973E9","74.5","66.74","false","false","0.0065","0.0039","0.017","2020-11-26T17:24:50.695+0000","{defaultclientid=iot-device-01, thingname=iot-device-01, thingid=983c2b68-f9a3-4e83-b3c6-9f6f8ad5431b, thingarn=arn:aws:iot:us-east-1:507441099951:thing/iot-device-01, thingtypename=null, attributes={installed=1594665292, latitude=37.4133144, longitude=-122.1513069}, version=1, billinggroupname=null}","2020-11-26 00:00:00.000"
"iot-device-03","1.5946504362241225E9","49.9","71.06","false","false","0.0079","0.0052","0.0211","2020-11-26T17:24:50.992+0000","{defaultclientid=iot-device-03, thingname=iot-device-03, thingid=877352b9-a35d-45d3-9c98-162d89965a13, thingarn=arn:aws:iot:us-east-1:507441099951:thing/iot-device-03, thingtypename=null, attributes={installed=1592562234, latitude=37.4133144, longitude=-122.1513069}, version=1, billinggroupname=null}","2020-11-26 00:00:00.000"
"iot-device-01","1.5946504374400527E9","74.4","66.74","false","false","0.0064","0.0039","0.0169","2020-11-26T17:24:51.279+0000","{defaultclientid=iot-device-01, thingname=iot-device-01, thingid=983c2b68-f9a3-4e83-b3c6-9f6f8ad5431b, thingarn=arn:aws:iot:us-east-1:507441099951:thing/iot-device-01, thingtypename=null, attributes={installed=1594665292, latitude=37.4133144, longitude=-122.1513069}, version=1, billinggroupname=null}","2020-11-26 00:00:00.000"
"iot-device-02","1.5946504375654097E9","61.8","74.48","true","false","0.0069","0.0043","0.0184","2020-11-26T17:24:51.596+0000","{defaultclientid=iot-device-02, thingname=iot-device-02, thingid=4ae4927a-aefb-4584-a45a-fc4839feffd6, thingarn=arn:aws:iot:us-east-1:507441099951:thing/iot-device-02, thingtypename=null, attributes={installed=1593361211, latitude=32.8205865, longitude=-96.871627}, version=1, billinggroupname=null}","2020-11-26 00:00:00.000"
"iot-device-03","1.5946504399080596E9","50.0","71.24","false","false","0.0078","0.0051","0.0209","2020-11-26T17:24:51.904+0000","{defaultclientid=iot-device-03, thingname=iot-device-03, thingid=877352b9-a35d-45d3-9c98-162d89965a13, thingarn=arn:aws:iot:us-east-1:507441099951:thing/iot-device-03, thingtypename=null, attributes={installed=1592562234, latitude=37.4133144, longitude=-122.1513069}, version=1, billinggroupname=null}","2020-11-26 00:00:00.000"
"iot-device-01","1.5946504412554467E9","74.3","66.74","false","false","0.0064","0.0038","0.0168","2020-11-26T17:24:52.206+0000","{defaultclientid=iot-device-01, thingname=iot-device-01, thingid=983c2b68-f9a3-4e83-b3c6-9f6f8ad5431b, thingarn=arn:aws:iot:us-east-1:507441099951:thing/iot-device-01, thingtypename=null, attributes={installed=1594665292, latitude=37.4133144, longitude=-122.1513069}, version=1, billinggroupname=null}","2020-11-26 00:00:00.000"
"iot-device-03","1.5946504435922873E9","49.9","71.06","false","false","0.0078","0.0051","0.0209","2020-11-26T17:24:52.500+0000","{defaultclientid=iot-device-03, thingname=iot-device-03, thingid=877352b9-a35d-45d3-9c98-162d89965a13, thingarn=arn:aws:iot:us-east-1:507441099951:thing/iot-device-03, thingtypename=null, attributes={installed=1592562234, latitude=37.4133144, longitude=-122.1513069}, version=1, billinggroupname=null}","2020-11-26 00:00:00.000"
"iot-device-02","1.5946504451180005E9","61.8","74.48","true","false","0.0069","0.0043","0.0184","2020-11-26T17:24:52.801+0000","{defaultclientid=iot-device-02, thingname=iot-device-02, thingid=4ae4927a-aefb-4584-a45a-fc4839feffd6, thingarn=arn:aws:iot:us-east-1:507441099951:thing/iot-device-02, thingtypename=null, attributes={installed=1593361211, latitude=32.8205865, longitude=-96.871627}, version=1, billinggroupname=null}","2020-11-26 00:00:00.000"
"iot-device-01","1.5946504472157812E9","74.2","66.74","false","false","0.0064","0.0039","0.0169","2020-11-26T17:24:53.108+0000","{defaultclientid=iot-device-01, thingname=iot-device-01, thingid=983c2b68-f9a3-4e83-b3c6-9f6f8ad5431b, thingarn=arn:aws:iot:us-east-1:507441099951:thing/iot-device-01, thingtypename=null, attributes={installed=1594665292, latitude=37.4133144, longitude=-122.1513069}, version=1, billinggroupname=null}","2020-11-26 00:00:00.000"
"iot-device-03","1.594650447276735E9","49.9","71.06","false","false","0.0078","0.0051","0.0209","2020-11-26T17:24:53.398+0000","{defaultclientid=iot-device-03, thingname=iot-device-03, thingid=877352b9-a35d-45d3-9c98-162d89965a13, thingarn=arn:aws:iot:us-east-1:507441099951:thing/iot-device-03, thingtypename=null, attributes={installed=1592562234, latitude=37.4133144, longitude=-122.1513069}, version=1, billinggroupname=null}","2020-11-26 00:00:00.000"
"iot-device-03","1.5946504656866722E9","49.8","71.06","false","false","0.0079","0.0052","0.021","2020-11-26T17:24:56.702+0000","{defaultclientid=iot-device-03, thingname=iot-device-03, thingid=877352b9-a35d-45d3-9c98-162d89965a13, thingarn=arn:aws:iot:us-east-1:507441099951:thing/iot-device-03, thingtypename=null, attributes={installed=1592562234, latitude=37.4133144, longitude=-122.1513069}, version=1, billinggroupname=null}","2020-11-26 00:00:00.000"
"iot-device-01","1.5946504667753105E9","74.3","66.74","false","false","0.0065","0.0039","0.017","2020-11-26T17:24:56.990+0000","{defaultclientid=iot-device-01, thingname=iot-device-01, thingid=983c2b68-f9a3-4e83-b3c6-9f6f8ad5431b, thingarn=arn:aws:iot:us-east-1:507441099951:thing/iot-device-01, thingtypename=null, attributes={installed=1594665292, latitude=37.4133144, longitude=-122.1513069}, version=1, billinggroupname=null}","2020-11-26 00:00:00.000"
"iot-device-02","1.5946504683696804E9","61.8","74.48","true","false","0.007","0.0043","0.0184","2020-11-26T17:24:57.279+0000","{defaultclientid=iot-device-02, thingname=iot-device-02, thingid=4ae4927a-aefb-4584-a45a-fc4839feffd6, thingarn=arn:aws:iot:us-east-1:507441099951:thing/iot-device-02, thingtypename=null, attributes={installed=1593361211, latitude=32.8205865, longitude=-96.871627}, version=1, billinggroupname=null}","2020-11-26 00:00:00.000"
"iot-device-03","1.5946504693731909E9","49.8","71.06","false","false","0.0079","0.0051","0.021","2020-11-26T17:24:57.606+0000","{defaultclientid=iot-device-03, thingname=iot-device-03, thingid=877352b9-a35d-45d3-9c98-162d89965a13, thingarn=arn:aws:iot:us-east-1:507441099951:thing/iot-device-03, thingtypename=null, attributes={installed=1592562234, latitude=37.4133144, longitude=-122.1513069}, version=1, billinggroupname=null}","2020-11-26 00:00:00.000"
"iot-device-01","1.5946504722048142E9","74.3","66.74","false","false","0.0065","0.0039","0.017","2020-11-26T17:24:57.900+0000","{defaultclientid=iot-device-01, thingname=iot-device-01, thingid=983c2b68-f9a3-4e83-b3c6-9f6f8ad5431b, thingarn=arn:aws:iot:us-east-1:507441099951:thing/iot-device-01, thingtypename=null, attributes={installed=1594665292, latitude=37.4133144, longitude=-122.1513069}, version=1, billinggroupname=null}","2020-11-26 00:00:00.000"
"iot-device-03","1.5946504730598154E9","49.8","71.06","false","false","0.0078","0.0051","0.0209","2020-11-26T17:24:58.204+0000","{defaultclientid=iot-device-03, thingname=iot-device-03, thingid=877352b9-a35d-45d3-9c98-162d89965a13, thingarn=arn:aws:iot:us-east-1:507441099951:thing/iot-device-03, thingtypename=null, attributes={installed=1592562234, latitude=37.4133144, longitude=-122.1513069}, version=1, billinggroupname=null}","2020-11-26 00:00:00.000"
"iot-device-02","1.5946504753862221E9","61.8","74.48","true","false","0.007","0.0043","0.0184","2020-11-26T17:24:58.509+0000","{defaultclientid=iot-device-02, thingname=iot-device-02, thingid=4ae4927a-aefb-4584-a45a-fc4839feffd6, thingarn=arn:aws:iot:us-east-1:507441099951:thing/iot-device-02, thingtypename=null, attributes={installed=1593361211, latitude=32.8205865, longitude=-96.871627}, version=1, billinggroupname=null}","2020-11-26 00:00:00.000"
"iot-device-01","1.5946504765550635E9","74.3","66.74","false","false","0.0064","0.0039","0.0169","2020-11-26T17:24:58.807+0000","{defaultclientid=iot-device-01, thingname=iot-device-01, thingid=983c2b68-f9a3-4e83-b3c6-9f6f8ad5431b, thingarn=arn:aws:iot:us-east-1:507441099951:thing/iot-device-01, thingtypename=null, attributes={installed=1594665292, latitude=37.4133144, longitude=-122.1513069}, version=1, billinggroupname=null}","2020-11-26 00:00:00.000"
"iot-device-03","1.5946504767464025E9","49.8","71.06","false","false","0.0078","0.0051","0.0209","2020-11-26T17:24:59.113+0000","{defaultclientid=iot-device-03, thingname=iot-device-03, thingid=877352b9-a35d-45d3-9c98-162d89965a13, thingarn=arn:aws:iot:us-east-1:507441099951:thing/iot-device-03, thingtypename=null, attributes={installed=1592562234, latitude=37.4133144, longitude=-122.1513069}, version=1, billinggroupname=null}","2020-11-26 00:00:00.000"
"iot-device-02","1.594650480265058E9","61.8","74.48","true","false","0.007","0.0043","0.0184","2020-11-26T17:24:59.410+0000","{defaultclientid=iot-device-02, thingname=iot-device-02, thingid=4ae4927a-aefb-4584-a45a-fc4839feffd6, thingarn=arn:aws:iot:us-east-1:507441099951:thing/iot-device-02, thingtypename=null, attributes={installed=1593361211, latitude=32.8205865, longitude=-96.871627}, version=1, billinggroupname=null}","2020-11-26 00:00:00.000"
"iot-device-01","1.5946504194771063E9","74.4","66.92","false","false","0.0065","0.0039","0.017","2020-11-26T17:24:47.770+0000","{defaultclientid=iot-device-01, thingname=iot-device-01, thingid=983c2b68-f9a3-4e83-b3c6-9f6f8ad5431b, thingarn=arn:aws:iot:us-east-1:507441099951:thing/iot-device-01, thingtypename=null, attributes={installed=1594665292, latitude=37.4133144, longitude=-122.1513069}, version=1, billinggroupname=null}","2020-11-26 00:00:00.000"
"iot-device-03","1.5946504214813302E9","50.0","71.24","false","false","0.0079","0.0051","0.021","2020-11-26T17:24:48.058+0000","{defaultclientid=iot-device-03, thingname=iot-device-03, thingid=877352b9-a35d-45d3-9c98-162d89965a13, thingarn=arn:aws:iot:us-east-1:507441099951:thing/iot-device-03, thingtypename=null, attributes={installed=1592562234, latitude=37.4133144, longitude=-122.1513069}, version=1, billinggroupname=null}","2020-11-26 00:00:00.000"
"iot-device-02","1.5946504223701658E9","61.9","74.48","true","false","0.007","0.0043","0.0184","2020-11-26T17:24:48.349+0000","{defaultclientid=iot-device-02, thingname=iot-device-02, thingid=4ae4927a-aefb-4584-a45a-fc4839feffd6, thingarn=arn:aws:iot:us-east-1:507441099951:thing/iot-device-02, thingtypename=null, attributes={installed=1593361211, latitude=32.8205865, longitude=-96.871627}, version=1, billinggroupname=null}","2020-11-26 00:00:00.000"
"iot-device-01","1.5946504238323488E9","74.4","66.92","false","false","0.0065","0.0039","0.017","2020-11-26T17:24:48.643+0000","{defaultclientid=iot-device-01, thingname=iot-device-01, thingid=983c2b68-f9a3-4e83-b3c6-9f6f8ad5431b, thingarn=arn:aws:iot:us-east-1:507441099951:thing/iot-device-01, thingtypename=null, attributes={installed=1594665292, latitude=37.4133144, longitude=-122.1513069}, version=1, billinggroupname=null}","2020-11-26 00:00:00.000"
"iot-device-03","1.594650425167798E9","50.0","71.24","false","false","0.0078","0.0051","0.0209","2020-11-26T17:24:48.930+0000","{defaultclientid=iot-device-03, thingname=iot-device-03, thingid=877352b9-a35d-45d3-9c98-162d89965a13, thingarn=arn:aws:iot:us-east-1:507441099951:thing/iot-device-03, thingtypename=null, attributes={installed=1592562234, latitude=37.4133144, longitude=-122.1513069}, version=1, billinggroupname=null}","2020-11-26 00:00:00.000"
"iot-device-02","1.5946504261819713E9","61.9","74.48","true","false","0.007","0.0043","0.0184","2020-11-26T17:24:49.220+0000","{defaultclientid=iot-device-02, thingname=iot-device-02, thingid=4ae4927a-aefb-4584-a45a-fc4839feffd6, thingarn=arn:aws:iot:us-east-1:507441099951:thing/iot-device-02, thingtypename=null, attributes={installed=1593361211, latitude=32.8205865, longitude=-96.871627}, version=1, billinggroupname=null}","2020-11-26 00:00:00.000"
"iot-device-03","1.5946504288519776E9","49.9","71.24","false","false","0.0078","0.0051","0.0209","2020-11-26T17:24:49.507+0000","{defaultclientid=iot-device-03, thingname=iot-device-03, thingid=877352b9-a35d-45d3-9c98-162d89965a13, thingarn=arn:aws:iot:us-east-1:507441099951:thing/iot-device-03, thingtypename=null, attributes={installed=1592562234, latitude=37.4133144, longitude=-122.1513069}, version=1, billinggroupname=null}","2020-11-26 00:00:00.000"
"iot-device-01","1.5946504292559955E9","74.5","66.74","false","false","0.0065","0.0039","0.017","2020-11-26T17:24:49.816+0000","{defaultclientid=iot-device-01, thingname=iot-device-01, thingid=983c2b68-f9a3-4e83-b3c6-9f6f8ad5431b, thingarn=arn:aws:iot:us-east-1:507441099951:thing/iot-device-01, thingtypename=null, attributes={installed=1594665292, latitude=37.4133144, longitude=-122.1513069}, version=1, billinggroupname=null}","2020-11-26 00:00:00.000"
"iot-device-02","1.594650431602168E9","61.8","74.48","true","false","0.007","0.0043","0.0184","2020-11-26T17:24:50.110+0000","{defaultclientid=iot-device-02, thingname=iot-device-02, thingid=4ae4927a-aefb-4584-a45a-fc4839feffd6, thingarn=arn:aws:iot:us-east-1:507441099951:thing/iot-device-02, thingtypename=null, attributes={installed=1593361211, latitude=32.8205865, longitude=-96.871627}, version=1, billinggroupname=null}","2020-11-26 00:00:00.000"
"iot-device-03","1.5946504325385106E9","49.9","71.06","false","false","0.0078","0.0051","0.0209","2020-11-26T17:24:50.404+0000","{defaultclientid=iot-device-03, thingname=iot-device-03, thingid=877352b9-a35d-45d3-9c98-162d89965a13, thingarn=arn:aws:iot:us-east-1:507441099951:thing/iot-device-03, thingtypename=null, attributes={installed=1592562234, latitude=37.4133144, longitude=-122.1513069}, version=1, billinggroupname=null}","2020-11-26 00:00:00.000"
"iot-device-03","1.594650450947459E9","49.8","71.06","false","false","0.0078","0.0051","0.0209","2020-11-26T17:24:53.705+0000","{defaultclientid=iot-device-03, thingname=iot-device-03, thingid=877352b9-a35d-45d3-9c98-162d89965a13, thingarn=arn:aws:iot:us-east-1:507441099951:thing/iot-device-03, thingtypename=null, attributes={installed=1592562234, latitude=37.4133144, longitude=-122.1513069}, version=1, billinggroupname=null}","2020-11-26 00:00:00.000"
"iot-device-01","1.594650451036724E9","74.2","66.74","false","false","0.0064","0.0039","0.0169","2020-11-26T17:24:53.993+0000","{defaultclientid=iot-device-01, thingname=iot-device-01, thingid=983c2b68-f9a3-4e83-b3c6-9f6f8ad5431b, thingarn=arn:aws:iot:us-east-1:507441099951:thing/iot-device-01, thingtypename=null, attributes={installed=1594665292, latitude=37.4133144, longitude=-122.1513069}, version=1, billinggroupname=null}","2020-11-26 00:00:00.000"
"iot-device-03","1.5946504546337676E9","49.8","71.06","false","false","0.0078","0.0051","0.0209","2020-11-26T17:24:54.279+0000","{defaultclientid=iot-device-03, thingname=iot-device-03, thingid=877352b9-a35d-45d3-9c98-162d89965a13, thingarn=arn:aws:iot:us-east-1:507441099951:thing/iot-device-03, thingtypename=null, attributes={installed=1592562234, latitude=37.4133144, longitude=-122.1513069}, version=1, billinggroupname=null}","2020-11-26 00:00:00.000"
"iot-device-02","1.594650454807576E9","61.8","74.48","true","false","0.0069","0.0043","0.0184","2020-11-26T17:24:54.643+0000","{defaultclientid=iot-device-02, thingname=iot-device-02, thingid=4ae4927a-aefb-4584-a45a-fc4839feffd6, thingarn=arn:aws:iot:us-east-1:507441099951:thing/iot-device-02, thingtypename=null, attributes={installed=1593361211, latitude=32.8205865, longitude=-96.871627}, version=1, billinggroupname=null}","2020-11-26 00:00:00.000"
"iot-device-01","1.5946504559199526E9","74.4","66.74","false","false","0.0065","0.0039","0.017","2020-11-26T17:24:54.941+0000","{defaultclientid=iot-device-01, thingname=iot-device-01, thingid=983c2b68-f9a3-4e83-b3c6-9f6f8ad5431b, thingarn=arn:aws:iot:us-east-1:507441099951:thing/iot-device-01, thingtypename=null, attributes={installed=1594665292, latitude=37.4133144, longitude=-122.1513069}, version=1, billinggroupname=null}","2020-11-26 00:00:00.000"
"iot-device-03","1.5946504583176875E9","49.9","71.06","false","false","0.0079","0.0051","0.021","2020-11-26T17:24:55.230+0000","{defaultclientid=iot-device-03, thingname=iot-device-03, thingid=877352b9-a35d-45d3-9c98-162d89965a13, thingarn=arn:aws:iot:us-east-1:507441099951:thing/iot-device-03, thingtypename=null, attributes={installed=1592562234, latitude=37.4133144, longitude=-122.1513069}, version=1, billinggroupname=null}","2020-11-26 00:00:00.000"
"iot-device-02","1.5946504591501038E9","61.8","74.48","true","false","0.0069","0.0043","0.0184","2020-11-26T17:24:55.523+0000","{defaultclientid=iot-device-02, thingname=iot-device-02, thingid=4ae4927a-aefb-4584-a45a-fc4839feffd6, thingarn=arn:aws:iot:us-east-1:507441099951:thing/iot-device-02, thingtypename=null, attributes={installed=1593361211, latitude=32.8205865, longitude=-96.871627}, version=1, billinggroupname=null}","2020-11-26 00:00:00.000"
"iot-device-03","1.594650462002308E9","49.9","71.06","false","false","0.0078","0.0051","0.0209","2020-11-26T17:24:55.811+0000","{defaultclientid=iot-device-03, thingname=iot-device-03, thingid=877352b9-a35d-45d3-9c98-162d89965a13, thingarn=arn:aws:iot:us-east-1:507441099951:thing/iot-device-03, thingtypename=null, attributes={installed=1592562234, latitude=37.4133144, longitude=-122.1513069}, version=1, billinggroupname=null}","2020-11-26 00:00:00.000"
"iot-device-01","1.5946504624208007E9","74.3","66.74","false","false","0.0065","0.0039","0.017","2020-11-26T17:24:56.120+0000","{defaultclientid=iot-device-01, thingname=iot-device-01, thingid=983c2b68-f9a3-4e83-b3c6-9f6f8ad5431b, thingarn=arn:aws:iot:us-east-1:507441099951:thing/iot-device-01, thingtypename=null, attributes={installed=1594665292, latitude=37.4133144, longitude=-122.1513069}, version=1, billinggroupname=null}","2020-11-26 00:00:00.000"
"iot-device-02","1.5946504640259225E9","61.8","74.48","true","false","0.007","0.0043","0.0184","2020-11-26T17:24:56.412+0000","{defaultclientid=iot-device-02, thingname=iot-device-02, thingid=4ae4927a-aefb-4584-a45a-fc4839feffd6, thingarn=arn:aws:iot:us-east-1:507441099951:thing/iot-device-02, thingtypename=null, attributes={installed=1593361211, latitude=32.8205865, longitude=-96.871627}, version=1, billinggroupname=null}","2020-11-26 00:00:00.000"
"iot-device-01","1.5946503836715696E9","74.4","66.92","false","false","0.0065","0.0039","0.017","2020-11-26T17:24:41.779+0000","{defaultclientid=iot-device-01, thingname=iot-device-01, thingid=983c2b68-f9a3-4e83-b3c6-9f6f8ad5431b, thingarn=arn:aws:iot:us-east-1:507441099951:thing/iot-device-01, thingtypename=null, attributes={installed=1594665292, latitude=37.4133144, longitude=-122.1513069}, version=1, billinggroupname=null}","2020-11-26 00:00:00.000"
"iot-device-02","1.5946503838590028E9","61.9","74.48","true","false","0.0069","0.0043","0.0184","2020-11-26T17:24:42.174+0000","{defaultclientid=iot-device-02, thingname=iot-device-02, thingid=4ae4927a-aefb-4584-a45a-fc4839feffd6, thingarn=arn:aws:iot:us-east-1:507441099951:thing/iot-device-02, thingtypename=null, attributes={installed=1593361211, latitude=32.8205865, longitude=-96.871627}, version=1, billinggroupname=null}","2020-11-26 00:00:00.000"
"iot-device-03","1.5946503846926875E9","50.2","71.24","false","false","0.0079","0.0051","0.021","2020-11-26T17:24:42.461+0000","{defaultclientid=iot-device-03, thingname=iot-device-03, thingid=877352b9-a35d-45d3-9c98-162d89965a13, thingarn=arn:aws:iot:us-east-1:507441099951:thing/iot-device-03, thingtypename=null, attributes={installed=1592562234, latitude=37.4133144, longitude=-122.1513069}, version=1, billinggroupname=null}","2020-11-26 00:00:00.000"
"iot-device-03","1.594650388376498E9","50.2","71.24","false","false","0.0078","0.0051","0.0209","2020-11-26T17:24:42.749+0000","{defaultclientid=iot-device-03, thingname=iot-device-03, thingid=877352b9-a35d-45d3-9c98-162d89965a13, thingarn=arn:aws:iot:us-east-1:507441099951:thing/iot-device-03, thingtypename=null, attributes={installed=1592562234, latitude=37.4133144, longitude=-122.1513069}, version=1, billinggroupname=null}","2020-11-26 00:00:00.000"
"iot-device-01","1.594650391791706E9","74.1","66.92","false","false","0.0065","0.0039","0.017","2020-11-26T17:24:43.060+0000","{defaultclientid=iot-device-01, thingname=iot-device-01, thingid=983c2b68-f9a3-4e83-b3c6-9f6f8ad5431b, thingarn=arn:aws:iot:us-east-1:507441099951:thing/iot-device-01, thingtypename=null, attributes={installed=1594665292, latitude=37.4133144, longitude=-122.1513069}, version=1, billinggroupname=null}","2020-11-26 00:00:00.000"
"iot-device-03","1.5946503920603607E9","50.2","71.24","false","false","0.0078","0.0051","0.0209","2020-11-26T17:24:43.349+0000","{defaultclientid=iot-device-03, thingname=iot-device-03, thingid=877352b9-a35d-45d3-9c98-162d89965a13, thingarn=arn:aws:iot:us-east-1:507441099951:thing/iot-device-03, thingtypename=null, attributes={installed=1592562234, latitude=37.4133144, longitude=-122.1513069}, version=1, billinggroupname=null}","2020-11-26 00:00:00.000"
"iot-device-03","1.5946503957407765E9","50.1","71.24","false","false","0.0079","0.0051","0.021","2020-11-26T17:24:43.657+0000","{defaultclientid=iot-device-03, thingname=iot-device-03, thingid=877352b9-a35d-45d3-9c98-162d89965a13, thingarn=arn:aws:iot:us-east-1:507441099951:thing/iot-device-03, thingtypename=null, attributes={installed=1592562234, latitude=37.4133144, longitude=-122.1513069}, version=1, billinggroupname=null}","2020-11-26 00:00:00.000"
"iot-device-02","1.594650398621655E9","61.9","74.48","true","false","0.007","0.0043","0.0184","2020-11-26T17:24:43.959+0000","{defaultclientid=iot-device-02, thingname=iot-device-02, thingid=4ae4927a-aefb-4584-a45a-fc4839feffd6, thingarn=arn:aws:iot:us-east-1:507441099951:thing/iot-device-02, thingtypename=null, attributes={installed=1593361211, latitude=32.8205865, longitude=-96.871627}, version=1, billinggroupname=null}","2020-11-26 00:00:00.000"
"iot-device-03","1.5946503994264307E9","50.1","71.24","false","false","0.0078","0.0051","0.021","2020-11-26T17:24:44.262+0000","{defaultclientid=iot-device-03, thingname=iot-device-03, thingid=877352b9-a35d-45d3-9c98-162d89965a13, thingarn=arn:aws:iot:us-east-1:507441099951:thing/iot-device-03, thingtypename=null, attributes={installed=1592562234, latitude=37.4133144, longitude=-122.1513069}, version=1, billinggroupname=null}","2020-11-26 00:00:00.000"
"iot-device-01","1.594650400983178E9","74.3","66.92","false","false","0.0065","0.0039","0.017","2020-11-26T17:24:44.552+0000","{defaultclientid=iot-device-01, thingname=iot-device-01, thingid=983c2b68-f9a3-4e83-b3c6-9f6f8ad5431b, thingarn=arn:aws:iot:us-east-1:507441099951:thing/iot-device-01, thingtypename=null, attributes={installed=1594665292, latitude=37.4133144, longitude=-122.1513069}, version=1, billinggroupname=null}","2020-11-26 00:00:00.000"
"iot-device-03","1.5946504031104355E9","50.1","71.24","false","false","0.0078","0.0051","0.021","2020-11-26T17:24:44.839+0000","{defaultclientid=iot-device-03, thingname=iot-device-03, thingid=877352b9-a35d-45d3-9c98-162d89965a13, thingarn=arn:aws:iot:us-east-1:507441099951:thing/iot-device-03, thingtypename=null, attributes={installed=1592562234, latitude=37.4133144, longitude=-122.1513069}, version=1, billinggroupname=null}","2020-11-26 00:00:00.000"
"iot-device-01","1.594650404797308E9","74.3","66.92","false","false","0.0065","0.0039","0.017","2020-11-26T17:24:45.128+0000","{defaultclientid=iot-device-01, thingname=iot-device-01, thingid=983c2b68-f9a3-4e83-b3c6-9f6f8ad5431b, thingarn=arn:aws:iot:us-east-1:507441099951:thing/iot-device-01, thingtypename=null, attributes={installed=1594665292, latitude=37.4133144, longitude=-122.1513069}, version=1, billinggroupname=null}","2020-11-26 00:00:00.000"
"iot-device-02","1.5946504056483867E9","61.9","74.48","true","false","0.007","0.0044","0.0185","2020-11-26T17:24:45.430+0000","{defaultclientid=iot-device-02, thingname=iot-device-02, thingid=4ae4927a-aefb-4584-a45a-fc4839feffd6, thingarn=arn:aws:iot:us-east-1:507441099951:thing/iot-device-02, thingtypename=null, attributes={installed=1593361211, latitude=32.8205865, longitude=-96.871627}, version=1, billinggroupname=null}","2020-11-26 00:00:00.000"
"iot-device-03","1.5946504067968981E9","50.0","71.24","false","false","0.0078","0.0051","0.0209","2020-11-26T17:24:45.720+0000","{defaultclientid=iot-device-03, thingname=iot-device-03, thingid=877352b9-a35d-45d3-9c98-162d89965a13, thingarn=arn:aws:iot:us-east-1:507441099951:thing/iot-device-03, thingtypename=null, attributes={installed=1592562234, latitude=37.4133144, longitude=-122.1513069}, version=1, billinggroupname=null}","2020-11-26 00:00:00.000"
"iot-device-01","1.5946504091624146E9","74.4","66.92","false","false","0.0065","0.0039","0.017","2020-11-26T17:24:46.011+0000","{defaultclientid=iot-device-01, thingname=iot-device-01, thingid=983c2b68-f9a3-4e83-b3c6-9f6f8ad5431b, thingarn=arn:aws:iot:us-east-1:507441099951:thing/iot-device-01, thingtypename=null, attributes={installed=1594665292, latitude=37.4133144, longitude=-122.1513069}, version=1, billinggroupname=null}","2020-11-26 00:00:00.000"
"iot-device-03","1.5946504104777553E9","50.0","71.24","false","false","0.0078","0.0051","0.0209","2020-11-26T17:24:46.302+0000","{defaultclientid=iot-device-03, thingname=iot-device-03, thingid=877352b9-a35d-45d3-9c98-162d89965a13, thingarn=arn:aws:iot:us-east-1:507441099951:thing/iot-device-03, thingtypename=null, attributes={installed=1592562234, latitude=37.4133144, longitude=-122.1513069}, version=1, billinggroupname=null}","2020-11-26 00:00:00.000"
"iot-device-03","1.5946504141620572E9","49.9","71.06","false","false","0.0078","0.0051","0.0209","2020-11-26T17:24:46.599+0000","{defaultclientid=iot-device-03, thingname=iot-device-03, thingid=877352b9-a35d-45d3-9c98-162d89965a13, thingarn=arn:aws:iot:us-east-1:507441099951:thing/iot-device-03, thingtypename=null, attributes={installed=1592562234, latitude=37.4133144, longitude=-122.1513069}, version=1, billinggroupname=null}","2020-11-26 00:00:00.000"
"iot-device-01","1.594650414588764E9","74.4","66.92","false","false","0.0064","0.0039","0.0169","2020-11-26T17:24:46.890+0000","{defaultclientid=iot-device-01, thingname=iot-device-01, thingid=983c2b68-f9a3-4e83-b3c6-9f6f8ad5431b, thingarn=arn:aws:iot:us-east-1:507441099951:thing/iot-device-01, thingtypename=null, attributes={installed=1594665292, latitude=37.4133144, longitude=-122.1513069}, version=1, billinggroupname=null}","2020-11-26 00:00:00.000"
"iot-device-02","1.5946504169417427E9","61.9","74.48","true","false","0.007","0.0043","0.0184","2020-11-26T17:24:47.179+0000","{defaultclientid=iot-device-02, thingname=iot-device-02, thingid=4ae4927a-aefb-4584-a45a-fc4839feffd6, thingarn=arn:aws:iot:us-east-1:507441099951:thing/iot-device-02, thingtypename=null, attributes={installed=1593361211, latitude=32.8205865, longitude=-96.871627}, version=1, billinggroupname=null}","2020-11-26 00:00:00.000"
"iot-device-03","1.594650417788017E9","50.0","71.06","false","false","0.0078","0.0051","0.0209","2020-11-26T17:24:47.475+0000","{defaultclientid=iot-device-03, thingname=iot-device-03, thingid=877352b9-a35d-45d3-9c98-162d89965a13, thingarn=arn:aws:iot:us-east-1:507441099951:thing/iot-device-03, thingtypename=null, attributes={installed=1592562234, latitude=37.4133144, longitude=-122.1513069}, version=1, billinggroupname=null}","2020-11-26 00:00:00.000"
"iot-device-03","1.594650480431865E9","49.8","71.06","false","false","0.0078","0.0051","0.021","2020-11-26T17:24:59.699+0000","{defaultclientid=iot-device-03, thingname=iot-device-03, thingid=877352b9-a35d-45d3-9c98-162d89965a13, thingarn=arn:aws:iot:us-east-1:507441099951:thing/iot-device-03, thingtypename=null, attributes={installed=1592562234, latitude=37.4133144, longitude=-122.1513069}, version=1, billinggroupname=null}","2020-11-26 00:00:00.000"
"iot-device-01","1.594633605327146E9","75.4","67.1","false","false","0.0065","0.0039","0.017","2020-11-26T17:14:35.890+0000","{defaultclientid=iot-device-01, thingname=iot-device-01, thingid=983c2b68-f9a3-4e83-b3c6-9f6f8ad5431b, thingarn=arn:aws:iot:us-east-1:507441099951:thing/iot-device-01, thingtypename=null, attributes={installed=1594665292, latitude=37.4133144, longitude=-122.1513069}, version=1, billinggroupname=null}","2020-11-26 00:00:00.000"
"iot-device-03","1.594633606641126E9","51.6","70.88","false","false","0.0079","0.0052","0.021","2020-11-26T17:14:36.191+0000","{defaultclientid=iot-device-03, thingname=iot-device-03, thingid=877352b9-a35d-45d3-9c98-162d89965a13, thingarn=arn:aws:iot:us-east-1:507441099951:thing/iot-device-03, thingtypename=null, attributes={installed=1592562234, latitude=37.4133144, longitude=-122.1513069}, version=1, billinggroupname=null}","2020-11-26 00:00:00.000"
"iot-device-02","1.5946336078694026E9","59.5","74.84","true","false","0.0073","0.0047","0.0195","2020-11-26T17:14:36.489+0000","{defaultclientid=iot-device-02, thingname=iot-device-02, thingid=4ae4927a-aefb-4584-a45a-fc4839feffd6, thingarn=arn:aws:iot:us-east-1:507441099951:thing/iot-device-02, thingtypename=null, attributes={installed=1593361211, latitude=32.8205865, longitude=-96.871627}, version=1, billinggroupname=null}","2020-11-26 00:00:00.000"
"iot-device-03","1.5946336103264875E9","51.6","70.88","false","false","0.0078","0.0051","0.021","2020-11-26T17:14:36.783+0000","{defaultclientid=iot-device-03, thingname=iot-device-03, thingid=877352b9-a35d-45d3-9c98-162d89965a13, thingarn=arn:aws:iot:us-east-1:507441099951:thing/iot-device-03, thingtypename=null, attributes={installed=1592562234, latitude=37.4133144, longitude=-122.1513069}, version=1, billinggroupname=null}","2020-11-26 00:00:00.000"
"iot-device-03","1.5946336140128078E9","51.6","70.88","false","false","0.0079","0.0051","0.021","2020-11-26T17:14:37.071+0000","{defaultclientid=iot-device-03, thingname=iot-device-03, thingid=877352b9-a35d-45d3-9c98-162d89965a13, thingarn=arn:aws:iot:us-east-1:507441099951:thing/iot-device-03, thingtypename=null, attributes={installed=1592562234, latitude=37.4133144, longitude=-122.1513069}, version=1, billinggroupname=null}","2020-11-26 00:00:00.000"
"iot-device-02","1.5946336148959398E9","59.6","74.84","true","false","0.0073","0.0047","0.0195","2020-11-26T17:14:37.369+0000","{defaultclientid=iot-device-02, thingname=iot-device-02, thingid=4ae4927a-aefb-4584-a45a-fc4839feffd6, thingarn=arn:aws:iot:us-east-1:507441099951:thing/iot-device-02, thingtypename=null, attributes={installed=1593361211, latitude=32.8205865, longitude=-96.871627}, version=1, billinggroupname=null}","2020-11-26 00:00:00.000"
"iot-device-01","1.5946336166618874E9","75.3","67.1","false","false","0.0064","0.0039","0.0169","2020-11-26T17:14:37.670+0000","{defaultclientid=iot-device-01, thingname=iot-device-01, thingid=983c2b68-f9a3-4e83-b3c6-9f6f8ad5431b, thingarn=arn:aws:iot:us-east-1:507441099951:thing/iot-device-01, thingtypename=null, attributes={installed=1594665292, latitude=37.4133144, longitude=-122.1513069}, version=1, billinggroupname=null}","2020-11-26 00:00:00.000"
"iot-device-03","1.5946336177009313E9","51.6","70.88","false","false","0.0078","0.0051","0.0209","2020-11-26T17:14:37.958+0000","{defaultclientid=iot-device-03, thingname=iot-device-03, thingid=877352b9-a35d-45d3-9c98-162d89965a13, thingarn=arn:aws:iot:us-east-1:507441099951:thing/iot-device-03, thingtypename=null, attributes={installed=1592562234, latitude=37.4133144, longitude=-122.1513069}, version=1, billinggroupname=null}","2020-11-26 00:00:00.000"
"iot-device-02","1.5946336192400749E9","59.6","74.84","true","false","0.0073","0.0047","0.0195","2020-11-26T17:14:38.252+0000","{defaultclientid=iot-device-02, thingname=iot-device-02, thingid=4ae4927a-aefb-4584-a45a-fc4839feffd6, thingarn=arn:aws:iot:us-east-1:507441099951:thing/iot-device-02, thingtypename=null, attributes={installed=1593361211, latitude=32.8205865, longitude=-96.871627}, version=1, billinggroupname=null}","2020-11-26 00:00:00.000"
"iot-device-01","1.5946336204763384E9","75.3","67.1","false","false","0.0063","0.0038","0.0167","2020-11-26T17:14:38.551+0000","{defaultclientid=iot-device-01, thingname=iot-device-01, thingid=983c2b68-f9a3-4e83-b3c6-9f6f8ad5431b, thingarn=arn:aws:iot:us-east-1:507441099951:thing/iot-device-01, thingtypename=null, attributes={installed=1594665292, latitude=37.4133144, longitude=-122.1513069}, version=1, billinggroupname=null}","2020-11-26 00:00:00.000"
"iot-device-03","1.5946336213943276E9","51.6","70.88","false","false","0.0078","0.0051","0.0209","2020-11-26T17:14:38.851+0000","{defaultclientid=iot-device-03, thingname=iot-device-03, thingid=877352b9-a35d-45d3-9c98-162d89965a13, thingarn=arn:aws:iot:us-east-1:507441099951:thing/iot-device-03, thingtypename=null, attributes={installed=1592562234, latitude=37.4133144, longitude=-122.1513069}, version=1, billinggroupname=null}","2020-11-26 00:00:00.000"
"iot-device-03","1.59463362507949E9","51.6","70.88","false","false","0.0078","0.0051","0.0209","2020-11-26T17:14:39.139+0000","{defaultclientid=iot-device-03, thingname=iot-device-03, thingid=877352b9-a35d-45d3-9c98-162d89965a13, thingarn=arn:aws:iot:us-east-1:507441099951:thing/iot-device-03, thingtypename=null, attributes={installed=1592562234, latitude=37.4133144, longitude=-122.1513069}, version=1, billinggroupname=null}","2020-11-26 00:00:00.000"
"iot-device-02","1.5946336257658582E9","59.7","74.84","true","false","0.0073","0.0047","0.0195","2020-11-26T17:14:39.471+0000","{defaultclientid=iot-device-02, thingname=iot-device-02, thingid=4ae4927a-aefb-4584-a45a-fc4839feffd6, thingarn=arn:aws:iot:us-east-1:507441099951:thing/iot-device-02, thingtypename=null, attributes={installed=1593361211, latitude=32.8205865, longitude=-96.871627}, version=1, billinggroupname=null}","2020-11-26 00:00:00.000"
"iot-device-01","1.5946336275205286E9","75.3","67.1","false","false","0.0064","0.0038","0.0168","2020-11-26T17:14:39.759+0000","{defaultclientid=iot-device-01, thingname=iot-device-01, thingid=983c2b68-f9a3-4e83-b3c6-9f6f8ad5431b, thingarn=arn:aws:iot:us-east-1:507441099951:thing/iot-device-01, thingtypename=null, attributes={installed=1594665292, latitude=37.4133144, longitude=-122.1513069}, version=1, billinggroupname=null}","2020-11-26 00:00:00.000"
"iot-device-03","1.594633628762812E9","51.6","70.88","false","false","0.0078","0.0051","0.0209","2020-11-26T17:14:40.068+0000","{defaultclientid=iot-device-03, thingname=iot-device-03, thingid=877352b9-a35d-45d3-9c98-162d89965a13, thingarn=arn:aws:iot:us-east-1:507441099951:thing/iot-device-03, thingtypename=null, attributes={installed=1592562234, latitude=37.4133144, longitude=-122.1513069}, version=1, billinggroupname=null}","2020-11-26 00:00:00.000"
"iot-device-02","1.5946336301045275E9","59.6","74.66","true","false","0.0073","0.0047","0.0195","2020-11-26T17:14:40.359+0000","{defaultclientid=iot-device-02, thingname=iot-device-02, thingid=4ae4927a-aefb-4584-a45a-fc4839feffd6, thingarn=arn:aws:iot:us-east-1:507441099951:thing/iot-device-02, thingtypename=null, attributes={installed=1593361211, latitude=32.8205865, longitude=-96.871627}, version=1, billinggroupname=null}","2020-11-26 00:00:00.000"
"iot-device-03","1.5946336324479814E9","51.7","70.88","false","false","0.0078","0.0051","0.021","2020-11-26T17:14:40.650+0000","{defaultclientid=iot-device-03, thingname=iot-device-03, thingid=877352b9-a35d-45d3-9c98-162d89965a13, thingarn=arn:aws:iot:us-east-1:507441099951:thing/iot-device-03, thingtypename=null, attributes={installed=1592562234, latitude=37.4133144, longitude=-122.1513069}, version=1, billinggroupname=null}","2020-11-26 00:00:00.000"
"iot-device-02","1.5946336355153987E9","59.6","74.84","true","false","0.0073","0.0047","0.0195","2020-11-26T17:14:40.939+0000","{defaultclientid=iot-device-02, thingname=iot-device-02, thingid=4ae4927a-aefb-4584-a45a-fc4839feffd6, thingarn=arn:aws:iot:us-east-1:507441099951:thing/iot-device-02, thingtypename=null, attributes={installed=1593361211, latitude=32.8205865, longitude=-96.871627}, version=1, billinggroupname=null}","2020-11-26 00:00:00.000"
"iot-device-01","1.5946336362026973E9","75.3","67.1","false","false","0.0065","0.0039","0.017","2020-11-26T17:14:41.220+0000","{defaultclientid=iot-device-01, thingname=iot-device-01, thingid=983c2b68-f9a3-4e83-b3c6-9f6f8ad5431b, thingarn=arn:aws:iot:us-east-1:507441099951:thing/iot-device-01, thingtypename=null, attributes={installed=1594665292, latitude=37.4133144, longitude=-122.1513069}, version=1, billinggroupname=null}","2020-11-26 00:00:00.000"
"iot-device-03","1.5946336363848536E9","51.7","70.88","false","false","0.0078","0.0051","0.0209","2020-11-26T17:14:41.510+0000","{defaultclientid=iot-device-03, thingname=iot-device-03, thingid=877352b9-a35d-45d3-9c98-162d89965a13, thingarn=arn:aws:iot:us-east-1:507441099951:thing/iot-device-03, thingtypename=null, attributes={installed=1592562234, latitude=37.4133144, longitude=-122.1513069}, version=1, billinggroupname=null}","2020-11-26 00:00:00.000"
"iot-device-03","1.5946335734667134E9","51.9","70.88","false","false","0.0079","0.0051","0.021","2020-11-26T17:14:30.048+0000","{defaultclientid=iot-device-03, thingname=iot-device-03, thingid=877352b9-a35d-45d3-9c98-162d89965a13, thingarn=arn:aws:iot:us-east-1:507441099951:thing/iot-device-03, thingtypename=null, attributes={installed=1592562234, latitude=37.4133144, longitude=-122.1513069}, version=1, billinggroupname=null}","2020-11-26 00:00:00.000"
"iot-device-01","1.5946335759980605E9","75.2","67.1","false","false","0.0064","0.0039","0.0169","2020-11-26T17:14:30.339+0000","{defaultclientid=iot-device-01, thingname=iot-device-01, thingid=983c2b68-f9a3-4e83-b3c6-9f6f8ad5431b, thingarn=arn:aws:iot:us-east-1:507441099951:thing/iot-device-01, thingtypename=null, attributes={installed=1594665292, latitude=37.4133144, longitude=-122.1513069}, version=1, billinggroupname=null}","2020-11-26 00:00:00.000"
"iot-device-02","1.5946335765174663E9","59.5","74.66","true","false","0.0073","0.0046","0.0194","2020-11-26T17:14:30.631+0000","{defaultclientid=iot-device-02, thingname=iot-device-02, thingid=4ae4927a-aefb-4584-a45a-fc4839feffd6, thingarn=arn:aws:iot:us-east-1:507441099951:thing/iot-device-02, thingtypename=null, attributes={installed=1593361211, latitude=32.8205865, longitude=-96.871627}, version=1, billinggroupname=null}","2020-11-26 00:00:00.000"
"iot-device-03","1.5946335771529622E9","51.9","70.88","false","false","0.0079","0.0051","0.021","2020-11-26T17:14:30.931+0000","{defaultclientid=iot-device-03, thingname=iot-device-03, thingid=877352b9-a35d-45d3-9c98-162d89965a13, thingarn=arn:aws:iot:us-east-1:507441099951:thing/iot-device-03, thingtypename=null, attributes={installed=1592562234, latitude=37.4133144, longitude=-122.1513069}, version=1, billinggroupname=null}","2020-11-26 00:00:00.000"
"iot-device-02","1.5946335803258052E9","59.5","74.84","true","false","0.0073","0.0046","0.0193","2020-11-26T17:14:31.211+0000","{defaultclientid=iot-device-02, thingname=iot-device-02, thingid=4ae4927a-aefb-4584-a45a-fc4839feffd6, thingarn=arn:aws:iot:us-east-1:507441099951:thing/iot-device-02, thingtypename=null, attributes={installed=1593361211, latitude=32.8205865, longitude=-96.871627}, version=1, billinggroupname=null}","2020-11-26 00:00:00.000"
"iot-device-01","1.594633580350259E9","75.3","67.1","false","false","0.0064","0.0039","0.0169","2020-11-26T17:14:31.512+0000","{defaultclientid=iot-device-01, thingname=iot-device-01, thingid=983c2b68-f9a3-4e83-b3c6-9f6f8ad5431b, thingarn=arn:aws:iot:us-east-1:507441099951:thing/iot-device-01, thingtypename=null, attributes={installed=1594665292, latitude=37.4133144, longitude=-122.1513069}, version=1, billinggroupname=null}","2020-11-26 00:00:00.000"
"iot-device-03","1.5946335808374848E9","51.9","70.88","false","false","0.0078","0.0051","0.0209","2020-11-26T17:14:31.804+0000","{defaultclientid=iot-device-03, thingname=iot-device-03, thingid=877352b9-a35d-45d3-9c98-162d89965a13, thingarn=arn:aws:iot:us-east-1:507441099951:thing/iot-device-03, thingtypename=null, attributes={installed=1592562234, latitude=37.4133144, longitude=-122.1513069}, version=1, billinggroupname=null}","2020-11-26 00:00:00.000"
"iot-device-01","1.5946335841688733E9","75.2","67.1","false","false","0.0064","0.0038","0.0168","2020-11-26T17:14:32.090+0000","{defaultclientid=iot-device-01, thingname=iot-device-01, thingid=983c2b68-f9a3-4e83-b3c6-9f6f8ad5431b, thingarn=arn:aws:iot:us-east-1:507441099951:thing/iot-device-01, thingtypename=null, attributes={installed=1594665292, latitude=37.4133144, longitude=-122.1513069}, version=1, billinggroupname=null}","2020-11-26 00:00:00.000"
"iot-device-03","1.5946335845264542E9","51.8","70.88","false","false","0.0078","0.0051","0.0209","2020-11-26T17:14:32.385+0000","{defaultclientid=iot-device-03, thingname=iot-device-03, thingid=877352b9-a35d-45d3-9c98-162d89965a13, thingarn=arn:aws:iot:us-east-1:507441099951:thing/iot-device-03, thingtypename=null, attributes={installed=1592562234, latitude=37.4133144, longitude=-122.1513069}, version=1, billinggroupname=null}","2020-11-26 00:00:00.000"
"iot-device-03","1.59463358821285E9","51.8","70.88","false","false","0.0078","0.0051","0.0209","2020-11-26T17:14:32.684+0000","{defaultclientid=iot-device-03, thingname=iot-device-03, thingid=877352b9-a35d-45d3-9c98-162d89965a13, thingarn=arn:aws:iot:us-east-1:507441099951:thing/iot-device-03, thingtypename=null, attributes={installed=1592562234, latitude=37.4133144, longitude=-122.1513069}, version=1, billinggroupname=null}","2020-11-26 00:00:00.000"
"iot-device-03","1.594633710346599E9","51.7","70.88","false","false","0.0078","0.0051","0.021","2020-11-26T17:14:53.608+0000","{defaultclientid=iot-device-03, thingname=iot-device-03, thingid=877352b9-a35d-45d3-9c98-162d89965a13, thingarn=arn:aws:iot:us-east-1:507441099951:thing/iot-device-03, thingtypename=null, attributes={installed=1592562234, latitude=37.4133144, longitude=-122.1513069}, version=1, billinggroupname=null}","2020-11-26 00:00:00.000"
"iot-device-02","1.5946337122806015E9","59.6","74.66","true","false","0.0073","0.0047","0.0195","2020-11-26T17:14:53.899+0000","{defaultclientid=iot-device-02, thingname=iot-device-02, thingid=4ae4927a-aefb-4584-a45a-fc4839feffd6, thingarn=arn:aws:iot:us-east-1:507441099951:thing/iot-device-02, thingtypename=null, attributes={installed=1593361211, latitude=32.8205865, longitude=-96.871627}, version=1, billinggroupname=null}","2020-11-26 00:00:00.000"
"iot-device-03","1.594633714032488E9","51.7","70.88","false","false","0.0079","0.0051","0.021","2020-11-26T17:14:54.190+0000","{defaultclientid=iot-device-03, thingname=iot-device-03, thingid=877352b9-a35d-45d3-9c98-162d89965a13, thingarn=arn:aws:iot:us-east-1:507441099951:thing/iot-device-03, thingtypename=null, attributes={installed=1592562234, latitude=37.4133144, longitude=-122.1513069}, version=1, billinggroupname=null}","2020-11-26 00:00:00.000"
"iot-device-01","1.594633714496669E9","75.4","67.1","false","false","0.0063","0.0038","0.0166","2020-11-26T17:14:54.480+0000","{defaultclientid=iot-device-01, thingname=iot-device-01, thingid=983c2b68-f9a3-4e83-b3c6-9f6f8ad5431b, thingarn=arn:aws:iot:us-east-1:507441099951:thing/iot-device-01, thingtypename=null, attributes={installed=1594665292, latitude=37.4133144, longitude=-122.1513069}, version=1, billinggroupname=null}","2020-11-26 00:00:00.000"
"iot-device-02","1.5946337160907853E9","59.6","74.66","true","false","0.0073","0.0046","0.0194","2020-11-26T17:14:54.760+0000","{defaultclientid=iot-device-02, thingname=iot-device-02, thingid=4ae4927a-aefb-4584-a45a-fc4839feffd6, thingarn=arn:aws:iot:us-east-1:507441099951:thing/iot-device-02, thingtypename=null, attributes={installed=1593361211, latitude=32.8205865, longitude=-96.871627}, version=1, billinggroupname=null}","2020-11-26 00:00:00.000"
"iot-device-03","1.5946337177187235E9","51.7","70.88","false","false","0.0078","0.0051","0.0209","2020-11-26T17:14:55.047+0000","{defaultclientid=iot-device-03, thingname=iot-device-03, thingid=877352b9-a35d-45d3-9c98-162d89965a13, thingarn=arn:aws:iot:us-east-1:507441099951:thing/iot-device-03, thingtypename=null, attributes={installed=1592562234, latitude=37.4133144, longitude=-122.1513069}, version=1, billinggroupname=null}","2020-11-26 00:00:00.000"
"iot-device-01","1.5946337193843198E9","75.4","67.1","false","false","0.0063","0.0038","0.0167","2020-11-26T17:14:55.339+0000","{defaultclientid=iot-device-01, thingname=iot-device-01, thingid=983c2b68-f9a3-4e83-b3c6-9f6f8ad5431b, thingarn=arn:aws:iot:us-east-1:507441099951:thing/iot-device-01, thingtypename=null, attributes={installed=1594665292, latitude=37.4133144, longitude=-122.1513069}, version=1, billinggroupname=null}","2020-11-26 00:00:00.000"
"iot-device-02","1.5946337209712524E9","59.6","74.66","true","false","0.0073","0.0047","0.0195","2020-11-26T17:14:55.636+0000","{defaultclientid=iot-device-02, thingname=iot-device-02, thingid=4ae4927a-aefb-4584-a45a-fc4839feffd6, thingarn=arn:aws:iot:us-east-1:507441099951:thing/iot-device-02, thingtypename=null, attributes={installed=1593361211, latitude=32.8205865, longitude=-96.871627}, version=1, billinggroupname=null}","2020-11-26 00:00:00.000"
"iot-device-03","1.5946337214049973E9","51.7","70.88","false","false","0.0078","0.0051","0.021","2020-11-26T17:14:55.929+0000","{defaultclientid=iot-device-03, thingname=iot-device-03, thingid=877352b9-a35d-45d3-9c98-162d89965a13, thingarn=arn:aws:iot:us-east-1:507441099951:thing/iot-device-03, thingtypename=null, attributes={installed=1592562234, latitude=37.4133144, longitude=-122.1513069}, version=1, billinggroupname=null}","2020-11-26 00:00:00.000"
"iot-device-03","1.5946337250912018E9","51.7","70.88","false","false","0.0078","0.0051","0.021","2020-11-26T17:14:56.222+0000","{defaultclientid=iot-device-03, thingname=iot-device-03, thingid=877352b9-a35d-45d3-9c98-162d89965a13, thingarn=arn:aws:iot:us-east-1:507441099951:thing/iot-device-03, thingtypename=null, attributes={installed=1592562234, latitude=37.4133144, longitude=-122.1513069}, version=1, billinggroupname=null}","2020-11-26 00:00:00.000"
"iot-device-02","1.5946335905600727E9","59.5","74.66","true","false","0.0073","0.0046","0.0194","2020-11-26T17:14:32.969+0000","{defaultclientid=iot-device-02, thingname=iot-device-02, thingid=4ae4927a-aefb-4584-a45a-fc4839feffd6, thingarn=arn:aws:iot:us-east-1:507441099951:thing/iot-device-02, thingtypename=null, attributes={installed=1593361211, latitude=32.8205865, longitude=-96.871627}, version=1, billinggroupname=null}","2020-11-26 00:00:00.000"
"iot-device-01","1.5946335906674922E9","75.3","67.1","false","false","0.0064","0.0039","0.0169","2020-11-26T17:14:33.260+0000","{defaultclientid=iot-device-01, thingname=iot-device-01, thingid=983c2b68-f9a3-4e83-b3c6-9f6f8ad5431b, thingarn=arn:aws:iot:us-east-1:507441099951:thing/iot-device-01, thingtypename=null, attributes={installed=1594665292, latitude=37.4133144, longitude=-122.1513069}, version=1, billinggroupname=null}","2020-11-26 00:00:00.000"
"iot-device-03","1.5946335918989568E9","51.8","70.88","false","false","0.0078","0.0051","0.021","2020-11-26T17:14:33.554+0000","{defaultclientid=iot-device-03, thingname=iot-device-03, thingid=877352b9-a35d-45d3-9c98-162d89965a13, thingarn=arn:aws:iot:us-east-1:507441099951:thing/iot-device-03, thingtypename=null, attributes={installed=1592562234, latitude=37.4133144, longitude=-122.1513069}, version=1, billinggroupname=null}","2020-11-26 00:00:00.000"
"iot-device-01","1.594633594479224E9","75.3","67.1","false","false","0.0063","0.0038","0.0167","2020-11-26T17:14:33.838+0000","{defaultclientid=iot-device-01, thingname=iot-device-01, thingid=983c2b68-f9a3-4e83-b3c6-9f6f8ad5431b, thingarn=arn:aws:iot:us-east-1:507441099951:thing/iot-device-01, thingtypename=null, attributes={installed=1594665292, latitude=37.4133144, longitude=-122.1513069}, version=1, billinggroupname=null}","2020-11-26 00:00:00.000"
"iot-device-03","1.5946335955849755E9","51.7","70.88","false","false","0.0078","0.0051","0.0209","2020-11-26T17:14:34.119+0000","{defaultclientid=iot-device-03, thingname=iot-device-03, thingid=877352b9-a35d-45d3-9c98-162d89965a13, thingarn=arn:aws:iot:us-east-1:507441099951:thing/iot-device-03, thingtypename=null, attributes={installed=1592562234, latitude=37.4133144, longitude=-122.1513069}, version=1, billinggroupname=null}","2020-11-26 00:00:00.000"
"iot-device-02","1.594633597577135E9","59.5","74.84","true","false","0.0073","0.0046","0.0194","2020-11-26T17:14:34.409+0000","{defaultclientid=iot-device-02, thingname=iot-device-02, thingid=4ae4927a-aefb-4584-a45a-fc4839feffd6, thingarn=arn:aws:iot:us-east-1:507441099951:thing/iot-device-02, thingtypename=null, attributes={installed=1593361211, latitude=32.8205865, longitude=-96.871627}, version=1, billinggroupname=null}","2020-11-26 00:00:00.000"
"iot-device-03","1.5946335992687356E9","51.7","70.88","false","false","0.0078","0.0051","0.0209","2020-11-26T17:14:34.698+0000","{defaultclientid=iot-device-03, thingname=iot-device-03, thingid=877352b9-a35d-45d3-9c98-162d89965a13, thingarn=arn:aws:iot:us-east-1:507441099951:thing/iot-device-03, thingtypename=null, attributes={installed=1592562234, latitude=37.4133144, longitude=-122.1513069}, version=1, billinggroupname=null}","2020-11-26 00:00:00.000"
"iot-device-01","1.5946336004376578E9","75.4","67.1","false","false","0.0064","0.0039","0.0169","2020-11-26T17:14:35.007+0000","{defaultclientid=iot-device-01, thingname=iot-device-01, thingid=983c2b68-f9a3-4e83-b3c6-9f6f8ad5431b, thingarn=arn:aws:iot:us-east-1:507441099951:thing/iot-device-01, thingtypename=null, attributes={installed=1594665292, latitude=37.4133144, longitude=-122.1513069}, version=1, billinggroupname=null}","2020-11-26 00:00:00.000"
"iot-device-02","1.5946336013892775E9","59.5","74.66","true","false","0.0073","0.0046","0.0194","2020-11-26T17:14:35.304+0000","{defaultclientid=iot-device-02, thingname=iot-device-02, thingid=4ae4927a-aefb-4584-a45a-fc4839feffd6, thingarn=arn:aws:iot:us-east-1:507441099951:thing/iot-device-02, thingtypename=null, attributes={installed=1593361211, latitude=32.8205865, longitude=-96.871627}, version=1, billinggroupname=null}","2020-11-26 00:00:00.000"
"iot-device-03","1.5946336029535472E9","51.7","70.88","false","false","0.0078","0.0051","0.0209","2020-11-26T17:14:35.598+0000","{defaultclientid=iot-device-03, thingname=iot-device-03, thingid=877352b9-a35d-45d3-9c98-162d89965a13, thingarn=arn:aws:iot:us-east-1:507441099951:thing/iot-device-03, thingtypename=null, attributes={installed=1592562234, latitude=37.4133144, longitude=-122.1513069}, version=1, billinggroupname=null}","2020-11-26 00:00:00.000"
"iot-device-03","1.594633655082149E9","51.9","70.88","false","false","0.0078","0.0051","0.021","2020-11-26T17:14:44.753+0000","{defaultclientid=iot-device-03, thingname=iot-device-03, thingid=877352b9-a35d-45d3-9c98-162d89965a13, thingarn=arn:aws:iot:us-east-1:507441099951:thing/iot-device-03, thingtypename=null, attributes={installed=1592562234, latitude=37.4133144, longitude=-122.1513069}, version=1, billinggroupname=null}","2020-11-26 00:00:00.000"
"iot-device-03","1.5946336587685306E9","51.9","70.88","false","false","0.0079","0.0051","0.021","2020-11-26T17:14:45.041+0000","{defaultclientid=iot-device-03, thingname=iot-device-03, thingid=877352b9-a35d-45d3-9c98-162d89965a13, thingarn=arn:aws:iot:us-east-1:507441099951:thing/iot-device-03, thingtypename=null, attributes={installed=1592562234, latitude=37.4133144, longitude=-122.1513069}, version=1, billinggroupname=null}","2020-11-26 00:00:00.000"
"iot-device-03","1.5946336624547935E9","51.9","70.88","false","false","0.0078","0.0051","0.0209","2020-11-26T17:14:45.344+0000","{defaultclientid=iot-device-03, thingname=iot-device-03, thingid=877352b9-a35d-45d3-9c98-162d89965a13, thingarn=arn:aws:iot:us-east-1:507441099951:thing/iot-device-03, thingtypename=null, attributes={installed=1592562234, latitude=37.4133144, longitude=-122.1513069}, version=1, billinggroupname=null}","2020-11-26 00:00:00.000"
"iot-device-02","1.594633663651311E9","59.6","74.66","true","false","0.0073","0.0047","0.0195","2020-11-26T17:14:45.654+0000","{defaultclientid=iot-device-02, thingname=iot-device-02, thingid=4ae4927a-aefb-4584-a45a-fc4839feffd6, thingarn=arn:aws:iot:us-east-1:507441099951:thing/iot-device-02, thingtypename=null, attributes={installed=1593361211, latitude=32.8205865, longitude=-96.871627}, version=1, billinggroupname=null}","2020-11-26 00:00:00.000"
"iot-device-03","1.5946336661408074E9","51.8","70.88","false","false","0.0078","0.0051","0.0209","2020-11-26T17:14:45.953+0000","{defaultclientid=iot-device-03, thingname=iot-device-03, thingid=877352b9-a35d-45d3-9c98-162d89965a13, thingarn=arn:aws:iot:us-east-1:507441099951:thing/iot-device-03, thingtypename=null, attributes={installed=1592562234, latitude=37.4133144, longitude=-122.1513069}, version=1, billinggroupname=null}","2020-11-26 00:00:00.000"
"iot-device-01","1.5946336683417385E9","75.1","67.1","false","false","0.0065","0.0039","0.017","2020-11-26T17:14:46.257+0000","{defaultclientid=iot-device-01, thingname=iot-device-01, thingid=983c2b68-f9a3-4e83-b3c6-9f6f8ad5431b, thingarn=arn:aws:iot:us-east-1:507441099951:thing/iot-device-01, thingtypename=null, attributes={installed=1594665292, latitude=37.4133144, longitude=-122.1513069}, version=1, billinggroupname=null}","2020-11-26 00:00:00.000"
"iot-device-03","1.5946336698243642E9","51.8","70.88","false","false","0.0079","0.0051","0.021","2020-11-26T17:14:46.549+0000","{defaultclientid=iot-device-03, thingname=iot-device-03, thingid=877352b9-a35d-45d3-9c98-162d89965a13, thingarn=arn:aws:iot:us-east-1:507441099951:thing/iot-device-03, thingtypename=null, attributes={installed=1592562234, latitude=37.4133144, longitude=-122.1513069}, version=1, billinggroupname=null}","2020-11-26 00:00:00.000"
"iot-device-02","1.5946336733515108E9","59.6","74.66","true","false","0.0073","0.0047","0.0195","2020-11-26T17:14:46.848+0000","{defaultclientid=iot-device-02, thingname=iot-device-02, thingid=4ae4927a-aefb-4584-a45a-fc4839feffd6, thingarn=arn:aws:iot:us-east-1:507441099951:thing/iot-device-02, thingtypename=null, attributes={installed=1593361211, latitude=32.8205865, longitude=-96.871627}, version=1, billinggroupname=null}","2020-11-26 00:00:00.000"
"iot-device-03","1.5946336735081027E9","51.8","70.88","false","false","0.0079","0.0052","0.0211","2020-11-26T17:14:47.129+0000","{defaultclientid=iot-device-03, thingname=iot-device-03, thingid=877352b9-a35d-45d3-9c98-162d89965a13, thingarn=arn:aws:iot:us-east-1:507441099951:thing/iot-device-03, thingtypename=null, attributes={installed=1592562234, latitude=37.4133144, longitude=-122.1513069}, version=1, billinggroupname=null}","2020-11-26 00:00:00.000"
"iot-device-01","1.5946336748416505E9","75.1","67.1","false","false","0.0064","0.0038","0.0168","2020-11-26T17:14:47.418+0000","{defaultclientid=iot-device-01, thingname=iot-device-01, thingid=983c2b68-f9a3-4e83-b3c6-9f6f8ad5431b, thingarn=arn:aws:iot:us-east-1:507441099951:thing/iot-device-01, thingtypename=null, attributes={installed=1594665292, latitude=37.4133144, longitude=-122.1513069}, version=1, billinggroupname=null}","2020-11-26 00:00:00.000"
"iot-device-02","1.594633677159545E9","59.6","74.66","true","false","0.0073","0.0047","0.0195","2020-11-26T17:14:47.705+0000","{defaultclientid=iot-device-02, thingname=iot-device-02, thingid=4ae4927a-aefb-4584-a45a-fc4839feffd6, thingarn=arn:aws:iot:us-east-1:507441099951:thing/iot-device-02, thingtypename=null, attributes={installed=1593361211, latitude=32.8205865, longitude=-96.871627}, version=1, billinggroupname=null}","2020-11-26 00:00:00.000"
"iot-device-03","1.5946336771930034E9","51.7","70.88","false","false","0.0078","0.0051","0.0209","2020-11-26T17:14:47.997+0000","{defaultclientid=iot-device-03, thingname=iot-device-03, thingid=877352b9-a35d-45d3-9c98-162d89965a13, thingarn=arn:aws:iot:us-east-1:507441099951:thing/iot-device-03, thingtypename=null, attributes={installed=1592562234, latitude=37.4133144, longitude=-122.1513069}, version=1, billinggroupname=null}","2020-11-26 00:00:00.000"
"iot-device-03","1.5946336808816645E9","51.7","70.88","false","false","0.0078","0.0051","0.021","2020-11-26T17:14:48.291+0000","{defaultclientid=iot-device-03, thingname=iot-device-03, thingid=877352b9-a35d-45d3-9c98-162d89965a13, thingarn=arn:aws:iot:us-east-1:507441099951:thing/iot-device-03, thingtypename=null, attributes={installed=1592562234, latitude=37.4133144, longitude=-122.1513069}, version=1, billinggroupname=null}","2020-11-26 00:00:00.000"
"iot-device-01","1.5946336813633294E9","75.2","67.1","false","false","0.0064","0.0038","0.0168","2020-11-26T17:14:48.579+0000","{defaultclientid=iot-device-01, thingname=iot-device-01, thingid=983c2b68-f9a3-4e83-b3c6-9f6f8ad5431b, thingarn=arn:aws:iot:us-east-1:507441099951:thing/iot-device-01, thingtypename=null, attributes={installed=1594665292, latitude=37.4133144, longitude=-122.1513069}, version=1, billinggroupname=null}","2020-11-26 00:00:00.000"
"iot-device-02","1.594633682046773E9","59.6","74.66","true","false","0.0073","0.0046","0.0193","2020-11-26T17:14:48.882+0000","{defaultclientid=iot-device-02, thingname=iot-device-02, thingid=4ae4927a-aefb-4584-a45a-fc4839feffd6, thingarn=arn:aws:iot:us-east-1:507441099951:thing/iot-device-02, thingtypename=null, attributes={installed=1593361211, latitude=32.8205865, longitude=-96.871627}, version=1, billinggroupname=null}","2020-11-26 00:00:00.000"
"iot-device-03","1.594633684567807E9","51.7","70.88","false","false","0.0079","0.0051","0.021","2020-11-26T17:14:49.180+0000","{defaultclientid=iot-device-03, thingname=iot-device-03, thingid=877352b9-a35d-45d3-9c98-162d89965a13, thingarn=arn:aws:iot:us-east-1:507441099951:thing/iot-device-03, thingtypename=null, attributes={installed=1592562234, latitude=37.4133144, longitude=-122.1513069}, version=1, billinggroupname=null}","2020-11-26 00:00:00.000"
"iot-device-03","1.5946336882516828E9","51.7","70.88","false","false","0.0078","0.0051","0.021","2020-11-26T17:14:49.478+0000","{defaultclientid=iot-device-03, thingname=iot-device-03, thingid=877352b9-a35d-45d3-9c98-162d89965a13, thingarn=arn:aws:iot:us-east-1:507441099951:thing/iot-device-03, thingtypename=null, attributes={installed=1592562234, latitude=37.4133144, longitude=-122.1513069}, version=1, billinggroupname=null}","2020-11-26 00:00:00.000"
"iot-device-01","1.5946336894769285E9","75.2","67.1","false","false","0.0064","0.0039","0.0169","2020-11-26T17:14:49.780+0000","{defaultclientid=iot-device-01, thingname=iot-device-01, thingid=983c2b68-f9a3-4e83-b3c6-9f6f8ad5431b, thingarn=arn:aws:iot:us-east-1:507441099951:thing/iot-device-01, thingtypename=null, attributes={installed=1594665292, latitude=37.4133144, longitude=-122.1513069}, version=1, billinggroupname=null}","2020-11-26 00:00:00.000"
"iot-device-03","1.5946336919365366E9","51.7","70.88","false","false","0.0079","0.0052","0.021","2020-11-26T17:14:50.084+0000","{defaultclientid=iot-device-03, thingname=iot-device-03, thingid=877352b9-a35d-45d3-9c98-162d89965a13, thingarn=arn:aws:iot:us-east-1:507441099951:thing/iot-device-03, thingtypename=null, attributes={installed=1592562234, latitude=37.4133144, longitude=-122.1513069}, version=1, billinggroupname=null}","2020-11-26 00:00:00.000"
"iot-device-02","1.594633693360353E9","59.6","74.66","true","false","0.0073","0.0047","0.0195","2020-11-26T17:14:50.381+0000","{defaultclientid=iot-device-02, thingname=iot-device-02, thingid=4ae4927a-aefb-4584-a45a-fc4839feffd6, thingarn=arn:aws:iot:us-east-1:507441099951:thing/iot-device-02, thingtypename=null, attributes={installed=1593361211, latitude=32.8205865, longitude=-96.871627}, version=1, billinggroupname=null}","2020-11-26 00:00:00.000"
"iot-device-03","1.594633743520909E9","51.7","70.88","false","false","0.0078","0.0051","0.021","2020-11-26T17:14:59.509+0000","{defaultclientid=iot-device-03, thingname=iot-device-03, thingid=877352b9-a35d-45d3-9c98-162d89965a13, thingarn=arn:aws:iot:us-east-1:507441099951:thing/iot-device-03, thingtypename=null, attributes={installed=1592562234, latitude=37.4133144, longitude=-122.1513069}, version=1, billinggroupname=null}","2020-11-26 00:00:00.000"
"iot-device-01","1.5946336949334354E9","75.1","67.1","false","false","0.0064","0.0038","0.0168","2020-11-26T17:14:50.671+0000","{defaultclientid=iot-device-01, thingname=iot-device-01, thingid=983c2b68-f9a3-4e83-b3c6-9f6f8ad5431b, thingarn=arn:aws:iot:us-east-1:507441099951:thing/iot-device-01, thingtypename=null, attributes={installed=1594665292, latitude=37.4133144, longitude=-122.1513069}, version=1, billinggroupname=null}","2020-11-26 00:00:00.000"
"iot-device-03","1.5946336956228065E9","51.7","70.88","false","false","0.0078","0.0051","0.0209","2020-11-26T17:14:50.963+0000","{defaultclientid=iot-device-03, thingname=iot-device-03, thingid=877352b9-a35d-45d3-9c98-162d89965a13, thingarn=arn:aws:iot:us-east-1:507441099951:thing/iot-device-03, thingtypename=null, attributes={installed=1592562234, latitude=37.4133144, longitude=-122.1513069}, version=1, billinggroupname=null}","2020-11-26 00:00:00.000"
"iot-device-02","1.5946336977117743E9","59.6","74.84","true","false","0.0073","0.0047","0.0195","2020-11-26T17:14:51.249+0000","{defaultclientid=iot-device-02, thingname=iot-device-02, thingid=4ae4927a-aefb-4584-a45a-fc4839feffd6, thingarn=arn:aws:iot:us-east-1:507441099951:thing/iot-device-02, thingtypename=null, attributes={installed=1593361211, latitude=32.8205865, longitude=-96.871627}, version=1, billinggroupname=null}","2020-11-26 00:00:00.000"
"iot-device-03","1.59463369931114E9","51.7","70.88","false","false","0.0078","0.0051","0.0209","2020-11-26T17:14:51.540+0000","{defaultclientid=iot-device-03, thingname=iot-device-03, thingid=877352b9-a35d-45d3-9c98-162d89965a13, thingarn=arn:aws:iot:us-east-1:507441099951:thing/iot-device-03, thingtypename=null, attributes={installed=1592562234, latitude=37.4133144, longitude=-122.1513069}, version=1, billinggroupname=null}","2020-11-26 00:00:00.000"
"iot-device-01","1.5946337003683095E9","75.2","67.1","false","false","0.0065","0.0039","0.017","2020-11-26T17:14:51.838+0000","{defaultclientid=iot-device-01, thingname=iot-device-01, thingid=983c2b68-f9a3-4e83-b3c6-9f6f8ad5431b, thingarn=arn:aws:iot:us-east-1:507441099951:thing/iot-device-01, thingtypename=null, attributes={installed=1594665292, latitude=37.4133144, longitude=-122.1513069}, version=1, billinggroupname=null}","2020-11-26 00:00:00.000"
"iot-device-03","1.5946337029720163E9","51.7","70.88","false","false","0.0078","0.0051","0.021","2020-11-26T17:14:52.127+0000","{defaultclientid=iot-device-03, thingname=iot-device-03, thingid=877352b9-a35d-45d3-9c98-162d89965a13, thingarn=arn:aws:iot:us-east-1:507441099951:thing/iot-device-03, thingtypename=null, attributes={installed=1592562234, latitude=37.4133144, longitude=-122.1513069}, version=1, billinggroupname=null}","2020-11-26 00:00:00.000"
"iot-device-01","1.594633704719914E9","75.3","67.1","false","false","0.0064","0.0038","0.0168","2020-11-26T17:14:52.432+0000","{defaultclientid=iot-device-01, thingname=iot-device-01, thingid=983c2b68-f9a3-4e83-b3c6-9f6f8ad5431b, thingarn=arn:aws:iot:us-east-1:507441099951:thing/iot-device-01, thingtypename=null, attributes={installed=1594665292, latitude=37.4133144, longitude=-122.1513069}, version=1, billinggroupname=null}","2020-11-26 00:00:00.000"
"iot-device-02","1.594633704728022E9","59.6","74.66","true","false","0.0073","0.0046","0.0194","2020-11-26T17:14:52.718+0000","{defaultclientid=iot-device-02, thingname=iot-device-02, thingid=4ae4927a-aefb-4584-a45a-fc4839feffd6, thingarn=arn:aws:iot:us-east-1:507441099951:thing/iot-device-02, thingtypename=null, attributes={installed=1593361211, latitude=32.8205865, longitude=-96.871627}, version=1, billinggroupname=null}","2020-11-26 00:00:00.000"
"iot-device-03","1.5946337066618226E9","51.7","70.88","false","false","0.0078","0.0051","0.0209","2020-11-26T17:14:53.020+0000","{defaultclientid=iot-device-03, thingname=iot-device-03, thingid=877352b9-a35d-45d3-9c98-162d89965a13, thingarn=arn:aws:iot:us-east-1:507441099951:thing/iot-device-03, thingtypename=null, attributes={installed=1592562234, latitude=37.4133144, longitude=-122.1513069}, version=1, billinggroupname=null}","2020-11-26 00:00:00.000"
"iot-device-01","1.594633709610198E9","75.3","67.1","false","false","0.0063","0.0038","0.0167","2020-11-26T17:14:53.321+0000","{defaultclientid=iot-device-01, thingname=iot-device-01, thingid=983c2b68-f9a3-4e83-b3c6-9f6f8ad5431b, thingarn=arn:aws:iot:us-east-1:507441099951:thing/iot-device-01, thingtypename=null, attributes={installed=1594665292, latitude=37.4133144, longitude=-122.1513069}, version=1, billinggroupname=null}","2020-11-26 00:00:00.000"
"iot-device-01","1.5946337253466682E9","75.4","67.1","false","false","0.0064","0.0038","0.0168","2020-11-26T17:14:56.546+0000","{defaultclientid=iot-device-01, thingname=iot-device-01, thingid=983c2b68-f9a3-4e83-b3c6-9f6f8ad5431b, thingarn=arn:aws:iot:us-east-1:507441099951:thing/iot-device-01, thingtypename=null, attributes={installed=1594665292, latitude=37.4133144, longitude=-122.1513069}, version=1, billinggroupname=null}","2020-11-26 00:00:00.000"
"iot-device-03","1.5946337287774713E9","51.7","70.88","false","false","0.0078","0.0051","0.0209","2020-11-26T17:14:56.830+0000","{defaultclientid=iot-device-03, thingname=iot-device-03, thingid=877352b9-a35d-45d3-9c98-162d89965a13, thingarn=arn:aws:iot:us-east-1:507441099951:thing/iot-device-03, thingtypename=null, attributes={installed=1592562234, latitude=37.4133144, longitude=-122.1513069}, version=1, billinggroupname=null}","2020-11-26 00:00:00.000"
"iot-device-02","1.5946337290551612E9","59.6","74.66","true","false","0.0073","0.0046","0.0194","2020-11-26T17:14:57.127+0000","{defaultclientid=iot-device-02, thingname=iot-device-02, thingid=4ae4927a-aefb-4584-a45a-fc4839feffd6, thingarn=arn:aws:iot:us-east-1:507441099951:thing/iot-device-02, thingtypename=null, attributes={installed=1593361211, latitude=32.8205865, longitude=-96.871627}, version=1, billinggroupname=null}","2020-11-26 00:00:00.000"
"iot-device-01","1.5946337307725346E9","75.4","67.1","false","false","0.0064","0.0039","0.0169","2020-11-26T17:14:57.440+0000","{defaultclientid=iot-device-01, thingname=iot-device-01, thingid=983c2b68-f9a3-4e83-b3c6-9f6f8ad5431b, thingarn=arn:aws:iot:us-east-1:507441099951:thing/iot-device-01, thingtypename=null, attributes={installed=1594665292, latitude=37.4133144, longitude=-122.1513069}, version=1, billinggroupname=null}","2020-11-26 00:00:00.000"
"iot-device-03","1.5946337324637258E9","51.7","70.88","false","false","0.0078","0.0051","0.0209","2020-11-26T17:14:57.743+0000","{defaultclientid=iot-device-03, thingname=iot-device-03, thingid=877352b9-a35d-45d3-9c98-162d89965a13, thingarn=arn:aws:iot:us-east-1:507441099951:thing/iot-device-03, thingtypename=null, attributes={installed=1592562234, latitude=37.4133144, longitude=-122.1513069}, version=1, billinggroupname=null}","2020-11-26 00:00:00.000"
"iot-device-02","1.5946337344672546E9","59.6","74.66","true","false","0.0073","0.0046","0.0194","2020-11-26T17:14:58.033+0000","{defaultclientid=iot-device-02, thingname=iot-device-02, thingid=4ae4927a-aefb-4584-a45a-fc4839feffd6, thingarn=arn:aws:iot:us-east-1:507441099951:thing/iot-device-02, thingtypename=null, attributes={installed=1593361211, latitude=32.8205865, longitude=-96.871627}, version=1, billinggroupname=null}","2020-11-26 00:00:00.000"
"iot-device-03","1.5946337361498349E9","51.7","70.88","false","false","0.0078","0.0051","0.0209","2020-11-26T17:14:58.329+0000","{defaultclientid=iot-device-03, thingname=iot-device-03, thingid=877352b9-a35d-45d3-9c98-162d89965a13, thingarn=arn:aws:iot:us-east-1:507441099951:thing/iot-device-03, thingtypename=null, attributes={installed=1592562234, latitude=37.4133144, longitude=-122.1513069}, version=1, billinggroupname=null}","2020-11-26 00:00:00.000"
"iot-device-01","1.5946337378169672E9","75.4","67.1","false","false","0.0064","0.0038","0.0168","2020-11-26T17:14:58.626+0000","{defaultclientid=iot-device-01, thingname=iot-device-01, thingid=983c2b68-f9a3-4e83-b3c6-9f6f8ad5431b, thingarn=arn:aws:iot:us-east-1:507441099951:thing/iot-device-01, thingtypename=null, attributes={installed=1594665292, latitude=37.4133144, longitude=-122.1513069}, version=1, billinggroupname=null}","2020-11-26 00:00:00.000"
"iot-device-02","1.5946337393464649E9","59.8","74.66","true","false","0.0073","0.0047","0.0195","2020-11-26T17:14:58.919+0000","{defaultclientid=iot-device-02, thingname=iot-device-02, thingid=4ae4927a-aefb-4584-a45a-fc4839feffd6, thingarn=arn:aws:iot:us-east-1:507441099951:thing/iot-device-02, thingtypename=null, attributes={installed=1593361211, latitude=32.8205865, longitude=-96.871627}, version=1, billinggroupname=null}","2020-11-26 00:00:00.000"
"iot-device-03","1.5946337398358347E9","51.7","70.88","false","false","0.0078","0.0051","0.0209","2020-11-26T17:14:59.220+0000","{defaultclientid=iot-device-03, thingname=iot-device-03, thingid=877352b9-a35d-45d3-9c98-162d89965a13, thingarn=arn:aws:iot:us-east-1:507441099951:thing/iot-device-03, thingtypename=null, attributes={installed=1592562234, latitude=37.4133144, longitude=-122.1513069}, version=1, billinggroupname=null}","2020-11-26 00:00:00.000"
"iot-device-02","1.594633639327055E9","59.6","74.66","true","false","0.0073","0.0046","0.0194","2020-11-26T17:14:41.811+0000","{defaultclientid=iot-device-02, thingname=iot-device-02, thingid=4ae4927a-aefb-4584-a45a-fc4839feffd6, thingarn=arn:aws:iot:us-east-1:507441099951:thing/iot-device-02, thingtypename=null, attributes={installed=1593361211, latitude=32.8205865, longitude=-96.871627}, version=1, billinggroupname=null}","2020-11-26 00:00:00.000"
"iot-device-03","1.5946336403376E9","51.7","70.88","false","false","0.0078","0.0051","0.0209","2020-11-26T17:14:42.099+0000","{defaultclientid=iot-device-03, thingname=iot-device-03, thingid=877352b9-a35d-45d3-9c98-162d89965a13, thingarn=arn:aws:iot:us-east-1:507441099951:thing/iot-device-03, thingtypename=null, attributes={installed=1592562234, latitude=37.4133144, longitude=-122.1513069}, version=1, billinggroupname=null}","2020-11-26 00:00:00.000"
"iot-device-02","1.5946336436775467E9","59.6","74.66","true","false","0.0073","0.0047","0.0195","2020-11-26T17:14:42.412+0000","{defaultclientid=iot-device-02, thingname=iot-device-02, thingid=4ae4927a-aefb-4584-a45a-fc4839feffd6, thingarn=arn:aws:iot:us-east-1:507441099951:thing/iot-device-02, thingtypename=null, attributes={installed=1593361211, latitude=32.8205865, longitude=-96.871627}, version=1, billinggroupname=null}","2020-11-26 00:00:00.000"
"iot-device-03","1.5946336440240953E9","51.8","70.88","false","false","0.0078","0.0051","0.0209","2020-11-26T17:14:42.699+0000","{defaultclientid=iot-device-03, thingname=iot-device-03, thingid=877352b9-a35d-45d3-9c98-162d89965a13, thingarn=arn:aws:iot:us-east-1:507441099951:thing/iot-device-03, thingtypename=null, attributes={installed=1592562234, latitude=37.4133144, longitude=-122.1513069}, version=1, billinggroupname=null}","2020-11-26 00:00:00.000"
"iot-device-01","1.5946336475422206E9","75.2","67.1","false","false","0.0064","0.0039","0.0169","2020-11-26T17:14:43.000+0000","{defaultclientid=iot-device-01, thingname=iot-device-01, thingid=983c2b68-f9a3-4e83-b3c6-9f6f8ad5431b, thingarn=arn:aws:iot:us-east-1:507441099951:thing/iot-device-01, thingtypename=null, attributes={installed=1594665292, latitude=37.4133144, longitude=-122.1513069}, version=1, billinggroupname=null}","2020-11-26 00:00:00.000"
"iot-device-03","1.594633647710324E9","51.8","70.88","false","false","0.0078","0.0051","0.021","2020-11-26T17:14:43.293+0000","{defaultclientid=iot-device-03, thingname=iot-device-03, thingid=877352b9-a35d-45d3-9c98-162d89965a13, thingarn=arn:aws:iot:us-east-1:507441099951:thing/iot-device-03, thingtypename=null, attributes={installed=1592562234, latitude=37.4133144, longitude=-122.1513069}, version=1, billinggroupname=null}","2020-11-26 00:00:00.000"
"iot-device-02","1.5946336485547614E9","59.6","74.66","true","false","0.0073","0.0046","0.0194","2020-11-26T17:14:43.581+0000","{defaultclientid=iot-device-02, thingname=iot-device-02, thingid=4ae4927a-aefb-4584-a45a-fc4839feffd6, thingarn=arn:aws:iot:us-east-1:507441099951:thing/iot-device-02, thingtypename=null, attributes={installed=1593361211, latitude=32.8205865, longitude=-96.871627}, version=1, billinggroupname=null}","2020-11-26 00:00:00.000"
"iot-device-03","1.5946336513962634E9","51.8","70.88","false","false","0.0078","0.0051","0.0209","2020-11-26T17:14:43.860+0000","{defaultclientid=iot-device-03, thingname=iot-device-03, thingid=877352b9-a35d-45d3-9c98-162d89965a13, thingarn=arn:aws:iot:us-east-1:507441099951:thing/iot-device-03, thingtypename=null, attributes={installed=1592562234, latitude=37.4133144, longitude=-122.1513069}, version=1, billinggroupname=null}","2020-11-26 00:00:00.000"
"iot-device-01","1.5946336540479155E9","75.2","67.1","false","false","0.0064","0.0039","0.0169","2020-11-26T17:14:44.160+0000","{defaultclientid=iot-device-01, thingname=iot-device-01, thingid=983c2b68-f9a3-4e83-b3c6-9f6f8ad5431b, thingarn=arn:aws:iot:us-east-1:507441099951:thing/iot-device-01, thingtypename=null, attributes={installed=1594665292, latitude=37.4133144, longitude=-122.1513069}, version=1, billinggroupname=null}","2020-11-26 00:00:00.000"
"iot-device-02","1.5946336550369794E9","59.6","74.66","true","false","0.0073","0.0046","0.0194","2020-11-26T17:14:44.458+0000","{defaultclientid=iot-device-02, thingname=iot-device-02, thingid=4ae4927a-aefb-4584-a45a-fc4839feffd6, thingarn=arn:aws:iot:us-east-1:507441099951:thing/iot-device-02, thingtypename=null, attributes={installed=1593361211, latitude=32.8205865, longitude=-96.871627}, version=1, billinggroupname=null}","2020-11-26 00:00:00.000"
"iot-device-03","1.5946077987571626E9","50.1","72.14","false","false","0.0079","0.0051","0.021","2020-11-26T17:00:59.901+0000","{defaultclientid=iot-device-03, thingname=iot-device-03, thingid=877352b9-a35d-45d3-9c98-162d89965a13, thingarn=arn:aws:iot:us-east-1:507441099951:thing/iot-device-03, thingtypename=null, attributes={installed=1592562234, latitude=37.4133144, longitude=-122.1513069}, version=1, billinggroupname=null}","2020-11-26 00:00:00.000"
"iot-device-01","1.5946078012514894E9","74.1","66.38","false","false","0.0091","0.0063","0.0244","2020-11-26T17:01:00.197+0000","{defaultclientid=iot-device-01, thingname=iot-device-01, thingid=983c2b68-f9a3-4e83-b3c6-9f6f8ad5431b, thingarn=arn:aws:iot:us-east-1:507441099951:thing/iot-device-01, thingtypename=null, attributes={installed=1594665292, latitude=37.4133144, longitude=-122.1513069}, version=1, billinggroupname=null}","2020-11-26 00:00:00.000"
"iot-device-02","1.594607802280233E9","59.4","78.62","true","false","0.0073","0.0046","0.0193","2020-11-26T17:01:00.488+0000","{defaultclientid=iot-device-02, thingname=iot-device-02, thingid=4ae4927a-aefb-4584-a45a-fc4839feffd6, thingarn=arn:aws:iot:us-east-1:507441099951:thing/iot-device-02, thingtypename=null, attributes={installed=1593361211, latitude=32.8205865, longitude=-96.871627}, version=1, billinggroupname=null}","2020-11-26 00:00:00.000"
"iot-device-03","1.594607802443095E9","50.1","72.14","false","false","0.0079","0.0052","0.0211","2020-11-26T17:01:00.781+0000","{defaultclientid=iot-device-03, thingname=iot-device-03, thingid=877352b9-a35d-45d3-9c98-162d89965a13, thingarn=arn:aws:iot:us-east-1:507441099951:thing/iot-device-03, thingtypename=null, attributes={installed=1592562234, latitude=37.4133144, longitude=-122.1513069}, version=1, billinggroupname=null}","2020-11-26 00:00:00.000"
"iot-device-01","1.5946078050706258E9","74.1","66.38","false","false","0.0091","0.0063","0.0244","2020-11-26T17:01:01.094+0000","{defaultclientid=iot-device-01, thingname=iot-device-01, thingid=983c2b68-f9a3-4e83-b3c6-9f6f8ad5431b, thingarn=arn:aws:iot:us-east-1:507441099951:thing/iot-device-01, thingtypename=null, attributes={installed=1594665292, latitude=37.4133144, longitude=-122.1513069}, version=1, billinggroupname=null}","2020-11-26 00:00:00.000"
"iot-device-03","1.5946078061290286E9","50.2","72.14","false","false","0.0078","0.0051","0.0209","2020-11-26T17:01:01.387+0000","{defaultclientid=iot-device-03, thingname=iot-device-03, thingid=877352b9-a35d-45d3-9c98-162d89965a13, thingarn=arn:aws:iot:us-east-1:507441099951:thing/iot-device-03, thingtypename=null, attributes={installed=1592562234, latitude=37.4133144, longitude=-122.1513069}, version=1, billinggroupname=null}","2020-11-26 00:00:00.000"
"iot-device-02","1.5946078076908526E9","59.5","78.8","true","false","0.0072","0.0046","0.0192","2020-11-26T17:01:01.690+0000","{defaultclientid=iot-device-02, thingname=iot-device-02, thingid=4ae4927a-aefb-4584-a45a-fc4839feffd6, thingarn=arn:aws:iot:us-east-1:507441099951:thing/iot-device-02, thingtypename=null, attributes={installed=1593361211, latitude=32.8205865, longitude=-96.871627}, version=1, billinggroupname=null}","2020-11-26 00:00:00.000"
"iot-device-03","1.5946078098154233E9","50.2","72.14","false","false","0.0079","0.0052","0.0212","2020-11-26T17:01:02.024+0000","{defaultclientid=iot-device-03, thingname=iot-device-03, thingid=877352b9-a35d-45d3-9c98-162d89965a13, thingarn=arn:aws:iot:us-east-1:507441099951:thing/iot-device-03, thingtypename=null, attributes={installed=1592562234, latitude=37.4133144, longitude=-122.1513069}, version=1, billinggroupname=null}","2020-11-26 00:00:00.000"
"iot-device-01","1.5946078104973645E9","74.2","66.38","false","false","0.0091","0.0063","0.0244","2020-11-26T17:01:02.314+0000","{defaultclientid=iot-device-01, thingname=iot-device-01, thingid=983c2b68-f9a3-4e83-b3c6-9f6f8ad5431b, thingarn=arn:aws:iot:us-east-1:507441099951:thing/iot-device-01, thingtypename=null, attributes={installed=1594665292, latitude=37.4133144, longitude=-122.1513069}, version=1, billinggroupname=null}","2020-11-26 00:00:00.000"
"iot-device-02","1.5946078125664654E9","59.5","78.8","true","false","0.0073","0.0046","0.0193","2020-11-26T17:01:02.597+0000","{defaultclientid=iot-device-02, thingname=iot-device-02, thingid=4ae4927a-aefb-4584-a45a-fc4839feffd6, thingarn=arn:aws:iot:us-east-1:507441099951:thing/iot-device-02, thingtypename=null, attributes={installed=1593361211, latitude=32.8205865, longitude=-96.871627}, version=1, billinggroupname=null}","2020-11-26 00:00:00.000"
"iot-device-03","1.5946078135018072E9","50.2","72.14","false","false","0.0078","0.0051","0.0209","2020-11-26T17:01:02.893+0000","{defaultclientid=iot-device-03, thingname=iot-device-03, thingid=877352b9-a35d-45d3-9c98-162d89965a13, thingarn=arn:aws:iot:us-east-1:507441099951:thing/iot-device-03, thingtypename=null, attributes={installed=1592562234, latitude=37.4133144, longitude=-122.1513069}, version=1, billinggroupname=null}","2020-11-26 00:00:00.000"
"iot-device-01","1.59460781431242E9","74.2","66.56","false","false","0.0091","0.0063","0.0244","2020-11-26T17:01:03.192+0000","{defaultclientid=iot-device-01, thingname=iot-device-01, thingid=983c2b68-f9a3-4e83-b3c6-9f6f8ad5431b, thingarn=arn:aws:iot:us-east-1:507441099951:thing/iot-device-01, thingtypename=null, attributes={installed=1594665292, latitude=37.4133144, longitude=-122.1513069}, version=1, billinggroupname=null}","2020-11-26 00:00:00.000"
"iot-device-02","1.5946078163735852E9","59.4","78.62","true","false","0.0073","0.0046","0.0194","2020-11-26T17:01:03.478+0000","{defaultclientid=iot-device-02, thingname=iot-device-02, thingid=4ae4927a-aefb-4584-a45a-fc4839feffd6, thingarn=arn:aws:iot:us-east-1:507441099951:thing/iot-device-02, thingtypename=null, attributes={installed=1593361211, latitude=32.8205865, longitude=-96.871627}, version=1, billinggroupname=null}","2020-11-26 00:00:00.000"
"iot-device-03","1.5946078171877706E9","50.1","72.14","false","false","0.0079","0.0051","0.021","2020-11-26T17:01:03.770+0000","{defaultclientid=iot-device-03, thingname=iot-device-03, thingid=877352b9-a35d-45d3-9c98-162d89965a13, thingarn=arn:aws:iot:us-east-1:507441099951:thing/iot-device-03, thingtypename=null, attributes={installed=1592562234, latitude=37.4133144, longitude=-122.1513069}, version=1, billinggroupname=null}","2020-11-26 00:00:00.000"
"iot-device-01","1.5946078191990619E9","74.3","66.56","false","false","0.0091","0.0063","0.0244","2020-11-26T17:01:04.066+0000","{defaultclientid=iot-device-01, thingname=iot-device-01, thingid=983c2b68-f9a3-4e83-b3c6-9f6f8ad5431b, thingarn=arn:aws:iot:us-east-1:507441099951:thing/iot-device-01, thingtypename=null, attributes={installed=1594665292, latitude=37.4133144, longitude=-122.1513069}, version=1, billinggroupname=null}","2020-11-26 00:00:00.000"
"iot-device-02","1.5946078207158265E9","59.5","78.8","true","false","0.0072","0.0046","0.0193","2020-11-26T17:01:04.362+0000","{defaultclientid=iot-device-02, thingname=iot-device-02, thingid=4ae4927a-aefb-4584-a45a-fc4839feffd6, thingarn=arn:aws:iot:us-east-1:507441099951:thing/iot-device-02, thingtypename=null, attributes={installed=1593361211, latitude=32.8205865, longitude=-96.871627}, version=1, billinggroupname=null}","2020-11-26 00:00:00.000"
"iot-device-03","1.5946078208736987E9","50.1","72.14","false","false","0.0078","0.0051","0.0209","2020-11-26T17:01:04.651+0000","{defaultclientid=iot-device-03, thingname=iot-device-03, thingid=877352b9-a35d-45d3-9c98-162d89965a13, thingarn=arn:aws:iot:us-east-1:507441099951:thing/iot-device-03, thingtypename=null, attributes={installed=1592562234, latitude=37.4133144, longitude=-122.1513069}, version=1, billinggroupname=null}","2020-11-26 00:00:00.000"
"iot-device-03","1.5946078245595329E9","50.1","72.14","false","false","0.0078","0.0051","0.021","2020-11-26T17:01:04.946+0000","{defaultclientid=iot-device-03, thingname=iot-device-03, thingid=877352b9-a35d-45d3-9c98-162d89965a13, thingarn=arn:aws:iot:us-east-1:507441099951:thing/iot-device-03, thingtypename=null, attributes={installed=1592562234, latitude=37.4133144, longitude=-122.1513069}, version=1, billinggroupname=null}","2020-11-26 00:00:00.000"
"iot-device-02","1.5946078272174776E9","59.6","78.8","true","false","0.0072","0.0046","0.0192","2020-11-26T17:01:05.231+0000","{defaultclientid=iot-device-02, thingname=iot-device-02, thingid=4ae4927a-aefb-4584-a45a-fc4839feffd6, thingarn=arn:aws:iot:us-east-1:507441099951:thing/iot-device-02, thingtypename=null, attributes={installed=1593361211, latitude=32.8205865, longitude=-96.871627}, version=1, billinggroupname=null}","2020-11-26 00:00:00.000"
"iot-device-03","1.5946078282455127E9","50.2","72.14","false","false","0.0078","0.0051","0.0209","2020-11-26T17:01:05.531+0000","{defaultclientid=iot-device-03, thingname=iot-device-03, thingid=877352b9-a35d-45d3-9c98-162d89965a13, thingarn=arn:aws:iot:us-east-1:507441099951:thing/iot-device-03, thingtypename=null, attributes={installed=1592562234, latitude=37.4133144, longitude=-122.1513069}, version=1, billinggroupname=null}","2020-11-26 00:00:00.000"
"iot-device-01","1.5946078283780253E9","74.2","66.38","false","false","0.0092","0.0064","0.0248","2020-11-26T17:01:05.834+0000","{defaultclientid=iot-device-01, thingname=iot-device-01, thingid=983c2b68-f9a3-4e83-b3c6-9f6f8ad5431b, thingarn=arn:aws:iot:us-east-1:507441099951:thing/iot-device-01, thingtypename=null, attributes={installed=1594665292, latitude=37.4133144, longitude=-122.1513069}, version=1, billinggroupname=null}","2020-11-26 00:00:00.000"
"iot-device-03","1.5946078319313185E9","50.2","72.14","false","false","0.0078","0.0051","0.0209","2020-11-26T17:01:06.134+0000","{defaultclientid=iot-device-03, thingname=iot-device-03, thingid=877352b9-a35d-45d3-9c98-162d89965a13, thingarn=arn:aws:iot:us-east-1:507441099951:thing/iot-device-03, thingtypename=null, attributes={installed=1592562234, latitude=37.4133144, longitude=-122.1513069}, version=1, billinggroupname=null}","2020-11-26 00:00:00.000"
"iot-device-03","1.5946078356174564E9","50.2","72.14","false","false","0.0079","0.0052","0.0211","2020-11-26T17:01:06.421+0000","{defaultclientid=iot-device-03, thingname=iot-device-03, thingid=877352b9-a35d-45d3-9c98-162d89965a13, thingarn=arn:aws:iot:us-east-1:507441099951:thing/iot-device-03, thingtypename=null, attributes={installed=1592562234, latitude=37.4133144, longitude=-122.1513069}, version=1, billinggroupname=null}","2020-11-26 00:00:00.000"
"iot-device-02","1.5946078358410487E9","59.5","78.62","true","false","0.0073","0.0046","0.0194","2020-11-26T17:01:06.711+0000","{defaultclientid=iot-device-02, thingname=iot-device-02, thingid=4ae4927a-aefb-4584-a45a-fc4839feffd6, thingarn=arn:aws:iot:us-east-1:507441099951:thing/iot-device-02, thingtypename=null, attributes={installed=1593361211, latitude=32.8205865, longitude=-96.871627}, version=1, billinggroupname=null}","2020-11-26 00:00:00.000"
"iot-device-03","1.5946078393034592E9","50.2","72.14","false","false","0.0079","0.0052","0.0211","2020-11-26T17:01:07.001+0000","{defaultclientid=iot-device-03, thingname=iot-device-03, thingid=877352b9-a35d-45d3-9c98-162d89965a13, thingarn=arn:aws:iot:us-east-1:507441099951:thing/iot-device-03, thingtypename=null, attributes={installed=1592562234, latitude=37.4133144, longitude=-122.1513069}, version=1, billinggroupname=null}","2020-11-26 00:00:00.000"
"iot-device-01","1.5946078421447473E9","74.2","66.56","false","false","0.0092","0.0064","0.0247","2020-11-26T17:01:07.302+0000","{defaultclientid=iot-device-01, thingname=iot-device-01, thingid=983c2b68-f9a3-4e83-b3c6-9f6f8ad5431b, thingarn=arn:aws:iot:us-east-1:507441099951:thing/iot-device-01, thingtypename=null, attributes={installed=1594665292, latitude=37.4133144, longitude=-122.1513069}, version=1, billinggroupname=null}","2020-11-26 00:00:00.000"
"iot-device-03","1.5946078429896336E9","50.2","72.14","false","false","0.0079","0.0051","0.021","2020-11-26T17:01:07.590+0000","{defaultclientid=iot-device-03, thingname=iot-device-03, thingid=877352b9-a35d-45d3-9c98-162d89965a13, thingarn=arn:aws:iot:us-east-1:507441099951:thing/iot-device-03, thingtypename=null, attributes={installed=1592562234, latitude=37.4133144, longitude=-122.1513069}, version=1, billinggroupname=null}","2020-11-26 00:00:00.000"
"iot-device-03","1.594607846674691E9","50.2","72.14","false","false","0.0079","0.0052","0.0211","2020-11-26T17:01:07.883+0000","{defaultclientid=iot-device-03, thingname=iot-device-03, thingid=877352b9-a35d-45d3-9c98-162d89965a13, thingarn=arn:aws:iot:us-east-1:507441099951:thing/iot-device-03, thingtypename=null, attributes={installed=1592562234, latitude=37.4133144, longitude=-122.1513069}, version=1, billinggroupname=null}","2020-11-26 00:00:00.000"
"iot-device-01","1.594607848646805E9","74.1","66.38","false","false","0.0093","0.0064","0.025","2020-11-26T17:01:08.168+0000","{defaultclientid=iot-device-01, thingname=iot-device-01, thingid=983c2b68-f9a3-4e83-b3c6-9f6f8ad5431b, thingarn=arn:aws:iot:us-east-1:507441099951:thing/iot-device-01, thingtypename=null, attributes={installed=1594665292, latitude=37.4133144, longitude=-122.1513069}, version=1, billinggroupname=null}","2020-11-26 00:00:00.000"
"iot-device-03","1.5946078503606195E9","50.2","72.14","false","false","0.0079","0.0052","0.021","2020-11-26T17:01:08.460+0000","{defaultclientid=iot-device-03, thingname=iot-device-03, thingid=877352b9-a35d-45d3-9c98-162d89965a13, thingarn=arn:aws:iot:us-east-1:507441099951:thing/iot-device-03, thingtypename=null, attributes={installed=1592562234, latitude=37.4133144, longitude=-122.1513069}, version=1, billinggroupname=null}","2020-11-26 00:00:00.000"
"iot-device-03","1.5946079387957342E9","50.1","72.14","false","false","0.0079","0.0051","0.021","2020-11-26T17:01:23.508+0000","{defaultclientid=iot-device-03, thingname=iot-device-03, thingid=877352b9-a35d-45d3-9c98-162d89965a13, thingarn=arn:aws:iot:us-east-1:507441099951:thing/iot-device-03, thingtypename=null, attributes={installed=1592562234, latitude=37.4133144, longitude=-122.1513069}, version=1, billinggroupname=null}","2020-11-26 00:00:00.000"
"iot-device-02","1.5946079389225955E9","59.3","78.8","true","false","0.0072","0.0046","0.0192","2020-11-26T17:01:23.798+0000","{defaultclientid=iot-device-02, thingname=iot-device-02, thingid=4ae4927a-aefb-4584-a45a-fc4839feffd6, thingarn=arn:aws:iot:us-east-1:507441099951:thing/iot-device-02, thingtypename=null, attributes={installed=1593361211, latitude=32.8205865, longitude=-96.871627}, version=1, billinggroupname=null}","2020-11-26 00:00:00.000"
"iot-device-01","1.594607941961693E9","74.2","66.38","false","false","0.0091","0.0063","0.0246","2020-11-26T17:01:24.095+0000","{defaultclientid=iot-device-01, thingname=iot-device-01, thingid=983c2b68-f9a3-4e83-b3c6-9f6f8ad5431b, thingarn=arn:aws:iot:us-east-1:507441099951:thing/iot-device-01, thingtypename=null, attributes={installed=1594665292, latitude=37.4133144, longitude=-122.1513069}, version=1, billinggroupname=null}","2020-11-26 00:00:00.000"
"iot-device-03","1.5946079424821782E9","50.1","72.14","false","false","0.0079","0.0051","0.021","2020-11-26T17:01:24.387+0000","{defaultclientid=iot-device-03, thingname=iot-device-03, thingid=877352b9-a35d-45d3-9c98-162d89965a13, thingarn=arn:aws:iot:us-east-1:507441099951:thing/iot-device-03, thingtypename=null, attributes={installed=1592562234, latitude=37.4133144, longitude=-122.1513069}, version=1, billinggroupname=null}","2020-11-26 00:00:00.000"
"iot-device-02","1.594607942740561E9","59.2","78.62","true","false","0.0072","0.0046","0.0192","2020-11-26T17:01:24.675+0000","{defaultclientid=iot-device-02, thingname=iot-device-02, thingid=4ae4927a-aefb-4584-a45a-fc4839feffd6, thingarn=arn:aws:iot:us-east-1:507441099951:thing/iot-device-02, thingtypename=null, attributes={installed=1593361211, latitude=32.8205865, longitude=-96.871627}, version=1, billinggroupname=null}","2020-11-26 00:00:00.000"
"iot-device-03","1.5946079461618323E9","50.1","72.14","false","false","0.0079","0.0052","0.021","2020-11-26T17:01:24.972+0000","{defaultclientid=iot-device-03, thingname=iot-device-03, thingid=877352b9-a35d-45d3-9c98-162d89965a13, thingarn=arn:aws:iot:us-east-1:507441099951:thing/iot-device-03, thingtypename=null, attributes={installed=1592562234, latitude=37.4133144, longitude=-122.1513069}, version=1, billinggroupname=null}","2020-11-26 00:00:00.000"
"iot-device-02","1.594607947080893E9","59.4","78.8","true","false","0.0072","0.0046","0.0192","2020-11-26T17:01:25.267+0000","{defaultclientid=iot-device-02, thingname=iot-device-02, thingid=4ae4927a-aefb-4584-a45a-fc4839feffd6, thingarn=arn:aws:iot:us-east-1:507441099951:thing/iot-device-02, thingtypename=null, attributes={installed=1593361211, latitude=32.8205865, longitude=-96.871627}, version=1, billinggroupname=null}","2020-11-26 00:00:00.000"
"iot-device-01","1.5946079473913536E9","74.3","66.38","false","false","0.0091","0.0063","0.0244","2020-11-26T17:01:25.551+0000","{defaultclientid=iot-device-01, thingname=iot-device-01, thingid=983c2b68-f9a3-4e83-b3c6-9f6f8ad5431b, thingarn=arn:aws:iot:us-east-1:507441099951:thing/iot-device-01, thingtypename=null, attributes={installed=1594665292, latitude=37.4133144, longitude=-122.1513069}, version=1, billinggroupname=null}","2020-11-26 00:00:00.000"
"iot-device-03","1.5946079498479078E9","50.1","72.14","false","false","0.0078","0.0051","0.021","2020-11-26T17:01:25.850+0000","{defaultclientid=iot-device-03, thingname=iot-device-03, thingid=877352b9-a35d-45d3-9c98-162d89965a13, thingarn=arn:aws:iot:us-east-1:507441099951:thing/iot-device-03, thingtypename=null, attributes={installed=1592562234, latitude=37.4133144, longitude=-122.1513069}, version=1, billinggroupname=null}","2020-11-26 00:00:00.000"
"iot-device-03","1.5946079535324342E9","50.1","72.14","false","false","0.0079","0.0052","0.021","2020-11-26T17:01:26.143+0000","{defaultclientid=iot-device-03, thingname=iot-device-03, thingid=877352b9-a35d-45d3-9c98-162d89965a13, thingarn=arn:aws:iot:us-east-1:507441099951:thing/iot-device-03, thingtypename=null, attributes={installed=1592562234, latitude=37.4133144, longitude=-122.1513069}, version=1, billinggroupname=null}","2020-11-26 00:00:00.000"
"iot-device-01","1.5946078997204773E9","74.3","66.38","false","false","0.0092","0.0064","0.0248","2020-11-26T17:01:17.622+0000","{defaultclientid=iot-device-01, thingname=iot-device-01, thingid=983c2b68-f9a3-4e83-b3c6-9f6f8ad5431b, thingarn=arn:aws:iot:us-east-1:507441099951:thing/iot-device-01, thingtypename=null, attributes={installed=1594665292, latitude=37.4133144, longitude=-122.1513069}, version=1, billinggroupname=null}","2020-11-26 00:00:00.000"
"iot-device-03","1.5946079019844651E9","50.1","72.14","false","false","0.0079","0.0052","0.0211","2020-11-26T17:01:17.910+0000","{defaultclientid=iot-device-03, thingname=iot-device-03, thingid=877352b9-a35d-45d3-9c98-162d89965a13, thingarn=arn:aws:iot:us-east-1:507441099951:thing/iot-device-03, thingtypename=null, attributes={installed=1592562234, latitude=37.4133144, longitude=-122.1513069}, version=1, billinggroupname=null}","2020-11-26 00:00:00.000"
"iot-device-02","1.5946079036465032E9","59.3","78.62","true","false","0.0073","0.0046","0.0194","2020-11-26T17:01:18.212+0000","{defaultclientid=iot-device-02, thingname=iot-device-02, thingid=4ae4927a-aefb-4584-a45a-fc4839feffd6, thingarn=arn:aws:iot:us-east-1:507441099951:thing/iot-device-02, thingtypename=null, attributes={installed=1593361211, latitude=32.8205865, longitude=-96.871627}, version=1, billinggroupname=null}","2020-11-26 00:00:00.000"
"iot-device-03","1.5946079056723304E9","50.1","72.14","false","false","0.0078","0.0051","0.021","2020-11-26T17:01:18.510+0000","{defaultclientid=iot-device-03, thingname=iot-device-03, thingid=877352b9-a35d-45d3-9c98-162d89965a13, thingarn=arn:aws:iot:us-east-1:507441099951:thing/iot-device-03, thingtypename=null, attributes={installed=1592562234, latitude=37.4133144, longitude=-122.1513069}, version=1, billinggroupname=null}","2020-11-26 00:00:00.000"
"iot-device-01","1.5946079062199795E9","74.3","66.38","false","false","0.0091","0.0063","0.0244","2020-11-26T17:01:18.810+0000","{defaultclientid=iot-device-01, thingname=iot-device-01, thingid=983c2b68-f9a3-4e83-b3c6-9f6f8ad5431b, thingarn=arn:aws:iot:us-east-1:507441099951:thing/iot-device-01, thingtypename=null, attributes={installed=1594665292, latitude=37.4133144, longitude=-122.1513069}, version=1, billinggroupname=null}","2020-11-26 00:00:00.000"
"iot-device-03","1.5946079093024325E9","50.1","72.14","false","false","0.0079","0.0051","0.021","2020-11-26T17:01:19.098+0000","{defaultclientid=iot-device-03, thingname=iot-device-03, thingid=877352b9-a35d-45d3-9c98-162d89965a13, thingarn=arn:aws:iot:us-east-1:507441099951:thing/iot-device-03, thingtypename=null, attributes={installed=1592562234, latitude=37.4133144, longitude=-122.1513069}, version=1, billinggroupname=null}","2020-11-26 00:00:00.000"
"iot-device-01","1.5946079127219644E9","74.3","66.38","false","false","0.0091","0.0063","0.0244","2020-11-26T17:01:19.394+0000","{defaultclientid=iot-device-01, thingname=iot-device-01, thingid=983c2b68-f9a3-4e83-b3c6-9f6f8ad5431b, thingarn=arn:aws:iot:us-east-1:507441099951:thing/iot-device-01, thingtypename=null, attributes={installed=1594665292, latitude=37.4133144, longitude=-122.1513069}, version=1, billinggroupname=null}","2020-11-26 00:00:00.000"
"iot-device-03","1.5946079129925306E9","50.1","72.14","false","false","0.0078","0.0051","0.0209","2020-11-26T17:01:19.680+0000","{defaultclientid=iot-device-03, thingname=iot-device-03, thingid=877352b9-a35d-45d3-9c98-162d89965a13, thingarn=arn:aws:iot:us-east-1:507441099951:thing/iot-device-03, thingtypename=null, attributes={installed=1592562234, latitude=37.4133144, longitude=-122.1513069}, version=1, billinggroupname=null}","2020-11-26 00:00:00.000"
"iot-device-03","1.5946079166790314E9","50.1","72.14","false","false","0.0079","0.0051","0.021","2020-11-26T17:01:19.981+0000","{defaultclientid=iot-device-03, thingname=iot-device-03, thingid=877352b9-a35d-45d3-9c98-162d89965a13, thingarn=arn:aws:iot:us-east-1:507441099951:thing/iot-device-03, thingtypename=null, attributes={installed=1592562234, latitude=37.4133144, longitude=-122.1513069}, version=1, billinggroupname=null}","2020-11-26 00:00:00.000"
"iot-device-02","1.5946079194725807E9","59.2","78.62","true","false","0.0073","0.0046","0.0194","2020-11-26T17:01:20.262+0000","{defaultclientid=iot-device-02, thingname=iot-device-02, thingid=4ae4927a-aefb-4584-a45a-fc4839feffd6, thingarn=arn:aws:iot:us-east-1:507441099951:thing/iot-device-02, thingtypename=null, attributes={installed=1593361211, latitude=32.8205865, longitude=-96.871627}, version=1, billinggroupname=null}","2020-11-26 00:00:00.000"
"iot-device-02","1.5946079746175294E9","59.3","78.62","true","false","0.0072","0.0046","0.0192","2020-11-26T17:01:29.336+0000","{defaultclientid=iot-device-02, thingname=iot-device-02, thingid=4ae4927a-aefb-4584-a45a-fc4839feffd6, thingarn=arn:aws:iot:us-east-1:507441099951:thing/iot-device-02, thingtypename=null, attributes={installed=1593361211, latitude=32.8205865, longitude=-96.871627}, version=1, billinggroupname=null}","2020-11-26 00:00:00.000"
"iot-device-03","1.5946079756484833E9","50.1","72.14","false","false","0.0078","0.0051","0.0209","2020-11-26T17:01:29.645+0000","{defaultclientid=iot-device-03, thingname=iot-device-03, thingid=877352b9-a35d-45d3-9c98-162d89965a13, thingarn=arn:aws:iot:us-east-1:507441099951:thing/iot-device-03, thingtypename=null, attributes={installed=1592562234, latitude=37.4133144, longitude=-122.1513069}, version=1, billinggroupname=null}","2020-11-26 00:00:00.000"
"iot-device-03","1.594607979334518E9","50.0","72.14","false","false","0.0078","0.0051","0.021","2020-11-26T17:01:29.950+0000","{defaultclientid=iot-device-03, thingname=iot-device-03, thingid=877352b9-a35d-45d3-9c98-162d89965a13, thingarn=arn:aws:iot:us-east-1:507441099951:thing/iot-device-03, thingtypename=null, attributes={installed=1592562234, latitude=37.4133144, longitude=-122.1513069}, version=1, billinggroupname=null}","2020-11-26 00:00:00.000"
"iot-device-01","1.5946078682223988E9","74.3","66.56","false","false","0.009","0.0062","0.0242","2020-11-26T17:01:11.698+0000","{defaultclientid=iot-device-01, thingname=iot-device-01, thingid=983c2b68-f9a3-4e83-b3c6-9f6f8ad5431b, thingarn=arn:aws:iot:us-east-1:507441099951:thing/iot-device-01, thingtypename=null, attributes={installed=1594665292, latitude=37.4133144, longitude=-122.1513069}, version=1, billinggroupname=null}","2020-11-26 00:00:00.000"
"iot-device-02","1.5946078684374607E9","59.4","78.62","true","false","0.0072","0.0046","0.0192","2020-11-26T17:01:11.990+0000","{defaultclientid=iot-device-02, thingname=iot-device-02, thingid=4ae4927a-aefb-4584-a45a-fc4839feffd6, thingarn=arn:aws:iot:us-east-1:507441099951:thing/iot-device-02, thingtypename=null, attributes={installed=1593361211, latitude=32.8205865, longitude=-96.871627}, version=1, billinggroupname=null}","2020-11-26 00:00:00.000"
"iot-device-03","1.5946078687984786E9","50.1","72.14","false","false","0.0079","0.0052","0.021","2020-11-26T17:01:12.292+0000","{defaultclientid=iot-device-03, thingname=iot-device-03, thingid=877352b9-a35d-45d3-9c98-162d89965a13, thingarn=arn:aws:iot:us-east-1:507441099951:thing/iot-device-03, thingtypename=null, attributes={installed=1592562234, latitude=37.4133144, longitude=-122.1513069}, version=1, billinggroupname=null}","2020-11-26 00:00:00.000"
"iot-device-03","1.5946078724845982E9","50.1","72.14","false","false","0.0079","0.0051","0.021","2020-11-26T17:01:12.587+0000","{defaultclientid=iot-device-03, thingname=iot-device-03, thingid=877352b9-a35d-45d3-9c98-162d89965a13, thingarn=arn:aws:iot:us-east-1:507441099951:thing/iot-device-03, thingtypename=null, attributes={installed=1592562234, latitude=37.4133144, longitude=-122.1513069}, version=1, billinggroupname=null}","2020-11-26 00:00:00.000"
"iot-device-01","1.5946078725735102E9","74.4","66.56","false","false","0.0091","0.0063","0.0244","2020-11-26T17:01:12.892+0000","{defaultclientid=iot-device-01, thingname=iot-device-01, thingid=983c2b68-f9a3-4e83-b3c6-9f6f8ad5431b, thingarn=arn:aws:iot:us-east-1:507441099951:thing/iot-device-01, thingtypename=null, attributes={installed=1594665292, latitude=37.4133144, longitude=-122.1513069}, version=1, billinggroupname=null}","2020-11-26 00:00:00.000"
"iot-device-02","1.594607872779874E9","59.4","78.62","true","false","0.0073","0.0046","0.0193","2020-11-26T17:01:13.193+0000","{defaultclientid=iot-device-02, thingname=iot-device-02, thingid=4ae4927a-aefb-4584-a45a-fc4839feffd6, thingarn=arn:aws:iot:us-east-1:507441099951:thing/iot-device-02, thingtypename=null, attributes={installed=1593361211, latitude=32.8205865, longitude=-96.871627}, version=1, billinggroupname=null}","2020-11-26 00:00:00.000"
"iot-device-03","1.5946078761706386E9","50.1","72.14","false","false","0.0078","0.0051","0.0209","2020-11-26T17:01:13.486+0000","{defaultclientid=iot-device-03, thingname=iot-device-03, thingid=877352b9-a35d-45d3-9c98-162d89965a13, thingarn=arn:aws:iot:us-east-1:507441099951:thing/iot-device-03, thingtypename=null, attributes={installed=1592562234, latitude=37.4133144, longitude=-122.1513069}, version=1, billinggroupname=null}","2020-11-26 00:00:00.000"
"iot-device-01","1.5946078769287837E9","74.4","66.56","false","false","0.0091","0.0063","0.0244","2020-11-26T17:01:13.770+0000","{defaultclientid=iot-device-01, thingname=iot-device-01, thingid=983c2b68-f9a3-4e83-b3c6-9f6f8ad5431b, thingarn=arn:aws:iot:us-east-1:507441099951:thing/iot-device-01, thingtypename=null, attributes={installed=1594665292, latitude=37.4133144, longitude=-122.1513069}, version=1, billinggroupname=null}","2020-11-26 00:00:00.000"
"iot-device-02","1.5946078787260273E9","59.3","78.62","true","false","0.0072","0.0046","0.0192","2020-11-26T17:01:14.064+0000","{defaultclientid=iot-device-02, thingname=iot-device-02, thingid=4ae4927a-aefb-4584-a45a-fc4839feffd6, thingarn=arn:aws:iot:us-east-1:507441099951:thing/iot-device-02, thingtypename=null, attributes={installed=1593361211, latitude=32.8205865, longitude=-96.871627}, version=1, billinggroupname=null}","2020-11-26 00:00:00.000"
"iot-device-03","1.5946078798565412E9","50.1","72.14","false","false","0.0079","0.0052","0.0211","2020-11-26T17:01:14.357+0000","{defaultclientid=iot-device-03, thingname=iot-device-03, thingid=877352b9-a35d-45d3-9c98-162d89965a13, thingarn=arn:aws:iot:us-east-1:507441099951:thing/iot-device-03, thingtypename=null, attributes={installed=1592562234, latitude=37.4133144, longitude=-122.1513069}, version=1, billinggroupname=null}","2020-11-26 00:00:00.000"
"iot-device-02","1.5946079546312006E9","59.3","78.8","true","false","0.0072","0.0046","0.0192","2020-11-26T17:01:26.429+0000","{defaultclientid=iot-device-02, thingname=iot-device-02, thingid=4ae4927a-aefb-4584-a45a-fc4839feffd6, thingarn=arn:aws:iot:us-east-1:507441099951:thing/iot-device-02, thingtypename=null, attributes={installed=1593361211, latitude=32.8205865, longitude=-96.871627}, version=1, billinggroupname=null}","2020-11-26 00:00:00.000"
"iot-device-03","1.5946079572186234E9","50.1","72.14","false","false","0.0078","0.0051","0.0209","2020-11-26T17:01:26.719+0000","{defaultclientid=iot-device-03, thingname=iot-device-03, thingid=877352b9-a35d-45d3-9c98-162d89965a13, thingarn=arn:aws:iot:us-east-1:507441099951:thing/iot-device-03, thingtypename=null, attributes={installed=1592562234, latitude=37.4133144, longitude=-122.1513069}, version=1, billinggroupname=null}","2020-11-26 00:00:00.000"
"iot-device-03","1.594607960904624E9","50.1","72.14","false","false","0.0079","0.0052","0.0211","2020-11-26T17:01:27.009+0000","{defaultclientid=iot-device-03, thingname=iot-device-03, thingid=877352b9-a35d-45d3-9c98-162d89965a13, thingarn=arn:aws:iot:us-east-1:507441099951:thing/iot-device-03, thingtypename=null, attributes={installed=1592562234, latitude=37.4133144, longitude=-122.1513069}, version=1, billinggroupname=null}","2020-11-26 00:00:00.000"
"iot-device-02","1.5946079632483444E9","59.3","78.62","true","false","0.0072","0.0046","0.0192","2020-11-26T17:01:27.303+0000","{defaultclientid=iot-device-02, thingname=iot-device-02, thingid=4ae4927a-aefb-4584-a45a-fc4839feffd6, thingarn=arn:aws:iot:us-east-1:507441099951:thing/iot-device-02, thingtypename=null, attributes={installed=1593361211, latitude=32.8205865, longitude=-96.871627}, version=1, billinggroupname=null}","2020-11-26 00:00:00.000"
"iot-device-03","1.5946079645906312E9","50.1","72.14","false","false","0.0079","0.0052","0.0211","2020-11-26T17:01:27.599+0000","{defaultclientid=iot-device-03, thingname=iot-device-03, thingid=877352b9-a35d-45d3-9c98-162d89965a13, thingarn=arn:aws:iot:us-east-1:507441099951:thing/iot-device-03, thingtypename=null, attributes={installed=1592562234, latitude=37.4133144, longitude=-122.1513069}, version=1, billinggroupname=null}","2020-11-26 00:00:00.000"
"iot-device-01","1.5946079649157624E9","74.2","66.38","false","false","0.0093","0.0064","0.025","2020-11-26T17:01:27.889+0000","{defaultclientid=iot-device-01, thingname=iot-device-01, thingid=983c2b68-f9a3-4e83-b3c6-9f6f8ad5431b, thingarn=arn:aws:iot:us-east-1:507441099951:thing/iot-device-01, thingtypename=null, attributes={installed=1594665292, latitude=37.4133144, longitude=-122.1513069}, version=1, billinggroupname=null}","2020-11-26 00:00:00.000"
"iot-device-03","1.5946079682765794E9","50.1","72.14","false","false","0.0079","0.0051","0.021","2020-11-26T17:01:28.170+0000","{defaultclientid=iot-device-03, thingname=iot-device-03, thingid=877352b9-a35d-45d3-9c98-162d89965a13, thingarn=arn:aws:iot:us-east-1:507441099951:thing/iot-device-03, thingtypename=null, attributes={installed=1592562234, latitude=37.4133144, longitude=-122.1513069}, version=1, billinggroupname=null}","2020-11-26 00:00:00.000"
"iot-device-02","1.5946079686665616E9","59.3","78.62","true","false","0.0073","0.0046","0.0193","2020-11-26T17:01:28.461+0000","{defaultclientid=iot-device-02, thingname=iot-device-02, thingid=4ae4927a-aefb-4584-a45a-fc4839feffd6, thingarn=arn:aws:iot:us-east-1:507441099951:thing/iot-device-02, thingtypename=null, attributes={installed=1593361211, latitude=32.8205865, longitude=-96.871627}, version=1, billinggroupname=null}","2020-11-26 00:00:00.000"
"iot-device-01","1.5946079719587636E9","74.2","66.38","false","false","0.0091","0.0063","0.0246","2020-11-26T17:01:28.743+0000","{defaultclientid=iot-device-01, thingname=iot-device-01, thingid=983c2b68-f9a3-4e83-b3c6-9f6f8ad5431b, thingarn=arn:aws:iot:us-east-1:507441099951:thing/iot-device-01, thingtypename=null, attributes={installed=1594665292, latitude=37.4133144, longitude=-122.1513069}, version=1, billinggroupname=null}","2020-11-26 00:00:00.000"
"iot-device-03","1.5946079719625149E9","50.1","72.14","false","false","0.0079","0.0051","0.021","2020-11-26T17:01:29.037+0000","{defaultclientid=iot-device-03, thingname=iot-device-03, thingid=877352b9-a35d-45d3-9c98-162d89965a13, thingarn=arn:aws:iot:us-east-1:507441099951:thing/iot-device-03, thingtypename=null, attributes={installed=1592562234, latitude=37.4133144, longitude=-122.1513069}, version=1, billinggroupname=null}","2020-11-26 00:00:00.000"
"iot-device-01","1.5946079202978208E9","74.3","66.38","false","false","0.0092","0.0064","0.0248","2020-11-26T17:01:20.548+0000","{defaultclientid=iot-device-01, thingname=iot-device-01, thingid=983c2b68-f9a3-4e83-b3c6-9f6f8ad5431b, thingarn=arn:aws:iot:us-east-1:507441099951:thing/iot-device-01, thingtypename=null, attributes={installed=1594665292, latitude=37.4133144, longitude=-122.1513069}, version=1, billinggroupname=null}","2020-11-26 00:00:00.000"
"iot-device-03","1.5946079203652554E9","50.1","72.14","false","false","0.0079","0.0051","0.021","2020-11-26T17:01:20.833+0000","{defaultclientid=iot-device-03, thingname=iot-device-03, thingid=877352b9-a35d-45d3-9c98-162d89965a13, thingarn=arn:aws:iot:us-east-1:507441099951:thing/iot-device-03, thingtypename=null, attributes={installed=1592562234, latitude=37.4133144, longitude=-122.1513069}, version=1, billinggroupname=null}","2020-11-26 00:00:00.000"
"iot-device-03","1.5946079240519595E9","50.1","72.14","false","false","0.0078","0.0051","0.0209","2020-11-26T17:01:21.136+0000","{defaultclientid=iot-device-03, thingname=iot-device-03, thingid=877352b9-a35d-45d3-9c98-162d89965a13, thingarn=arn:aws:iot:us-east-1:507441099951:thing/iot-device-03, thingtypename=null, attributes={installed=1592562234, latitude=37.4133144, longitude=-122.1513069}, version=1, billinggroupname=null}","2020-11-26 00:00:00.000"
"iot-device-02","1.5946079264908779E9","59.2","78.62","true","false","0.0072","0.0046","0.0192","2020-11-26T17:01:21.438+0000","{defaultclientid=iot-device-02, thingname=iot-device-02, thingid=4ae4927a-aefb-4584-a45a-fc4839feffd6, thingarn=arn:aws:iot:us-east-1:507441099951:thing/iot-device-02, thingtypename=null, attributes={installed=1593361211, latitude=32.8205865, longitude=-96.871627}, version=1, billinggroupname=null}","2020-11-26 00:00:00.000"
"iot-device-03","1.5946079277380044E9","50.1","72.14","false","false","0.0078","0.0051","0.0209","2020-11-26T17:01:21.738+0000","{defaultclientid=iot-device-03, thingname=iot-device-03, thingid=877352b9-a35d-45d3-9c98-162d89965a13, thingarn=arn:aws:iot:us-east-1:507441099951:thing/iot-device-03, thingtypename=null, attributes={installed=1592562234, latitude=37.4133144, longitude=-122.1513069}, version=1, billinggroupname=null}","2020-11-26 00:00:00.000"
"iot-device-01","1.594607927868063E9","74.3","66.38","false","false","0.0091","0.0063","0.0244","2020-11-26T17:01:22.039+0000","{defaultclientid=iot-device-01, thingname=iot-device-01, thingid=983c2b68-f9a3-4e83-b3c6-9f6f8ad5431b, thingarn=arn:aws:iot:us-east-1:507441099951:thing/iot-device-01, thingtypename=null, attributes={installed=1594665292, latitude=37.4133144, longitude=-122.1513069}, version=1, billinggroupname=null}","2020-11-26 00:00:00.000"
"iot-device-03","1.5946079314243088E9","50.1","72.14","false","false","0.0079","0.0051","0.021","2020-11-26T17:01:22.337+0000","{defaultclientid=iot-device-03, thingname=iot-device-03, thingid=877352b9-a35d-45d3-9c98-162d89965a13, thingarn=arn:aws:iot:us-east-1:507441099951:thing/iot-device-03, thingtypename=null, attributes={installed=1592562234, latitude=37.4133144, longitude=-122.1513069}, version=1, billinggroupname=null}","2020-11-26 00:00:00.000"
"iot-device-02","1.594607934044849E9","59.2","78.62","true","false","0.0073","0.0046","0.0194","2020-11-26T17:01:22.622+0000","{defaultclientid=iot-device-02, thingname=iot-device-02, thingid=4ae4927a-aefb-4584-a45a-fc4839feffd6, thingarn=arn:aws:iot:us-east-1:507441099951:thing/iot-device-02, thingtypename=null, attributes={installed=1593361211, latitude=32.8205865, longitude=-96.871627}, version=1, billinggroupname=null}","2020-11-26 00:00:00.000"
"iot-device-03","1.5946079351090922E9","50.1","72.14","false","false","0.0079","0.0052","0.021","2020-11-26T17:01:22.925+0000","{defaultclientid=iot-device-03, thingname=iot-device-03, thingid=877352b9-a35d-45d3-9c98-162d89965a13, thingarn=arn:aws:iot:us-east-1:507441099951:thing/iot-device-03, thingtypename=null, attributes={installed=1592562234, latitude=37.4133144, longitude=-122.1513069}, version=1, billinggroupname=null}","2020-11-26 00:00:00.000"
"iot-device-01","1.5946079370687006E9","74.2","66.38","false","false","0.0091","0.0063","0.0246","2020-11-26T17:01:23.215+0000","{defaultclientid=iot-device-01, thingname=iot-device-01, thingid=983c2b68-f9a3-4e83-b3c6-9f6f8ad5431b, thingarn=arn:aws:iot:us-east-1:507441099951:thing/iot-device-01, thingtypename=null, attributes={installed=1594665292, latitude=37.4133144, longitude=-122.1513069}, version=1, billinggroupname=null}","2020-11-26 00:00:00.000"
"iot-device-02","1.594607850598257E9","59.4","78.62","true","false","0.0073","0.0046","0.0194","2020-11-26T17:01:08.749+0000","{defaultclientid=iot-device-02, thingname=iot-device-02, thingid=4ae4927a-aefb-4584-a45a-fc4839feffd6, thingarn=arn:aws:iot:us-east-1:507441099951:thing/iot-device-02, thingtypename=null, attributes={installed=1593361211, latitude=32.8205865, longitude=-96.871627}, version=1, billinggroupname=null}","2020-11-26 00:00:00.000"
"iot-device-03","1.5946078540466454E9","50.2","72.14","false","false","0.0079","0.0051","0.021","2020-11-26T17:01:09.040+0000","{defaultclientid=iot-device-03, thingname=iot-device-03, thingid=877352b9-a35d-45d3-9c98-162d89965a13, thingarn=arn:aws:iot:us-east-1:507441099951:thing/iot-device-03, thingtypename=null, attributes={installed=1592562234, latitude=37.4133144, longitude=-122.1513069}, version=1, billinggroupname=null}","2020-11-26 00:00:00.000"
"iot-device-01","1.5946078551512327E9","74.2","66.38","false","false","0.0093","0.0065","0.0252","2020-11-26T17:01:09.373+0000","{defaultclientid=iot-device-01, thingname=iot-device-01, thingid=983c2b68-f9a3-4e83-b3c6-9f6f8ad5431b, thingarn=arn:aws:iot:us-east-1:507441099951:thing/iot-device-01, thingtypename=null, attributes={installed=1594665292, latitude=37.4133144, longitude=-122.1513069}, version=1, billinggroupname=null}","2020-11-26 00:00:00.000"
"iot-device-02","1.5946078576144779E9","59.4","78.62","true","false","0.0073","0.0046","0.0194","2020-11-26T17:01:09.659+0000","{defaultclientid=iot-device-02, thingname=iot-device-02, thingid=4ae4927a-aefb-4584-a45a-fc4839feffd6, thingarn=arn:aws:iot:us-east-1:507441099951:thing/iot-device-02, thingtypename=null, attributes={installed=1593361211, latitude=32.8205865, longitude=-96.871627}, version=1, billinggroupname=null}","2020-11-26 00:00:00.000"
"iot-device-03","1.594607857732623E9","50.1","72.14","false","false","0.0078","0.0051","0.021","2020-11-26T17:01:09.952+0000","{defaultclientid=iot-device-03, thingname=iot-device-03, thingid=877352b9-a35d-45d3-9c98-162d89965a13, thingarn=arn:aws:iot:us-east-1:507441099951:thing/iot-device-03, thingtypename=null, attributes={installed=1592562234, latitude=37.4133144, longitude=-122.1513069}, version=1, billinggroupname=null}","2020-11-26 00:00:00.000"
"iot-device-01","1.5946078589703405E9","74.2","66.38","false","false","0.0091","0.0063","0.0244","2020-11-26T17:01:10.240+0000","{defaultclientid=iot-device-01, thingname=iot-device-01, thingid=983c2b68-f9a3-4e83-b3c6-9f6f8ad5431b, thingarn=arn:aws:iot:us-east-1:507441099951:thing/iot-device-01, thingtypename=null, attributes={installed=1594665292, latitude=37.4133144, longitude=-122.1513069}, version=1, billinggroupname=null}","2020-11-26 00:00:00.000"
"iot-device-03","1.5946078614187913E9","50.1","72.14","false","false","0.0078","0.0051","0.0209","2020-11-26T17:01:10.530+0000","{defaultclientid=iot-device-03, thingname=iot-device-03, thingid=877352b9-a35d-45d3-9c98-162d89965a13, thingarn=arn:aws:iot:us-east-1:507441099951:thing/iot-device-03, thingtypename=null, attributes={installed=1592562234, latitude=37.4133144, longitude=-122.1513069}, version=1, billinggroupname=null}","2020-11-26 00:00:00.000"
"iot-device-02","1.5946078619553733E9","59.4","78.8","true","false","0.0073","0.0046","0.0194","2020-11-26T17:01:10.821+0000","{defaultclientid=iot-device-02, thingname=iot-device-02, thingid=4ae4927a-aefb-4584-a45a-fc4839feffd6, thingarn=arn:aws:iot:us-east-1:507441099951:thing/iot-device-02, thingtypename=null, attributes={installed=1593361211, latitude=32.8205865, longitude=-96.871627}, version=1, billinggroupname=null}","2020-11-26 00:00:00.000"
"iot-device-01","1.5946078638555114E9","74.2","66.38","false","false","0.0091","0.0063","0.0244","2020-11-26T17:01:11.112+0000","{defaultclientid=iot-device-01, thingname=iot-device-01, thingid=983c2b68-f9a3-4e83-b3c6-9f6f8ad5431b, thingarn=arn:aws:iot:us-east-1:507441099951:thing/iot-device-01, thingtypename=null, attributes={installed=1594665292, latitude=37.4133144, longitude=-122.1513069}, version=1, billinggroupname=null}","2020-11-26 00:00:00.000"
"iot-device-03","1.5946078651054268E9","50.1","72.14","false","false","0.0079","0.0052","0.0211","2020-11-26T17:01:11.400+0000","{defaultclientid=iot-device-03, thingname=iot-device-03, thingid=877352b9-a35d-45d3-9c98-162d89965a13, thingarn=arn:aws:iot:us-east-1:507441099951:thing/iot-device-03, thingtypename=null, attributes={installed=1592562234, latitude=37.4133144, longitude=-122.1513069}, version=1, billinggroupname=null}","2020-11-26 00:00:00.000"
"iot-device-01","1.5946078812947598E9","74.4","66.38","false","false","0.0091","0.0063","0.0244","2020-11-26T17:01:14.657+0000","{defaultclientid=iot-device-01, thingname=iot-device-01, thingid=983c2b68-f9a3-4e83-b3c6-9f6f8ad5431b, thingarn=arn:aws:iot:us-east-1:507441099951:thing/iot-device-01, thingtypename=null, attributes={installed=1594665292, latitude=37.4133144, longitude=-122.1513069}, version=1, billinggroupname=null}","2020-11-26 00:00:00.000"
"iot-device-03","1.594607883542351E9","50.1","72.14","false","false","0.0079","0.0051","0.021","2020-11-26T17:01:14.949+0000","{defaultclientid=iot-device-03, thingname=iot-device-03, thingid=877352b9-a35d-45d3-9c98-162d89965a13, thingarn=arn:aws:iot:us-east-1:507441099951:thing/iot-device-03, thingtypename=null, attributes={installed=1592562234, latitude=37.4133144, longitude=-122.1513069}, version=1, billinggroupname=null}","2020-11-26 00:00:00.000"
"iot-device-02","1.5946078863394065E9","59.3","78.62","true","false","0.0072","0.0046","0.0192","2020-11-26T17:01:15.241+0000","{defaultclientid=iot-device-02, thingname=iot-device-02, thingid=4ae4927a-aefb-4584-a45a-fc4839feffd6, thingarn=arn:aws:iot:us-east-1:507441099951:thing/iot-device-02, thingtypename=null, attributes={installed=1593361211, latitude=32.8205865, longitude=-96.871627}, version=1, billinggroupname=null}","2020-11-26 00:00:00.000"
"iot-device-03","1.5946078872284176E9","50.1","72.14","false","false","0.0079","0.0051","0.021","2020-11-26T17:01:15.538+0000","{defaultclientid=iot-device-03, thingname=iot-device-03, thingid=877352b9-a35d-45d3-9c98-162d89965a13, thingarn=arn:aws:iot:us-east-1:507441099951:thing/iot-device-03, thingtypename=null, attributes={installed=1592562234, latitude=37.4133144, longitude=-122.1513069}, version=1, billinggroupname=null}","2020-11-26 00:00:00.000"
"iot-device-03","1.5946078909205806E9","50.1","72.14","false","false","0.0079","0.0051","0.021","2020-11-26T17:01:15.855+0000","{defaultclientid=iot-device-03, thingname=iot-device-03, thingid=877352b9-a35d-45d3-9c98-162d89965a13, thingarn=arn:aws:iot:us-east-1:507441099951:thing/iot-device-03, thingtypename=null, attributes={installed=1592562234, latitude=37.4133144, longitude=-122.1513069}, version=1, billinggroupname=null}","2020-11-26 00:00:00.000"
"iot-device-01","1.5946078921508765E9","74.3","66.38","false","false","0.0093","0.0064","0.025","2020-11-26T17:01:16.149+0000","{defaultclientid=iot-device-01, thingname=iot-device-01, thingid=983c2b68-f9a3-4e83-b3c6-9f6f8ad5431b, thingarn=arn:aws:iot:us-east-1:507441099951:thing/iot-device-01, thingtypename=null, attributes={installed=1594665292, latitude=37.4133144, longitude=-122.1513069}, version=1, billinggroupname=null}","2020-11-26 00:00:00.000"
"iot-device-02","1.594607893896681E9","59.4","78.8","true","false","0.0072","0.0046","0.0192","2020-11-26T17:01:16.439+0000","{defaultclientid=iot-device-02, thingname=iot-device-02, thingid=4ae4927a-aefb-4584-a45a-fc4839feffd6, thingarn=arn:aws:iot:us-east-1:507441099951:thing/iot-device-02, thingtypename=null, attributes={installed=1593361211, latitude=32.8205865, longitude=-96.871627}, version=1, billinggroupname=null}","2020-11-26 00:00:00.000"
"iot-device-03","1.5946078946084068E9","50.1","72.14","false","false","0.0079","0.0051","0.021","2020-11-26T17:01:16.732+0000","{defaultclientid=iot-device-03, thingname=iot-device-03, thingid=877352b9-a35d-45d3-9c98-162d89965a13, thingarn=arn:aws:iot:us-east-1:507441099951:thing/iot-device-03, thingtypename=null, attributes={installed=1592562234, latitude=37.4133144, longitude=-122.1513069}, version=1, billinggroupname=null}","2020-11-26 00:00:00.000"
"iot-device-02","1.5946078977022295E9","59.5","78.8","true","false","0.0072","0.0046","0.0192","2020-11-26T17:01:17.021+0000","{defaultclientid=iot-device-02, thingname=iot-device-02, thingid=4ae4927a-aefb-4584-a45a-fc4839feffd6, thingarn=arn:aws:iot:us-east-1:507441099951:thing/iot-device-02, thingtypename=null, attributes={installed=1593361211, latitude=32.8205865, longitude=-96.871627}, version=1, billinggroupname=null}","2020-11-26 00:00:00.000"
"iot-device-03","1.5946078982960675E9","50.1","72.14","false","false","0.0079","0.0051","0.021","2020-11-26T17:01:17.315+0000","{defaultclientid=iot-device-03, thingname=iot-device-03, thingid=877352b9-a35d-45d3-9c98-162d89965a13, thingarn=arn:aws:iot:us-east-1:507441099951:thing/iot-device-03, thingtypename=null, attributes={installed=1592562234, latitude=37.4133144, longitude=-122.1513069}, version=1, billinggroupname=null}","2020-11-26 00:00:00.000"
"iot-device-03","1.594598848654028E9","52.0","71.42","false","false","0.0083","0.0056","0.0224","2020-11-26T16:54:42.866+0000","{defaultclientid=iot-device-03, thingname=iot-device-03, thingid=877352b9-a35d-45d3-9c98-162d89965a13, thingarn=arn:aws:iot:us-east-1:507441099951:thing/iot-device-03, thingtypename=null, attributes={installed=1592562234, latitude=37.4133144, longitude=-122.1513069}, version=1, billinggroupname=null}","2020-11-26 00:00:00.000"
"iot-device-02","1.5945988508053262E9","58.1","80.6","true","false","0.0072","0.0046","0.0192","2020-11-26T16:54:43.192+0000","{defaultclientid=iot-device-02, thingname=iot-device-02, thingid=4ae4927a-aefb-4584-a45a-fc4839feffd6, thingarn=arn:aws:iot:us-east-1:507441099951:thing/iot-device-02, thingtypename=null, attributes={installed=1593361211, latitude=32.8205865, longitude=-96.871627}, version=1, billinggroupname=null}","2020-11-26 00:00:00.000"
"iot-device-03","1.5945988523401067E9","52.0","71.42","false","false","0.0084","0.0056","0.0224","2020-11-26T16:54:43.514+0000","{defaultclientid=iot-device-03, thingname=iot-device-03, thingid=877352b9-a35d-45d3-9c98-162d89965a13, thingarn=arn:aws:iot:us-east-1:507441099951:thing/iot-device-03, thingtypename=null, attributes={installed=1592562234, latitude=37.4133144, longitude=-122.1513069}, version=1, billinggroupname=null}","2020-11-26 00:00:00.000"
"iot-device-01","1.5945988526432009E9","74.6","66.02","false","false","0.0138","0.0112","0.0383","2020-11-26T16:54:43.840+0000","{defaultclientid=iot-device-01, thingname=iot-device-01, thingid=983c2b68-f9a3-4e83-b3c6-9f6f8ad5431b, thingarn=arn:aws:iot:us-east-1:507441099951:thing/iot-device-01, thingtypename=null, attributes={installed=1594665292, latitude=37.4133144, longitude=-122.1513069}, version=1, billinggroupname=null}","2020-11-26 00:00:00.000"
"iot-device-03","1.5945988560246367E9","51.9","71.42","false","false","0.0084","0.0056","0.0225","2020-11-26T16:54:44.155+0000","{defaultclientid=iot-device-03, thingname=iot-device-03, thingid=877352b9-a35d-45d3-9c98-162d89965a13, thingarn=arn:aws:iot:us-east-1:507441099951:thing/iot-device-03, thingtypename=null, attributes={installed=1592562234, latitude=37.4133144, longitude=-122.1513069}, version=1, billinggroupname=null}","2020-11-26 00:00:00.000"
"iot-device-02","1.5945988572867386E9","58.1","80.6","true","false","0.0072","0.0045","0.019","2020-11-26T16:54:44.467+0000","{defaultclientid=iot-device-02, thingname=iot-device-02, thingid=4ae4927a-aefb-4584-a45a-fc4839feffd6, thingarn=arn:aws:iot:us-east-1:507441099951:thing/iot-device-02, thingtypename=null, attributes={installed=1593361211, latitude=32.8205865, longitude=-96.871627}, version=1, billinggroupname=null}","2020-11-26 00:00:00.000"
"iot-device-01","1.5945988575319662E9","74.6","66.02","false","false","0.0143","0.0117","0.0397","2020-11-26T16:54:44.803+0000","{defaultclientid=iot-device-01, thingname=iot-device-01, thingid=983c2b68-f9a3-4e83-b3c6-9f6f8ad5431b, thingarn=arn:aws:iot:us-east-1:507441099951:thing/iot-device-01, thingtypename=null, attributes={installed=1594665292, latitude=37.4133144, longitude=-122.1513069}, version=1, billinggroupname=null}","2020-11-26 00:00:00.000"
"iot-device-03","1.5945988597110598E9","52.0","71.6","false","false","0.0084","0.0056","0.0224","2020-11-26T16:54:45.123+0000","{defaultclientid=iot-device-03, thingname=iot-device-03, thingid=877352b9-a35d-45d3-9c98-162d89965a13, thingarn=arn:aws:iot:us-east-1:507441099951:thing/iot-device-03, thingtypename=null, attributes={installed=1592562234, latitude=37.4133144, longitude=-122.1513069}, version=1, billinggroupname=null}","2020-11-26 00:00:00.000"
"iot-device-01","1.594598861345766E9","74.7","66.02","false","false","0.014","0.0115","0.039","2020-11-26T16:54:45.432+0000","{defaultclientid=iot-device-01, thingname=iot-device-01, thingid=983c2b68-f9a3-4e83-b3c6-9f6f8ad5431b, thingarn=arn:aws:iot:us-east-1:507441099951:thing/iot-device-01, thingtypename=null, attributes={installed=1594665292, latitude=37.4133144, longitude=-122.1513069}, version=1, billinggroupname=null}","2020-11-26 00:00:00.000"
"iot-device-03","1.5945988633996398E9","51.9","71.6","false","false","0.0084","0.0056","0.0225","2020-11-26T16:54:45.750+0000","{defaultclientid=iot-device-03, thingname=iot-device-03, thingid=877352b9-a35d-45d3-9c98-162d89965a13, thingarn=arn:aws:iot:us-east-1:507441099951:thing/iot-device-03, thingtypename=null, attributes={installed=1592562234, latitude=37.4133144, longitude=-122.1513069}, version=1, billinggroupname=null}","2020-11-26 00:00:00.000"
"iot-device-01","1.5945989027413654E9","74.6","66.2","false","false","0.0143","0.0117","0.0397","2020-11-26T16:54:52.539+0000","{defaultclientid=iot-device-01, thingname=iot-device-01, thingid=983c2b68-f9a3-4e83-b3c6-9f6f8ad5431b, thingarn=arn:aws:iot:us-east-1:507441099951:thing/iot-device-01, thingtypename=null, attributes={installed=1594665292, latitude=37.4133144, longitude=-122.1513069}, version=1, billinggroupname=null}","2020-11-26 00:00:00.000"
"iot-device-03","1.5945989039415493E9","51.7","71.6","false","false","0.0084","0.0056","0.0224","2020-11-26T16:54:52.862+0000","{defaultclientid=iot-device-03, thingname=iot-device-03, thingid=877352b9-a35d-45d3-9c98-162d89965a13, thingarn=arn:aws:iot:us-east-1:507441099951:thing/iot-device-03, thingtypename=null, attributes={installed=1592562234, latitude=37.4133144, longitude=-122.1513069}, version=1, billinggroupname=null}","2020-11-26 00:00:00.000"
"iot-device-03","1.5945989076276155E9","51.7","71.6","false","false","0.0084","0.0056","0.0224","2020-11-26T16:54:53.166+0000","{defaultclientid=iot-device-03, thingname=iot-device-03, thingid=877352b9-a35d-45d3-9c98-162d89965a13, thingarn=arn:aws:iot:us-east-1:507441099951:thing/iot-device-03, thingtypename=null, attributes={installed=1592562234, latitude=37.4133144, longitude=-122.1513069}, version=1, billinggroupname=null}","2020-11-26 00:00:00.000"
"iot-device-02","1.5945989088857188E9","57.6","80.6","true","false","0.0072","0.0045","0.0191","2020-11-26T16:54:53.476+0000","{defaultclientid=iot-device-02, thingname=iot-device-02, thingid=4ae4927a-aefb-4584-a45a-fc4839feffd6, thingarn=arn:aws:iot:us-east-1:507441099951:thing/iot-device-02, thingtypename=null, attributes={installed=1593361211, latitude=32.8205865, longitude=-96.871627}, version=1, billinggroupname=null}","2020-11-26 00:00:00.000"
"iot-device-03","1.5945989113137314E9","51.7","71.6","false","false","0.0084","0.0056","0.0224","2020-11-26T16:54:53.790+0000","{defaultclientid=iot-device-03, thingname=iot-device-03, thingid=877352b9-a35d-45d3-9c98-162d89965a13, thingarn=arn:aws:iot:us-east-1:507441099951:thing/iot-device-03, thingtypename=null, attributes={installed=1592562234, latitude=37.4133144, longitude=-122.1513069}, version=1, billinggroupname=null}","2020-11-26 00:00:00.000"
"iot-device-02","1.594598914834425E9","58.1","80.78","true","false","0.0072","0.0045","0.0191","2020-11-26T16:54:54.104+0000","{defaultclientid=iot-device-02, thingname=iot-device-02, thingid=4ae4927a-aefb-4584-a45a-fc4839feffd6, thingarn=arn:aws:iot:us-east-1:507441099951:thing/iot-device-02, thingtypename=null, attributes={installed=1593361211, latitude=32.8205865, longitude=-96.871627}, version=1, billinggroupname=null}","2020-11-26 00:00:00.000"
"iot-device-01","1.5945989148853145E9","74.6","66.2","false","false","0.0144","0.0119","0.0402","2020-11-26T16:54:54.426+0000","{defaultclientid=iot-device-01, thingname=iot-device-01, thingid=983c2b68-f9a3-4e83-b3c6-9f6f8ad5431b, thingarn=arn:aws:iot:us-east-1:507441099951:thing/iot-device-01, thingtypename=null, attributes={installed=1594665292, latitude=37.4133144, longitude=-122.1513069}, version=1, billinggroupname=null}","2020-11-26 00:00:00.000"
"iot-device-03","1.5945989150028322E9","51.6","71.6","false","false","0.0083","0.0056","0.0224","2020-11-26T16:54:54.733+0000","{defaultclientid=iot-device-03, thingname=iot-device-03, thingid=877352b9-a35d-45d3-9c98-162d89965a13, thingarn=arn:aws:iot:us-east-1:507441099951:thing/iot-device-03, thingtypename=null, attributes={installed=1592562234, latitude=37.4133144, longitude=-122.1513069}, version=1, billinggroupname=null}","2020-11-26 00:00:00.000"
"iot-device-03","1.594598918689044E9","51.7","71.78","false","false","0.0084","0.0056","0.0225","2020-11-26T16:54:55.051+0000","{defaultclientid=iot-device-03, thingname=iot-device-03, thingid=877352b9-a35d-45d3-9c98-162d89965a13, thingarn=arn:aws:iot:us-east-1:507441099951:thing/iot-device-03, thingtypename=null, attributes={installed=1592562234, latitude=37.4133144, longitude=-122.1513069}, version=1, billinggroupname=null}","2020-11-26 00:00:00.000"
"iot-device-02","1.594598919177597E9","58.1","80.78","true","false","0.0072","0.0045","0.019","2020-11-26T16:54:55.373+0000","{defaultclientid=iot-device-02, thingname=iot-device-02, thingid=4ae4927a-aefb-4584-a45a-fc4839feffd6, thingarn=arn:aws:iot:us-east-1:507441099951:thing/iot-device-02, thingtypename=null, attributes={installed=1593361211, latitude=32.8205865, longitude=-96.871627}, version=1, billinggroupname=null}","2020-11-26 00:00:00.000"
"iot-device-03","1.5945988302178266E9","52.0","71.42","false","false","0.0084","0.0056","0.0225","2020-11-26T16:54:39.671+0000","{defaultclientid=iot-device-03, thingname=iot-device-03, thingid=877352b9-a35d-45d3-9c98-162d89965a13, thingarn=arn:aws:iot:us-east-1:507441099951:thing/iot-device-03, thingtypename=null, attributes={installed=1592562234, latitude=37.4133144, longitude=-122.1513069}, version=1, billinggroupname=null}","2020-11-26 00:00:00.000"
"iot-device-03","1.59459883390383E9","52.0","71.42","false","false","0.0084","0.0056","0.0225","2020-11-26T16:54:39.993+0000","{defaultclientid=iot-device-03, thingname=iot-device-03, thingid=877352b9-a35d-45d3-9c98-162d89965a13, thingarn=arn:aws:iot:us-east-1:507441099951:thing/iot-device-03, thingtypename=null, attributes={installed=1592562234, latitude=37.4133144, longitude=-122.1513069}, version=1, billinggroupname=null}","2020-11-26 00:00:00.000"
"iot-device-01","1.5945988347554839E9","74.6","66.02","false","false","0.0139","0.0113","0.0387","2020-11-26T16:54:40.318+0000","{defaultclientid=iot-device-01, thingname=iot-device-01, thingid=983c2b68-f9a3-4e83-b3c6-9f6f8ad5431b, thingarn=arn:aws:iot:us-east-1:507441099951:thing/iot-device-01, thingtypename=null, attributes={installed=1594665292, latitude=37.4133144, longitude=-122.1513069}, version=1, billinggroupname=null}","2020-11-26 00:00:00.000"
"iot-device-03","1.5945988375957627E9","52.0","71.42","false","false","0.0084","0.0056","0.0225","2020-11-26T16:54:40.643+0000","{defaultclientid=iot-device-03, thingname=iot-device-03, thingid=877352b9-a35d-45d3-9c98-162d89965a13, thingarn=arn:aws:iot:us-east-1:507441099951:thing/iot-device-03, thingtypename=null, attributes={installed=1592562234, latitude=37.4133144, longitude=-122.1513069}, version=1, billinggroupname=null}","2020-11-26 00:00:00.000"
"iot-device-02","1.5945988389107802E9","58.1","80.6","true","false","0.0072","0.0046","0.0192","2020-11-26T16:54:40.964+0000","{defaultclientid=iot-device-02, thingname=iot-device-02, thingid=4ae4927a-aefb-4584-a45a-fc4839feffd6, thingarn=arn:aws:iot:us-east-1:507441099951:thing/iot-device-02, thingtypename=null, attributes={installed=1593361211, latitude=32.8205865, longitude=-96.871627}, version=1, billinggroupname=null}","2020-11-26 00:00:00.000"
"iot-device-01","1.594598839108157E9","74.7","66.2","false","false","0.0139","0.0113","0.0387","2020-11-26T16:54:41.282+0000","{defaultclientid=iot-device-01, thingname=iot-device-01, thingid=983c2b68-f9a3-4e83-b3c6-9f6f8ad5431b, thingarn=arn:aws:iot:us-east-1:507441099951:thing/iot-device-01, thingtypename=null, attributes={installed=1594665292, latitude=37.4133144, longitude=-122.1513069}, version=1, billinggroupname=null}","2020-11-26 00:00:00.000"
"iot-device-03","1.5945988412818782E9","52.0","71.42","false","false","0.0084","0.0056","0.0226","2020-11-26T16:54:41.598+0000","{defaultclientid=iot-device-03, thingname=iot-device-03, thingid=877352b9-a35d-45d3-9c98-162d89965a13, thingarn=arn:aws:iot:us-east-1:507441099951:thing/iot-device-03, thingtypename=null, attributes={installed=1592562234, latitude=37.4133144, longitude=-122.1513069}, version=1, billinggroupname=null}","2020-11-26 00:00:00.000"
"iot-device-02","1.594598843788456E9","58.1","80.6","true","false","0.0072","0.0046","0.0191","2020-11-26T16:54:41.922+0000","{defaultclientid=iot-device-02, thingname=iot-device-02, thingid=4ae4927a-aefb-4584-a45a-fc4839feffd6, thingarn=arn:aws:iot:us-east-1:507441099951:thing/iot-device-02, thingtypename=null, attributes={installed=1593361211, latitude=32.8205865, longitude=-96.871627}, version=1, billinggroupname=null}","2020-11-26 00:00:00.000"
"iot-device-03","1.5945988449678714E9","52.0","71.42","false","false","0.0084","0.0056","0.0225","2020-11-26T16:54:42.232+0000","{defaultclientid=iot-device-03, thingname=iot-device-03, thingid=877352b9-a35d-45d3-9c98-162d89965a13, thingarn=arn:aws:iot:us-east-1:507441099951:thing/iot-device-03, thingtypename=null, attributes={installed=1592562234, latitude=37.4133144, longitude=-122.1513069}, version=1, billinggroupname=null}","2020-11-26 00:00:00.000"
"iot-device-01","1.5945988466843705E9","74.6","66.02","false","false","0.014","0.0115","0.039","2020-11-26T16:54:42.544+0000","{defaultclientid=iot-device-01, thingname=iot-device-01, thingid=983c2b68-f9a3-4e83-b3c6-9f6f8ad5431b, thingarn=arn:aws:iot:us-east-1:507441099951:thing/iot-device-01, thingtypename=null, attributes={installed=1594665292, latitude=37.4133144, longitude=-122.1513069}, version=1, billinggroupname=null}","2020-11-26 00:00:00.000"
"iot-device-03","1.5945988855141425E9","51.7","71.6","false","false","0.0084","0.0056","0.0224","2020-11-26T16:54:49.319+0000","{defaultclientid=iot-device-03, thingname=iot-device-03, thingid=877352b9-a35d-45d3-9c98-162d89965a13, thingarn=arn:aws:iot:us-east-1:507441099951:thing/iot-device-03, thingtypename=null, attributes={installed=1592562234, latitude=37.4133144, longitude=-122.1513069}, version=1, billinggroupname=null}","2020-11-26 00:00:00.000"
"iot-device-01","1.5945988859628837E9","74.6","66.02","false","false","0.0143","0.0117","0.0397","2020-11-26T16:54:49.651+0000","{defaultclientid=iot-device-01, thingname=iot-device-01, thingid=983c2b68-f9a3-4e83-b3c6-9f6f8ad5431b, thingarn=arn:aws:iot:us-east-1:507441099951:thing/iot-device-01, thingtypename=null, attributes={installed=1594665292, latitude=37.4133144, longitude=-122.1513069}, version=1, billinggroupname=null}","2020-11-26 00:00:00.000"
"iot-device-02","1.5945988889133322E9","58.1","80.6","true","false","0.0072","0.0046","0.0191","2020-11-26T16:54:49.972+0000","{defaultclientid=iot-device-02, thingname=iot-device-02, thingid=4ae4927a-aefb-4584-a45a-fc4839feffd6, thingarn=arn:aws:iot:us-east-1:507441099951:thing/iot-device-02, thingtypename=null, attributes={installed=1593361211, latitude=32.8205865, longitude=-96.871627}, version=1, billinggroupname=null}","2020-11-26 00:00:00.000"
"iot-device-03","1.5945988892004972E9","51.7","71.6","false","false","0.0084","0.0056","0.0224","2020-11-26T16:54:50.306+0000","{defaultclientid=iot-device-03, thingname=iot-device-03, thingid=877352b9-a35d-45d3-9c98-162d89965a13, thingarn=arn:aws:iot:us-east-1:507441099951:thing/iot-device-03, thingtypename=null, attributes={installed=1592562234, latitude=37.4133144, longitude=-122.1513069}, version=1, billinggroupname=null}","2020-11-26 00:00:00.000"
"iot-device-01","1.5945988914030886E9","74.6","66.2","false","false","0.0143","0.0117","0.0397","2020-11-26T16:54:50.630+0000","{defaultclientid=iot-device-01, thingname=iot-device-01, thingid=983c2b68-f9a3-4e83-b3c6-9f6f8ad5431b, thingarn=arn:aws:iot:us-east-1:507441099951:thing/iot-device-01, thingtypename=null, attributes={installed=1594665292, latitude=37.4133144, longitude=-122.1513069}, version=1, billinggroupname=null}","2020-11-26 00:00:00.000"
"iot-device-03","1.5945988928864634E9","51.7","71.6","false","false","0.0084","0.0056","0.0225","2020-11-26T16:54:50.944+0000","{defaultclientid=iot-device-03, thingname=iot-device-03, thingid=877352b9-a35d-45d3-9c98-162d89965a13, thingarn=arn:aws:iot:us-east-1:507441099951:thing/iot-device-03, thingtypename=null, attributes={installed=1592562234, latitude=37.4133144, longitude=-122.1513069}, version=1, billinggroupname=null}","2020-11-26 00:00:00.000"
"iot-device-03","1.5945988965695624E9","51.7","71.6","false","false","0.0084","0.0056","0.0225","2020-11-26T16:54:51.258+0000","{defaultclientid=iot-device-03, thingname=iot-device-03, thingid=877352b9-a35d-45d3-9c98-162d89965a13, thingarn=arn:aws:iot:us-east-1:507441099951:thing/iot-device-03, thingtypename=null, attributes={installed=1592562234, latitude=37.4133144, longitude=-122.1513069}, version=1, billinggroupname=null}","2020-11-26 00:00:00.000"
"iot-device-02","1.5945988969909186E9","58.8","80.6","true","false","0.0072","0.0045","0.019","2020-11-26T16:54:51.573+0000","{defaultclientid=iot-device-02, thingname=iot-device-02, thingid=4ae4927a-aefb-4584-a45a-fc4839feffd6, thingarn=arn:aws:iot:us-east-1:507441099951:thing/iot-device-02, thingtypename=null, attributes={installed=1593361211, latitude=32.8205865, longitude=-96.871627}, version=1, billinggroupname=null}","2020-11-26 00:00:00.000"
"iot-device-03","1.5945989002556279E9","51.7","71.6","false","false","0.0084","0.0056","0.0225","2020-11-26T16:54:51.911+0000","{defaultclientid=iot-device-03, thingname=iot-device-03, thingid=877352b9-a35d-45d3-9c98-162d89965a13, thingarn=arn:aws:iot:us-east-1:507441099951:thing/iot-device-03, thingtypename=null, attributes={installed=1592562234, latitude=37.4133144, longitude=-122.1513069}, version=1, billinggroupname=null}","2020-11-26 00:00:00.000"
"iot-device-02","1.5945989018654172E9","58.2","80.78","true","false","0.0071","0.0045","0.019","2020-11-26T16:54:52.222+0000","{defaultclientid=iot-device-02, thingname=iot-device-02, thingid=4ae4927a-aefb-4584-a45a-fc4839feffd6, thingarn=arn:aws:iot:us-east-1:507441099951:thing/iot-device-02, thingtypename=null, attributes={installed=1593361211, latitude=32.8205865, longitude=-96.871627}, version=1, billinggroupname=null}","2020-11-26 00:00:00.000"
"iot-device-02","1.5945987817143314E9","58.1","80.6","true","false","0.0072","0.0045","0.0191","2020-11-26T16:54:30.142+0000","{defaultclientid=iot-device-02, thingname=iot-device-02, thingid=4ae4927a-aefb-4584-a45a-fc4839feffd6, thingarn=arn:aws:iot:us-east-1:507441099951:thing/iot-device-02, thingtypename=null, attributes={installed=1593361211, latitude=32.8205865, longitude=-96.871627}, version=1, billinggroupname=null}","2020-11-26 00:00:00.000"
"iot-device-03","1.5945987822862954E9","51.9","71.42","false","false","0.0084","0.0056","0.0225","2020-11-26T16:54:30.465+0000","{defaultclientid=iot-device-03, thingname=iot-device-03, thingid=877352b9-a35d-45d3-9c98-162d89965a13, thingarn=arn:aws:iot:us-east-1:507441099951:thing/iot-device-03, thingtypename=null, attributes={installed=1592562234, latitude=37.4133144, longitude=-122.1513069}, version=1, billinggroupname=null}","2020-11-26 00:00:00.000"
"iot-device-02","1.5945987855204866E9","58.1","80.6","true","false","0.0072","0.0045","0.019","2020-11-26T16:54:30.791+0000","{defaultclientid=iot-device-02, thingname=iot-device-02, thingid=4ae4927a-aefb-4584-a45a-fc4839feffd6, thingarn=arn:aws:iot:us-east-1:507441099951:thing/iot-device-02, thingtypename=null, attributes={installed=1593361211, latitude=32.8205865, longitude=-96.871627}, version=1, billinggroupname=null}","2020-11-26 00:00:00.000"
"iot-device-01","1.5945987859118354E9","74.5","66.02","false","false","0.0143","0.0117","0.0397","2020-11-26T16:54:31.101+0000","{defaultclientid=iot-device-01, thingname=iot-device-01, thingid=983c2b68-f9a3-4e83-b3c6-9f6f8ad5431b, thingarn=arn:aws:iot:us-east-1:507441099951:thing/iot-device-01, thingtypename=null, attributes={installed=1594665292, latitude=37.4133144, longitude=-122.1513069}, version=1, billinggroupname=null}","2020-11-26 00:00:00.000"
"iot-device-03","1.594598785973998E9","51.9","71.42","false","false","0.0084","0.0056","0.0225","2020-11-26T16:54:31.421+0000","{defaultclientid=iot-device-03, thingname=iot-device-03, thingid=877352b9-a35d-45d3-9c98-162d89965a13, thingarn=arn:aws:iot:us-east-1:507441099951:thing/iot-device-03, thingtypename=null, attributes={installed=1592562234, latitude=37.4133144, longitude=-122.1513069}, version=1, billinggroupname=null}","2020-11-26 00:00:00.000"
"iot-device-03","1.5945987896617506E9","51.9","71.42","false","false","0.0084","0.0056","0.0225","2020-11-26T16:54:31.742+0000","{defaultclientid=iot-device-03, thingname=iot-device-03, thingid=877352b9-a35d-45d3-9c98-162d89965a13, thingarn=arn:aws:iot:us-east-1:507441099951:thing/iot-device-03, thingtypename=null, attributes={installed=1592562234, latitude=37.4133144, longitude=-122.1513069}, version=1, billinggroupname=null}","2020-11-26 00:00:00.000"
"iot-device-01","1.5945987897266085E9","74.5","66.02","false","false","0.014","0.0115","0.039","2020-11-26T16:54:32.046+0000","{defaultclientid=iot-device-01, thingname=iot-device-01, thingid=983c2b68-f9a3-4e83-b3c6-9f6f8ad5431b, thingarn=arn:aws:iot:us-east-1:507441099951:thing/iot-device-01, thingtypename=null, attributes={installed=1594665292, latitude=37.4133144, longitude=-122.1513069}, version=1, billinggroupname=null}","2020-11-26 00:00:00.000"
"iot-device-02","1.594598790397415E9","58.1","80.6","true","false","0.0071","0.0045","0.0189","2020-11-26T16:54:32.376+0000","{defaultclientid=iot-device-02, thingname=iot-device-02, thingid=4ae4927a-aefb-4584-a45a-fc4839feffd6, thingarn=arn:aws:iot:us-east-1:507441099951:thing/iot-device-02, thingtypename=null, attributes={installed=1593361211, latitude=32.8205865, longitude=-96.871627}, version=1, billinggroupname=null}","2020-11-26 00:00:00.000"
"iot-device-03","1.5945987933494706E9","51.9","71.42","false","false","0.0084","0.0056","0.0225","2020-11-26T16:54:32.706+0000","{defaultclientid=iot-device-03, thingname=iot-device-03, thingid=877352b9-a35d-45d3-9c98-162d89965a13, thingarn=arn:aws:iot:us-east-1:507441099951:thing/iot-device-03, thingtypename=null, attributes={installed=1592562234, latitude=37.4133144, longitude=-122.1513069}, version=1, billinggroupname=null}","2020-11-26 00:00:00.000"
"iot-device-01","1.5945987940797384E9","74.6","66.02","false","false","0.0142","0.0116","0.0394","2020-11-26T16:54:33.016+0000","{defaultclientid=iot-device-01, thingname=iot-device-01, thingid=983c2b68-f9a3-4e83-b3c6-9f6f8ad5431b, thingarn=arn:aws:iot:us-east-1:507441099951:thing/iot-device-01, thingtypename=null, attributes={installed=1594665292, latitude=37.4133144, longitude=-122.1513069}, version=1, billinggroupname=null}","2020-11-26 00:00:00.000"
"iot-device-01","1.5945989192385125E9","74.7","66.2","false","false","0.014","0.0115","0.039","2020-11-26T16:54:55.696+0000","{defaultclientid=iot-device-01, thingname=iot-device-01, thingid=983c2b68-f9a3-4e83-b3c6-9f6f8ad5431b, thingarn=arn:aws:iot:us-east-1:507441099951:thing/iot-device-01, thingtypename=null, attributes={installed=1594665292, latitude=37.4133144, longitude=-122.1513069}, version=1, billinggroupname=null}","2020-11-26 00:00:00.000"
"iot-device-03","1.5945989223752034E9","51.6","71.6","false","false","0.0083","0.0056","0.0223","2020-11-26T16:54:56.004+0000","{defaultclientid=iot-device-03, thingname=iot-device-03, thingid=877352b9-a35d-45d3-9c98-162d89965a13, thingarn=arn:aws:iot:us-east-1:507441099951:thing/iot-device-03, thingtypename=null, attributes={installed=1592562234, latitude=37.4133144, longitude=-122.1513069}, version=1, billinggroupname=null}","2020-11-26 00:00:00.000"
"iot-device-02","1.594598922985016E9","57.5","80.6","true","false","0.0072","0.0046","0.0192","2020-11-26T16:54:56.324+0000","{defaultclientid=iot-device-02, thingname=iot-device-02, thingid=4ae4927a-aefb-4584-a45a-fc4839feffd6, thingarn=arn:aws:iot:us-east-1:507441099951:thing/iot-device-02, thingtypename=null, attributes={installed=1593361211, latitude=32.8205865, longitude=-96.871627}, version=1, billinggroupname=null}","2020-11-26 00:00:00.000"
"iot-device-03","1.5945989260613074E9","51.6","71.6","false","false","0.0084","0.0056","0.0224","2020-11-26T16:54:56.636+0000","{defaultclientid=iot-device-03, thingname=iot-device-03, thingid=877352b9-a35d-45d3-9c98-162d89965a13, thingarn=arn:aws:iot:us-east-1:507441099951:thing/iot-device-03, thingtypename=null, attributes={installed=1592562234, latitude=37.4133144, longitude=-122.1513069}, version=1, billinggroupname=null}","2020-11-26 00:00:00.000"
"iot-device-03","1.5945989297475586E9","51.6","71.6","false","false","0.0084","0.0056","0.0224","2020-11-26T16:54:56.963+0000","{defaultclientid=iot-device-03, thingname=iot-device-03, thingid=877352b9-a35d-45d3-9c98-162d89965a13, thingarn=arn:aws:iot:us-east-1:507441099951:thing/iot-device-03, thingtypename=null, attributes={installed=1592562234, latitude=37.4133144, longitude=-122.1513069}, version=1, billinggroupname=null}","2020-11-26 00:00:00.000"
"iot-device-02","1.5945989299992304E9","58.2","80.78","true","false","0.0072","0.0045","0.0191","2020-11-26T16:54:57.273+0000","{defaultclientid=iot-device-02, thingname=iot-device-02, thingid=4ae4927a-aefb-4584-a45a-fc4839feffd6, thingarn=arn:aws:iot:us-east-1:507441099951:thing/iot-device-02, thingtypename=null, attributes={installed=1593361211, latitude=32.8205865, longitude=-96.871627}, version=1, billinggroupname=null}","2020-11-26 00:00:00.000"
"iot-device-01","1.5945989319277544E9","74.7","66.2","false","false","0.0143","0.0117","0.0397","2020-11-26T16:54:57.604+0000","{defaultclientid=iot-device-01, thingname=iot-device-01, thingid=983c2b68-f9a3-4e83-b3c6-9f6f8ad5431b, thingarn=arn:aws:iot:us-east-1:507441099951:thing/iot-device-01, thingtypename=null, attributes={installed=1594665292, latitude=37.4133144, longitude=-122.1513069}, version=1, billinggroupname=null}","2020-11-26 00:00:00.000"
"iot-device-03","1.594598933431604E9","51.6","71.6","false","false","0.0084","0.0056","0.0225","2020-11-26T16:54:57.923+0000","{defaultclientid=iot-device-03, thingname=iot-device-03, thingid=877352b9-a35d-45d3-9c98-162d89965a13, thingarn=arn:aws:iot:us-east-1:507441099951:thing/iot-device-03, thingtypename=null, attributes={installed=1592562234, latitude=37.4133144, longitude=-122.1513069}, version=1, billinggroupname=null}","2020-11-26 00:00:00.000"
"iot-device-02","1.5945989359473574E9","58.1","80.6","true","false","0.0072","0.0045","0.0191","2020-11-26T16:54:58.252+0000","{defaultclientid=iot-device-02, thingname=iot-device-02, thingid=4ae4927a-aefb-4584-a45a-fc4839feffd6, thingarn=arn:aws:iot:us-east-1:507441099951:thing/iot-device-02, thingtypename=null, attributes={installed=1593361211, latitude=32.8205865, longitude=-96.871627}, version=1, billinggroupname=null}","2020-11-26 00:00:00.000"
"iot-device-03","1.5945989371161005E9","51.7","71.78","false","false","0.0083","0.0056","0.0224","2020-11-26T16:54:58.563+0000","{defaultclientid=iot-device-03, thingname=iot-device-03, thingid=877352b9-a35d-45d3-9c98-162d89965a13, thingarn=arn:aws:iot:us-east-1:507441099951:thing/iot-device-03, thingtypename=null, attributes={installed=1592562234, latitude=37.4133144, longitude=-122.1513069}, version=1, billinggroupname=null}","2020-11-26 00:00:00.000"
"iot-device-02","1.5945988154482682E9","58.1","80.6","true","false","0.0071","0.0045","0.019","2020-11-26T16:54:36.503+0000","{defaultclientid=iot-device-02, thingname=iot-device-02, thingid=4ae4927a-aefb-4584-a45a-fc4839feffd6, thingarn=arn:aws:iot:us-east-1:507441099951:thing/iot-device-02, thingtypename=null, attributes={installed=1593361211, latitude=32.8205865, longitude=-96.871627}, version=1, billinggroupname=null}","2020-11-26 00:00:00.000"
"iot-device-03","1.5945988154573054E9","51.9","71.42","false","false","0.0083","0.0056","0.0224","2020-11-26T16:54:36.819+0000","{defaultclientid=iot-device-03, thingname=iot-device-03, thingid=877352b9-a35d-45d3-9c98-162d89965a13, thingarn=arn:aws:iot:us-east-1:507441099951:thing/iot-device-03, thingtypename=null, attributes={installed=1592562234, latitude=37.4133144, longitude=-122.1513069}, version=1, billinggroupname=null}","2020-11-26 00:00:00.000"
"iot-device-01","1.594598815799076E9","74.7","66.2","false","false","0.014","0.0115","0.039","2020-11-26T16:54:37.131+0000","{defaultclientid=iot-device-01, thingname=iot-device-01, thingid=983c2b68-f9a3-4e83-b3c6-9f6f8ad5431b, thingarn=arn:aws:iot:us-east-1:507441099951:thing/iot-device-01, thingtypename=null, attributes={installed=1594665292, latitude=37.4133144, longitude=-122.1513069}, version=1, billinggroupname=null}","2020-11-26 00:00:00.000"
"iot-device-03","1.594598819143156E9","51.9","71.42","false","false","0.0084","0.0056","0.0225","2020-11-26T16:54:37.451+0000","{defaultclientid=iot-device-03, thingname=iot-device-03, thingid=877352b9-a35d-45d3-9c98-162d89965a13, thingarn=arn:aws:iot:us-east-1:507441099951:thing/iot-device-03, thingtypename=null, attributes={installed=1592562234, latitude=37.4133144, longitude=-122.1513069}, version=1, billinggroupname=null}","2020-11-26 00:00:00.000"
"iot-device-02","1.5945988203278687E9","58.1","80.6","true","false","0.0072","0.0045","0.019","2020-11-26T16:54:37.779+0000","{defaultclientid=iot-device-02, thingname=iot-device-02, thingid=4ae4927a-aefb-4584-a45a-fc4839feffd6, thingarn=arn:aws:iot:us-east-1:507441099951:thing/iot-device-02, thingtypename=null, attributes={installed=1593361211, latitude=32.8205865, longitude=-96.871627}, version=1, billinggroupname=null}","2020-11-26 00:00:00.000"
"iot-device-01","1.5945988222966912E9","74.7","66.02","false","false","0.0142","0.0116","0.0394","2020-11-26T16:54:38.102+0000","{defaultclientid=iot-device-01, thingname=iot-device-01, thingid=983c2b68-f9a3-4e83-b3c6-9f6f8ad5431b, thingarn=arn:aws:iot:us-east-1:507441099951:thing/iot-device-01, thingtypename=null, attributes={installed=1594665292, latitude=37.4133144, longitude=-122.1513069}, version=1, billinggroupname=null}","2020-11-26 00:00:00.000"
"iot-device-03","1.594598822829235E9","51.9","71.42","false","false","0.0084","0.0056","0.0225","2020-11-26T16:54:38.412+0000","{defaultclientid=iot-device-03, thingname=iot-device-03, thingid=877352b9-a35d-45d3-9c98-162d89965a13, thingarn=arn:aws:iot:us-east-1:507441099951:thing/iot-device-03, thingtypename=null, attributes={installed=1592562234, latitude=37.4133144, longitude=-122.1513069}, version=1, billinggroupname=null}","2020-11-26 00:00:00.000"
"iot-device-03","1.5945988265148945E9","52.0","71.42","false","false","0.0084","0.0056","0.0225","2020-11-26T16:54:38.730+0000","{defaultclientid=iot-device-03, thingname=iot-device-03, thingid=877352b9-a35d-45d3-9c98-162d89965a13, thingarn=arn:aws:iot:us-east-1:507441099951:thing/iot-device-03, thingtypename=null, attributes={installed=1592562234, latitude=37.4133144, longitude=-122.1513069}, version=1, billinggroupname=null}","2020-11-26 00:00:00.000"
"iot-device-02","1.5945988268308845E9","58.0","80.6","true","false","0.0072","0.0045","0.019","2020-11-26T16:54:39.040+0000","{defaultclientid=iot-device-02, thingname=iot-device-02, thingid=4ae4927a-aefb-4584-a45a-fc4839feffd6, thingarn=arn:aws:iot:us-east-1:507441099951:thing/iot-device-02, thingtypename=null, attributes={installed=1593361211, latitude=32.8205865, longitude=-96.871627}, version=1, billinggroupname=null}","2020-11-26 00:00:00.000"
"iot-device-01","1.5945988287968369E9","74.7","66.02","false","false","0.0143","0.0117","0.0397","2020-11-26T16:54:39.352+0000","{defaultclientid=iot-device-01, thingname=iot-device-01, thingid=983c2b68-f9a3-4e83-b3c6-9f6f8ad5431b, thingarn=arn:aws:iot:us-east-1:507441099951:thing/iot-device-01, thingtypename=null, attributes={installed=1594665292, latitude=37.4133144, longitude=-122.1513069}, version=1, billinggroupname=null}","2020-11-26 00:00:00.000"
"iot-device-02","1.5945987942056046E9","58.2","80.6","true","false","0.0072","0.0045","0.019","2020-11-26T16:54:33.343+0000","{defaultclientid=iot-device-02, thingname=iot-device-02, thingid=4ae4927a-aefb-4584-a45a-fc4839feffd6, thingarn=arn:aws:iot:us-east-1:507441099951:thing/iot-device-02, thingtypename=null, attributes={installed=1593361211, latitude=32.8205865, longitude=-96.871627}, version=1, billinggroupname=null}","2020-11-26 00:00:00.000"
"iot-device-03","1.5945987970370624E9","51.9","71.42","false","false","0.0084","0.0056","0.0224","2020-11-26T16:54:33.658+0000","{defaultclientid=iot-device-03, thingname=iot-device-03, thingid=877352b9-a35d-45d3-9c98-162d89965a13, thingarn=arn:aws:iot:us-east-1:507441099951:thing/iot-device-03, thingtypename=null, attributes={installed=1592562234, latitude=37.4133144, longitude=-122.1513069}, version=1, billinggroupname=null}","2020-11-26 00:00:00.000"
"iot-device-02","1.5945987990832348E9","58.1","80.6","true","false","0.0072","0.0045","0.019","2020-11-26T16:54:33.972+0000","{defaultclientid=iot-device-02, thingname=iot-device-02, thingid=4ae4927a-aefb-4584-a45a-fc4839feffd6, thingarn=arn:aws:iot:us-east-1:507441099951:thing/iot-device-02, thingtypename=null, attributes={installed=1593361211, latitude=32.8205865, longitude=-96.871627}, version=1, billinggroupname=null}","2020-11-26 00:00:00.000"
"iot-device-01","1.5945988005814447E9","74.7","66.2","false","false","0.014","0.0115","0.039","2020-11-26T16:54:34.287+0000","{defaultclientid=iot-device-01, thingname=iot-device-01, thingid=983c2b68-f9a3-4e83-b3c6-9f6f8ad5431b, thingarn=arn:aws:iot:us-east-1:507441099951:thing/iot-device-01, thingtypename=null, attributes={installed=1594665292, latitude=37.4133144, longitude=-122.1513069}, version=1, billinggroupname=null}","2020-11-26 00:00:00.000"
"iot-device-03","1.5945988007246938E9","51.9","71.42","false","false","0.0084","0.0057","0.0226","2020-11-26T16:54:34.599+0000","{defaultclientid=iot-device-03, thingname=iot-device-03, thingid=877352b9-a35d-45d3-9c98-162d89965a13, thingarn=arn:aws:iot:us-east-1:507441099951:thing/iot-device-03, thingtypename=null, attributes={installed=1592562234, latitude=37.4133144, longitude=-122.1513069}, version=1, billinggroupname=null}","2020-11-26 00:00:00.000"
"iot-device-03","1.5945988044109955E9","51.8","71.42","false","false","0.0084","0.0056","0.0225","2020-11-26T16:54:34.925+0000","{defaultclientid=iot-device-03, thingname=iot-device-03, thingid=877352b9-a35d-45d3-9c98-162d89965a13, thingarn=arn:aws:iot:us-east-1:507441099951:thing/iot-device-03, thingtypename=null, attributes={installed=1592562234, latitude=37.4133144, longitude=-122.1513069}, version=1, billinggroupname=null}","2020-11-26 00:00:00.000"
"iot-device-01","1.5945988054710574E9","74.6","66.02","false","false","0.0139","0.0113","0.0387","2020-11-26T16:54:35.240+0000","{defaultclientid=iot-device-01, thingname=iot-device-01, thingid=983c2b68-f9a3-4e83-b3c6-9f6f8ad5431b, thingarn=arn:aws:iot:us-east-1:507441099951:thing/iot-device-01, thingtypename=null, attributes={installed=1594665292, latitude=37.4133144, longitude=-122.1513069}, version=1, billinggroupname=null}","2020-11-26 00:00:00.000"
"iot-device-03","1.5945988080970585E9","51.8","71.42","false","false","0.0084","0.0056","0.0225","2020-11-26T16:54:35.552+0000","{defaultclientid=iot-device-03, thingname=iot-device-03, thingid=877352b9-a35d-45d3-9c98-162d89965a13, thingarn=arn:aws:iot:us-east-1:507441099951:thing/iot-device-03, thingtypename=null, attributes={installed=1592562234, latitude=37.4133144, longitude=-122.1513069}, version=1, billinggroupname=null}","2020-11-26 00:00:00.000"
"iot-device-01","1.5945988114475665E9","74.7","66.02","false","false","0.0143","0.0117","0.0397","2020-11-26T16:54:35.870+0000","{defaultclientid=iot-device-01, thingname=iot-device-01, thingid=983c2b68-f9a3-4e83-b3c6-9f6f8ad5431b, thingarn=arn:aws:iot:us-east-1:507441099951:thing/iot-device-01, thingtypename=null, attributes={installed=1594665292, latitude=37.4133144, longitude=-122.1513069}, version=1, billinggroupname=null}","2020-11-26 00:00:00.000"
"iot-device-03","1.5945988117830176E9","51.8","71.42","false","false","0.0084","0.0056","0.0224","2020-11-26T16:54:36.184+0000","{defaultclientid=iot-device-03, thingname=iot-device-03, thingid=877352b9-a35d-45d3-9c98-162d89965a13, thingarn=arn:aws:iot:us-east-1:507441099951:thing/iot-device-03, thingtypename=null, attributes={installed=1592562234, latitude=37.4133144, longitude=-122.1513069}, version=1, billinggroupname=null}","2020-11-26 00:00:00.000"
"iot-device-02","1.5945989397609956E9","58.1","80.6","true","false","0.0071","0.0045","0.019","2020-11-26T16:54:58.882+0000","{defaultclientid=iot-device-02, thingname=iot-device-02, thingid=4ae4927a-aefb-4584-a45a-fc4839feffd6, thingarn=arn:aws:iot:us-east-1:507441099951:thing/iot-device-02, thingtypename=null, attributes={installed=1593361211, latitude=32.8205865, longitude=-96.871627}, version=1, billinggroupname=null}","2020-11-26 00:00:00.000"
"iot-device-01","1.5945989405799534E9","74.6","66.2","false","false","0.0142","0.0116","0.0394","2020-11-26T16:54:59.195+0000","{defaultclientid=iot-device-01, thingname=iot-device-01, thingid=983c2b68-f9a3-4e83-b3c6-9f6f8ad5431b, thingarn=arn:aws:iot:us-east-1:507441099951:thing/iot-device-01, thingtypename=null, attributes={installed=1594665292, latitude=37.4133144, longitude=-122.1513069}, version=1, billinggroupname=null}","2020-11-26 00:00:00.000"
"iot-device-03","1.5945989408024356E9","51.7","71.78","false","false","0.0084","0.0056","0.0224","2020-11-26T16:54:59.515+0000","{defaultclientid=iot-device-03, thingname=iot-device-03, thingid=877352b9-a35d-45d3-9c98-162d89965a13, thingarn=arn:aws:iot:us-east-1:507441099951:thing/iot-device-03, thingtypename=null, attributes={installed=1592562234, latitude=37.4133144, longitude=-122.1513069}, version=1, billinggroupname=null}","2020-11-26 00:00:00.000"
"iot-device-02","1.5945989435882726E9","58.1","80.6","true","false","0.0072","0.0045","0.019","2020-11-26T16:54:59.848+0000","{defaultclientid=iot-device-02, thingname=iot-device-02, thingid=4ae4927a-aefb-4584-a45a-fc4839feffd6, thingarn=arn:aws:iot:us-east-1:507441099951:thing/iot-device-02, thingtypename=null, attributes={installed=1593361211, latitude=32.8205865, longitude=-96.871627}, version=1, billinggroupname=null}","2020-11-26 00:00:00.000"
"iot-device-02","1.5945988664382448E9","58.1","80.6","true","false","0.0072","0.0045","0.019","2020-11-26T16:54:46.063+0000","{defaultclientid=iot-device-02, thingname=iot-device-02, thingid=4ae4927a-aefb-4584-a45a-fc4839feffd6, thingarn=arn:aws:iot:us-east-1:507441099951:thing/iot-device-02, thingtypename=null, attributes={installed=1593361211, latitude=32.8205865, longitude=-96.871627}, version=1, billinggroupname=null}","2020-11-26 00:00:00.000"
"iot-device-01","1.5945988667768116E9","74.7","66.02","false","false","0.0143","0.0118","0.0399","2020-11-26T16:54:46.382+0000","{defaultclientid=iot-device-01, thingname=iot-device-01, thingid=983c2b68-f9a3-4e83-b3c6-9f6f8ad5431b, thingarn=arn:aws:iot:us-east-1:507441099951:thing/iot-device-01, thingtypename=null, attributes={installed=1594665292, latitude=37.4133144, longitude=-122.1513069}, version=1, billinggroupname=null}","2020-11-26 00:00:00.000"
"iot-device-03","1.5945988670854301E9","51.8","71.42","false","false","0.0084","0.0056","0.0224","2020-11-26T16:54:46.705+0000","{defaultclientid=iot-device-03, thingname=iot-device-03, thingid=877352b9-a35d-45d3-9c98-162d89965a13, thingarn=arn:aws:iot:us-east-1:507441099951:thing/iot-device-03, thingtypename=null, attributes={installed=1592562234, latitude=37.4133144, longitude=-122.1513069}, version=1, billinggroupname=null}","2020-11-26 00:00:00.000"
"iot-device-02","1.5945988702463365E9","58.1","80.6","true","false","0.0072","0.0045","0.0191","2020-11-26T16:54:47.028+0000","{defaultclientid=iot-device-02, thingname=iot-device-02, thingid=4ae4927a-aefb-4584-a45a-fc4839feffd6, thingarn=arn:aws:iot:us-east-1:507441099951:thing/iot-device-02, thingtypename=null, attributes={installed=1593361211, latitude=32.8205865, longitude=-96.871627}, version=1, billinggroupname=null}","2020-11-26 00:00:00.000"
"iot-device-01","1.5945988705984163E9","74.7","66.02","false","false","0.0138","0.0112","0.0383","2020-11-26T16:54:47.342+0000","{defaultclientid=iot-device-01, thingname=iot-device-01, thingid=983c2b68-f9a3-4e83-b3c6-9f6f8ad5431b, thingarn=arn:aws:iot:us-east-1:507441099951:thing/iot-device-01, thingtypename=null, attributes={installed=1594665292, latitude=37.4133144, longitude=-122.1513069}, version=1, billinggroupname=null}","2020-11-26 00:00:00.000"
"iot-device-03","1.594598870771376E9","51.8","71.6","false","false","0.0084","0.0056","0.0225","2020-11-26T16:54:47.687+0000","{defaultclientid=iot-device-03, thingname=iot-device-03, thingid=877352b9-a35d-45d3-9c98-162d89965a13, thingarn=arn:aws:iot:us-east-1:507441099951:thing/iot-device-03, thingtypename=null, attributes={installed=1592562234, latitude=37.4133144, longitude=-122.1513069}, version=1, billinggroupname=null}","2020-11-26 00:00:00.000"
"iot-device-03","1.5945988744570065E9","51.7","71.6","false","false","0.0084","0.0056","0.0224","2020-11-26T16:54:48.005+0000","{defaultclientid=iot-device-03, thingname=iot-device-03, thingid=877352b9-a35d-45d3-9c98-162d89965a13, thingarn=arn:aws:iot:us-east-1:507441099951:thing/iot-device-03, thingtypename=null, attributes={installed=1592562234, latitude=37.4133144, longitude=-122.1513069}, version=1, billinggroupname=null}","2020-11-26 00:00:00.000"
"iot-device-02","1.5945988745900564E9","58.1","80.6","true","false","0.0072","0.0045","0.0191","2020-11-26T16:54:48.324+0000","{defaultclientid=iot-device-02, thingname=iot-device-02, thingid=4ae4927a-aefb-4584-a45a-fc4839feffd6, thingarn=arn:aws:iot:us-east-1:507441099951:thing/iot-device-02, thingtypename=null, attributes={installed=1593361211, latitude=32.8205865, longitude=-96.871627}, version=1, billinggroupname=null}","2020-11-26 00:00:00.000"
"iot-device-03","1.5945988781429427E9","51.6","71.6","false","false","0.0084","0.0056","0.0224","2020-11-26T16:54:48.642+0000","{defaultclientid=iot-device-03, thingname=iot-device-03, thingid=877352b9-a35d-45d3-9c98-162d89965a13, thingarn=arn:aws:iot:us-east-1:507441099951:thing/iot-device-03, thingtypename=null, attributes={installed=1592562234, latitude=37.4133144, longitude=-122.1513069}, version=1, billinggroupname=null}","2020-11-26 00:00:00.000"
"iot-device-03","1.5945988818290436E9","51.6","71.6","false","false","0.0084","0.0056","0.0225","2020-11-26T16:54:49.010+0000","{defaultclientid=iot-device-03, thingname=iot-device-03, thingid=877352b9-a35d-45d3-9c98-162d89965a13, thingarn=arn:aws:iot:us-east-1:507441099951:thing/iot-device-03, thingtypename=null, attributes={installed=1592562234, latitude=37.4133144, longitude=-122.1513069}, version=1, billinggroupname=null}","2020-11-26 00:00:00.000"
"iot-device-03","1.5946373095381954E9","52.2","71.06","false","false","0.0078","0.0051","0.0209","2020-11-26T17:19:11.850+0000","{defaultclientid=iot-device-03, thingname=iot-device-03, thingid=877352b9-a35d-45d3-9c98-162d89965a13, thingarn=arn:aws:iot:us-east-1:507441099951:thing/iot-device-03, thingtypename=null, attributes={installed=1592562234, latitude=37.4133144, longitude=-122.1513069}, version=1, billinggroupname=null}","2020-11-26 00:00:00.000"
"iot-device-02","1.594637312350323E9","59.7","74.48","true","false","0.0073","0.0046","0.0194","2020-11-26T17:19:12.139+0000","{defaultclientid=iot-device-02, thingname=iot-device-02, thingid=4ae4927a-aefb-4584-a45a-fc4839feffd6, thingarn=arn:aws:iot:us-east-1:507441099951:thing/iot-device-02, thingtypename=null, attributes={installed=1593361211, latitude=32.8205865, longitude=-96.871627}, version=1, billinggroupname=null}","2020-11-26 00:00:00.000"
"iot-device-01","1.5946373124309945E9","76.4","67.64","false","false","0.0062","0.0037","0.0164","2020-11-26T17:19:12.456+0000","{defaultclientid=iot-device-01, thingname=iot-device-01, thingid=983c2b68-f9a3-4e83-b3c6-9f6f8ad5431b, thingarn=arn:aws:iot:us-east-1:507441099951:thing/iot-device-01, thingtypename=null, attributes={installed=1594665292, latitude=37.4133144, longitude=-122.1513069}, version=1, billinggroupname=null}","2020-11-26 00:00:00.000"
"iot-device-03","1.5946373132244306E9","52.2","71.06","false","false","0.0078","0.0051","0.0209","2020-11-26T17:19:12.750+0000","{defaultclientid=iot-device-03, thingname=iot-device-03, thingid=877352b9-a35d-45d3-9c98-162d89965a13, thingarn=arn:aws:iot:us-east-1:507441099951:thing/iot-device-03, thingtypename=null, attributes={installed=1592562234, latitude=37.4133144, longitude=-122.1513069}, version=1, billinggroupname=null}","2020-11-26 00:00:00.000"
"iot-device-02","1.5946373161608064E9","59.7","74.48","true","false","0.0072","0.0046","0.0192","2020-11-26T17:19:13.039+0000","{defaultclientid=iot-device-02, thingname=iot-device-02, thingid=4ae4927a-aefb-4584-a45a-fc4839feffd6, thingarn=arn:aws:iot:us-east-1:507441099951:thing/iot-device-02, thingtypename=null, attributes={installed=1593361211, latitude=32.8205865, longitude=-96.871627}, version=1, billinggroupname=null}","2020-11-26 00:00:00.000"
"iot-device-03","1.5946373169104035E9","52.2","71.06","false","false","0.0078","0.0051","0.0208","2020-11-26T17:19:13.344+0000","{defaultclientid=iot-device-03, thingname=iot-device-03, thingid=877352b9-a35d-45d3-9c98-162d89965a13, thingarn=arn:aws:iot:us-east-1:507441099951:thing/iot-device-03, thingtypename=null, attributes={installed=1592562234, latitude=37.4133144, longitude=-122.1513069}, version=1, billinggroupname=null}","2020-11-26 00:00:00.000"
"iot-device-01","1.5946373173210301E9","76.4","67.64","false","false","0.0062","0.0037","0.0164","2020-11-26T17:19:13.629+0000","{defaultclientid=iot-device-01, thingname=iot-device-01, thingid=983c2b68-f9a3-4e83-b3c6-9f6f8ad5431b, thingarn=arn:aws:iot:us-east-1:507441099951:thing/iot-device-01, thingtypename=null, attributes={installed=1594665292, latitude=37.4133144, longitude=-122.1513069}, version=1, billinggroupname=null}","2020-11-26 00:00:00.000"
"iot-device-02","1.5946373205047755E9","59.7","74.48","true","false","0.0073","0.0046","0.0194","2020-11-26T17:19:13.923+0000","{defaultclientid=iot-device-02, thingname=iot-device-02, thingid=4ae4927a-aefb-4584-a45a-fc4839feffd6, thingarn=arn:aws:iot:us-east-1:507441099951:thing/iot-device-02, thingtypename=null, attributes={installed=1593361211, latitude=32.8205865, longitude=-96.871627}, version=1, billinggroupname=null}","2020-11-26 00:00:00.000"
"iot-device-03","1.5946373205944314E9","52.2","71.06","false","false","0.0078","0.0051","0.0209","2020-11-26T17:19:14.221+0000","{defaultclientid=iot-device-03, thingname=iot-device-03, thingid=877352b9-a35d-45d3-9c98-162d89965a13, thingarn=arn:aws:iot:us-east-1:507441099951:thing/iot-device-03, thingtypename=null, attributes={installed=1592562234, latitude=37.4133144, longitude=-122.1513069}, version=1, billinggroupname=null}","2020-11-26 00:00:00.000"
"iot-device-01","1.5946373222168667E9","76.4","67.46","false","false","0.0062","0.0037","0.0164","2020-11-26T17:19:14.511+0000","{defaultclientid=iot-device-01, thingname=iot-device-01, thingid=983c2b68-f9a3-4e83-b3c6-9f6f8ad5431b, thingarn=arn:aws:iot:us-east-1:507441099951:thing/iot-device-01, thingtypename=null, attributes={installed=1594665292, latitude=37.4133144, longitude=-122.1513069}, version=1, billinggroupname=null}","2020-11-26 00:00:00.000"
"iot-device-01","1.594637357608206E9","76.5","67.64","false","false","0.0062","0.0037","0.0164","2020-11-26T17:19:20.749+0000","{defaultclientid=iot-device-01, thingname=iot-device-01, thingid=983c2b68-f9a3-4e83-b3c6-9f6f8ad5431b, thingarn=arn:aws:iot:us-east-1:507441099951:thing/iot-device-01, thingtypename=null, attributes={installed=1594665292, latitude=37.4133144, longitude=-122.1513069}, version=1, billinggroupname=null}","2020-11-26 00:00:00.000"
"iot-device-03","1.594637357705569E9","52.2","71.06","false","false","0.0078","0.0051","0.0209","2020-11-26T17:19:21.044+0000","{defaultclientid=iot-device-03, thingname=iot-device-03, thingid=877352b9-a35d-45d3-9c98-162d89965a13, thingarn=arn:aws:iot:us-east-1:507441099951:thing/iot-device-03, thingtypename=null, attributes={installed=1592562234, latitude=37.4133144, longitude=-122.1513069}, version=1, billinggroupname=null}","2020-11-26 00:00:00.000"
"iot-device-02","1.5946373610318053E9","59.7","74.48","true","false","0.0071","0.0045","0.0189","2020-11-26T17:19:21.328+0000","{defaultclientid=iot-device-02, thingname=iot-device-02, thingid=4ae4927a-aefb-4584-a45a-fc4839feffd6, thingarn=arn:aws:iot:us-east-1:507441099951:thing/iot-device-02, thingtypename=null, attributes={installed=1593361211, latitude=32.8205865, longitude=-96.871627}, version=1, billinggroupname=null}","2020-11-26 00:00:00.000"
"iot-device-03","1.5946373613917859E9","52.2","71.06","false","false","0.0078","0.0051","0.0209","2020-11-26T17:19:21.631+0000","{defaultclientid=iot-device-03, thingname=iot-device-03, thingid=877352b9-a35d-45d3-9c98-162d89965a13, thingarn=arn:aws:iot:us-east-1:507441099951:thing/iot-device-03, thingtypename=null, attributes={installed=1592562234, latitude=37.4133144, longitude=-122.1513069}, version=1, billinggroupname=null}","2020-11-26 00:00:00.000"
"iot-device-01","1.5946373630309086E9","76.5","67.64","false","false","0.0062","0.0037","0.0164","2020-11-26T17:19:21.941+0000","{defaultclientid=iot-device-01, thingname=iot-device-01, thingid=983c2b68-f9a3-4e83-b3c6-9f6f8ad5431b, thingarn=arn:aws:iot:us-east-1:507441099951:thing/iot-device-01, thingtypename=null, attributes={installed=1594665292, latitude=37.4133144, longitude=-122.1513069}, version=1, billinggroupname=null}","2020-11-26 00:00:00.000"
"iot-device-03","1.5946373650777898E9","52.2","71.06","false","false","0.0078","0.0051","0.0209","2020-11-26T17:19:22.229+0000","{defaultclientid=iot-device-03, thingname=iot-device-03, thingid=877352b9-a35d-45d3-9c98-162d89965a13, thingarn=arn:aws:iot:us-east-1:507441099951:thing/iot-device-03, thingtypename=null, attributes={installed=1592562234, latitude=37.4133144, longitude=-122.1513069}, version=1, billinggroupname=null}","2020-11-26 00:00:00.000"
"iot-device-02","1.5946373653734586E9","59.7","74.48","true","false","0.0071","0.0045","0.0189","2020-11-26T17:19:22.522+0000","{defaultclientid=iot-device-02, thingname=iot-device-02, thingid=4ae4927a-aefb-4584-a45a-fc4839feffd6, thingarn=arn:aws:iot:us-east-1:507441099951:thing/iot-device-02, thingtypename=null, attributes={installed=1593361211, latitude=32.8205865, longitude=-96.871627}, version=1, billinggroupname=null}","2020-11-26 00:00:00.000"
"iot-device-03","1.594637368765308E9","52.2","71.06","false","false","0.0078","0.0051","0.0209","2020-11-26T17:19:22.809+0000","{defaultclientid=iot-device-03, thingname=iot-device-03, thingid=877352b9-a35d-45d3-9c98-162d89965a13, thingarn=arn:aws:iot:us-east-1:507441099951:thing/iot-device-03, thingtypename=null, attributes={installed=1592562234, latitude=37.4133144, longitude=-122.1513069}, version=1, billinggroupname=null}","2020-11-26 00:00:00.000"
"iot-device-02","1.5946373691809664E9","59.7","74.48","true","false","0.0071","0.0045","0.0189","2020-11-26T17:19:23.100+0000","{defaultclientid=iot-device-02, thingname=iot-device-02, thingid=4ae4927a-aefb-4584-a45a-fc4839feffd6, thingarn=arn:aws:iot:us-east-1:507441099951:thing/iot-device-02, thingtypename=null, attributes={installed=1593361211, latitude=32.8205865, longitude=-96.871627}, version=1, billinggroupname=null}","2020-11-26 00:00:00.000"
"iot-device-03","1.5946373724518187E9","52.2","71.06","false","false","0.0078","0.0051","0.0208","2020-11-26T17:19:23.439+0000","{defaultclientid=iot-device-03, thingname=iot-device-03, thingid=877352b9-a35d-45d3-9c98-162d89965a13, thingarn=arn:aws:iot:us-east-1:507441099951:thing/iot-device-03, thingtypename=null, attributes={installed=1592562234, latitude=37.4133144, longitude=-122.1513069}, version=1, billinggroupname=null}","2020-11-26 00:00:00.000"
"iot-device-03","1.5946374093188677E9","52.2","71.06","false","false","0.0078","0.0051","0.0208","2020-11-26T17:19:29.588+0000","{defaultclientid=iot-device-03, thingname=iot-device-03, thingid=877352b9-a35d-45d3-9c98-162d89965a13, thingarn=arn:aws:iot:us-east-1:507441099951:thing/iot-device-03, thingtypename=null, attributes={installed=1592562234, latitude=37.4133144, longitude=-122.1513069}, version=1, billinggroupname=null}","2020-11-26 00:00:00.000"
"iot-device-02","1.594637411499176E9","59.6","74.48","true","false","0.0072","0.0045","0.019","2020-11-26T17:19:29.880+0000","{defaultclientid=iot-device-02, thingname=iot-device-02, thingid=4ae4927a-aefb-4584-a45a-fc4839feffd6, thingarn=arn:aws:iot:us-east-1:507441099951:thing/iot-device-02, thingtypename=null, attributes={installed=1593361211, latitude=32.8205865, longitude=-96.871627}, version=1, billinggroupname=null}","2020-11-26 00:00:00.000"
"iot-device-03","1.5946372506185164E9","52.2","71.06","false","false","0.0078","0.0051","0.0209","2020-11-26T17:19:02.841+0000","{defaultclientid=iot-device-03, thingname=iot-device-03, thingid=877352b9-a35d-45d3-9c98-162d89965a13, thingarn=arn:aws:iot:us-east-1:507441099951:thing/iot-device-03, thingtypename=null, attributes={installed=1592562234, latitude=37.4133144, longitude=-122.1513069}, version=1, billinggroupname=null}","2020-11-26 00:00:00.000"
"iot-device-02","1.5946372522505765E9","59.7","74.48","true","false","0.0072","0.0046","0.0192","2020-11-26T17:19:03.129+0000","{defaultclientid=iot-device-02, thingname=iot-device-02, thingid=4ae4927a-aefb-4584-a45a-fc4839feffd6, thingarn=arn:aws:iot:us-east-1:507441099951:thing/iot-device-02, thingtypename=null, attributes={installed=1593361211, latitude=32.8205865, longitude=-96.871627}, version=1, billinggroupname=null}","2020-11-26 00:00:00.000"
"iot-device-03","1.5946372543046305E9","52.2","71.06","false","false","0.0078","0.0051","0.0209","2020-11-26T17:19:03.458+0000","{defaultclientid=iot-device-03, thingname=iot-device-03, thingid=877352b9-a35d-45d3-9c98-162d89965a13, thingarn=arn:aws:iot:us-east-1:507441099951:thing/iot-device-03, thingtypename=null, attributes={installed=1592562234, latitude=37.4133144, longitude=-122.1513069}, version=1, billinggroupname=null}","2020-11-26 00:00:00.000"
"iot-device-01","1.5946372558837125E9","76.5","67.64","false","false","0.0063","0.0038","0.0166","2020-11-26T17:19:03.751+0000","{defaultclientid=iot-device-01, thingname=iot-device-01, thingid=983c2b68-f9a3-4e83-b3c6-9f6f8ad5431b, thingarn=arn:aws:iot:us-east-1:507441099951:thing/iot-device-01, thingtypename=null, attributes={installed=1594665292, latitude=37.4133144, longitude=-122.1513069}, version=1, billinggroupname=null}","2020-11-26 00:00:00.000"
"iot-device-03","1.5946372579922462E9","52.2","71.06","false","false","0.0078","0.0051","0.0208","2020-11-26T17:19:04.049+0000","{defaultclientid=iot-device-03, thingname=iot-device-03, thingid=877352b9-a35d-45d3-9c98-162d89965a13, thingarn=arn:aws:iot:us-east-1:507441099951:thing/iot-device-03, thingtypename=null, attributes={installed=1592562234, latitude=37.4133144, longitude=-122.1513069}, version=1, billinggroupname=null}","2020-11-26 00:00:00.000"
"iot-device-03","1.594637261679904E9","52.2","71.06","false","false","0.0078","0.0051","0.0209","2020-11-26T17:19:04.345+0000","{defaultclientid=iot-device-03, thingname=iot-device-03, thingid=877352b9-a35d-45d3-9c98-162d89965a13, thingarn=arn:aws:iot:us-east-1:507441099951:thing/iot-device-03, thingtypename=null, attributes={installed=1592562234, latitude=37.4133144, longitude=-122.1513069}, version=1, billinggroupname=null}","2020-11-26 00:00:00.000"
"iot-device-01","1.5946372634638536E9","76.3","67.46","false","false","0.0062","0.0037","0.0164","2020-11-26T17:19:04.641+0000","{defaultclientid=iot-device-01, thingname=iot-device-01, thingid=983c2b68-f9a3-4e83-b3c6-9f6f8ad5431b, thingarn=arn:aws:iot:us-east-1:507441099951:thing/iot-device-01, thingtypename=null, attributes={installed=1594665292, latitude=37.4133144, longitude=-122.1513069}, version=1, billinggroupname=null}","2020-11-26 00:00:00.000"
"iot-device-03","1.5946372653679152E9","52.2","71.06","false","false","0.0078","0.0051","0.0209","2020-11-26T17:19:04.930+0000","{defaultclientid=iot-device-03, thingname=iot-device-03, thingid=877352b9-a35d-45d3-9c98-162d89965a13, thingarn=arn:aws:iot:us-east-1:507441099951:thing/iot-device-03, thingtypename=null, attributes={installed=1592562234, latitude=37.4133144, longitude=-122.1513069}, version=1, billinggroupname=null}","2020-11-26 00:00:00.000"
"iot-device-02","1.5946372675368507E9","59.6","74.48","true","false","0.0073","0.0046","0.0194","2020-11-26T17:19:05.240+0000","{defaultclientid=iot-device-02, thingname=iot-device-02, thingid=4ae4927a-aefb-4584-a45a-fc4839feffd6, thingarn=arn:aws:iot:us-east-1:507441099951:thing/iot-device-02, thingtypename=null, attributes={installed=1593361211, latitude=32.8205865, longitude=-96.871627}, version=1, billinggroupname=null}","2020-11-26 00:00:00.000"
"iot-device-03","1.5946372690554018E9","52.2","70.88","false","false","0.0078","0.0051","0.0209","2020-11-26T17:19:05.539+0000","{defaultclientid=iot-device-03, thingname=iot-device-03, thingid=877352b9-a35d-45d3-9c98-162d89965a13, thingarn=arn:aws:iot:us-east-1:507441099951:thing/iot-device-03, thingtypename=null, attributes={installed=1592562234, latitude=37.4133144, longitude=-122.1513069}, version=1, billinggroupname=null}","2020-11-26 00:00:00.000"
"iot-device-02","1.5946373941806636E9","59.6","74.48","true","false","0.0071","0.0045","0.0189","2020-11-26T17:19:26.681+0000","{defaultclientid=iot-device-02, thingname=iot-device-02, thingid=4ae4927a-aefb-4584-a45a-fc4839feffd6, thingarn=arn:aws:iot:us-east-1:507441099951:thing/iot-device-02, thingtypename=null, attributes={installed=1593361211, latitude=32.8205865, longitude=-96.871627}, version=1, billinggroupname=null}","2020-11-26 00:00:00.000"
"iot-device-03","1.594637394572156E9","52.2","71.06","false","false","0.0078","0.0051","0.0208","2020-11-26T17:19:26.980+0000","{defaultclientid=iot-device-03, thingname=iot-device-03, thingid=877352b9-a35d-45d3-9c98-162d89965a13, thingarn=arn:aws:iot:us-east-1:507441099951:thing/iot-device-03, thingtypename=null, attributes={installed=1592562234, latitude=37.4133144, longitude=-122.1513069}, version=1, billinggroupname=null}","2020-11-26 00:00:00.000"
"iot-device-01","1.5946373960866547E9","76.4","67.64","false","false","0.0062","0.0037","0.0164","2020-11-26T17:19:27.263+0000","{defaultclientid=iot-device-01, thingname=iot-device-01, thingid=983c2b68-f9a3-4e83-b3c6-9f6f8ad5431b, thingarn=arn:aws:iot:us-east-1:507441099951:thing/iot-device-01, thingtypename=null, attributes={installed=1594665292, latitude=37.4133144, longitude=-122.1513069}, version=1, billinggroupname=null}","2020-11-26 00:00:00.000"
"iot-device-03","1.5946373982561467E9","52.2","71.06","false","false","0.0078","0.0051","0.0209","2020-11-26T17:19:27.549+0000","{defaultclientid=iot-device-03, thingname=iot-device-03, thingid=877352b9-a35d-45d3-9c98-162d89965a13, thingarn=arn:aws:iot:us-east-1:507441099951:thing/iot-device-03, thingtypename=null, attributes={installed=1592562234, latitude=37.4133144, longitude=-122.1513069}, version=1, billinggroupname=null}","2020-11-26 00:00:00.000"
"iot-device-01","1.5946374015085387E9","76.5","67.64","false","false","0.0062","0.0037","0.0164","2020-11-26T17:19:27.839+0000","{defaultclientid=iot-device-01, thingname=iot-device-01, thingid=983c2b68-f9a3-4e83-b3c6-9f6f8ad5431b, thingarn=arn:aws:iot:us-east-1:507441099951:thing/iot-device-01, thingtypename=null, attributes={installed=1594665292, latitude=37.4133144, longitude=-122.1513069}, version=1, billinggroupname=null}","2020-11-26 00:00:00.000"
"iot-device-03","1.5946374019438202E9","52.2","71.06","false","false","0.0078","0.0051","0.0208","2020-11-26T17:19:28.130+0000","{defaultclientid=iot-device-03, thingname=iot-device-03, thingid=877352b9-a35d-45d3-9c98-162d89965a13, thingarn=arn:aws:iot:us-east-1:507441099951:thing/iot-device-03, thingtypename=null, attributes={installed=1592562234, latitude=37.4133144, longitude=-122.1513069}, version=1, billinggroupname=null}","2020-11-26 00:00:00.000"
"iot-device-02","1.5946374022642019E9","59.6","74.48","true","false","0.0071","0.0045","0.0188","2020-11-26T17:19:28.419+0000","{defaultclientid=iot-device-02, thingname=iot-device-02, thingid=4ae4927a-aefb-4584-a45a-fc4839feffd6, thingarn=arn:aws:iot:us-east-1:507441099951:thing/iot-device-02, thingtypename=null, attributes={installed=1593361211, latitude=32.8205865, longitude=-96.871627}, version=1, billinggroupname=null}","2020-11-26 00:00:00.000"
"iot-device-03","1.5946374056314845E9","52.1","70.88","false","false","0.0078","0.0051","0.0208","2020-11-26T17:19:28.719+0000","{defaultclientid=iot-device-03, thingname=iot-device-03, thingid=877352b9-a35d-45d3-9c98-162d89965a13, thingarn=arn:aws:iot:us-east-1:507441099951:thing/iot-device-03, thingtypename=null, attributes={installed=1592562234, latitude=37.4133144, longitude=-122.1513069}, version=1, billinggroupname=null}","2020-11-26 00:00:00.000"
"iot-device-01","1.5946374069392512E9","76.5","67.46","false","false","0.0062","0.0037","0.0164","2020-11-26T17:19:29.017+0000","{defaultclientid=iot-device-01, thingname=iot-device-01, thingid=983c2b68-f9a3-4e83-b3c6-9f6f8ad5431b, thingarn=arn:aws:iot:us-east-1:507441099951:thing/iot-device-01, thingtypename=null, attributes={installed=1594665292, latitude=37.4133144, longitude=-122.1513069}, version=1, billinggroupname=null}","2020-11-26 00:00:00.000"
"iot-device-02","1.5946374076865664E9","59.6","74.48","true","false","0.0071","0.0045","0.0189","2020-11-26T17:19:29.302+0000","{defaultclientid=iot-device-02, thingname=iot-device-02, thingid=4ae4927a-aefb-4584-a45a-fc4839feffd6, thingarn=arn:aws:iot:us-east-1:507441099951:thing/iot-device-02, thingtypename=null, attributes={installed=1593361211, latitude=32.8205865, longitude=-96.871627}, version=1, billinggroupname=null}","2020-11-26 00:00:00.000"
"iot-device-01","1.5946372715746078E9","76.5","66.92","false","false","0.0062","0.0037","0.0164","2020-11-26T17:19:05.820+0000","{defaultclientid=iot-device-01, thingname=iot-device-01, thingid=983c2b68-f9a3-4e83-b3c6-9f6f8ad5431b, thingarn=arn:aws:iot:us-east-1:507441099951:thing/iot-device-01, thingtypename=null, attributes={installed=1594665292, latitude=37.4133144, longitude=-122.1513069}, version=1, billinggroupname=null}","2020-11-26 00:00:00.000"
"iot-device-02","1.5946372718804605E9","59.7","74.48","true","false","0.0073","0.0046","0.0193","2020-11-26T17:19:06.109+0000","{defaultclientid=iot-device-02, thingname=iot-device-02, thingid=4ae4927a-aefb-4584-a45a-fc4839feffd6, thingarn=arn:aws:iot:us-east-1:507441099951:thing/iot-device-02, thingtypename=null, attributes={installed=1593361211, latitude=32.8205865, longitude=-96.871627}, version=1, billinggroupname=null}","2020-11-26 00:00:00.000"
"iot-device-03","1.5946372727413476E9","52.2","71.06","false","false","0.0078","0.0051","0.0209","2020-11-26T17:19:06.399+0000","{defaultclientid=iot-device-03, thingname=iot-device-03, thingid=877352b9-a35d-45d3-9c98-162d89965a13, thingarn=arn:aws:iot:us-east-1:507441099951:thing/iot-device-03, thingtypename=null, attributes={installed=1592562234, latitude=37.4133144, longitude=-122.1513069}, version=1, billinggroupname=null}","2020-11-26 00:00:00.000"
"iot-device-03","1.5946372764274864E9","52.2","71.06","false","false","0.0078","0.0051","0.0209","2020-11-26T17:19:06.688+0000","{defaultclientid=iot-device-03, thingname=iot-device-03, thingid=877352b9-a35d-45d3-9c98-162d89965a13, thingarn=arn:aws:iot:us-east-1:507441099951:thing/iot-device-03, thingtypename=null, attributes={installed=1592562234, latitude=37.4133144, longitude=-122.1513069}, version=1, billinggroupname=null}","2020-11-26 00:00:00.000"
"iot-device-01","1.594637277000403E9","76.3","67.46","false","false","0.0062","0.0037","0.0164","2020-11-26T17:19:06.981+0000","{defaultclientid=iot-device-01, thingname=iot-device-01, thingid=983c2b68-f9a3-4e83-b3c6-9f6f8ad5431b, thingarn=arn:aws:iot:us-east-1:507441099951:thing/iot-device-01, thingtypename=null, attributes={installed=1594665292, latitude=37.4133144, longitude=-122.1513069}, version=1, billinggroupname=null}","2020-11-26 00:00:00.000"
"iot-device-03","1.5946372800432453E9","52.2","71.06","false","false","0.0078","0.0051","0.0209","2020-11-26T17:19:07.279+0000","{defaultclientid=iot-device-03, thingname=iot-device-03, thingid=877352b9-a35d-45d3-9c98-162d89965a13, thingarn=arn:aws:iot:us-east-1:507441099951:thing/iot-device-03, thingtypename=null, attributes={installed=1592562234, latitude=37.4133144, longitude=-122.1513069}, version=1, billinggroupname=null}","2020-11-26 00:00:00.000"
"iot-device-02","1.5946372831893888E9","59.7","74.48","true","false","0.0073","0.0046","0.0194","2020-11-26T17:19:07.571+0000","{defaultclientid=iot-device-02, thingname=iot-device-02, thingid=4ae4927a-aefb-4584-a45a-fc4839feffd6, thingarn=arn:aws:iot:us-east-1:507441099951:thing/iot-device-02, thingtypename=null, attributes={installed=1593361211, latitude=32.8205865, longitude=-96.871627}, version=1, billinggroupname=null}","2020-11-26 00:00:00.000"
"iot-device-03","1.5946372837344394E9","52.1","70.88","false","false","0.0078","0.0051","0.0208","2020-11-26T17:19:07.857+0000","{defaultclientid=iot-device-03, thingname=iot-device-03, thingid=877352b9-a35d-45d3-9c98-162d89965a13, thingarn=arn:aws:iot:us-east-1:507441099951:thing/iot-device-03, thingtypename=null, attributes={installed=1592562234, latitude=37.4133144, longitude=-122.1513069}, version=1, billinggroupname=null}","2020-11-26 00:00:00.000"
"iot-device-01","1.5946372861996574E9","76.4","67.46","false","false","0.0063","0.0038","0.0167","2020-11-26T17:19:08.149+0000","{defaultclientid=iot-device-01, thingname=iot-device-01, thingid=983c2b68-f9a3-4e83-b3c6-9f6f8ad5431b, thingarn=arn:aws:iot:us-east-1:507441099951:thing/iot-device-01, thingtypename=null, attributes={installed=1594665292, latitude=37.4133144, longitude=-122.1513069}, version=1, billinggroupname=null}","2020-11-26 00:00:00.000"
"iot-device-03","1.5946372874202695E9","52.2","71.06","false","false","0.0078","0.0051","0.0208","2020-11-26T17:19:08.439+0000","{defaultclientid=iot-device-03, thingname=iot-device-03, thingid=877352b9-a35d-45d3-9c98-162d89965a13, thingarn=arn:aws:iot:us-east-1:507441099951:thing/iot-device-03, thingtypename=null, attributes={installed=1592562234, latitude=37.4133144, longitude=-122.1513069}, version=1, billinggroupname=null}","2020-11-26 00:00:00.000"
"iot-device-03","1.5946373242795105E9","52.2","71.06","false","false","0.0078","0.0051","0.0208","2020-11-26T17:19:14.825+0000","{defaultclientid=iot-device-03, thingname=iot-device-03, thingid=877352b9-a35d-45d3-9c98-162d89965a13, thingarn=arn:aws:iot:us-east-1:507441099951:thing/iot-device-03, thingtypename=null, attributes={installed=1592562234, latitude=37.4133144, longitude=-122.1513069}, version=1, billinggroupname=null}","2020-11-26 00:00:00.000"
"iot-device-02","1.594637324312454E9","59.8","74.48","true","false","0.0073","0.0046","0.0194","2020-11-26T17:19:15.130+0000","{defaultclientid=iot-device-02, thingname=iot-device-02, thingid=4ae4927a-aefb-4584-a45a-fc4839feffd6, thingarn=arn:aws:iot:us-east-1:507441099951:thing/iot-device-02, thingtypename=null, attributes={installed=1593361211, latitude=32.8205865, longitude=-96.871627}, version=1, billinggroupname=null}","2020-11-26 00:00:00.000"
"iot-device-01","1.594637326567631E9","76.5","67.64","false","false","0.0062","0.0037","0.0164","2020-11-26T17:19:15.421+0000","{defaultclientid=iot-device-01, thingname=iot-device-01, thingid=983c2b68-f9a3-4e83-b3c6-9f6f8ad5431b, thingarn=arn:aws:iot:us-east-1:507441099951:thing/iot-device-01, thingtypename=null, attributes={installed=1594665292, latitude=37.4133144, longitude=-122.1513069}, version=1, billinggroupname=null}","2020-11-26 00:00:00.000"
"iot-device-03","1.5946373279653394E9","52.2","71.06","false","false","0.0078","0.0051","0.0208","2020-11-26T17:19:15.709+0000","{defaultclientid=iot-device-03, thingname=iot-device-03, thingid=877352b9-a35d-45d3-9c98-162d89965a13, thingarn=arn:aws:iot:us-east-1:507441099951:thing/iot-device-03, thingtypename=null, attributes={installed=1592562234, latitude=37.4133144, longitude=-122.1513069}, version=1, billinggroupname=null}","2020-11-26 00:00:00.000"
"iot-device-01","1.5946373309214911E9","76.5","67.64","false","false","0.0062","0.0037","0.0164","2020-11-26T17:19:15.999+0000","{defaultclientid=iot-device-01, thingname=iot-device-01, thingid=983c2b68-f9a3-4e83-b3c6-9f6f8ad5431b, thingarn=arn:aws:iot:us-east-1:507441099951:thing/iot-device-01, thingtypename=null, attributes={installed=1594665292, latitude=37.4133144, longitude=-122.1513069}, version=1, billinggroupname=null}","2020-11-26 00:00:00.000"
"iot-device-02","1.5946373313275115E9","59.7","74.48","true","false","0.0073","0.0047","0.0195","2020-11-26T17:19:16.300+0000","{defaultclientid=iot-device-02, thingname=iot-device-02, thingid=4ae4927a-aefb-4584-a45a-fc4839feffd6, thingarn=arn:aws:iot:us-east-1:507441099951:thing/iot-device-02, thingtypename=null, attributes={installed=1593361211, latitude=32.8205865, longitude=-96.871627}, version=1, billinggroupname=null}","2020-11-26 00:00:00.000"
"iot-device-03","1.594637331651339E9","52.2","71.06","false","false","0.0078","0.0051","0.0208","2020-11-26T17:19:16.588+0000","{defaultclientid=iot-device-03, thingname=iot-device-03, thingid=877352b9-a35d-45d3-9c98-162d89965a13, thingarn=arn:aws:iot:us-east-1:507441099951:thing/iot-device-03, thingtypename=null, attributes={installed=1592562234, latitude=37.4133144, longitude=-122.1513069}, version=1, billinggroupname=null}","2020-11-26 00:00:00.000"
"iot-device-03","1.5946373353373551E9","52.2","71.06","false","false","0.0078","0.0051","0.0209","2020-11-26T17:19:16.879+0000","{defaultclientid=iot-device-03, thingname=iot-device-03, thingid=877352b9-a35d-45d3-9c98-162d89965a13, thingarn=arn:aws:iot:us-east-1:507441099951:thing/iot-device-03, thingtypename=null, attributes={installed=1592562234, latitude=37.4133144, longitude=-122.1513069}, version=1, billinggroupname=null}","2020-11-26 00:00:00.000"
"iot-device-01","1.5946373368868058E9","76.5","67.64","false","false","0.0062","0.0037","0.0164","2020-11-26T17:19:17.170+0000","{defaultclientid=iot-device-01, thingname=iot-device-01, thingid=983c2b68-f9a3-4e83-b3c6-9f6f8ad5431b, thingarn=arn:aws:iot:us-east-1:507441099951:thing/iot-device-01, thingtypename=null, attributes={installed=1594665292, latitude=37.4133144, longitude=-122.1513069}, version=1, billinggroupname=null}","2020-11-26 00:00:00.000"
"iot-device-03","1.5946373390232973E9","52.2","71.06","false","false","0.0078","0.0051","0.0208","2020-11-26T17:19:17.459+0000","{defaultclientid=iot-device-03, thingname=iot-device-03, thingid=877352b9-a35d-45d3-9c98-162d89965a13, thingarn=arn:aws:iot:us-east-1:507441099951:thing/iot-device-03, thingtypename=null, attributes={installed=1592562234, latitude=37.4133144, longitude=-122.1513069}, version=1, billinggroupname=null}","2020-11-26 00:00:00.000"
"iot-device-01","1.5946373743602488E9","76.4","67.64","false","false","0.0062","0.0037","0.0164","2020-11-26T17:19:23.739+0000","{defaultclientid=iot-device-01, thingname=iot-device-01, thingid=983c2b68-f9a3-4e83-b3c6-9f6f8ad5431b, thingarn=arn:aws:iot:us-east-1:507441099951:thing/iot-device-01, thingtypename=null, attributes={installed=1594665292, latitude=37.4133144, longitude=-122.1513069}, version=1, billinggroupname=null}","2020-11-26 00:00:00.000"
"iot-device-03","1.5946373761393778E9","52.2","71.06","false","false","0.0078","0.0051","0.0209","2020-11-26T17:19:24.044+0000","{defaultclientid=iot-device-03, thingname=iot-device-03, thingid=877352b9-a35d-45d3-9c98-162d89965a13, thingarn=arn:aws:iot:us-east-1:507441099951:thing/iot-device-03, thingtypename=null, attributes={installed=1592562234, latitude=37.4133144, longitude=-122.1513069}, version=1, billinggroupname=null}","2020-11-26 00:00:00.000"
"iot-device-02","1.5946373783485699E9","59.7","74.48","true","false","0.0071","0.0045","0.0189","2020-11-26T17:19:24.343+0000","{defaultclientid=iot-device-02, thingname=iot-device-02, thingid=4ae4927a-aefb-4584-a45a-fc4839feffd6, thingarn=arn:aws:iot:us-east-1:507441099951:thing/iot-device-02, thingtypename=null, attributes={installed=1593361211, latitude=32.8205865, longitude=-96.871627}, version=1, billinggroupname=null}","2020-11-26 00:00:00.000"
"iot-device-01","1.594637379264131E9","76.3","67.46","false","false","0.0062","0.0037","0.0164","2020-11-26T17:19:24.639+0000","{defaultclientid=iot-device-01, thingname=iot-device-01, thingid=983c2b68-f9a3-4e83-b3c6-9f6f8ad5431b, thingarn=arn:aws:iot:us-east-1:507441099951:thing/iot-device-01, thingtypename=null, attributes={installed=1594665292, latitude=37.4133144, longitude=-122.1513069}, version=1, billinggroupname=null}","2020-11-26 00:00:00.000"
"iot-device-03","1.5946373798267946E9","52.2","71.06","false","false","0.0078","0.0051","0.0208","2020-11-26T17:19:24.931+0000","{defaultclientid=iot-device-03, thingname=iot-device-03, thingid=877352b9-a35d-45d3-9c98-162d89965a13, thingarn=arn:aws:iot:us-east-1:507441099951:thing/iot-device-03, thingtypename=null, attributes={installed=1592562234, latitude=37.4133144, longitude=-122.1513069}, version=1, billinggroupname=null}","2020-11-26 00:00:00.000"
"iot-device-01","1.5946373830783775E9","76.4","67.64","false","false","0.0062","0.0037","0.0164","2020-11-26T17:19:25.219+0000","{defaultclientid=iot-device-01, thingname=iot-device-01, thingid=983c2b68-f9a3-4e83-b3c6-9f6f8ad5431b, thingarn=arn:aws:iot:us-east-1:507441099951:thing/iot-device-01, thingtypename=null, attributes={installed=1594665292, latitude=37.4133144, longitude=-122.1513069}, version=1, billinggroupname=null}","2020-11-26 00:00:00.000"
"iot-device-03","1.594637383514406E9","52.2","71.06","false","false","0.0078","0.0051","0.0209","2020-11-26T17:19:25.510+0000","{defaultclientid=iot-device-03, thingname=iot-device-03, thingid=877352b9-a35d-45d3-9c98-162d89965a13, thingarn=arn:aws:iot:us-east-1:507441099951:thing/iot-device-03, thingtypename=null, attributes={installed=1592562234, latitude=37.4133144, longitude=-122.1513069}, version=1, billinggroupname=null}","2020-11-26 00:00:00.000"
"iot-device-03","1.5946373872019176E9","52.1","70.88","false","false","0.0078","0.0051","0.0209","2020-11-26T17:19:25.800+0000","{defaultclientid=iot-device-03, thingname=iot-device-03, thingid=877352b9-a35d-45d3-9c98-162d89965a13, thingarn=arn:aws:iot:us-east-1:507441099951:thing/iot-device-03, thingtypename=null, attributes={installed=1592562234, latitude=37.4133144, longitude=-122.1513069}, version=1, billinggroupname=null}","2020-11-26 00:00:00.000"
"iot-device-03","1.5946373908862832E9","52.2","71.06","false","false","0.0078","0.0051","0.0208","2020-11-26T17:19:26.089+0000","{defaultclientid=iot-device-03, thingname=iot-device-03, thingid=877352b9-a35d-45d3-9c98-162d89965a13, thingarn=arn:aws:iot:us-east-1:507441099951:thing/iot-device-03, thingtypename=null, attributes={installed=1592562234, latitude=37.4133144, longitude=-122.1513069}, version=1, billinggroupname=null}","2020-11-26 00:00:00.000"
"iot-device-01","1.594637391189416E9","76.3","67.46","false","false","0.0063","0.0038","0.0166","2020-11-26T17:19:26.388+0000","{defaultclientid=iot-device-01, thingname=iot-device-01, thingid=983c2b68-f9a3-4e83-b3c6-9f6f8ad5431b, thingarn=arn:aws:iot:us-east-1:507441099951:thing/iot-device-01, thingtypename=null, attributes={installed=1594665292, latitude=37.4133144, longitude=-122.1513069}, version=1, billinggroupname=null}","2020-11-26 00:00:00.000"
"iot-device-01","1.5946373412447164E9","76.5","67.64","false","false","0.0062","0.0037","0.0164","2020-11-26T17:19:17.750+0000","{defaultclientid=iot-device-01, thingname=iot-device-01, thingid=983c2b68-f9a3-4e83-b3c6-9f6f8ad5431b, thingarn=arn:aws:iot:us-east-1:507441099951:thing/iot-device-01, thingtypename=null, attributes={installed=1594665292, latitude=37.4133144, longitude=-122.1513069}, version=1, billinggroupname=null}","2020-11-26 00:00:00.000"
"iot-device-02","1.5946373415573444E9","59.7","74.48","true","false","0.0072","0.0046","0.0192","2020-11-26T17:19:18.053+0000","{defaultclientid=iot-device-02, thingname=iot-device-02, thingid=4ae4927a-aefb-4584-a45a-fc4839feffd6, thingarn=arn:aws:iot:us-east-1:507441099951:thing/iot-device-02, thingtypename=null, attributes={installed=1593361211, latitude=32.8205865, longitude=-96.871627}, version=1, billinggroupname=null}","2020-11-26 00:00:00.000"
"iot-device-03","1.5946373427090046E9","52.2","71.06","false","false","0.0078","0.0051","0.0209","2020-11-26T17:19:18.407+0000","{defaultclientid=iot-device-03, thingname=iot-device-03, thingid=877352b9-a35d-45d3-9c98-162d89965a13, thingarn=arn:aws:iot:us-east-1:507441099951:thing/iot-device-03, thingtypename=null, attributes={installed=1592562234, latitude=37.4133144, longitude=-122.1513069}, version=1, billinggroupname=null}","2020-11-26 00:00:00.000"
"iot-device-01","1.5946373450603828E9","76.7","67.46","false","false","0.0062","0.0037","0.0164","2020-11-26T17:19:18.700+0000","{defaultclientid=iot-device-01, thingname=iot-device-01, thingid=983c2b68-f9a3-4e83-b3c6-9f6f8ad5431b, thingarn=arn:aws:iot:us-east-1:507441099951:thing/iot-device-01, thingtypename=null, attributes={installed=1594665292, latitude=37.4133144, longitude=-122.1513069}, version=1, billinggroupname=null}","2020-11-26 00:00:00.000"
"iot-device-03","1.594637346394882E9","52.2","71.06","false","false","0.0078","0.0051","0.0209","2020-11-26T17:19:18.994+0000","{defaultclientid=iot-device-03, thingname=iot-device-03, thingid=877352b9-a35d-45d3-9c98-162d89965a13, thingarn=arn:aws:iot:us-east-1:507441099951:thing/iot-device-03, thingtypename=null, attributes={installed=1592562234, latitude=37.4133144, longitude=-122.1513069}, version=1, billinggroupname=null}","2020-11-26 00:00:00.000"
"iot-device-02","1.5946373470065484E9","59.7","74.48","true","false","0.0073","0.0047","0.0195","2020-11-26T17:19:19.292+0000","{defaultclientid=iot-device-02, thingname=iot-device-02, thingid=4ae4927a-aefb-4584-a45a-fc4839feffd6, thingarn=arn:aws:iot:us-east-1:507441099951:thing/iot-device-02, thingtypename=null, attributes={installed=1593361211, latitude=32.8205865, longitude=-96.871627}, version=1, billinggroupname=null}","2020-11-26 00:00:00.000"
"iot-device-03","1.5946373503335426E9","52.2","71.06","false","false","0.0078","0.0051","0.0209","2020-11-26T17:19:19.581+0000","{defaultclientid=iot-device-03, thingname=iot-device-03, thingid=877352b9-a35d-45d3-9c98-162d89965a13, thingarn=arn:aws:iot:us-east-1:507441099951:thing/iot-device-03, thingtypename=null, attributes={installed=1592562234, latitude=37.4133144, longitude=-122.1513069}, version=1, billinggroupname=null}","2020-11-26 00:00:00.000"
"iot-device-01","1.5946373537763653E9","76.5","67.46","false","false","0.0062","0.0037","0.0164","2020-11-26T17:19:19.878+0000","{defaultclientid=iot-device-01, thingname=iot-device-01, thingid=983c2b68-f9a3-4e83-b3c6-9f6f8ad5431b, thingarn=arn:aws:iot:us-east-1:507441099951:thing/iot-device-01, thingtypename=null, attributes={installed=1594665292, latitude=37.4133144, longitude=-122.1513069}, version=1, billinggroupname=null}","2020-11-26 00:00:00.000"
"iot-device-03","1.5946373540198119E9","52.2","71.06","false","false","0.0078","0.0051","0.0209","2020-11-26T17:19:20.160+0000","{defaultclientid=iot-device-03, thingname=iot-device-03, thingid=877352b9-a35d-45d3-9c98-162d89965a13, thingarn=arn:aws:iot:us-east-1:507441099951:thing/iot-device-03, thingtypename=null, attributes={installed=1592562234, latitude=37.4133144, longitude=-122.1513069}, version=1, billinggroupname=null}","2020-11-26 00:00:00.000"
"iot-device-02","1.5946373572251446E9","59.7","74.48","true","false","0.0071","0.0045","0.0189","2020-11-26T17:19:20.461+0000","{defaultclientid=iot-device-02, thingname=iot-device-02, thingid=4ae4927a-aefb-4584-a45a-fc4839feffd6, thingarn=arn:aws:iot:us-east-1:507441099951:thing/iot-device-02, thingtypename=null, attributes={installed=1593361211, latitude=32.8205865, longitude=-96.871627}, version=1, billinggroupname=null}","2020-11-26 00:00:00.000"
"iot-device-01","1.5946372293093634E9","76.4","67.46","false","false","0.0064","0.0038","0.0168","2020-11-26T17:18:59.930+0000","{defaultclientid=iot-device-01, thingname=iot-device-01, thingid=983c2b68-f9a3-4e83-b3c6-9f6f8ad5431b, thingarn=arn:aws:iot:us-east-1:507441099951:thing/iot-device-01, thingtypename=null, attributes={installed=1594665292, latitude=37.4133144, longitude=-122.1513069}, version=1, billinggroupname=null}","2020-11-26 00:00:00.000"
"iot-device-03","1.5946372321822007E9","52.2","71.06","false","false","0.0078","0.0051","0.0208","2020-11-26T17:19:00.226+0000","{defaultclientid=iot-device-03, thingname=iot-device-03, thingid=877352b9-a35d-45d3-9c98-162d89965a13, thingarn=arn:aws:iot:us-east-1:507441099951:thing/iot-device-03, thingtypename=null, attributes={installed=1592562234, latitude=37.4133144, longitude=-122.1513069}, version=1, billinggroupname=null}","2020-11-26 00:00:00.000"
"iot-device-03","1.5946372358696694E9","52.1","70.88","false","false","0.0078","0.0051","0.0208","2020-11-26T17:19:00.520+0000","{defaultclientid=iot-device-03, thingname=iot-device-03, thingid=877352b9-a35d-45d3-9c98-162d89965a13, thingarn=arn:aws:iot:us-east-1:507441099951:thing/iot-device-03, thingtypename=null, attributes={installed=1592562234, latitude=37.4133144, longitude=-122.1513069}, version=1, billinggroupname=null}","2020-11-26 00:00:00.000"
"iot-device-01","1.5946372390695615E9","76.4","67.64","false","false","0.0062","0.0037","0.0164","2020-11-26T17:19:00.820+0000","{defaultclientid=iot-device-01, thingname=iot-device-01, thingid=983c2b68-f9a3-4e83-b3c6-9f6f8ad5431b, thingarn=arn:aws:iot:us-east-1:507441099951:thing/iot-device-01, thingtypename=null, attributes={installed=1594665292, latitude=37.4133144, longitude=-122.1513069}, version=1, billinggroupname=null}","2020-11-26 00:00:00.000"
"iot-device-03","1.5946372395560172E9","52.1","70.88","false","false","0.0078","0.0051","0.0209","2020-11-26T17:19:01.110+0000","{defaultclientid=iot-device-03, thingname=iot-device-03, thingid=877352b9-a35d-45d3-9c98-162d89965a13, thingarn=arn:aws:iot:us-east-1:507441099951:thing/iot-device-03, thingtypename=null, attributes={installed=1592562234, latitude=37.4133144, longitude=-122.1513069}, version=1, billinggroupname=null}","2020-11-26 00:00:00.000"
"iot-device-02","1.5946372430891721E9","59.7","74.48","true","false","0.0072","0.0046","0.0192","2020-11-26T17:19:01.402+0000","{defaultclientid=iot-device-02, thingname=iot-device-02, thingid=4ae4927a-aefb-4584-a45a-fc4839feffd6, thingarn=arn:aws:iot:us-east-1:507441099951:thing/iot-device-02, thingtypename=null, attributes={installed=1593361211, latitude=32.8205865, longitude=-96.871627}, version=1, billinggroupname=null}","2020-11-26 00:00:00.000"
"iot-device-03","1.594637243243606E9","52.2","71.06","false","false","0.0078","0.0051","0.0208","2020-11-26T17:19:01.688+0000","{defaultclientid=iot-device-03, thingname=iot-device-03, thingid=877352b9-a35d-45d3-9c98-162d89965a13, thingarn=arn:aws:iot:us-east-1:507441099951:thing/iot-device-03, thingtypename=null, attributes={installed=1592562234, latitude=37.4133144, longitude=-122.1513069}, version=1, billinggroupname=null}","2020-11-26 00:00:00.000"
"iot-device-01","1.5946372439600437E9","76.3","67.46","false","false","0.0063","0.0038","0.0166","2020-11-26T17:19:01.979+0000","{defaultclientid=iot-device-01, thingname=iot-device-01, thingid=983c2b68-f9a3-4e83-b3c6-9f6f8ad5431b, thingarn=arn:aws:iot:us-east-1:507441099951:thing/iot-device-01, thingtypename=null, attributes={installed=1594665292, latitude=37.4133144, longitude=-122.1513069}, version=1, billinggroupname=null}","2020-11-26 00:00:00.000"
"iot-device-03","1.5946372469310892E9","52.2","71.06","false","false","0.0078","0.0051","0.0209","2020-11-26T17:19:02.257+0000","{defaultclientid=iot-device-03, thingname=iot-device-03, thingid=877352b9-a35d-45d3-9c98-162d89965a13, thingarn=arn:aws:iot:us-east-1:507441099951:thing/iot-device-03, thingtypename=null, attributes={installed=1592562234, latitude=37.4133144, longitude=-122.1513069}, version=1, billinggroupname=null}","2020-11-26 00:00:00.000"
"iot-device-01","1.5946372488477087E9","76.4","67.64","false","false","0.0063","0.0038","0.0166","2020-11-26T17:19:02.553+0000","{defaultclientid=iot-device-01, thingname=iot-device-01, thingid=983c2b68-f9a3-4e83-b3c6-9f6f8ad5431b, thingarn=arn:aws:iot:us-east-1:507441099951:thing/iot-device-01, thingtypename=null, attributes={installed=1594665292, latitude=37.4133144, longitude=-122.1513069}, version=1, billinggroupname=null}","2020-11-26 00:00:00.000"
"iot-device-02","1.594637290222854E9","59.7","74.48","true","false","0.0072","0.0046","0.0193","2020-11-26T17:19:08.841+0000","{defaultclientid=iot-device-02, thingname=iot-device-02, thingid=4ae4927a-aefb-4584-a45a-fc4839feffd6, thingarn=arn:aws:iot:us-east-1:507441099951:thing/iot-device-02, thingtypename=null, attributes={installed=1593361211, latitude=32.8205865, longitude=-96.871627}, version=1, billinggroupname=null}","2020-11-26 00:00:00.000"
"iot-device-03","1.594637291106178E9","52.2","71.06","false","false","0.0078","0.0051","0.0208","2020-11-26T17:19:09.139+0000","{defaultclientid=iot-device-03, thingname=iot-device-03, thingid=877352b9-a35d-45d3-9c98-162d89965a13, thingarn=arn:aws:iot:us-east-1:507441099951:thing/iot-device-03, thingtypename=null, attributes={installed=1592562234, latitude=37.4133144, longitude=-122.1513069}, version=1, billinggroupname=null}","2020-11-26 00:00:00.000"
"iot-device-03","1.5946372947921278E9","52.2","71.06","false","false","0.0078","0.0051","0.0209","2020-11-26T17:19:09.443+0000","{defaultclientid=iot-device-03, thingname=iot-device-03, thingid=877352b9-a35d-45d3-9c98-162d89965a13, thingarn=arn:aws:iot:us-east-1:507441099951:thing/iot-device-03, thingtypename=null, attributes={installed=1592562234, latitude=37.4133144, longitude=-122.1513069}, version=1, billinggroupname=null}","2020-11-26 00:00:00.000"
"iot-device-02","1.5946372977721367E9","59.7","74.48","true","false","0.0072","0.0045","0.0191","2020-11-26T17:19:09.730+0000","{defaultclientid=iot-device-02, thingname=iot-device-02, thingid=4ae4927a-aefb-4584-a45a-fc4839feffd6, thingarn=arn:aws:iot:us-east-1:507441099951:thing/iot-device-02, thingtypename=null, attributes={installed=1593361211, latitude=32.8205865, longitude=-96.871627}, version=1, billinggroupname=null}","2020-11-26 00:00:00.000"
"iot-device-03","1.5946372984779232E9","52.2","71.06","false","false","0.0078","0.0051","0.0208","2020-11-26T17:19:10.033+0000","{defaultclientid=iot-device-03, thingname=iot-device-03, thingid=877352b9-a35d-45d3-9c98-162d89965a13, thingarn=arn:aws:iot:us-east-1:507441099951:thing/iot-device-03, thingtypename=null, attributes={installed=1592562234, latitude=37.4133144, longitude=-122.1513069}, version=1, billinggroupname=null}","2020-11-26 00:00:00.000"
"iot-device-03","1.5946373021636488E9","52.2","71.06","false","false","0.0078","0.0051","0.0209","2020-11-26T17:19:10.330+0000","{defaultclientid=iot-device-03, thingname=iot-device-03, thingid=877352b9-a35d-45d3-9c98-162d89965a13, thingarn=arn:aws:iot:us-east-1:507441099951:thing/iot-device-03, thingtypename=null, attributes={installed=1592562234, latitude=37.4133144, longitude=-122.1513069}, version=1, billinggroupname=null}","2020-11-26 00:00:00.000"
"iot-device-01","1.5946373026497998E9","76.3","67.46","false","false","0.0064","0.0039","0.0169","2020-11-26T17:19:10.623+0000","{defaultclientid=iot-device-01, thingname=iot-device-01, thingid=983c2b68-f9a3-4e83-b3c6-9f6f8ad5431b, thingarn=arn:aws:iot:us-east-1:507441099951:thing/iot-device-01, thingtypename=null, attributes={installed=1594665292, latitude=37.4133144, longitude=-122.1513069}, version=1, billinggroupname=null}","2020-11-26 00:00:00.000"
"iot-device-03","1.5946373058500814E9","52.2","71.06","false","false","0.0078","0.0051","0.0209","2020-11-26T17:19:10.923+0000","{defaultclientid=iot-device-03, thingname=iot-device-03, thingid=877352b9-a35d-45d3-9c98-162d89965a13, thingarn=arn:aws:iot:us-east-1:507441099951:thing/iot-device-03, thingtypename=null, attributes={installed=1592562234, latitude=37.4133144, longitude=-122.1513069}, version=1, billinggroupname=null}","2020-11-26 00:00:00.000"
"iot-device-01","1.5946373070047948E9","76.3","67.64","false","false","0.0063","0.0038","0.0166","2020-11-26T17:19:11.212+0000","{defaultclientid=iot-device-01, thingname=iot-device-01, thingid=983c2b68-f9a3-4e83-b3c6-9f6f8ad5431b, thingarn=arn:aws:iot:us-east-1:507441099951:thing/iot-device-01, thingtypename=null, attributes={installed=1594665292, latitude=37.4133144, longitude=-122.1513069}, version=1, billinggroupname=null}","2020-11-26 00:00:00.000"
"iot-device-02","1.5946373074692519E9","59.7","74.48","true","false","0.0073","0.0046","0.0194","2020-11-26T17:19:11.499+0000","{defaultclientid=iot-device-02, thingname=iot-device-02, thingid=4ae4927a-aefb-4584-a45a-fc4839feffd6, thingarn=arn:aws:iot:us-east-1:507441099951:thing/iot-device-02, thingtypename=null, attributes={installed=1593361211, latitude=32.8205865, longitude=-96.871627}, version=1, billinggroupname=null}","2020-11-26 00:00:00.000"
"iot-device-03","1.59460176906822E9","51.3","72.14","false","false","0.0081","0.0053","0.0216","2020-11-26T16:55:19.445+0000","{defaultclientid=iot-device-03, thingname=iot-device-03, thingid=877352b9-a35d-45d3-9c98-162d89965a13, thingarn=arn:aws:iot:us-east-1:507441099951:thing/iot-device-03, thingtypename=null, attributes={installed=1592562234, latitude=37.4133144, longitude=-122.1513069}, version=1, billinggroupname=null}","2020-11-26 00:00:00.000"
"iot-device-02","1.5946017702552698E9","59.7","79.52","true","false","0.0073","0.0046","0.0193","2020-11-26T16:55:19.760+0000","{defaultclientid=iot-device-02, thingname=iot-device-02, thingid=4ae4927a-aefb-4584-a45a-fc4839feffd6, thingarn=arn:aws:iot:us-east-1:507441099951:thing/iot-device-02, thingtypename=null, attributes={installed=1593361211, latitude=32.8205865, longitude=-96.871627}, version=1, billinggroupname=null}","2020-11-26 00:00:00.000"
"iot-device-01","1.5946017706664972E9","74.5","66.2","false","false","0.0114","0.0086","0.0312","2020-11-26T16:55:20.072+0000","{defaultclientid=iot-device-01, thingname=iot-device-01, thingid=983c2b68-f9a3-4e83-b3c6-9f6f8ad5431b, thingarn=arn:aws:iot:us-east-1:507441099951:thing/iot-device-01, thingtypename=null, attributes={installed=1594665292, latitude=37.4133144, longitude=-122.1513069}, version=1, billinggroupname=null}","2020-11-26 00:00:00.000"
"iot-device-03","1.5946017727521484E9","51.3","72.14","false","false","0.0081","0.0053","0.0216","2020-11-26T16:55:20.394+0000","{defaultclientid=iot-device-03, thingname=iot-device-03, thingid=877352b9-a35d-45d3-9c98-162d89965a13, thingarn=arn:aws:iot:us-east-1:507441099951:thing/iot-device-03, thingtypename=null, attributes={installed=1592562234, latitude=37.4133144, longitude=-122.1513069}, version=1, billinggroupname=null}","2020-11-26 00:00:00.000"
"iot-device-01","1.594601776109559E9","74.4","66.2","false","false","0.0114","0.0086","0.0312","2020-11-26T16:55:20.703+0000","{defaultclientid=iot-device-01, thingname=iot-device-01, thingid=983c2b68-f9a3-4e83-b3c6-9f6f8ad5431b, thingarn=arn:aws:iot:us-east-1:507441099951:thing/iot-device-01, thingtypename=null, attributes={installed=1594665292, latitude=37.4133144, longitude=-122.1513069}, version=1, billinggroupname=null}","2020-11-26 00:00:00.000"
"iot-device-03","1.5946017764378796E9","51.3","72.14","false","false","0.0081","0.0054","0.0217","2020-11-26T16:55:21.031+0000","{defaultclientid=iot-device-03, thingname=iot-device-03, thingid=877352b9-a35d-45d3-9c98-162d89965a13, thingarn=arn:aws:iot:us-east-1:507441099951:thing/iot-device-03, thingtypename=null, attributes={installed=1592562234, latitude=37.4133144, longitude=-122.1513069}, version=1, billinggroupname=null}","2020-11-26 00:00:00.000"
"iot-device-02","1.5946017772708688E9","59.7","79.52","true","false","0.0072","0.0046","0.0192","2020-11-26T16:55:21.338+0000","{defaultclientid=iot-device-02, thingname=iot-device-02, thingid=4ae4927a-aefb-4584-a45a-fc4839feffd6, thingarn=arn:aws:iot:us-east-1:507441099951:thing/iot-device-02, thingtypename=null, attributes={installed=1593361211, latitude=32.8205865, longitude=-96.871627}, version=1, billinggroupname=null}","2020-11-26 00:00:00.000"
"iot-device-01","1.5946017799274824E9","74.4","66.2","false","false","0.0115","0.0087","0.0315","2020-11-26T16:55:21.649+0000","{defaultclientid=iot-device-01, thingname=iot-device-01, thingid=983c2b68-f9a3-4e83-b3c6-9f6f8ad5431b, thingarn=arn:aws:iot:us-east-1:507441099951:thing/iot-device-01, thingtypename=null, attributes={installed=1594665292, latitude=37.4133144, longitude=-122.1513069}, version=1, billinggroupname=null}","2020-11-26 00:00:00.000"
"iot-device-03","1.5946017801245394E9","51.3","72.14","false","false","0.0081","0.0054","0.0217","2020-11-26T16:55:21.964+0000","{defaultclientid=iot-device-03, thingname=iot-device-03, thingid=877352b9-a35d-45d3-9c98-162d89965a13, thingarn=arn:aws:iot:us-east-1:507441099951:thing/iot-device-03, thingtypename=null, attributes={installed=1592562234, latitude=37.4133144, longitude=-122.1513069}, version=1, billinggroupname=null}","2020-11-26 00:00:00.000"
"iot-device-02","1.594601782146391E9","59.7","79.52","true","false","0.0073","0.0046","0.0194","2020-11-26T16:55:22.281+0000","{defaultclientid=iot-device-02, thingname=iot-device-02, thingid=4ae4927a-aefb-4584-a45a-fc4839feffd6, thingarn=arn:aws:iot:us-east-1:507441099951:thing/iot-device-02, thingtypename=null, attributes={installed=1593361211, latitude=32.8205865, longitude=-96.871627}, version=1, billinggroupname=null}","2020-11-26 00:00:00.000"
"iot-device-03","1.5945989592330654E9","51.7","71.78","false","false","0.0084","0.0056","0.0224","2020-11-26T16:55:03.392+0000","{defaultclientid=iot-device-03, thingname=iot-device-03, thingid=877352b9-a35d-45d3-9c98-162d89965a13, thingarn=arn:aws:iot:us-east-1:507441099951:thing/iot-device-03, thingtypename=null, attributes={installed=1592562234, latitude=37.4133144, longitude=-122.1513069}, version=1, billinggroupname=null}","2020-11-26 00:00:00.000"
"iot-device-03","1.5945989629223335E9","51.7","71.78","false","false","0.0084","0.0056","0.0224","2020-11-26T16:55:03.715+0000","{defaultclientid=iot-device-03, thingname=iot-device-03, thingid=877352b9-a35d-45d3-9c98-162d89965a13, thingarn=arn:aws:iot:us-east-1:507441099951:thing/iot-device-03, thingtypename=null, attributes={installed=1592562234, latitude=37.4133144, longitude=-122.1513069}, version=1, billinggroupname=null}","2020-11-26 00:00:00.000"
"iot-device-01","1.5945989639405165E9","74.6","66.2","false","false","0.0138","0.0112","0.0383","2020-11-26T16:55:04.106+0000","{defaultclientid=iot-device-01, thingname=iot-device-01, thingid=983c2b68-f9a3-4e83-b3c6-9f6f8ad5431b, thingarn=arn:aws:iot:us-east-1:507441099951:thing/iot-device-01, thingtypename=null, attributes={installed=1594665292, latitude=37.4133144, longitude=-122.1513069}, version=1, billinggroupname=null}","2020-11-26 00:00:00.000"
"iot-device-02","1.5945989657660608E9","58.2","80.6","true","false","0.0072","0.0045","0.019","2020-11-26T16:55:04.431+0000","{defaultclientid=iot-device-02, thingname=iot-device-02, thingid=4ae4927a-aefb-4584-a45a-fc4839feffd6, thingarn=arn:aws:iot:us-east-1:507441099951:thing/iot-device-02, thingtypename=null, attributes={installed=1593361211, latitude=32.8205865, longitude=-96.871627}, version=1, billinggroupname=null}","2020-11-26 00:00:00.000"
"iot-device-03","1.5945989666086679E9","51.7","71.78","false","false","0.0083","0.0056","0.0224","2020-11-26T16:55:04.752+0000","{defaultclientid=iot-device-03, thingname=iot-device-03, thingid=877352b9-a35d-45d3-9c98-162d89965a13, thingarn=arn:aws:iot:us-east-1:507441099951:thing/iot-device-03, thingtypename=null, attributes={installed=1592562234, latitude=37.4133144, longitude=-122.1513069}, version=1, billinggroupname=null}","2020-11-26 00:00:00.000"
"iot-device-03","1.5945989702946944E9","51.7","71.78","false","false","0.0083","0.0056","0.0224","2020-11-26T16:55:05.079+0000","{defaultclientid=iot-device-03, thingname=iot-device-03, thingid=877352b9-a35d-45d3-9c98-162d89965a13, thingarn=arn:aws:iot:us-east-1:507441099951:thing/iot-device-03, thingtypename=null, attributes={installed=1592562234, latitude=37.4133144, longitude=-122.1513069}, version=1, billinggroupname=null}","2020-11-26 00:00:00.000"
"iot-device-01","1.5945989704392467E9","74.5","66.2","false","false","0.0139","0.0113","0.0387","2020-11-26T16:55:05.392+0000","{defaultclientid=iot-device-01, thingname=iot-device-01, thingid=983c2b68-f9a3-4e83-b3c6-9f6f8ad5431b, thingarn=arn:aws:iot:us-east-1:507441099951:thing/iot-device-01, thingtypename=null, attributes={installed=1594665292, latitude=37.4133144, longitude=-122.1513069}, version=1, billinggroupname=null}","2020-11-26 00:00:00.000"
"iot-device-02","1.5945989706403773E9","58.1","80.6","true","false","0.0072","0.0045","0.019","2020-11-26T16:55:05.713+0000","{defaultclientid=iot-device-02, thingname=iot-device-02, thingid=4ae4927a-aefb-4584-a45a-fc4839feffd6, thingarn=arn:aws:iot:us-east-1:507441099951:thing/iot-device-02, thingtypename=null, attributes={installed=1593361211, latitude=32.8205865, longitude=-96.871627}, version=1, billinggroupname=null}","2020-11-26 00:00:00.000"
"iot-device-03","1.5945989739797876E9","51.7","71.78","false","false","0.0083","0.0056","0.0224","2020-11-26T16:55:06.033+0000","{defaultclientid=iot-device-03, thingname=iot-device-03, thingid=877352b9-a35d-45d3-9c98-162d89965a13, thingarn=arn:aws:iot:us-east-1:507441099951:thing/iot-device-03, thingtypename=null, attributes={installed=1592562234, latitude=37.4133144, longitude=-122.1513069}, version=1, billinggroupname=null}","2020-11-26 00:00:00.000"
"iot-device-01","1.594598975327697E9","74.6","66.2","false","false","0.0138","0.0112","0.0383","2020-11-26T16:55:06.364+0000","{defaultclientid=iot-device-01, thingname=iot-device-01, thingid=983c2b68-f9a3-4e83-b3c6-9f6f8ad5431b, thingarn=arn:aws:iot:us-east-1:507441099951:thing/iot-device-01, thingtypename=null, attributes={installed=1594665292, latitude=37.4133144, longitude=-122.1513069}, version=1, billinggroupname=null}","2020-11-26 00:00:00.000"
"iot-device-03","1.5945989961078534E9","51.7","71.78","false","false","0.0083","0.0056","0.0224","2020-11-26T16:55:09.865+0000","{defaultclientid=iot-device-03, thingname=iot-device-03, thingid=877352b9-a35d-45d3-9c98-162d89965a13, thingarn=arn:aws:iot:us-east-1:507441099951:thing/iot-device-03, thingtypename=null, attributes={installed=1592562234, latitude=37.4133144, longitude=-122.1513069}, version=1, billinggroupname=null}","2020-11-26 00:00:00.000"
"iot-device-02","1.5945989971010118E9","58.2","80.6","true","false","0.0072","0.0045","0.019","2020-11-26T16:55:10.182+0000","{defaultclientid=iot-device-02, thingname=iot-device-02, thingid=4ae4927a-aefb-4584-a45a-fc4839feffd6, thingarn=arn:aws:iot:us-east-1:507441099951:thing/iot-device-02, thingtypename=null, attributes={installed=1593361211, latitude=32.8205865, longitude=-96.871627}, version=1, billinggroupname=null}","2020-11-26 00:00:00.000"
"iot-device-03","1.5945989997940705E9","51.7","71.78","false","false","0.0083","0.0056","0.0224","2020-11-26T16:55:10.509+0000","{defaultclientid=iot-device-03, thingname=iot-device-03, thingid=877352b9-a35d-45d3-9c98-162d89965a13, thingarn=arn:aws:iot:us-east-1:507441099951:thing/iot-device-03, thingtypename=null, attributes={installed=1592562234, latitude=37.4133144, longitude=-122.1513069}, version=1, billinggroupname=null}","2020-11-26 00:00:00.000"
"iot-device-01","1.5945990021043475E9","74.5","66.2","false","false","0.0142","0.0116","0.0394","2020-11-26T16:55:10.873+0000","{defaultclientid=iot-device-01, thingname=iot-device-01, thingid=983c2b68-f9a3-4e83-b3c6-9f6f8ad5431b, thingarn=arn:aws:iot:us-east-1:507441099951:thing/iot-device-01, thingtypename=null, attributes={installed=1594665292, latitude=37.4133144, longitude=-122.1513069}, version=1, billinggroupname=null}","2020-11-26 00:00:00.000"
"iot-device-03","1.5945990034802632E9","51.6","71.78","false","false","0.0084","0.0056","0.0225","2020-11-26T16:55:11.191+0000","{defaultclientid=iot-device-03, thingname=iot-device-03, thingid=877352b9-a35d-45d3-9c98-162d89965a13, thingarn=arn:aws:iot:us-east-1:507441099951:thing/iot-device-03, thingtypename=null, attributes={installed=1592562234, latitude=37.4133144, longitude=-122.1513069}, version=1, billinggroupname=null}","2020-11-26 00:00:00.000"
"iot-device-01","1.5945990059183972E9","74.5","66.2","false","false","0.0138","0.0112","0.0383","2020-11-26T16:55:11.518+0000","{defaultclientid=iot-device-01, thingname=iot-device-01, thingid=983c2b68-f9a3-4e83-b3c6-9f6f8ad5431b, thingarn=arn:aws:iot:us-east-1:507441099951:thing/iot-device-01, thingtypename=null, attributes={installed=1594665292, latitude=37.4133144, longitude=-122.1513069}, version=1, billinggroupname=null}","2020-11-26 00:00:00.000"
"iot-device-03","1.5945990071663525E9","51.6","71.78","false","false","0.0084","0.0056","0.0224","2020-11-26T16:55:11.833+0000","{defaultclientid=iot-device-03, thingname=iot-device-03, thingid=877352b9-a35d-45d3-9c98-162d89965a13, thingarn=arn:aws:iot:us-east-1:507441099951:thing/iot-device-03, thingtypename=null, attributes={installed=1592562234, latitude=37.4133144, longitude=-122.1513069}, version=1, billinggroupname=null}","2020-11-26 00:00:00.000"
"iot-device-02","1.5945990097604918E9","58.2","80.6","true","false","0.0071","0.0045","0.019","2020-11-26T16:55:12.147+0000","{defaultclientid=iot-device-02, thingname=iot-device-02, thingid=4ae4927a-aefb-4584-a45a-fc4839feffd6, thingarn=arn:aws:iot:us-east-1:507441099951:thing/iot-device-02, thingtypename=null, attributes={installed=1593361211, latitude=32.8205865, longitude=-96.871627}, version=1, billinggroupname=null}","2020-11-26 00:00:00.000"
"iot-device-03","1.594599010852539E9","51.7","71.96","false","false","0.0083","0.0056","0.0223","2020-11-26T16:55:12.466+0000","{defaultclientid=iot-device-03, thingname=iot-device-03, thingid=877352b9-a35d-45d3-9c98-162d89965a13, thingarn=arn:aws:iot:us-east-1:507441099951:thing/iot-device-03, thingtypename=null, attributes={installed=1592562234, latitude=37.4133144, longitude=-122.1513069}, version=1, billinggroupname=null}","2020-11-26 00:00:00.000"
"iot-device-03","1.5945990145378215E9","51.6","71.78","false","false","0.0084","0.0056","0.0224","2020-11-26T16:55:12.785+0000","{defaultclientid=iot-device-03, thingname=iot-device-03, thingid=877352b9-a35d-45d3-9c98-162d89965a13, thingarn=arn:aws:iot:us-east-1:507441099951:thing/iot-device-03, thingtypename=null, attributes={installed=1592562234, latitude=37.4133144, longitude=-122.1513069}, version=1, billinggroupname=null}","2020-11-26 00:00:00.000"
"iot-device-03","1.5945989776657407E9","51.7","71.78","false","false","0.0084","0.0056","0.0224","2020-11-26T16:55:06.686+0000","{defaultclientid=iot-device-03, thingname=iot-device-03, thingid=877352b9-a35d-45d3-9c98-162d89965a13, thingarn=arn:aws:iot:us-east-1:507441099951:thing/iot-device-03, thingtypename=null, attributes={installed=1592562234, latitude=37.4133144, longitude=-122.1513069}, version=1, billinggroupname=null}","2020-11-26 00:00:00.000"
"iot-device-02","1.5945989787217045E9","58.2","80.6","true","false","0.0072","0.0045","0.019","2020-11-26T16:55:07.011+0000","{defaultclientid=iot-device-02, thingname=iot-device-02, thingid=4ae4927a-aefb-4584-a45a-fc4839feffd6, thingarn=arn:aws:iot:us-east-1:507441099951:thing/iot-device-02, thingtypename=null, attributes={installed=1593361211, latitude=32.8205865, longitude=-96.871627}, version=1, billinggroupname=null}","2020-11-26 00:00:00.000"
"iot-device-03","1.5945989813521526E9","51.7","71.78","false","false","0.0083","0.0056","0.0224","2020-11-26T16:55:07.329+0000","{defaultclientid=iot-device-03, thingname=iot-device-03, thingid=877352b9-a35d-45d3-9c98-162d89965a13, thingarn=arn:aws:iot:us-east-1:507441099951:thing/iot-device-03, thingtypename=null, attributes={installed=1592562234, latitude=37.4133144, longitude=-122.1513069}, version=1, billinggroupname=null}","2020-11-26 00:00:00.000"
"iot-device-01","1.594598981828486E9","74.7","66.2","false","false","0.0138","0.0112","0.0382","2020-11-26T16:55:07.641+0000","{defaultclientid=iot-device-01, thingname=iot-device-01, thingid=983c2b68-f9a3-4e83-b3c6-9f6f8ad5431b, thingarn=arn:aws:iot:us-east-1:507441099951:thing/iot-device-01, thingtypename=null, attributes={installed=1594665292, latitude=37.4133144, longitude=-122.1513069}, version=1, billinggroupname=null}","2020-11-26 00:00:00.000"
"iot-device-03","1.5945989850507607E9","51.7","71.78","false","false","0.0083","0.0056","0.0224","2020-11-26T16:55:07.962+0000","{defaultclientid=iot-device-03, thingname=iot-device-03, thingid=877352b9-a35d-45d3-9c98-162d89965a13, thingarn=arn:aws:iot:us-east-1:507441099951:thing/iot-device-03, thingtypename=null, attributes={installed=1592562234, latitude=37.4133144, longitude=-122.1513069}, version=1, billinggroupname=null}","2020-11-26 00:00:00.000"
"iot-device-02","1.594598986803084E9","58.1","80.6","true","false","0.0071","0.0045","0.0189","2020-11-26T16:55:08.277+0000","{defaultclientid=iot-device-02, thingname=iot-device-02, thingid=4ae4927a-aefb-4584-a45a-fc4839feffd6, thingarn=arn:aws:iot:us-east-1:507441099951:thing/iot-device-02, thingtypename=null, attributes={installed=1593361211, latitude=32.8205865, longitude=-96.871627}, version=1, billinggroupname=null}","2020-11-26 00:00:00.000"
"iot-device-03","1.594598988736786E9","51.8","71.78","false","false","0.0083","0.0056","0.0223","2020-11-26T16:55:08.592+0000","{defaultclientid=iot-device-03, thingname=iot-device-03, thingid=877352b9-a35d-45d3-9c98-162d89965a13, thingarn=arn:aws:iot:us-east-1:507441099951:thing/iot-device-03, thingtypename=null, attributes={installed=1592562234, latitude=37.4133144, longitude=-122.1513069}, version=1, billinggroupname=null}","2020-11-26 00:00:00.000"
"iot-device-01","1.594598989953838E9","74.6","66.2","false","false","0.014","0.0115","0.039","2020-11-26T16:55:08.912+0000","{defaultclientid=iot-device-01, thingname=iot-device-01, thingid=983c2b68-f9a3-4e83-b3c6-9f6f8ad5431b, thingarn=arn:aws:iot:us-east-1:507441099951:thing/iot-device-01, thingtypename=null, attributes={installed=1594665292, latitude=37.4133144, longitude=-122.1513069}, version=1, billinggroupname=null}","2020-11-26 00:00:00.000"
"iot-device-02","1.5945989916797125E9","58.1","80.6","true","false","0.0072","0.0045","0.019","2020-11-26T16:55:09.221+0000","{defaultclientid=iot-device-02, thingname=iot-device-02, thingid=4ae4927a-aefb-4584-a45a-fc4839feffd6, thingarn=arn:aws:iot:us-east-1:507441099951:thing/iot-device-02, thingtypename=null, attributes={installed=1593361211, latitude=32.8205865, longitude=-96.871627}, version=1, billinggroupname=null}","2020-11-26 00:00:00.000"
"iot-device-03","1.5945989924219208E9","51.8","71.78","false","false","0.0083","0.0056","0.0224","2020-11-26T16:55:09.554+0000","{defaultclientid=iot-device-03, thingname=iot-device-03, thingid=877352b9-a35d-45d3-9c98-162d89965a13, thingarn=arn:aws:iot:us-east-1:507441099951:thing/iot-device-03, thingtypename=null, attributes={installed=1592562234, latitude=37.4133144, longitude=-122.1513069}, version=1, billinggroupname=null}","2020-11-26 00:00:00.000"
"iot-device-02","1.5946018194436104E9","53.4","79.52","true","false","0.0073","0.0046","0.0194","2020-11-26T16:55:28.931+0000","{defaultclientid=iot-device-02, thingname=iot-device-02, thingid=4ae4927a-aefb-4584-a45a-fc4839feffd6, thingarn=arn:aws:iot:us-east-1:507441099951:thing/iot-device-02, thingtypename=null, attributes={installed=1593361211, latitude=32.8205865, longitude=-96.871627}, version=1, billinggroupname=null}","2020-11-26 00:00:00.000"
"iot-device-03","1.5946018209211006E9","51.3","72.14","false","false","0.0081","0.0054","0.0217","2020-11-26T16:55:29.232+0000","{defaultclientid=iot-device-03, thingname=iot-device-03, thingid=877352b9-a35d-45d3-9c98-162d89965a13, thingarn=arn:aws:iot:us-east-1:507441099951:thing/iot-device-03, thingtypename=null, attributes={installed=1592562234, latitude=37.4133144, longitude=-122.1513069}, version=1, billinggroupname=null}","2020-11-26 00:00:00.000"
"iot-device-01","1.594601822194676E9","74.3","66.2","false","false","0.0114","0.0086","0.0312","2020-11-26T16:55:29.542+0000","{defaultclientid=iot-device-01, thingname=iot-device-01, thingid=983c2b68-f9a3-4e83-b3c6-9f6f8ad5431b, thingarn=arn:aws:iot:us-east-1:507441099951:thing/iot-device-01, thingtypename=null, attributes={installed=1594665292, latitude=37.4133144, longitude=-122.1513069}, version=1, billinggroupname=null}","2020-11-26 00:00:00.000"
"iot-device-02","1.5946018238201616E9","59.8","79.52","true","false","0.0073","0.0046","0.0193","2020-11-26T16:55:29.859+0000","{defaultclientid=iot-device-02, thingname=iot-device-02, thingid=4ae4927a-aefb-4584-a45a-fc4839feffd6, thingarn=arn:aws:iot:us-east-1:507441099951:thing/iot-device-02, thingtypename=null, attributes={installed=1593361211, latitude=32.8205865, longitude=-96.871627}, version=1, billinggroupname=null}","2020-11-26 00:00:00.000"
"iot-device-03","1.5946018024836533E9","51.3","72.14","false","false","0.008","0.0053","0.0215","2020-11-26T16:55:25.782+0000","{defaultclientid=iot-device-03, thingname=iot-device-03, thingid=877352b9-a35d-45d3-9c98-162d89965a13, thingarn=arn:aws:iot:us-east-1:507441099951:thing/iot-device-03, thingtypename=null, attributes={installed=1592562234, latitude=37.4133144, longitude=-122.1513069}, version=1, billinggroupname=null}","2020-11-26 00:00:00.000"
"iot-device-03","1.5946018061797998E9","51.3","72.14","false","false","0.0081","0.0054","0.0218","2020-11-26T16:55:26.101+0000","{defaultclientid=iot-device-03, thingname=iot-device-03, thingid=877352b9-a35d-45d3-9c98-162d89965a13, thingarn=arn:aws:iot:us-east-1:507441099951:thing/iot-device-03, thingtypename=null, attributes={installed=1592562234, latitude=37.4133144, longitude=-122.1513069}, version=1, billinggroupname=null}","2020-11-26 00:00:00.000"
"iot-device-02","1.5946018086179068E9","59.8","79.52","true","false","0.0073","0.0046","0.0194","2020-11-26T16:55:26.411+0000","{defaultclientid=iot-device-02, thingname=iot-device-02, thingid=4ae4927a-aefb-4584-a45a-fc4839feffd6, thingarn=arn:aws:iot:us-east-1:507441099951:thing/iot-device-02, thingtypename=null, attributes={installed=1593361211, latitude=32.8205865, longitude=-96.871627}, version=1, billinggroupname=null}","2020-11-26 00:00:00.000"
"iot-device-01","1.594601809120219E9","74.3","66.2","false","false","0.0114","0.0086","0.0312","2020-11-26T16:55:26.733+0000","{defaultclientid=iot-device-01, thingname=iot-device-01, thingid=983c2b68-f9a3-4e83-b3c6-9f6f8ad5431b, thingarn=arn:aws:iot:us-east-1:507441099951:thing/iot-device-01, thingtypename=null, attributes={installed=1594665292, latitude=37.4133144, longitude=-122.1513069}, version=1, billinggroupname=null}","2020-11-26 00:00:00.000"
"iot-device-03","1.5946018098630545E9","51.3","72.14","false","false","0.0081","0.0054","0.0217","2020-11-26T16:55:27.037+0000","{defaultclientid=iot-device-03, thingname=iot-device-03, thingid=877352b9-a35d-45d3-9c98-162d89965a13, thingarn=arn:aws:iot:us-east-1:507441099951:thing/iot-device-03, thingtypename=null, attributes={installed=1592562234, latitude=37.4133144, longitude=-122.1513069}, version=1, billinggroupname=null}","2020-11-26 00:00:00.000"
"iot-device-01","1.594601813473134E9","74.3","66.2","false","false","0.0114","0.0086","0.0312","2020-11-26T16:55:27.354+0000","{defaultclientid=iot-device-01, thingname=iot-device-01, thingid=983c2b68-f9a3-4e83-b3c6-9f6f8ad5431b, thingarn=arn:aws:iot:us-east-1:507441099951:thing/iot-device-01, thingtypename=null, attributes={installed=1594665292, latitude=37.4133144, longitude=-122.1513069}, version=1, billinggroupname=null}","2020-11-26 00:00:00.000"
"iot-device-03","1.594601813549858E9","51.3","72.14","false","false","0.0081","0.0054","0.0218","2020-11-26T16:55:27.672+0000","{defaultclientid=iot-device-03, thingname=iot-device-03, thingid=877352b9-a35d-45d3-9c98-162d89965a13, thingarn=arn:aws:iot:us-east-1:507441099951:thing/iot-device-03, thingtypename=null, attributes={installed=1592562234, latitude=37.4133144, longitude=-122.1513069}, version=1, billinggroupname=null}","2020-11-26 00:00:00.000"
"iot-device-02","1.594601815097742E9","59.8","79.52","true","false","0.0073","0.0046","0.0193","2020-11-26T16:55:27.986+0000","{defaultclientid=iot-device-02, thingname=iot-device-02, thingid=4ae4927a-aefb-4584-a45a-fc4839feffd6, thingarn=arn:aws:iot:us-east-1:507441099951:thing/iot-device-02, thingtypename=null, attributes={installed=1593361211, latitude=32.8205865, longitude=-96.871627}, version=1, billinggroupname=null}","2020-11-26 00:00:00.000"
"iot-device-03","1.5946018172376616E9","51.3","72.14","false","false","0.0081","0.0053","0.0216","2020-11-26T16:55:28.316+0000","{defaultclientid=iot-device-03, thingname=iot-device-03, thingid=877352b9-a35d-45d3-9c98-162d89965a13, thingarn=arn:aws:iot:us-east-1:507441099951:thing/iot-device-03, thingtypename=null, attributes={installed=1592562234, latitude=37.4133144, longitude=-122.1513069}, version=1, billinggroupname=null}","2020-11-26 00:00:00.000"
"iot-device-01","1.594601818377685E9","74.3","66.2","false","false","0.0114","0.0086","0.0312","2020-11-26T16:55:28.623+0000","{defaultclientid=iot-device-01, thingname=iot-device-01, thingid=983c2b68-f9a3-4e83-b3c6-9f6f8ad5431b, thingarn=arn:aws:iot:us-east-1:507441099951:thing/iot-device-01, thingtypename=null, attributes={installed=1594665292, latitude=37.4133144, longitude=-122.1513069}, version=1, billinggroupname=null}","2020-11-26 00:00:00.000"
"iot-device-02","1.5945990146342034E9","58.1","80.6","true","false","0.0072","0.0045","0.019","2020-11-26T16:55:13.101+0000","{defaultclientid=iot-device-02, thingname=iot-device-02, thingid=4ae4927a-aefb-4584-a45a-fc4839feffd6, thingarn=arn:aws:iot:us-east-1:507441099951:thing/iot-device-02, thingtypename=null, attributes={installed=1593361211, latitude=32.8205865, longitude=-96.871627}, version=1, billinggroupname=null}","2020-11-26 00:00:00.000"
"iot-device-01","1.5945990156815286E9","74.5","66.2","false","false","0.0142","0.0116","0.0394","2020-11-26T16:55:13.423+0000","{defaultclientid=iot-device-01, thingname=iot-device-01, thingid=983c2b68-f9a3-4e83-b3c6-9f6f8ad5431b, thingarn=arn:aws:iot:us-east-1:507441099951:thing/iot-device-01, thingtypename=null, attributes={installed=1594665292, latitude=37.4133144, longitude=-122.1513069}, version=1, billinggroupname=null}","2020-11-26 00:00:00.000"
"iot-device-03","1.5945990182238016E9","51.7","71.96","false","false","0.0084","0.0056","0.0224","2020-11-26T16:55:13.751+0000","{defaultclientid=iot-device-03, thingname=iot-device-03, thingid=877352b9-a35d-45d3-9c98-162d89965a13, thingarn=arn:aws:iot:us-east-1:507441099951:thing/iot-device-03, thingtypename=null, attributes={installed=1592562234, latitude=37.4133144, longitude=-122.1513069}, version=1, billinggroupname=null}","2020-11-26 00:00:00.000"
"iot-device-02","1.5945990195121462E9","58.1","80.6","true","false","0.0072","0.0045","0.019","2020-11-26T16:55:14.070+0000","{defaultclientid=iot-device-02, thingname=iot-device-02, thingid=4ae4927a-aefb-4584-a45a-fc4839feffd6, thingarn=arn:aws:iot:us-east-1:507441099951:thing/iot-device-02, thingtypename=null, attributes={installed=1593361211, latitude=32.8205865, longitude=-96.871627}, version=1, billinggroupname=null}","2020-11-26 00:00:00.000"
"iot-device-03","1.5945990219083028E9","51.6","71.78","false","false","0.0083","0.0056","0.0224","2020-11-26T16:55:14.383+0000","{defaultclientid=iot-device-03, thingname=iot-device-03, thingid=877352b9-a35d-45d3-9c98-162d89965a13, thingarn=arn:aws:iot:us-east-1:507441099951:thing/iot-device-03, thingtypename=null, attributes={installed=1592562234, latitude=37.4133144, longitude=-122.1513069}, version=1, billinggroupname=null}","2020-11-26 00:00:00.000"
"iot-device-02","1.5945990233228116E9","58.1","80.6","true","false","0.0072","0.0045","0.019","2020-11-26T16:55:14.692+0000","{defaultclientid=iot-device-02, thingname=iot-device-02, thingid=4ae4927a-aefb-4584-a45a-fc4839feffd6, thingarn=arn:aws:iot:us-east-1:507441099951:thing/iot-device-02, thingtypename=null, attributes={installed=1593361211, latitude=32.8205865, longitude=-96.871627}, version=1, billinggroupname=null}","2020-11-26 00:00:00.000"
"iot-device-01","1.5945990254102602E9","74.5","66.2","false","false","0.0139","0.0113","0.0387","2020-11-26T16:55:15.005+0000","{defaultclientid=iot-device-01, thingname=iot-device-01, thingid=983c2b68-f9a3-4e83-b3c6-9f6f8ad5431b, thingarn=arn:aws:iot:us-east-1:507441099951:thing/iot-device-01, thingtypename=null, attributes={installed=1594665292, latitude=37.4133144, longitude=-122.1513069}, version=1, billinggroupname=null}","2020-11-26 00:00:00.000"
"iot-device-03","1.5945990255932026E9","51.6","71.78","false","false","0.0084","0.0056","0.0224","2020-11-26T16:55:15.330+0000","{defaultclientid=iot-device-03, thingname=iot-device-03, thingid=877352b9-a35d-45d3-9c98-162d89965a13, thingarn=arn:aws:iot:us-east-1:507441099951:thing/iot-device-03, thingtypename=null, attributes={installed=1592562234, latitude=37.4133144, longitude=-122.1513069}, version=1, billinggroupname=null}","2020-11-26 00:00:00.000"
"iot-device-01","1.5946017500291927E9","74.5","66.2","false","false","0.0114","0.0086","0.0312","2020-11-26T16:55:15.646+0000","{defaultclientid=iot-device-01, thingname=iot-device-01, thingid=983c2b68-f9a3-4e83-b3c6-9f6f8ad5431b, thingarn=arn:aws:iot:us-east-1:507441099951:thing/iot-device-01, thingtypename=null, attributes={installed=1594665292, latitude=37.4133144, longitude=-122.1513069}, version=1, billinggroupname=null}","2020-11-26 00:00:00.000"
"iot-device-03","1.594601750392503E9","51.3","71.96","false","false","0.0081","0.0054","0.0217","2020-11-26T16:55:15.972+0000","{defaultclientid=iot-device-03, thingname=iot-device-03, thingid=877352b9-a35d-45d3-9c98-162d89965a13, thingarn=arn:aws:iot:us-east-1:507441099951:thing/iot-device-03, thingtypename=null, attributes={installed=1592562234, latitude=37.4133144, longitude=-122.1513069}, version=1, billinggroupname=null}","2020-11-26 00:00:00.000"
"iot-device-01","1.5946017837444336E9","74.5","66.2","false","false","0.0114","0.0086","0.0311","2020-11-26T16:55:22.603+0000","{defaultclientid=iot-device-01, thingname=iot-device-01, thingid=983c2b68-f9a3-4e83-b3c6-9f6f8ad5431b, thingarn=arn:aws:iot:us-east-1:507441099951:thing/iot-device-01, thingtypename=null, attributes={installed=1594665292, latitude=37.4133144, longitude=-122.1513069}, version=1, billinggroupname=null}","2020-11-26 00:00:00.000"
"iot-device-03","1.5946017838109634E9","51.3","72.14","false","false","0.0081","0.0053","0.0216","2020-11-26T16:55:22.925+0000","{defaultclientid=iot-device-03, thingname=iot-device-03, thingid=877352b9-a35d-45d3-9c98-162d89965a13, thingarn=arn:aws:iot:us-east-1:507441099951:thing/iot-device-03, thingtypename=null, attributes={installed=1592562234, latitude=37.4133144, longitude=-122.1513069}, version=1, billinggroupname=null}","2020-11-26 00:00:00.000"
"iot-device-03","1.5946017877450821E9","51.3","72.14","false","false","0.0081","0.0054","0.0218","2020-11-26T16:55:23.243+0000","{defaultclientid=iot-device-03, thingname=iot-device-03, thingid=877352b9-a35d-45d3-9c98-162d89965a13, thingarn=arn:aws:iot:us-east-1:507441099951:thing/iot-device-03, thingtypename=null, attributes={installed=1592562234, latitude=37.4133144, longitude=-122.1513069}, version=1, billinggroupname=null}","2020-11-26 00:00:00.000"
"iot-device-02","1.594601788627353E9","59.8","79.52","true","false","0.0073","0.0046","0.0194","2020-11-26T16:55:23.578+0000","{defaultclientid=iot-device-02, thingname=iot-device-02, thingid=4ae4927a-aefb-4584-a45a-fc4839feffd6, thingarn=arn:aws:iot:us-east-1:507441099951:thing/iot-device-02, thingtypename=null, attributes={installed=1593361211, latitude=32.8205865, longitude=-96.871627}, version=1, billinggroupname=null}","2020-11-26 00:00:00.000"
"iot-device-03","1.5946017914308565E9","51.4","72.14","false","false","0.0081","0.0054","0.0217","2020-11-26T16:55:23.893+0000","{defaultclientid=iot-device-03, thingname=iot-device-03, thingid=877352b9-a35d-45d3-9c98-162d89965a13, thingarn=arn:aws:iot:us-east-1:507441099951:thing/iot-device-03, thingtypename=null, attributes={installed=1592562234, latitude=37.4133144, longitude=-122.1513069}, version=1, billinggroupname=null}","2020-11-26 00:00:00.000"
"iot-device-02","1.5946017929753904E9","59.8","79.52","true","false","0.0073","0.0046","0.0194","2020-11-26T16:55:24.212+0000","{defaultclientid=iot-device-02, thingname=iot-device-02, thingid=4ae4927a-aefb-4584-a45a-fc4839feffd6, thingarn=arn:aws:iot:us-east-1:507441099951:thing/iot-device-02, thingtypename=null, attributes={installed=1593361211, latitude=32.8205865, longitude=-96.871627}, version=1, billinggroupname=null}","2020-11-26 00:00:00.000"
"iot-device-03","1.5946017951283245E9","51.3","72.14","false","false","0.0081","0.0053","0.0216","2020-11-26T16:55:24.522+0000","{defaultclientid=iot-device-03, thingname=iot-device-03, thingid=877352b9-a35d-45d3-9c98-162d89965a13, thingarn=arn:aws:iot:us-east-1:507441099951:thing/iot-device-03, thingtypename=null, attributes={installed=1592562234, latitude=37.4133144, longitude=-122.1513069}, version=1, billinggroupname=null}","2020-11-26 00:00:00.000"
"iot-device-01","1.5946017964309824E9","74.3","66.2","false","false","0.0114","0.0086","0.0312","2020-11-26T16:55:24.837+0000","{defaultclientid=iot-device-01, thingname=iot-device-01, thingid=983c2b68-f9a3-4e83-b3c6-9f6f8ad5431b, thingarn=arn:aws:iot:us-east-1:507441099951:thing/iot-device-01, thingtypename=null, attributes={installed=1594665292, latitude=37.4133144, longitude=-122.1513069}, version=1, billinggroupname=null}","2020-11-26 00:00:00.000"
"iot-device-03","1.5946017988144908E9","51.3","72.14","false","false","0.0081","0.0054","0.0217","2020-11-26T16:55:25.151+0000","{defaultclientid=iot-device-03, thingname=iot-device-03, thingid=877352b9-a35d-45d3-9c98-162d89965a13, thingarn=arn:aws:iot:us-east-1:507441099951:thing/iot-device-03, thingtypename=null, attributes={installed=1592562234, latitude=37.4133144, longitude=-122.1513069}, version=1, billinggroupname=null}","2020-11-26 00:00:00.000"
"iot-device-02","1.594601799998258E9","59.8","79.52","true","false","0.0073","0.0046","0.0193","2020-11-26T16:55:25.470+0000","{defaultclientid=iot-device-02, thingname=iot-device-02, thingid=4ae4927a-aefb-4584-a45a-fc4839feffd6, thingarn=arn:aws:iot:us-east-1:507441099951:thing/iot-device-02, thingtypename=null, attributes={installed=1593361211, latitude=32.8205865, longitude=-96.871627}, version=1, billinggroupname=null}","2020-11-26 00:00:00.000"
"iot-device-03","1.5945989444885418E9","51.7","71.78","false","false","0.0083","0.0056","0.0224","2020-11-26T16:55:00.178+0000","{defaultclientid=iot-device-03, thingname=iot-device-03, thingid=877352b9-a35d-45d3-9c98-162d89965a13, thingarn=arn:aws:iot:us-east-1:507441099951:thing/iot-device-03, thingtypename=null, attributes={installed=1592562234, latitude=37.4133144, longitude=-122.1513069}, version=1, billinggroupname=null}","2020-11-26 00:00:00.000"
"iot-device-01","1.5945989460069473E9","74.6","66.2","false","false","0.014","0.0115","0.039","2020-11-26T16:55:00.491+0000","{defaultclientid=iot-device-01, thingname=iot-device-01, thingid=983c2b68-f9a3-4e83-b3c6-9f6f8ad5431b, thingarn=arn:aws:iot:us-east-1:507441099951:thing/iot-device-01, thingtypename=null, attributes={installed=1594665292, latitude=37.4133144, longitude=-122.1513069}, version=1, billinggroupname=null}","2020-11-26 00:00:00.000"
"iot-device-02","1.594598947931408E9","58.1","80.6","true","false","0.0072","0.0045","0.019","2020-11-26T16:55:00.828+0000","{defaultclientid=iot-device-02, thingname=iot-device-02, thingid=4ae4927a-aefb-4584-a45a-fc4839feffd6, thingarn=arn:aws:iot:us-east-1:507441099951:thing/iot-device-02, thingtypename=null, attributes={installed=1593361211, latitude=32.8205865, longitude=-96.871627}, version=1, billinggroupname=null}","2020-11-26 00:00:00.000"
"iot-device-03","1.5945989481747627E9","51.7","71.78","false","false","0.0084","0.0056","0.0224","2020-11-26T16:55:01.151+0000","{defaultclientid=iot-device-03, thingname=iot-device-03, thingid=877352b9-a35d-45d3-9c98-162d89965a13, thingarn=arn:aws:iot:us-east-1:507441099951:thing/iot-device-03, thingtypename=null, attributes={installed=1592562234, latitude=37.4133144, longitude=-122.1513069}, version=1, billinggroupname=null}","2020-11-26 00:00:00.000"
"iot-device-03","1.5945989518609293E9","51.7","71.78","false","false","0.0084","0.0056","0.0225","2020-11-26T16:55:01.465+0000","{defaultclientid=iot-device-03, thingname=iot-device-03, thingid=877352b9-a35d-45d3-9c98-162d89965a13, thingarn=arn:aws:iot:us-east-1:507441099951:thing/iot-device-03, thingtypename=null, attributes={installed=1592562234, latitude=37.4133144, longitude=-122.1513069}, version=1, billinggroupname=null}","2020-11-26 00:00:00.000"
"iot-device-01","1.5945989520135927E9","74.6","66.2","false","false","0.0139","0.0113","0.0387","2020-11-26T16:55:01.776+0000","{defaultclientid=iot-device-01, thingname=iot-device-01, thingid=983c2b68-f9a3-4e83-b3c6-9f6f8ad5431b, thingarn=arn:aws:iot:us-east-1:507441099951:thing/iot-device-01, thingtypename=null, attributes={installed=1594665292, latitude=37.4133144, longitude=-122.1513069}, version=1, billinggroupname=null}","2020-11-26 00:00:00.000"
"iot-device-02","1.5945989528035512E9","58.1","80.6","true","false","0.0072","0.0045","0.0191","2020-11-26T16:55:02.091+0000","{defaultclientid=iot-device-02, thingname=iot-device-02, thingid=4ae4927a-aefb-4584-a45a-fc4839feffd6, thingarn=arn:aws:iot:us-east-1:507441099951:thing/iot-device-02, thingtypename=null, attributes={installed=1593361211, latitude=32.8205865, longitude=-96.871627}, version=1, billinggroupname=null}","2020-11-26 00:00:00.000"
"iot-device-03","1.5945989555470119E9","51.7","71.78","false","false","0.0084","0.0056","0.0224","2020-11-26T16:55:02.416+0000","{defaultclientid=iot-device-03, thingname=iot-device-03, thingid=877352b9-a35d-45d3-9c98-162d89965a13, thingarn=arn:aws:iot:us-east-1:507441099951:thing/iot-device-03, thingtypename=null, attributes={installed=1592562234, latitude=37.4133144, longitude=-122.1513069}, version=1, billinggroupname=null}","2020-11-26 00:00:00.000"
"iot-device-01","1.5945989563668096E9","74.6","66.2","false","false","0.0138","0.0112","0.0383","2020-11-26T16:55:02.756+0000","{defaultclientid=iot-device-01, thingname=iot-device-01, thingid=983c2b68-f9a3-4e83-b3c6-9f6f8ad5431b, thingarn=arn:aws:iot:us-east-1:507441099951:thing/iot-device-01, thingtypename=null, attributes={installed=1594665292, latitude=37.4133144, longitude=-122.1513069}, version=1, billinggroupname=null}","2020-11-26 00:00:00.000"
"iot-device-02","1.5945989566138234E9","58.1","80.6","true","false","0.0072","0.0045","0.019","2020-11-26T16:55:03.078+0000","{defaultclientid=iot-device-02, thingname=iot-device-02, thingid=4ae4927a-aefb-4584-a45a-fc4839feffd6, thingarn=arn:aws:iot:us-east-1:507441099951:thing/iot-device-02, thingtypename=null, attributes={installed=1593361211, latitude=32.8205865, longitude=-96.871627}, version=1, billinggroupname=null}","2020-11-26 00:00:00.000"
"iot-device-02","1.5946017523681018E9","59.6","79.52","true","false","0.0073","0.0046","0.0193","2020-11-26T16:55:16.294+0000","{defaultclientid=iot-device-02, thingname=iot-device-02, thingid=4ae4927a-aefb-4584-a45a-fc4839feffd6, thingarn=arn:aws:iot:us-east-1:507441099951:thing/iot-device-02, thingtypename=null, attributes={installed=1593361211, latitude=32.8205865, longitude=-96.871627}, version=1, billinggroupname=null}","2020-11-26 00:00:00.000"
"iot-device-01","1.59460175384981E9","74.4","66.2","false","false","0.0113","0.0085","0.0311","2020-11-26T16:55:16.620+0000","{defaultclientid=iot-device-01, thingname=iot-device-01, thingid=983c2b68-f9a3-4e83-b3c6-9f6f8ad5431b, thingarn=arn:aws:iot:us-east-1:507441099951:thing/iot-device-01, thingtypename=null, attributes={installed=1594665292, latitude=37.4133144, longitude=-122.1513069}, version=1, billinggroupname=null}","2020-11-26 00:00:00.000"
"iot-device-03","1.5946017540767288E9","51.3","71.96","false","false","0.0081","0.0054","0.0217","2020-11-26T16:55:16.941+0000","{defaultclientid=iot-device-03, thingname=iot-device-03, thingid=877352b9-a35d-45d3-9c98-162d89965a13, thingarn=arn:aws:iot:us-east-1:507441099951:thing/iot-device-03, thingtypename=null, attributes={installed=1592562234, latitude=37.4133144, longitude=-122.1513069}, version=1, billinggroupname=null}","2020-11-26 00:00:00.000"
"iot-device-02","1.5946017572406414E9","59.6","79.52","true","false","0.0072","0.0046","0.0192","2020-11-26T16:55:17.250+0000","{defaultclientid=iot-device-02, thingname=iot-device-02, thingid=4ae4927a-aefb-4584-a45a-fc4839feffd6, thingarn=arn:aws:iot:us-east-1:507441099951:thing/iot-device-02, thingtypename=null, attributes={installed=1593361211, latitude=32.8205865, longitude=-96.871627}, version=1, billinggroupname=null}","2020-11-26 00:00:00.000"
"iot-device-03","1.5946017577625284E9","51.3","72.14","false","false","0.0081","0.0054","0.0217","2020-11-26T16:55:17.561+0000","{defaultclientid=iot-device-03, thingname=iot-device-03, thingid=877352b9-a35d-45d3-9c98-162d89965a13, thingarn=arn:aws:iot:us-east-1:507441099951:thing/iot-device-03, thingtypename=null, attributes={installed=1592562234, latitude=37.4133144, longitude=-122.1513069}, version=1, billinggroupname=null}","2020-11-26 00:00:00.000"
"iot-device-01","1.594601758737359E9","74.5","66.2","false","false","0.0114","0.0086","0.0312","2020-11-26T16:55:17.872+0000","{defaultclientid=iot-device-01, thingname=iot-device-01, thingid=983c2b68-f9a3-4e83-b3c6-9f6f8ad5431b, thingarn=arn:aws:iot:us-east-1:507441099951:thing/iot-device-01, thingtypename=null, attributes={installed=1594665292, latitude=37.4133144, longitude=-122.1513069}, version=1, billinggroupname=null}","2020-11-26 00:00:00.000"
"iot-device-03","1.5946017614500904E9","51.2","71.96","false","false","0.0081","0.0054","0.0218","2020-11-26T16:55:18.186+0000","{defaultclientid=iot-device-03, thingname=iot-device-03, thingid=877352b9-a35d-45d3-9c98-162d89965a13, thingarn=arn:aws:iot:us-east-1:507441099951:thing/iot-device-03, thingtypename=null, attributes={installed=1592562234, latitude=37.4133144, longitude=-122.1513069}, version=1, billinggroupname=null}","2020-11-26 00:00:00.000"
"iot-device-01","1.5946017630888276E9","74.5","66.2","false","false","0.0114","0.0086","0.0311","2020-11-26T16:55:18.501+0000","{defaultclientid=iot-device-01, thingname=iot-device-01, thingid=983c2b68-f9a3-4e83-b3c6-9f6f8ad5431b, thingarn=arn:aws:iot:us-east-1:507441099951:thing/iot-device-01, thingtypename=null, attributes={installed=1594665292, latitude=37.4133144, longitude=-122.1513069}, version=1, billinggroupname=null}","2020-11-26 00:00:00.000"
"iot-device-02","1.5946017653792489E9","59.7","79.52","true","false","0.0072","0.0046","0.0192","2020-11-26T16:55:18.822+0000","{defaultclientid=iot-device-02, thingname=iot-device-02, thingid=4ae4927a-aefb-4584-a45a-fc4839feffd6, thingarn=arn:aws:iot:us-east-1:507441099951:thing/iot-device-02, thingtypename=null, attributes={installed=1593361211, latitude=32.8205865, longitude=-96.871627}, version=1, billinggroupname=null}","2020-11-26 00:00:00.000"
"iot-device-03","1.5946017653838253E9","51.2","71.96","false","false","0.0081","0.0054","0.0218","2020-11-26T16:55:19.132+0000","{defaultclientid=iot-device-03, thingname=iot-device-03, thingid=877352b9-a35d-45d3-9c98-162d89965a13, thingarn=arn:aws:iot:us-east-1:507441099951:thing/iot-device-03, thingtypename=null, attributes={installed=1592562234, latitude=37.4133144, longitude=-122.1513069}, version=1, billinggroupname=null}","2020-11-26 00:00:00.000"
"iot-device-03","1.5946350344725587E9","51.9","71.06","false","false","0.0078","0.0051","0.0208","2020-11-26T17:16:05.940+0000","{defaultclientid=iot-device-03, thingname=iot-device-03, thingid=877352b9-a35d-45d3-9c98-162d89965a13, thingarn=arn:aws:iot:us-east-1:507441099951:thing/iot-device-03, thingtypename=null, attributes={installed=1592562234, latitude=37.4133144, longitude=-122.1513069}, version=1, billinggroupname=null}","2020-11-26 00:00:00.000"
"iot-device-03","1.5946350381585956E9","51.9","71.06","false","false","0.0078","0.0051","0.0208","2020-11-26T17:16:06.236+0000","{defaultclientid=iot-device-03, thingname=iot-device-03, thingid=877352b9-a35d-45d3-9c98-162d89965a13, thingarn=arn:aws:iot:us-east-1:507441099951:thing/iot-device-03, thingtypename=null, attributes={installed=1592562234, latitude=37.4133144, longitude=-122.1513069}, version=1, billinggroupname=null}","2020-11-26 00:00:00.000"
"iot-device-02","1.59463503852018E9","59.7","74.66","true","false","0.0072","0.0046","0.0191","2020-11-26T17:16:06.545+0000","{defaultclientid=iot-device-02, thingname=iot-device-02, thingid=4ae4927a-aefb-4584-a45a-fc4839feffd6, thingarn=arn:aws:iot:us-east-1:507441099951:thing/iot-device-02, thingtypename=null, attributes={installed=1593361211, latitude=32.8205865, longitude=-96.871627}, version=1, billinggroupname=null}","2020-11-26 00:00:00.000"
"iot-device-03","1.594635041844824E9","51.9","70.88","false","false","0.0078","0.0051","0.0209","2020-11-26T17:16:06.838+0000","{defaultclientid=iot-device-03, thingname=iot-device-03, thingid=877352b9-a35d-45d3-9c98-162d89965a13, thingarn=arn:aws:iot:us-east-1:507441099951:thing/iot-device-03, thingtypename=null, attributes={installed=1592562234, latitude=37.4133144, longitude=-122.1513069}, version=1, billinggroupname=null}","2020-11-26 00:00:00.000"
"iot-device-02","1.5946350433958392E9","59.8","74.66","true","false","0.0072","0.0045","0.019","2020-11-26T17:16:07.128+0000","{defaultclientid=iot-device-02, thingname=iot-device-02, thingid=4ae4927a-aefb-4584-a45a-fc4839feffd6, thingarn=arn:aws:iot:us-east-1:507441099951:thing/iot-device-02, thingtypename=null, attributes={installed=1593361211, latitude=32.8205865, longitude=-96.871627}, version=1, billinggroupname=null}","2020-11-26 00:00:00.000"
"iot-device-03","1.594635045549008E9","51.9","71.06","false","false","0.0078","0.0051","0.0208","2020-11-26T17:16:07.419+0000","{defaultclientid=iot-device-03, thingname=iot-device-03, thingid=877352b9-a35d-45d3-9c98-162d89965a13, thingarn=arn:aws:iot:us-east-1:507441099951:thing/iot-device-03, thingtypename=null, attributes={installed=1592562234, latitude=37.4133144, longitude=-122.1513069}, version=1, billinggroupname=null}","2020-11-26 00:00:00.000"
"iot-device-01","1.5946350457761555E9","75.8","67.46","false","false","0.0065","0.0039","0.017","2020-11-26T17:16:07.744+0000","{defaultclientid=iot-device-01, thingname=iot-device-01, thingid=983c2b68-f9a3-4e83-b3c6-9f6f8ad5431b, thingarn=arn:aws:iot:us-east-1:507441099951:thing/iot-device-01, thingtypename=null, attributes={installed=1594665292, latitude=37.4133144, longitude=-122.1513069}, version=1, billinggroupname=null}","2020-11-26 00:00:00.000"
"iot-device-02","1.5946350477409527E9","53.3","40.1","true","false","0.0072","0.0045","0.019","2020-11-26T17:16:08.029+0000","{defaultclientid=iot-device-02, thingname=iot-device-02, thingid=4ae4927a-aefb-4584-a45a-fc4839feffd6, thingarn=arn:aws:iot:us-east-1:507441099951:thing/iot-device-02, thingtypename=null, attributes={installed=1593361211, latitude=32.8205865, longitude=-96.871627}, version=1, billinggroupname=null}","2020-11-26 00:00:00.000"
"iot-device-03","1.5946350492348955E9","51.9","71.06","false","false","0.0078","0.0051","0.0209","2020-11-26T17:16:08.321+0000","{defaultclientid=iot-device-03, thingname=iot-device-03, thingid=877352b9-a35d-45d3-9c98-162d89965a13, thingarn=arn:aws:iot:us-east-1:507441099951:thing/iot-device-03, thingtypename=null, attributes={installed=1592562234, latitude=37.4133144, longitude=-122.1513069}, version=1, billinggroupname=null}","2020-11-26 00:00:00.000"
"iot-device-01","1.5946350511996279E9","75.8","67.46","false","false","0.0063","0.0038","0.0166","2020-11-26T17:16:08.619+0000","{defaultclientid=iot-device-01, thingname=iot-device-01, thingid=983c2b68-f9a3-4e83-b3c6-9f6f8ad5431b, thingarn=arn:aws:iot:us-east-1:507441099951:thing/iot-device-01, thingtypename=null, attributes={installed=1594665292, latitude=37.4133144, longitude=-122.1513069}, version=1, billinggroupname=null}","2020-11-26 00:00:00.000"
"iot-device-02","1.5946350515576286E9","59.7","74.66","true","false","0.0072","0.0045","0.019","2020-11-26T17:16:08.910+0000","{defaultclientid=iot-device-02, thingname=iot-device-02, thingid=4ae4927a-aefb-4584-a45a-fc4839feffd6, thingarn=arn:aws:iot:us-east-1:507441099951:thing/iot-device-02, thingtypename=null, attributes={installed=1593361211, latitude=32.8205865, longitude=-96.871627}, version=1, billinggroupname=null}","2020-11-26 00:00:00.000"
"iot-device-03","1.5946350529207573E9","51.9","71.06","false","false","0.0078","0.0051","0.0209","2020-11-26T17:16:09.203+0000","{defaultclientid=iot-device-03, thingname=iot-device-03, thingid=877352b9-a35d-45d3-9c98-162d89965a13, thingarn=arn:aws:iot:us-east-1:507441099951:thing/iot-device-03, thingtypename=null, attributes={installed=1592562234, latitude=37.4133144, longitude=-122.1513069}, version=1, billinggroupname=null}","2020-11-26 00:00:00.000"
"iot-device-03","1.5946350566066365E9","51.9","71.06","false","false","0.0079","0.0052","0.0211","2020-11-26T17:16:09.489+0000","{defaultclientid=iot-device-03, thingname=iot-device-03, thingid=877352b9-a35d-45d3-9c98-162d89965a13, thingarn=arn:aws:iot:us-east-1:507441099951:thing/iot-device-03, thingtypename=null, attributes={installed=1592562234, latitude=37.4133144, longitude=-122.1513069}, version=1, billinggroupname=null}","2020-11-26 00:00:00.000"
"iot-device-02","1.594635057507888E9","59.7","74.66","true","false","0.0072","0.0045","0.019","2020-11-26T17:16:09.779+0000","{defaultclientid=iot-device-02, thingname=iot-device-02, thingid=4ae4927a-aefb-4584-a45a-fc4839feffd6, thingarn=arn:aws:iot:us-east-1:507441099951:thing/iot-device-02, thingtypename=null, attributes={installed=1593361211, latitude=32.8205865, longitude=-96.871627}, version=1, billinggroupname=null}","2020-11-26 00:00:00.000"
"iot-device-03","1.5946350602924905E9","51.9","70.88","false","false","0.0078","0.0051","0.0209","2020-11-26T17:16:10.069+0000","{defaultclientid=iot-device-03, thingname=iot-device-03, thingid=877352b9-a35d-45d3-9c98-162d89965a13, thingarn=arn:aws:iot:us-east-1:507441099951:thing/iot-device-03, thingtypename=null, attributes={installed=1592562234, latitude=37.4133144, longitude=-122.1513069}, version=1, billinggroupname=null}","2020-11-26 00:00:00.000"
"iot-device-02","1.5946350613308132E9","59.7","74.66","true","false","0.0072","0.0045","0.019","2020-11-26T17:16:10.360+0000","{defaultclientid=iot-device-02, thingname=iot-device-02, thingid=4ae4927a-aefb-4584-a45a-fc4839feffd6, thingarn=arn:aws:iot:us-east-1:507441099951:thing/iot-device-02, thingtypename=null, attributes={installed=1593361211, latitude=32.8205865, longitude=-96.871627}, version=1, billinggroupname=null}","2020-11-26 00:00:00.000"
"iot-device-03","1.5946350639785552E9","51.9","70.88","false","false","0.0078","0.0051","0.0209","2020-11-26T17:16:10.663+0000","{defaultclientid=iot-device-03, thingname=iot-device-03, thingid=877352b9-a35d-45d3-9c98-162d89965a13, thingarn=arn:aws:iot:us-east-1:507441099951:thing/iot-device-03, thingtypename=null, attributes={installed=1592562234, latitude=37.4133144, longitude=-122.1513069}, version=1, billinggroupname=null}","2020-11-26 00:00:00.000"
"iot-device-02","1.5946350662096164E9","59.7","74.66","true","false","0.0071","0.0045","0.019","2020-11-26T17:16:10.948+0000","{defaultclientid=iot-device-02, thingname=iot-device-02, thingid=4ae4927a-aefb-4584-a45a-fc4839feffd6, thingarn=arn:aws:iot:us-east-1:507441099951:thing/iot-device-02, thingtypename=null, attributes={installed=1593361211, latitude=32.8205865, longitude=-96.871627}, version=1, billinggroupname=null}","2020-11-26 00:00:00.000"
"iot-device-01","1.5946350665634744E9","75.7","67.46","false","false","0.0064","0.0038","0.0168","2020-11-26T17:16:11.232+0000","{defaultclientid=iot-device-01, thingname=iot-device-01, thingid=983c2b68-f9a3-4e83-b3c6-9f6f8ad5431b, thingarn=arn:aws:iot:us-east-1:507441099951:thing/iot-device-01, thingtypename=null, attributes={installed=1594665292, latitude=37.4133144, longitude=-122.1513069}, version=1, billinggroupname=null}","2020-11-26 00:00:00.000"
"iot-device-03","1.5946350676643753E9","51.9","70.88","false","false","0.0078","0.0051","0.0209","2020-11-26T17:16:11.559+0000","{defaultclientid=iot-device-03, thingname=iot-device-03, thingid=877352b9-a35d-45d3-9c98-162d89965a13, thingarn=arn:aws:iot:us-east-1:507441099951:thing/iot-device-03, thingtypename=null, attributes={installed=1592562234, latitude=37.4133144, longitude=-122.1513069}, version=1, billinggroupname=null}","2020-11-26 00:00:00.000"
"iot-device-03","1.5946350860939612E9","51.9","71.06","false","false","0.0078","0.0051","0.0209","2020-11-26T17:16:14.842+0000","{defaultclientid=iot-device-03, thingname=iot-device-03, thingid=877352b9-a35d-45d3-9c98-162d89965a13, thingarn=arn:aws:iot:us-east-1:507441099951:thing/iot-device-03, thingtypename=null, attributes={installed=1592562234, latitude=37.4133144, longitude=-122.1513069}, version=1, billinggroupname=null}","2020-11-26 00:00:00.000"
"iot-device-02","1.594635086787498E9","59.8","74.66","true","false","0.0072","0.0046","0.0191","2020-11-26T17:16:15.139+0000","{defaultclientid=iot-device-02, thingname=iot-device-02, thingid=4ae4927a-aefb-4584-a45a-fc4839feffd6, thingarn=arn:aws:iot:us-east-1:507441099951:thing/iot-device-02, thingtypename=null, attributes={installed=1593361211, latitude=32.8205865, longitude=-96.871627}, version=1, billinggroupname=null}","2020-11-26 00:00:00.000"
"iot-device-03","1.5946350897797945E9","51.9","71.06","false","false","0.0078","0.0051","0.021","2020-11-26T17:16:15.436+0000","{defaultclientid=iot-device-03, thingname=iot-device-03, thingid=877352b9-a35d-45d3-9c98-162d89965a13, thingarn=arn:aws:iot:us-east-1:507441099951:thing/iot-device-03, thingtypename=null, attributes={installed=1592562234, latitude=37.4133144, longitude=-122.1513069}, version=1, billinggroupname=null}","2020-11-26 00:00:00.000"
"iot-device-02","1.5946350916704366E9","59.7","74.48","true","false","0.0072","0.0046","0.0192","2020-11-26T17:16:15.725+0000","{defaultclientid=iot-device-02, thingname=iot-device-02, thingid=4ae4927a-aefb-4584-a45a-fc4839feffd6, thingarn=arn:aws:iot:us-east-1:507441099951:thing/iot-device-02, thingtypename=null, attributes={installed=1593361211, latitude=32.8205865, longitude=-96.871627}, version=1, billinggroupname=null}","2020-11-26 00:00:00.000"
"iot-device-01","1.5946350934064682E9","75.7","67.46","false","false","0.0064","0.0039","0.0169","2020-11-26T17:16:16.022+0000","{defaultclientid=iot-device-01, thingname=iot-device-01, thingid=983c2b68-f9a3-4e83-b3c6-9f6f8ad5431b, thingarn=arn:aws:iot:us-east-1:507441099951:thing/iot-device-01, thingtypename=null, attributes={installed=1594665292, latitude=37.4133144, longitude=-122.1513069}, version=1, billinggroupname=null}","2020-11-26 00:00:00.000"
"iot-device-03","1.594635093465916E9","51.9","71.06","false","false","0.0078","0.0051","0.021","2020-11-26T17:16:16.317+0000","{defaultclientid=iot-device-03, thingname=iot-device-03, thingid=877352b9-a35d-45d3-9c98-162d89965a13, thingarn=arn:aws:iot:us-east-1:507441099951:thing/iot-device-03, thingtypename=null, attributes={installed=1592562234, latitude=37.4133144, longitude=-122.1513069}, version=1, billinggroupname=null}","2020-11-26 00:00:00.000"
"iot-device-02","1.5946350965467472E9","59.8","74.66","true","false","0.0072","0.0046","0.0191","2020-11-26T17:16:16.620+0000","{defaultclientid=iot-device-02, thingname=iot-device-02, thingid=4ae4927a-aefb-4584-a45a-fc4839feffd6, thingarn=arn:aws:iot:us-east-1:507441099951:thing/iot-device-02, thingtypename=null, attributes={installed=1593361211, latitude=32.8205865, longitude=-96.871627}, version=1, billinggroupname=null}","2020-11-26 00:00:00.000"
"iot-device-03","1.5946350971517868E9","51.9","70.88","false","false","0.0078","0.0051","0.021","2020-11-26T17:16:16.910+0000","{defaultclientid=iot-device-03, thingname=iot-device-03, thingid=877352b9-a35d-45d3-9c98-162d89965a13, thingarn=arn:aws:iot:us-east-1:507441099951:thing/iot-device-03, thingtypename=null, attributes={installed=1592562234, latitude=37.4133144, longitude=-122.1513069}, version=1, billinggroupname=null}","2020-11-26 00:00:00.000"
"iot-device-01","1.5946350988342655E9","75.7","67.46","false","false","0.0063","0.0038","0.0167","2020-11-26T17:16:17.201+0000","{defaultclientid=iot-device-01, thingname=iot-device-01, thingid=983c2b68-f9a3-4e83-b3c6-9f6f8ad5431b, thingarn=arn:aws:iot:us-east-1:507441099951:thing/iot-device-01, thingtypename=null, attributes={installed=1594665292, latitude=37.4133144, longitude=-122.1513069}, version=1, billinggroupname=null}","2020-11-26 00:00:00.000"
"iot-device-03","1.594635100837498E9","51.9","71.06","false","false","0.0078","0.0051","0.0209","2020-11-26T17:16:17.499+0000","{defaultclientid=iot-device-03, thingname=iot-device-03, thingid=877352b9-a35d-45d3-9c98-162d89965a13, thingarn=arn:aws:iot:us-east-1:507441099951:thing/iot-device-03, thingtypename=null, attributes={installed=1592562234, latitude=37.4133144, longitude=-122.1513069}, version=1, billinggroupname=null}","2020-11-26 00:00:00.000"
"iot-device-02","1.5946351579023333E9","59.7","74.48","true","false","0.0072","0.0046","0.0192","2020-11-26T17:16:26.719+0000","{defaultclientid=iot-device-02, thingname=iot-device-02, thingid=4ae4927a-aefb-4584-a45a-fc4839feffd6, thingarn=arn:aws:iot:us-east-1:507441099951:thing/iot-device-02, thingtypename=null, attributes={installed=1593361211, latitude=32.8205865, longitude=-96.871627}, version=1, billinggroupname=null}","2020-11-26 00:00:00.000"
"iot-device-03","1.5946351598070517E9","51.9","71.06","false","false","0.0078","0.0051","0.0209","2020-11-26T17:16:27.009+0000","{defaultclientid=iot-device-03, thingname=iot-device-03, thingid=877352b9-a35d-45d3-9c98-162d89965a13, thingarn=arn:aws:iot:us-east-1:507441099951:thing/iot-device-03, thingtypename=null, attributes={installed=1592562234, latitude=37.4133144, longitude=-122.1513069}, version=1, billinggroupname=null}","2020-11-26 00:00:00.000"
"iot-device-01","1.5946351624643705E9","75.7","67.46","false","false","0.0065","0.0039","0.017","2020-11-26T17:16:27.299+0000","{defaultclientid=iot-device-01, thingname=iot-device-01, thingid=983c2b68-f9a3-4e83-b3c6-9f6f8ad5431b, thingarn=arn:aws:iot:us-east-1:507441099951:thing/iot-device-01, thingtypename=null, attributes={installed=1594665292, latitude=37.4133144, longitude=-122.1513069}, version=1, billinggroupname=null}","2020-11-26 00:00:00.000"
"iot-device-03","1.5946351634948485E9","51.9","71.06","false","false","0.0078","0.0051","0.021","2020-11-26T17:16:27.592+0000","{defaultclientid=iot-device-03, thingname=iot-device-03, thingid=877352b9-a35d-45d3-9c98-162d89965a13, thingarn=arn:aws:iot:us-east-1:507441099951:thing/iot-device-03, thingtypename=null, attributes={installed=1592562234, latitude=37.4133144, longitude=-122.1513069}, version=1, billinggroupname=null}","2020-11-26 00:00:00.000"
"iot-device-02","1.5946351649171984E9","59.7","74.48","true","false","0.0072","0.0046","0.0192","2020-11-26T17:16:27.891+0000","{defaultclientid=iot-device-02, thingname=iot-device-02, thingid=4ae4927a-aefb-4584-a45a-fc4839feffd6, thingarn=arn:aws:iot:us-east-1:507441099951:thing/iot-device-02, thingtypename=null, attributes={installed=1593361211, latitude=32.8205865, longitude=-96.871627}, version=1, billinggroupname=null}","2020-11-26 00:00:00.000"
"iot-device-03","1.5946351671825945E9","51.9","70.88","false","false","0.0079","0.0051","0.021","2020-11-26T17:16:28.181+0000","{defaultclientid=iot-device-03, thingname=iot-device-03, thingid=877352b9-a35d-45d3-9c98-162d89965a13, thingarn=arn:aws:iot:us-east-1:507441099951:thing/iot-device-03, thingtypename=null, attributes={installed=1592562234, latitude=37.4133144, longitude=-122.1513069}, version=1, billinggroupname=null}","2020-11-26 00:00:00.000"
"iot-device-02","1.5946351692610192E9","59.7","74.66","true","false","0.0072","0.0046","0.0191","2020-11-26T17:16:28.473+0000","{defaultclientid=iot-device-02, thingname=iot-device-02, thingid=4ae4927a-aefb-4584-a45a-fc4839feffd6, thingarn=arn:aws:iot:us-east-1:507441099951:thing/iot-device-02, thingtypename=null, attributes={installed=1593361211, latitude=32.8205865, longitude=-96.871627}, version=1, billinggroupname=null}","2020-11-26 00:00:00.000"
"iot-device-03","1.5946351708709311E9","51.9","70.88","false","false","0.0078","0.0051","0.0209","2020-11-26T17:16:28.778+0000","{defaultclientid=iot-device-03, thingname=iot-device-03, thingid=877352b9-a35d-45d3-9c98-162d89965a13, thingarn=arn:aws:iot:us-east-1:507441099951:thing/iot-device-03, thingtypename=null, attributes={installed=1592562234, latitude=37.4133144, longitude=-122.1513069}, version=1, billinggroupname=null}","2020-11-26 00:00:00.000"
"iot-device-01","1.5946351716488945E9","75.7","67.46","false","false","0.0064","0.0038","0.0168","2020-11-26T17:16:29.068+0000","{defaultclientid=iot-device-01, thingname=iot-device-01, thingid=983c2b68-f9a3-4e83-b3c6-9f6f8ad5431b, thingarn=arn:aws:iot:us-east-1:507441099951:thing/iot-device-01, thingtypename=null, attributes={installed=1594665292, latitude=37.4133144, longitude=-122.1513069}, version=1, billinggroupname=null}","2020-11-26 00:00:00.000"
"iot-device-02","1.5946351741354067E9","59.7","74.48","true","false","0.0072","0.0046","0.0192","2020-11-26T17:16:29.362+0000","{defaultclientid=iot-device-02, thingname=iot-device-02, thingid=4ae4927a-aefb-4584-a45a-fc4839feffd6, thingarn=arn:aws:iot:us-east-1:507441099951:thing/iot-device-02, thingtypename=null, attributes={installed=1593361211, latitude=32.8205865, longitude=-96.871627}, version=1, billinggroupname=null}","2020-11-26 00:00:00.000"
"iot-device-03","1.5946351413789153E9","52.0","71.06","false","false","0.0078","0.0051","0.0208","2020-11-26T17:16:23.640+0000","{defaultclientid=iot-device-03, thingname=iot-device-03, thingid=877352b9-a35d-45d3-9c98-162d89965a13, thingarn=arn:aws:iot:us-east-1:507441099951:thing/iot-device-03, thingtypename=null, attributes={installed=1592562234, latitude=37.4133144, longitude=-122.1513069}, version=1, billinggroupname=null}","2020-11-26 00:00:00.000"
"iot-device-02","1.5946351416512618E9","59.7","74.66","true","false","0.0072","0.0046","0.0192","2020-11-26T17:16:24.000+0000","{defaultclientid=iot-device-02, thingname=iot-device-02, thingid=4ae4927a-aefb-4584-a45a-fc4839feffd6, thingarn=arn:aws:iot:us-east-1:507441099951:thing/iot-device-02, thingtypename=null, attributes={installed=1593361211, latitude=32.8205865, longitude=-96.871627}, version=1, billinggroupname=null}","2020-11-26 00:00:00.000"
"iot-device-03","1.594635145064684E9","51.9","71.06","false","false","0.0078","0.0051","0.0209","2020-11-26T17:16:24.307+0000","{defaultclientid=iot-device-03, thingname=iot-device-03, thingid=877352b9-a35d-45d3-9c98-162d89965a13, thingarn=arn:aws:iot:us-east-1:507441099951:thing/iot-device-03, thingtypename=null, attributes={installed=1592562234, latitude=37.4133144, longitude=-122.1513069}, version=1, billinggroupname=null}","2020-11-26 00:00:00.000"
"iot-device-01","1.5946351473015187E9","75.7","67.46","false","false","0.0065","0.0039","0.017","2020-11-26T17:16:24.662+0000","{defaultclientid=iot-device-01, thingname=iot-device-01, thingid=983c2b68-f9a3-4e83-b3c6-9f6f8ad5431b, thingarn=arn:aws:iot:us-east-1:507441099951:thing/iot-device-01, thingtypename=null, attributes={installed=1594665292, latitude=37.4133144, longitude=-122.1513069}, version=1, billinggroupname=null}","2020-11-26 00:00:00.000"
"iot-device-02","1.5946351481419387E9","59.7","74.48","true","false","0.0072","0.0046","0.0191","2020-11-26T17:16:24.951+0000","{defaultclientid=iot-device-02, thingname=iot-device-02, thingid=4ae4927a-aefb-4584-a45a-fc4839feffd6, thingarn=arn:aws:iot:us-east-1:507441099951:thing/iot-device-02, thingtypename=null, attributes={installed=1593361211, latitude=32.8205865, longitude=-96.871627}, version=1, billinggroupname=null}","2020-11-26 00:00:00.000"
"iot-device-03","1.5946351487508602E9","51.9","70.88","false","false","0.0078","0.0051","0.0209","2020-11-26T17:16:25.249+0000","{defaultclientid=iot-device-03, thingname=iot-device-03, thingid=877352b9-a35d-45d3-9c98-162d89965a13, thingarn=arn:aws:iot:us-east-1:507441099951:thing/iot-device-03, thingtypename=null, attributes={installed=1592562234, latitude=37.4133144, longitude=-122.1513069}, version=1, billinggroupname=null}","2020-11-26 00:00:00.000"
"iot-device-02","1.5946351519508507E9","59.7","74.48","true","false","0.0072","0.0046","0.0192","2020-11-26T17:16:25.540+0000","{defaultclientid=iot-device-02, thingname=iot-device-02, thingid=4ae4927a-aefb-4584-a45a-fc4839feffd6, thingarn=arn:aws:iot:us-east-1:507441099951:thing/iot-device-02, thingtypename=null, attributes={installed=1593361211, latitude=32.8205865, longitude=-96.871627}, version=1, billinggroupname=null}","2020-11-26 00:00:00.000"
"iot-device-01","1.5946351521950831E9","75.7","67.46","false","false","0.0062","0.0037","0.0164","2020-11-26T17:16:25.831+0000","{defaultclientid=iot-device-01, thingname=iot-device-01, thingid=983c2b68-f9a3-4e83-b3c6-9f6f8ad5431b, thingarn=arn:aws:iot:us-east-1:507441099951:thing/iot-device-01, thingtypename=null, attributes={installed=1594665292, latitude=37.4133144, longitude=-122.1513069}, version=1, billinggroupname=null}","2020-11-26 00:00:00.000"
"iot-device-03","1.594635152434694E9","51.9","71.06","false","false","0.0078","0.0051","0.0209","2020-11-26T17:16:26.140+0000","{defaultclientid=iot-device-03, thingname=iot-device-03, thingid=877352b9-a35d-45d3-9c98-162d89965a13, thingarn=arn:aws:iot:us-east-1:507441099951:thing/iot-device-03, thingtypename=null, attributes={installed=1592562234, latitude=37.4133144, longitude=-122.1513069}, version=1, billinggroupname=null}","2020-11-26 00:00:00.000"
"iot-device-03","1.594635156121014E9","51.9","71.06","false","false","0.0078","0.0051","0.0209","2020-11-26T17:16:26.431+0000","{defaultclientid=iot-device-03, thingname=iot-device-03, thingid=877352b9-a35d-45d3-9c98-162d89965a13, thingarn=arn:aws:iot:us-east-1:507441099951:thing/iot-device-03, thingtypename=null, attributes={installed=1592562234, latitude=37.4133144, longitude=-122.1513069}, version=1, billinggroupname=null}","2020-11-26 00:00:00.000"
"iot-device-01","1.5946350008883429E9","75.9","67.46","false","false","0.0064","0.0038","0.0168","2020-11-26T17:16:00.038+0000","{defaultclientid=iot-device-01, thingname=iot-device-01, thingid=983c2b68-f9a3-4e83-b3c6-9f6f8ad5431b, thingarn=arn:aws:iot:us-east-1:507441099951:thing/iot-device-01, thingtypename=null, attributes={installed=1594665292, latitude=37.4133144, longitude=-122.1513069}, version=1, billinggroupname=null}","2020-11-26 00:00:00.000"
"iot-device-03","1.5946350012870646E9","51.9","71.06","false","false","0.0078","0.0051","0.0209","2020-11-26T17:16:00.347+0000","{defaultclientid=iot-device-03, thingname=iot-device-03, thingid=877352b9-a35d-45d3-9c98-162d89965a13, thingarn=arn:aws:iot:us-east-1:507441099951:thing/iot-device-03, thingtypename=null, attributes={installed=1592562234, latitude=37.4133144, longitude=-122.1513069}, version=1, billinggroupname=null}","2020-11-26 00:00:00.000"
"iot-device-02","1.5946350028408933E9","59.7","74.66","true","false","0.0072","0.0046","0.0192","2020-11-26T17:16:00.636+0000","{defaultclientid=iot-device-02, thingname=iot-device-02, thingid=4ae4927a-aefb-4584-a45a-fc4839feffd6, thingarn=arn:aws:iot:us-east-1:507441099951:thing/iot-device-02, thingtypename=null, attributes={installed=1593361211, latitude=32.8205865, longitude=-96.871627}, version=1, billinggroupname=null}","2020-11-26 00:00:00.000"
"iot-device-03","1.594635004974593E9","51.9","71.06","false","false","0.0078","0.0051","0.0209","2020-11-26T17:16:00.930+0000","{defaultclientid=iot-device-03, thingname=iot-device-03, thingid=877352b9-a35d-45d3-9c98-162d89965a13, thingarn=arn:aws:iot:us-east-1:507441099951:thing/iot-device-03, thingtypename=null, attributes={installed=1592562234, latitude=37.4133144, longitude=-122.1513069}, version=1, billinggroupname=null}","2020-11-26 00:00:00.000"
"iot-device-03","1.5946350086621516E9","51.9","71.06","false","false","0.0078","0.0051","0.0209","2020-11-26T17:16:01.232+0000","{defaultclientid=iot-device-03, thingname=iot-device-03, thingid=877352b9-a35d-45d3-9c98-162d89965a13, thingarn=arn:aws:iot:us-east-1:507441099951:thing/iot-device-03, thingtypename=null, attributes={installed=1592562234, latitude=37.4133144, longitude=-122.1513069}, version=1, billinggroupname=null}","2020-11-26 00:00:00.000"
"iot-device-02","1.5946350098569946E9","59.7","74.66","true","false","0.0071","0.0045","0.0188","2020-11-26T17:16:01.520+0000","{defaultclientid=iot-device-02, thingname=iot-device-02, thingid=4ae4927a-aefb-4584-a45a-fc4839feffd6, thingarn=arn:aws:iot:us-east-1:507441099951:thing/iot-device-02, thingtypename=null, attributes={installed=1593361211, latitude=32.8205865, longitude=-96.871627}, version=1, billinggroupname=null}","2020-11-26 00:00:00.000"
"iot-device-03","1.594635012349937E9","51.9","71.06","false","false","0.0078","0.0051","0.0209","2020-11-26T17:16:01.822+0000","{defaultclientid=iot-device-03, thingname=iot-device-03, thingid=877352b9-a35d-45d3-9c98-162d89965a13, thingarn=arn:aws:iot:us-east-1:507441099951:thing/iot-device-03, thingtypename=null, attributes={installed=1592562234, latitude=37.4133144, longitude=-122.1513069}, version=1, billinggroupname=null}","2020-11-26 00:00:00.000"
"iot-device-01","1.5946350146576364E9","75.8","67.46","false","false","0.0064","0.0038","0.0168","2020-11-26T17:16:02.108+0000","{defaultclientid=iot-device-01, thingname=iot-device-01, thingid=983c2b68-f9a3-4e83-b3c6-9f6f8ad5431b, thingarn=arn:aws:iot:us-east-1:507441099951:thing/iot-device-01, thingtypename=null, attributes={installed=1594665292, latitude=37.4133144, longitude=-122.1513069}, version=1, billinggroupname=null}","2020-11-26 00:00:00.000"
"iot-device-02","1.5946350152715292E9","59.7","74.66","true","false","0.0071","0.0045","0.019","2020-11-26T17:16:02.401+0000","{defaultclientid=iot-device-02, thingname=iot-device-02, thingid=4ae4927a-aefb-4584-a45a-fc4839feffd6, thingarn=arn:aws:iot:us-east-1:507441099951:thing/iot-device-02, thingtypename=null, attributes={installed=1593361211, latitude=32.8205865, longitude=-96.871627}, version=1, billinggroupname=null}","2020-11-26 00:00:00.000"
"iot-device-03","1.594635016038111E9","51.9","71.06","false","false","0.0078","0.0051","0.021","2020-11-26T17:16:02.702+0000","{defaultclientid=iot-device-03, thingname=iot-device-03, thingid=877352b9-a35d-45d3-9c98-162d89965a13, thingarn=arn:aws:iot:us-east-1:507441099951:thing/iot-device-03, thingtypename=null, attributes={installed=1592562234, latitude=37.4133144, longitude=-122.1513069}, version=1, billinggroupname=null}","2020-11-26 00:00:00.000"
"iot-device-02","1.5946350700168755E9","59.8","74.66","true","false","0.0072","0.0046","0.0192","2020-11-26T17:16:11.847+0000","{defaultclientid=iot-device-02, thingname=iot-device-02, thingid=4ae4927a-aefb-4584-a45a-fc4839feffd6, thingarn=arn:aws:iot:us-east-1:507441099951:thing/iot-device-02, thingtypename=null, attributes={installed=1593361211, latitude=32.8205865, longitude=-96.871627}, version=1, billinggroupname=null}","2020-11-26 00:00:00.000"
"iot-device-01","1.5946350709283955E9","75.7","67.46","false","false","0.0064","0.0039","0.0168","2020-11-26T17:16:12.201+0000","{defaultclientid=iot-device-01, thingname=iot-device-01, thingid=983c2b68-f9a3-4e83-b3c6-9f6f8ad5431b, thingarn=arn:aws:iot:us-east-1:507441099951:thing/iot-device-01, thingtypename=null, attributes={installed=1594665292, latitude=37.4133144, longitude=-122.1513069}, version=1, billinggroupname=null}","2020-11-26 00:00:00.000"
"iot-device-03","1.5946350713501706E9","51.9","71.06","false","false","0.0078","0.0051","0.0209","2020-11-26T17:16:12.491+0000","{defaultclientid=iot-device-03, thingname=iot-device-03, thingid=877352b9-a35d-45d3-9c98-162d89965a13, thingarn=arn:aws:iot:us-east-1:507441099951:thing/iot-device-03, thingtypename=null, attributes={installed=1592562234, latitude=37.4133144, longitude=-122.1513069}, version=1, billinggroupname=null}","2020-11-26 00:00:00.000"
"iot-device-03","1.5946350750361845E9","51.9","71.06","false","false","0.0078","0.0051","0.0208","2020-11-26T17:16:12.789+0000","{defaultclientid=iot-device-03, thingname=iot-device-03, thingid=877352b9-a35d-45d3-9c98-162d89965a13, thingarn=arn:aws:iot:us-east-1:507441099951:thing/iot-device-03, thingtypename=null, attributes={installed=1592562234, latitude=37.4133144, longitude=-122.1513069}, version=1, billinggroupname=null}","2020-11-26 00:00:00.000"
"iot-device-02","1.594635075429241E9","59.8","74.66","true","false","0.0072","0.0045","0.0191","2020-11-26T17:16:13.080+0000","{defaultclientid=iot-device-02, thingname=iot-device-02, thingid=4ae4927a-aefb-4584-a45a-fc4839feffd6, thingarn=arn:aws:iot:us-east-1:507441099951:thing/iot-device-02, thingtypename=null, attributes={installed=1593361211, latitude=32.8205865, longitude=-96.871627}, version=1, billinggroupname=null}","2020-11-26 00:00:00.000"
"iot-device-01","1.594635075834788E9","75.8","67.46","false","false","0.0062","0.0037","0.0164","2020-11-26T17:16:13.368+0000","{defaultclientid=iot-device-01, thingname=iot-device-01, thingid=983c2b68-f9a3-4e83-b3c6-9f6f8ad5431b, thingarn=arn:aws:iot:us-east-1:507441099951:thing/iot-device-01, thingtypename=null, attributes={installed=1594665292, latitude=37.4133144, longitude=-122.1513069}, version=1, billinggroupname=null}","2020-11-26 00:00:00.000"
"iot-device-03","1.5946350787221045E9","51.9","71.06","false","false","0.0078","0.0051","0.0209","2020-11-26T17:16:13.669+0000","{defaultclientid=iot-device-03, thingname=iot-device-03, thingid=877352b9-a35d-45d3-9c98-162d89965a13, thingarn=arn:aws:iot:us-east-1:507441099951:thing/iot-device-03, thingtypename=null, attributes={installed=1592562234, latitude=37.4133144, longitude=-122.1513069}, version=1, billinggroupname=null}","2020-11-26 00:00:00.000"
"iot-device-01","1.5946350801873407E9","75.7","67.46","false","false","0.0062","0.0037","0.0164","2020-11-26T17:16:13.959+0000","{defaultclientid=iot-device-01, thingname=iot-device-01, thingid=983c2b68-f9a3-4e83-b3c6-9f6f8ad5431b, thingarn=arn:aws:iot:us-east-1:507441099951:thing/iot-device-01, thingtypename=null, attributes={installed=1594665292, latitude=37.4133144, longitude=-122.1513069}, version=1, billinggroupname=null}","2020-11-26 00:00:00.000"
"iot-device-02","1.594635080840781E9","59.8","74.66","true","false","0.0072","0.0045","0.019","2020-11-26T17:16:14.249+0000","{defaultclientid=iot-device-02, thingname=iot-device-02, thingid=4ae4927a-aefb-4584-a45a-fc4839feffd6, thingarn=arn:aws:iot:us-east-1:507441099951:thing/iot-device-02, thingtypename=null, attributes={installed=1593361211, latitude=32.8205865, longitude=-96.871627}, version=1, billinggroupname=null}","2020-11-26 00:00:00.000"
"iot-device-03","1.5946350824079394E9","51.9","71.06","false","false","0.0078","0.0051","0.0209","2020-11-26T17:16:14.549+0000","{defaultclientid=iot-device-03, thingname=iot-device-03, thingid=877352b9-a35d-45d3-9c98-162d89965a13, thingarn=arn:aws:iot:us-east-1:507441099951:thing/iot-device-03, thingtypename=null, attributes={installed=1592562234, latitude=37.4133144, longitude=-122.1513069}, version=1, billinggroupname=null}","2020-11-26 00:00:00.000"
"iot-device-02","1.5946351221273856E9","59.7","74.48","true","false","0.0071","0.0045","0.0189","2020-11-26T17:16:20.722+0000","{defaultclientid=iot-device-02, thingname=iot-device-02, thingid=4ae4927a-aefb-4584-a45a-fc4839feffd6, thingarn=arn:aws:iot:us-east-1:507441099951:thing/iot-device-02, thingtypename=null, attributes={installed=1593361211, latitude=32.8205865, longitude=-96.871627}, version=1, billinggroupname=null}","2020-11-26 00:00:00.000"
"iot-device-03","1.594635122951739E9","51.9","71.06","false","false","0.0078","0.0051","0.0209","2020-11-26T17:16:21.006+0000","{defaultclientid=iot-device-03, thingname=iot-device-03, thingid=877352b9-a35d-45d3-9c98-162d89965a13, thingarn=arn:aws:iot:us-east-1:507441099951:thing/iot-device-03, thingtypename=null, attributes={installed=1592562234, latitude=37.4133144, longitude=-122.1513069}, version=1, billinggroupname=null}","2020-11-26 00:00:00.000"
"iot-device-01","1.594635125122207E9","75.8","67.46","false","false","0.0063","0.0038","0.0166","2020-11-26T17:16:21.292+0000","{defaultclientid=iot-device-01, thingname=iot-device-01, thingid=983c2b68-f9a3-4e83-b3c6-9f6f8ad5431b, thingarn=arn:aws:iot:us-east-1:507441099951:thing/iot-device-01, thingtypename=null, attributes={installed=1594665292, latitude=37.4133144, longitude=-122.1513069}, version=1, billinggroupname=null}","2020-11-26 00:00:00.000"
"iot-device-03","1.5946351266376033E9","51.9","71.06","false","false","0.0078","0.0051","0.0209","2020-11-26T17:16:21.588+0000","{defaultclientid=iot-device-03, thingname=iot-device-03, thingid=877352b9-a35d-45d3-9c98-162d89965a13, thingarn=arn:aws:iot:us-east-1:507441099951:thing/iot-device-03, thingtypename=null, attributes={installed=1592562234, latitude=37.4133144, longitude=-122.1513069}, version=1, billinggroupname=null}","2020-11-26 00:00:00.000"
"iot-device-02","1.5946351270180433E9","59.7","74.66","true","false","0.0072","0.0046","0.0192","2020-11-26T17:16:21.882+0000","{defaultclientid=iot-device-02, thingname=iot-device-02, thingid=4ae4927a-aefb-4584-a45a-fc4839feffd6, thingarn=arn:aws:iot:us-east-1:507441099951:thing/iot-device-02, thingtypename=null, attributes={installed=1593361211, latitude=32.8205865, longitude=-96.871627}, version=1, billinggroupname=null}","2020-11-26 00:00:00.000"
"iot-device-03","1.5946351303234832E9","51.9","71.06","false","false","0.0078","0.0051","0.0209","2020-11-26T17:16:22.171+0000","{defaultclientid=iot-device-03, thingname=iot-device-03, thingid=877352b9-a35d-45d3-9c98-162d89965a13, thingarn=arn:aws:iot:us-east-1:507441099951:thing/iot-device-03, thingtypename=null, attributes={installed=1592562234, latitude=37.4133144, longitude=-122.1513069}, version=1, billinggroupname=null}","2020-11-26 00:00:00.000"
"iot-device-02","1.5946351313601398E9","59.7","74.48","true","false","0.0072","0.0046","0.0192","2020-11-26T17:16:22.470+0000","{defaultclientid=iot-device-02, thingname=iot-device-02, thingid=4ae4927a-aefb-4584-a45a-fc4839feffd6, thingarn=arn:aws:iot:us-east-1:507441099951:thing/iot-device-02, thingtypename=null, attributes={installed=1593361211, latitude=32.8205865, longitude=-96.871627}, version=1, billinggroupname=null}","2020-11-26 00:00:00.000"
"iot-device-03","1.5946351340084012E9","51.9","70.88","false","false","0.0078","0.0051","0.0208","2020-11-26T17:16:22.769+0000","{defaultclientid=iot-device-03, thingname=iot-device-03, thingid=877352b9-a35d-45d3-9c98-162d89965a13, thingarn=arn:aws:iot:us-east-1:507441099951:thing/iot-device-03, thingtypename=null, attributes={installed=1592562234, latitude=37.4133144, longitude=-122.1513069}, version=1, billinggroupname=null}","2020-11-26 00:00:00.000"
"iot-device-02","1.5946351373073616E9","59.7","74.66","true","false","0.0072","0.0045","0.019","2020-11-26T17:16:23.060+0000","{defaultclientid=iot-device-02, thingname=iot-device-02, thingid=4ae4927a-aefb-4584-a45a-fc4839feffd6, thingarn=arn:aws:iot:us-east-1:507441099951:thing/iot-device-02, thingtypename=null, attributes={installed=1593361211, latitude=32.8205865, longitude=-96.871627}, version=1, billinggroupname=null}","2020-11-26 00:00:00.000"
"iot-device-03","1.5946351376943154E9","51.9","71.06","false","false","0.0078","0.0051","0.0209","2020-11-26T17:16:23.351+0000","{defaultclientid=iot-device-03, thingname=iot-device-03, thingid=877352b9-a35d-45d3-9c98-162d89965a13, thingarn=arn:aws:iot:us-east-1:507441099951:thing/iot-device-03, thingtypename=null, attributes={installed=1592562234, latitude=37.4133144, longitude=-122.1513069}, version=1, billinggroupname=null}","2020-11-26 00:00:00.000"
"iot-device-03","1.5946351045233722E9","51.9","71.06","false","false","0.0079","0.0051","0.021","2020-11-26T17:16:17.788+0000","{defaultclientid=iot-device-03, thingname=iot-device-03, thingid=877352b9-a35d-45d3-9c98-162d89965a13, thingarn=arn:aws:iot:us-east-1:507441099951:thing/iot-device-03, thingtypename=null, attributes={installed=1592562234, latitude=37.4133144, longitude=-122.1513069}, version=1, billinggroupname=null}","2020-11-26 00:00:00.000"
"iot-device-02","1.5946351051642673E9","59.7","74.48","true","false","0.0072","0.0046","0.0192","2020-11-26T17:16:18.080+0000","{defaultclientid=iot-device-02, thingname=iot-device-02, thingid=4ae4927a-aefb-4584-a45a-fc4839feffd6, thingarn=arn:aws:iot:us-east-1:507441099951:thing/iot-device-02, thingtypename=null, attributes={installed=1593361211, latitude=32.8205865, longitude=-96.871627}, version=1, billinggroupname=null}","2020-11-26 00:00:00.000"
"iot-device-03","1.5946351082090993E9","51.9","71.06","false","false","0.0078","0.0051","0.0209","2020-11-26T17:16:18.385+0000","{defaultclientid=iot-device-03, thingname=iot-device-03, thingid=877352b9-a35d-45d3-9c98-162d89965a13, thingarn=arn:aws:iot:us-east-1:507441099951:thing/iot-device-03, thingtypename=null, attributes={installed=1592562234, latitude=37.4133144, longitude=-122.1513069}, version=1, billinggroupname=null}","2020-11-26 00:00:00.000"
"iot-device-03","1.594635111895073E9","51.9","71.06","false","false","0.0078","0.0051","0.0209","2020-11-26T17:16:18.683+0000","{defaultclientid=iot-device-03, thingname=iot-device-03, thingid=877352b9-a35d-45d3-9c98-162d89965a13, thingarn=arn:aws:iot:us-east-1:507441099951:thing/iot-device-03, thingtypename=null, attributes={installed=1592562234, latitude=37.4133144, longitude=-122.1513069}, version=1, billinggroupname=null}","2020-11-26 00:00:00.000"
"iot-device-01","1.594635112598414E9","75.7","67.46","false","false","0.0064","0.0039","0.0169","2020-11-26T17:16:18.969+0000","{defaultclientid=iot-device-01, thingname=iot-device-01, thingid=983c2b68-f9a3-4e83-b3c6-9f6f8ad5431b, thingarn=arn:aws:iot:us-east-1:507441099951:thing/iot-device-01, thingtypename=null, attributes={installed=1594665292, latitude=37.4133144, longitude=-122.1513069}, version=1, billinggroupname=null}","2020-11-26 00:00:00.000"
"iot-device-03","1.5946351155809298E9","51.9","70.88","false","false","0.0078","0.0051","0.0209","2020-11-26T17:16:19.259+0000","{defaultclientid=iot-device-03, thingname=iot-device-03, thingid=877352b9-a35d-45d3-9c98-162d89965a13, thingarn=arn:aws:iot:us-east-1:507441099951:thing/iot-device-03, thingtypename=null, attributes={installed=1592562234, latitude=37.4133144, longitude=-122.1513069}, version=1, billinggroupname=null}","2020-11-26 00:00:00.000"
"iot-device-01","1.594635116413478E9","75.7","67.46","false","false","0.0063","0.0038","0.0166","2020-11-26T17:16:19.549+0000","{defaultclientid=iot-device-01, thingname=iot-device-01, thingid=983c2b68-f9a3-4e83-b3c6-9f6f8ad5431b, thingarn=arn:aws:iot:us-east-1:507441099951:thing/iot-device-01, thingtypename=null, attributes={installed=1594665292, latitude=37.4133144, longitude=-122.1513069}, version=1, billinggroupname=null}","2020-11-26 00:00:00.000"
"iot-device-02","1.5946351183167892E9","59.7","74.66","true","false","0.0072","0.0046","0.0192","2020-11-26T17:16:19.849+0000","{defaultclientid=iot-device-02, thingname=iot-device-02, thingid=4ae4927a-aefb-4584-a45a-fc4839feffd6, thingarn=arn:aws:iot:us-east-1:507441099951:thing/iot-device-02, thingtypename=null, attributes={installed=1593361211, latitude=32.8205865, longitude=-96.871627}, version=1, billinggroupname=null}","2020-11-26 00:00:00.000"
"iot-device-03","1.5946351192667654E9","51.9","71.06","false","false","0.0078","0.0051","0.0209","2020-11-26T17:16:20.131+0000","{defaultclientid=iot-device-03, thingname=iot-device-03, thingid=877352b9-a35d-45d3-9c98-162d89965a13, thingarn=arn:aws:iot:us-east-1:507441099951:thing/iot-device-03, thingtypename=null, attributes={installed=1592562234, latitude=37.4133144, longitude=-122.1513069}, version=1, billinggroupname=null}","2020-11-26 00:00:00.000"
"iot-device-01","1.594635120765368E9","75.8","67.46","false","false","0.0062","0.0037","0.0164","2020-11-26T17:16:20.427+0000","{defaultclientid=iot-device-01, thingname=iot-device-01, thingid=983c2b68-f9a3-4e83-b3c6-9f6f8ad5431b, thingarn=arn:aws:iot:us-east-1:507441099951:thing/iot-device-01, thingtypename=null, attributes={installed=1594665292, latitude=37.4133144, longitude=-122.1513069}, version=1, billinggroupname=null}","2020-11-26 00:00:00.000"
"iot-device-02","1.5946350196132975E9","59.7","74.66","true","false","0.0072","0.0045","0.019","2020-11-26T17:16:03.001+0000","{defaultclientid=iot-device-02, thingname=iot-device-02, thingid=4ae4927a-aefb-4584-a45a-fc4839feffd6, thingarn=arn:aws:iot:us-east-1:507441099951:thing/iot-device-02, thingtypename=null, attributes={installed=1593361211, latitude=32.8205865, longitude=-96.871627}, version=1, billinggroupname=null}","2020-11-26 00:00:00.000"
"iot-device-03","1.5946350197257133E9","51.9","71.06","false","false","0.0078","0.0051","0.0209","2020-11-26T17:16:03.288+0000","{defaultclientid=iot-device-03, thingname=iot-device-03, thingid=877352b9-a35d-45d3-9c98-162d89965a13, thingarn=arn:aws:iot:us-east-1:507441099951:thing/iot-device-03, thingtypename=null, attributes={installed=1592562234, latitude=37.4133144, longitude=-122.1513069}, version=1, billinggroupname=null}","2020-11-26 00:00:00.000"
"iot-device-01","1.594635022232595E9","75.8","67.46","false","false","0.0063","0.0038","0.0167","2020-11-26T17:16:03.569+0000","{defaultclientid=iot-device-01, thingname=iot-device-01, thingid=983c2b68-f9a3-4e83-b3c6-9f6f8ad5431b, thingarn=arn:aws:iot:us-east-1:507441099951:thing/iot-device-01, thingtypename=null, attributes={installed=1594665292, latitude=37.4133144, longitude=-122.1513069}, version=1, billinggroupname=null}","2020-11-26 00:00:00.000"
"iot-device-03","1.5946350234138155E9","51.9","71.06","false","false","0.0078","0.0051","0.0208","2020-11-26T17:16:03.857+0000","{defaultclientid=iot-device-03, thingname=iot-device-03, thingid=877352b9-a35d-45d3-9c98-162d89965a13, thingarn=arn:aws:iot:us-east-1:507441099951:thing/iot-device-03, thingtypename=null, attributes={installed=1592562234, latitude=37.4133144, longitude=-122.1513069}, version=1, billinggroupname=null}","2020-11-26 00:00:00.000"
"iot-device-03","1.5946350271008325E9","51.9","71.06","false","false","0.0078","0.0051","0.0209","2020-11-26T17:16:04.149+0000","{defaultclientid=iot-device-03, thingname=iot-device-03, thingid=877352b9-a35d-45d3-9c98-162d89965a13, thingarn=arn:aws:iot:us-east-1:507441099951:thing/iot-device-03, thingtypename=null, attributes={installed=1592562234, latitude=37.4133144, longitude=-122.1513069}, version=1, billinggroupname=null}","2020-11-26 00:00:00.000"
"iot-device-02","1.5946350276995735E9","59.7","74.66","true","false","0.0072","0.0046","0.0191","2020-11-26T17:16:04.442+0000","{defaultclientid=iot-device-02, thingname=iot-device-02, thingid=4ae4927a-aefb-4584-a45a-fc4839feffd6, thingarn=arn:aws:iot:us-east-1:507441099951:thing/iot-device-02, thingtypename=null, attributes={installed=1593361211, latitude=32.8205865, longitude=-96.871627}, version=1, billinggroupname=null}","2020-11-26 00:00:00.000"
"iot-device-01","1.594635028200893E9","75.8","67.46","false","false","0.0063","0.0038","0.0167","2020-11-26T17:16:04.739+0000","{defaultclientid=iot-device-01, thingname=iot-device-01, thingid=983c2b68-f9a3-4e83-b3c6-9f6f8ad5431b, thingarn=arn:aws:iot:us-east-1:507441099951:thing/iot-device-01, thingtypename=null, attributes={installed=1594665292, latitude=37.4133144, longitude=-122.1513069}, version=1, billinggroupname=null}","2020-11-26 00:00:00.000"
"iot-device-03","1.5946350307867274E9","51.9","71.06","false","false","0.0078","0.0051","0.0209","2020-11-26T17:16:05.051+0000","{defaultclientid=iot-device-03, thingname=iot-device-03, thingid=877352b9-a35d-45d3-9c98-162d89965a13, thingarn=arn:aws:iot:us-east-1:507441099951:thing/iot-device-03, thingtypename=null, attributes={installed=1592562234, latitude=37.4133144, longitude=-122.1513069}, version=1, billinggroupname=null}","2020-11-26 00:00:00.000"
"iot-device-01","1.594635032017771E9","75.8","67.46","false","false","0.0062","0.0037","0.0164","2020-11-26T17:16:05.348+0000","{defaultclientid=iot-device-01, thingname=iot-device-01, thingid=983c2b68-f9a3-4e83-b3c6-9f6f8ad5431b, thingarn=arn:aws:iot:us-east-1:507441099951:thing/iot-device-01, thingtypename=null, attributes={installed=1594665292, latitude=37.4133144, longitude=-122.1513069}, version=1, billinggroupname=null}","2020-11-26 00:00:00.000"
"iot-device-02","1.5946350325786676E9","59.7","74.66","true","false","0.0072","0.0045","0.019","2020-11-26T17:16:05.640+0000","{defaultclientid=iot-device-02, thingname=iot-device-02, thingid=4ae4927a-aefb-4584-a45a-fc4839feffd6, thingarn=arn:aws:iot:us-east-1:507441099951:thing/iot-device-02, thingtypename=null, attributes={installed=1593361211, latitude=32.8205865, longitude=-96.871627}, version=1, billinggroupname=null}","2020-11-26 00:00:00.000"
"iot-device-03","1.5946351745588393E9","51.9","71.06","false","false","0.0079","0.0052","0.021","2020-11-26T17:16:29.657+0000","{defaultclientid=iot-device-03, thingname=iot-device-03, thingid=877352b9-a35d-45d3-9c98-162d89965a13, thingarn=arn:aws:iot:us-east-1:507441099951:thing/iot-device-03, thingtypename=null, attributes={installed=1592562234, latitude=37.4133144, longitude=-122.1513069}, version=1, billinggroupname=null}","2020-11-26 00:00:00.000"
"iot-device-03","1.5946617882917547E9","51.6","72.14","false","false","0.0079","0.0051","0.021","2020-11-26T17:32:29.950+0000","{defaultclientid=iot-device-03, thingname=iot-device-03, thingid=877352b9-a35d-45d3-9c98-162d89965a13, thingarn=arn:aws:iot:us-east-1:507441099951:thing/iot-device-03, thingtypename=null, attributes={installed=1592562234, latitude=37.4133144, longitude=-122.1513069}, version=1, billinggroupname=null}","2020-11-26 00:00:00.000"
"iot-device-02","1.5946617890804136E9","62.0","76.82","true","false","0.0068","0.0042","0.018","2020-11-26T17:32:30.252+0000","{defaultclientid=iot-device-02, thingname=iot-device-02, thingid=4ae4927a-aefb-4584-a45a-fc4839feffd6, thingarn=arn:aws:iot:us-east-1:507441099951:thing/iot-device-02, thingtypename=null, attributes={installed=1593361211, latitude=32.8205865, longitude=-96.871627}, version=1, billinggroupname=null}","2020-11-26 00:00:00.000"
"iot-device-03","1.5946617919776847E9","51.6","72.14","false","false","0.0079","0.0052","0.0211","2020-11-26T17:32:30.551+0000","{defaultclientid=iot-device-03, thingname=iot-device-03, thingid=877352b9-a35d-45d3-9c98-162d89965a13, thingarn=arn:aws:iot:us-east-1:507441099951:thing/iot-device-03, thingtypename=null, attributes={installed=1592562234, latitude=37.4133144, longitude=-122.1513069}, version=1, billinggroupname=null}","2020-11-26 00:00:00.000"
"iot-device-01","1.594661792819771E9","75.4","66.56","false","false","0.0077","0.005","0.0204","2020-11-26T17:32:30.853+0000","{defaultclientid=iot-device-01, thingname=iot-device-01, thingid=983c2b68-f9a3-4e83-b3c6-9f6f8ad5431b, thingarn=arn:aws:iot:us-east-1:507441099951:thing/iot-device-01, thingtypename=null, attributes={installed=1594665292, latitude=37.4133144, longitude=-122.1513069}, version=1, billinggroupname=null}","2020-11-26 00:00:00.000"
"iot-device-03","1.5946617956636426E9","51.6","72.14","false","false","0.0078","0.0051","0.0209","2020-11-26T17:32:31.148+0000","{defaultclientid=iot-device-03, thingname=iot-device-03, thingid=877352b9-a35d-45d3-9c98-162d89965a13, thingarn=arn:aws:iot:us-east-1:507441099951:thing/iot-device-03, thingtypename=null, attributes={installed=1592562234, latitude=37.4133144, longitude=-122.1513069}, version=1, billinggroupname=null}","2020-11-26 00:00:00.000"
"iot-device-01","1.5946617977073514E9","75.4","66.56","false","false","0.0077","0.005","0.0206","2020-11-26T17:32:31.438+0000","{defaultclientid=iot-device-01, thingname=iot-device-01, thingid=983c2b68-f9a3-4e83-b3c6-9f6f8ad5431b, thingarn=arn:aws:iot:us-east-1:507441099951:thing/iot-device-01, thingtypename=null, attributes={installed=1594665292, latitude=37.4133144, longitude=-122.1513069}, version=1, billinggroupname=null}","2020-11-26 00:00:00.000"
"iot-device-03","1.5946617993506374E9","51.6","72.14","false","false","0.0079","0.0052","0.021","2020-11-26T17:32:31.734+0000","{defaultclientid=iot-device-03, thingname=iot-device-03, thingid=877352b9-a35d-45d3-9c98-162d89965a13, thingarn=arn:aws:iot:us-east-1:507441099951:thing/iot-device-03, thingtypename=null, attributes={installed=1592562234, latitude=37.4133144, longitude=-122.1513069}, version=1, billinggroupname=null}","2020-11-26 00:00:00.000"
"iot-device-02","1.5946618017113266E9","62.0","76.82","true","false","0.0068","0.0042","0.018","2020-11-26T17:32:32.031+0000","{defaultclientid=iot-device-02, thingname=iot-device-02, thingid=4ae4927a-aefb-4584-a45a-fc4839feffd6, thingarn=arn:aws:iot:us-east-1:507441099951:thing/iot-device-02, thingtypename=null, attributes={installed=1593361211, latitude=32.8205865, longitude=-96.871627}, version=1, billinggroupname=null}","2020-11-26 00:00:00.000"
"iot-device-03","1.5946618030364535E9","51.6","72.14","false","false","0.0079","0.0051","0.021","2020-11-26T17:32:32.332+0000","{defaultclientid=iot-device-03, thingname=iot-device-03, thingid=877352b9-a35d-45d3-9c98-162d89965a13, thingarn=arn:aws:iot:us-east-1:507441099951:thing/iot-device-03, thingtypename=null, attributes={installed=1592562234, latitude=37.4133144, longitude=-122.1513069}, version=1, billinggroupname=null}","2020-11-26 00:00:00.000"
"iot-device-01","1.5946618042083476E9","75.4","66.56","false","false","0.0077","0.005","0.0204","2020-11-26T17:32:32.634+0000","{defaultclientid=iot-device-01, thingname=iot-device-01, thingid=983c2b68-f9a3-4e83-b3c6-9f6f8ad5431b, thingarn=arn:aws:iot:us-east-1:507441099951:thing/iot-device-01, thingtypename=null, attributes={installed=1594665292, latitude=37.4133144, longitude=-122.1513069}, version=1, billinggroupname=null}","2020-11-26 00:00:00.000"
"iot-device-01","1.5946624474108448E9","74.6","66.38","false","false","0.0077","0.005","0.0204","2020-11-26T17:32:39.180+0000","{defaultclientid=iot-device-01, thingname=iot-device-01, thingid=983c2b68-f9a3-4e83-b3c6-9f6f8ad5431b, thingarn=arn:aws:iot:us-east-1:507441099951:thing/iot-device-01, thingtypename=null, attributes={installed=1594665292, latitude=37.4133144, longitude=-122.1513069}, version=1, billinggroupname=null}","2020-11-26 00:00:00.000"
"iot-device-02","1.5946624480148995E9","62.2","76.82","true","false","0.0068","0.0042","0.018","2020-11-26T17:32:39.472+0000","{defaultclientid=iot-device-02, thingname=iot-device-02, thingid=4ae4927a-aefb-4584-a45a-fc4839feffd6, thingarn=arn:aws:iot:us-east-1:507441099951:thing/iot-device-02, thingtypename=null, attributes={installed=1593361211, latitude=32.8205865, longitude=-96.871627}, version=1, billinggroupname=null}","2020-11-26 00:00:00.000"
"iot-device-03","1.5946624497858136E9","49.3","71.78","false","false","0.0078","0.0051","0.0209","2020-11-26T17:32:39.771+0000","{defaultclientid=iot-device-03, thingname=iot-device-03, thingid=877352b9-a35d-45d3-9c98-162d89965a13, thingarn=arn:aws:iot:us-east-1:507441099951:thing/iot-device-03, thingtypename=null, attributes={installed=1592562234, latitude=37.4133144, longitude=-122.1513069}, version=1, billinggroupname=null}","2020-11-26 00:00:00.000"
"iot-device-01","1.5946624528409898E9","74.5","66.38","false","false","0.0077","0.005","0.0204","2020-11-26T17:32:40.061+0000","{defaultclientid=iot-device-01, thingname=iot-device-01, thingid=983c2b68-f9a3-4e83-b3c6-9f6f8ad5431b, thingarn=arn:aws:iot:us-east-1:507441099951:thing/iot-device-01, thingtypename=null, attributes={installed=1594665292, latitude=37.4133144, longitude=-122.1513069}, version=1, billinggroupname=null}","2020-11-26 00:00:00.000"
"iot-device-03","1.5946624534633307E9","49.2","71.78","false","false","0.0078","0.0051","0.0209","2020-11-26T17:32:40.365+0000","{defaultclientid=iot-device-03, thingname=iot-device-03, thingid=877352b9-a35d-45d3-9c98-162d89965a13, thingarn=arn:aws:iot:us-east-1:507441099951:thing/iot-device-03, thingtypename=null, attributes={installed=1592562234, latitude=37.4133144, longitude=-122.1513069}, version=1, billinggroupname=null}","2020-11-26 00:00:00.000"
"iot-device-02","1.5946624539652598E9","62.8","76.82","true","false","0.0068","0.0042","0.0179","2020-11-26T17:32:40.649+0000","{defaultclientid=iot-device-02, thingname=iot-device-02, thingid=4ae4927a-aefb-4584-a45a-fc4839feffd6, thingarn=arn:aws:iot:us-east-1:507441099951:thing/iot-device-02, thingtypename=null, attributes={installed=1593361211, latitude=32.8205865, longitude=-96.871627}, version=1, billinggroupname=null}","2020-11-26 00:00:00.000"
"iot-device-03","1.5946624571492321E9","49.2","71.78","false","false","0.0079","0.0051","0.021","2020-11-26T17:32:40.942+0000","{defaultclientid=iot-device-03, thingname=iot-device-03, thingid=877352b9-a35d-45d3-9c98-162d89965a13, thingarn=arn:aws:iot:us-east-1:507441099951:thing/iot-device-03, thingtypename=null, attributes={installed=1592562234, latitude=37.4133144, longitude=-122.1513069}, version=1, billinggroupname=null}","2020-11-26 00:00:00.000"
"iot-device-01","1.5946624582700806E9","74.6","66.38","false","false","0.0077","0.005","0.0204","2020-11-26T17:32:41.230+0000","{defaultclientid=iot-device-01, thingname=iot-device-01, thingid=983c2b68-f9a3-4e83-b3c6-9f6f8ad5431b, thingarn=arn:aws:iot:us-east-1:507441099951:thing/iot-device-01, thingtypename=null, attributes={installed=1594665292, latitude=37.4133144, longitude=-122.1513069}, version=1, billinggroupname=null}","2020-11-26 00:00:00.000"
"iot-device-03","1.5946624608351722E9","49.1","71.6","false","false","0.0078","0.0051","0.0209","2020-11-26T17:32:41.530+0000","{defaultclientid=iot-device-03, thingname=iot-device-03, thingid=877352b9-a35d-45d3-9c98-162d89965a13, thingarn=arn:aws:iot:us-east-1:507441099951:thing/iot-device-03, thingtypename=null, attributes={installed=1592562234, latitude=37.4133144, longitude=-122.1513069}, version=1, billinggroupname=null}","2020-11-26 00:00:00.000"
"iot-device-02","1.5946624636569786E9","62.1","76.82","true","false","0.0068","0.0042","0.018","2020-11-26T17:32:41.831+0000","{defaultclientid=iot-device-02, thingname=iot-device-02, thingid=4ae4927a-aefb-4584-a45a-fc4839feffd6, thingarn=arn:aws:iot:us-east-1:507441099951:thing/iot-device-02, thingtypename=null, attributes={installed=1593361211, latitude=32.8205865, longitude=-96.871627}, version=1, billinggroupname=null}","2020-11-26 00:00:00.000"
"iot-device-03","1.5946624792654119E9","49.1","71.6","false","false","0.0078","0.0051","0.0209","2020-11-26T17:32:45.092+0000","{defaultclientid=iot-device-03, thingname=iot-device-03, thingid=877352b9-a35d-45d3-9c98-162d89965a13, thingarn=arn:aws:iot:us-east-1:507441099951:thing/iot-device-03, thingtypename=null, attributes={installed=1592562234, latitude=37.4133144, longitude=-122.1513069}, version=1, billinggroupname=null}","2020-11-26 00:00:00.000"
"iot-device-01","1.5946624816654243E9","74.8","66.38","false","false","0.0076","0.0049","0.0204","2020-11-26T17:32:45.392+0000","{defaultclientid=iot-device-01, thingname=iot-device-01, thingid=983c2b68-f9a3-4e83-b3c6-9f6f8ad5431b, thingarn=arn:aws:iot:us-east-1:507441099951:thing/iot-device-01, thingtypename=null, attributes={installed=1594665292, latitude=37.4133144, longitude=-122.1513069}, version=1, billinggroupname=null}","2020-11-26 00:00:00.000"
"iot-device-03","1.5946624829495199E9","49.1","71.6","false","false","0.0078","0.0051","0.0209","2020-11-26T17:32:45.682+0000","{defaultclientid=iot-device-03, thingname=iot-device-03, thingid=877352b9-a35d-45d3-9c98-162d89965a13, thingarn=arn:aws:iot:us-east-1:507441099951:thing/iot-device-03, thingtypename=null, attributes={installed=1592562234, latitude=37.4133144, longitude=-122.1513069}, version=1, billinggroupname=null}","2020-11-26 00:00:00.000"
"iot-device-02","1.5946624849683602E9","62.1","76.82","true","false","0.0068","0.0042","0.018","2020-11-26T17:32:45.980+0000","{defaultclientid=iot-device-02, thingname=iot-device-02, thingid=4ae4927a-aefb-4584-a45a-fc4839feffd6, thingarn=arn:aws:iot:us-east-1:507441099951:thing/iot-device-02, thingtypename=null, attributes={installed=1593361211, latitude=32.8205865, longitude=-96.871627}, version=1, billinggroupname=null}","2020-11-26 00:00:00.000"
"iot-device-03","1.5946624866354725E9","49.1","71.6","false","false","0.0078","0.0051","0.0209","2020-11-26T17:32:46.270+0000","{defaultclientid=iot-device-03, thingname=iot-device-03, thingid=877352b9-a35d-45d3-9c98-162d89965a13, thingarn=arn:aws:iot:us-east-1:507441099951:thing/iot-device-03, thingtypename=null, attributes={installed=1592562234, latitude=37.4133144, longitude=-122.1513069}, version=1, billinggroupname=null}","2020-11-26 00:00:00.000"
"iot-device-01","1.5946624897775586E9","74.8","66.38","false","false","0.0077","0.005","0.0204","2020-11-26T17:32:46.571+0000","{defaultclientid=iot-device-01, thingname=iot-device-01, thingid=983c2b68-f9a3-4e83-b3c6-9f6f8ad5431b, thingarn=arn:aws:iot:us-east-1:507441099951:thing/iot-device-01, thingtypename=null, attributes={installed=1594665292, latitude=37.4133144, longitude=-122.1513069}, version=1, billinggroupname=null}","2020-11-26 00:00:00.000"
"iot-device-02","1.5946624898498335E9","62.2","77.0","true","false","0.0068","0.0042","0.0179","2020-11-26T17:32:46.870+0000","{defaultclientid=iot-device-02, thingname=iot-device-02, thingid=4ae4927a-aefb-4584-a45a-fc4839feffd6, thingarn=arn:aws:iot:us-east-1:507441099951:thing/iot-device-02, thingtypename=null, attributes={installed=1593361211, latitude=32.8205865, longitude=-96.871627}, version=1, billinggroupname=null}","2020-11-26 00:00:00.000"
"iot-device-03","1.5946624903213902E9","49.1","71.6","false","false","0.0078","0.0051","0.0209","2020-11-26T17:32:47.169+0000","{defaultclientid=iot-device-03, thingname=iot-device-03, thingid=877352b9-a35d-45d3-9c98-162d89965a13, thingarn=arn:aws:iot:us-east-1:507441099951:thing/iot-device-03, thingtypename=null, attributes={installed=1592562234, latitude=37.4133144, longitude=-122.1513069}, version=1, billinggroupname=null}","2020-11-26 00:00:00.000"
"iot-device-03","1.5946624942327352E9","49.1","71.6","false","false","0.0078","0.0051","0.0209","2020-11-26T17:32:47.462+0000","{defaultclientid=iot-device-03, thingname=iot-device-03, thingid=877352b9-a35d-45d3-9c98-162d89965a13, thingarn=arn:aws:iot:us-east-1:507441099951:thing/iot-device-03, thingtypename=null, attributes={installed=1592562234, latitude=37.4133144, longitude=-122.1513069}, version=1, billinggroupname=null}","2020-11-26 00:00:00.000"
"iot-device-02","1.5946624957971027E9","62.2","76.82","true","false","0.0068","0.0042","0.018","2020-11-26T17:32:47.757+0000","{defaultclientid=iot-device-02, thingname=iot-device-02, thingid=4ae4927a-aefb-4584-a45a-fc4839feffd6, thingarn=arn:aws:iot:us-east-1:507441099951:thing/iot-device-02, thingtypename=null, attributes={installed=1593361211, latitude=32.8205865, longitude=-96.871627}, version=1, billinggroupname=null}","2020-11-26 00:00:00.000"
"iot-device-01","1.5946624962838573E9","74.9","66.38","false","false","0.0076","0.0049","0.0204","2020-11-26T17:32:48.063+0000","{defaultclientid=iot-device-01, thingname=iot-device-01, thingid=983c2b68-f9a3-4e83-b3c6-9f6f8ad5431b, thingarn=arn:aws:iot:us-east-1:507441099951:thing/iot-device-01, thingtypename=null, attributes={installed=1594665292, latitude=37.4133144, longitude=-122.1513069}, version=1, billinggroupname=null}","2020-11-26 00:00:00.000"
"iot-device-03","1.5946624981647198E9","49.1","71.6","false","false","0.0078","0.0051","0.0209","2020-11-26T17:32:48.375+0000","{defaultclientid=iot-device-03, thingname=iot-device-03, thingid=877352b9-a35d-45d3-9c98-162d89965a13, thingarn=arn:aws:iot:us-east-1:507441099951:thing/iot-device-03, thingtypename=null, attributes={installed=1592562234, latitude=37.4133144, longitude=-122.1513069}, version=1, billinggroupname=null}","2020-11-26 00:00:00.000"
"iot-device-03","1.5946625018482022E9","49.0","71.6","false","false","0.0078","0.0051","0.0209","2020-11-26T17:32:48.671+0000","{defaultclientid=iot-device-03, thingname=iot-device-03, thingid=877352b9-a35d-45d3-9c98-162d89965a13, thingarn=arn:aws:iot:us-east-1:507441099951:thing/iot-device-03, thingtypename=null, attributes={installed=1592562234, latitude=37.4133144, longitude=-122.1513069}, version=1, billinggroupname=null}","2020-11-26 00:00:00.000"
"iot-device-03","1.5946625055341206E9","49.0","71.6","false","false","0.0078","0.0051","0.0208","2020-11-26T17:32:48.971+0000","{defaultclientid=iot-device-03, thingname=iot-device-03, thingid=877352b9-a35d-45d3-9c98-162d89965a13, thingarn=arn:aws:iot:us-east-1:507441099951:thing/iot-device-03, thingtypename=null, attributes={installed=1592562234, latitude=37.4133144, longitude=-122.1513069}, version=1, billinggroupname=null}","2020-11-26 00:00:00.000"
"iot-device-01","1.5946625065483086E9","74.7","66.38","false","false","0.0077","0.005","0.0204","2020-11-26T17:32:49.276+0000","{defaultclientid=iot-device-01, thingname=iot-device-01, thingid=983c2b68-f9a3-4e83-b3c6-9f6f8ad5431b, thingarn=arn:aws:iot:us-east-1:507441099951:thing/iot-device-01, thingtypename=null, attributes={installed=1594665292, latitude=37.4133144, longitude=-122.1513069}, version=1, billinggroupname=null}","2020-11-26 00:00:00.000"
"iot-device-03","1.5946625092201276E9","48.9","71.6","false","false","0.0078","0.0051","0.0209","2020-11-26T17:32:49.574+0000","{defaultclientid=iot-device-03, thingname=iot-device-03, thingid=877352b9-a35d-45d3-9c98-162d89965a13, thingarn=arn:aws:iot:us-east-1:507441099951:thing/iot-device-03, thingtypename=null, attributes={installed=1592562234, latitude=37.4133144, longitude=-122.1513069}, version=1, billinggroupname=null}","2020-11-26 00:00:00.000"
"iot-device-02","1.5946625094981866E9","62.0","76.82","true","false","0.0068","0.0042","0.0181","2020-11-26T17:32:49.872+0000","{defaultclientid=iot-device-02, thingname=iot-device-02, thingid=4ae4927a-aefb-4584-a45a-fc4839feffd6, thingarn=arn:aws:iot:us-east-1:507441099951:thing/iot-device-02, thingtypename=null, attributes={installed=1593361211, latitude=32.8205865, longitude=-96.871627}, version=1, billinggroupname=null}","2020-11-26 00:00:00.000"
"iot-device-01","1.5946625119843936E9","74.9","66.38","false","false","0.0077","0.005","0.0204","2020-11-26T17:32:50.202+0000","{defaultclientid=iot-device-01, thingname=iot-device-01, thingid=983c2b68-f9a3-4e83-b3c6-9f6f8ad5431b, thingarn=arn:aws:iot:us-east-1:507441099951:thing/iot-device-01, thingtypename=null, attributes={installed=1594665292, latitude=37.4133144, longitude=-122.1513069}, version=1, billinggroupname=null}","2020-11-26 00:00:00.000"
"iot-device-03","1.594661806963521E9","51.6","72.14","false","false","0.0079","0.0051","0.021","2020-11-26T17:32:32.932+0000","{defaultclientid=iot-device-03, thingname=iot-device-03, thingid=877352b9-a35d-45d3-9c98-162d89965a13, thingarn=arn:aws:iot:us-east-1:507441099951:thing/iot-device-03, thingtypename=null, attributes={installed=1592562234, latitude=37.4133144, longitude=-122.1513069}, version=1, billinggroupname=null}","2020-11-26 00:00:00.000"
"iot-device-01","1.5946618101804175E9","75.4","66.56","false","false","0.0077","0.005","0.0204","2020-11-26T17:32:33.231+0000","{defaultclientid=iot-device-01, thingname=iot-device-01, thingid=983c2b68-f9a3-4e83-b3c6-9f6f8ad5431b, thingarn=arn:aws:iot:us-east-1:507441099951:thing/iot-device-01, thingtypename=null, attributes={installed=1594665292, latitude=37.4133144, longitude=-122.1513069}, version=1, billinggroupname=null}","2020-11-26 00:00:00.000"
"iot-device-03","1.594661810658498E9","51.5","72.14","false","false","0.0079","0.0051","0.021","2020-11-26T17:32:33.540+0000","{defaultclientid=iot-device-03, thingname=iot-device-03, thingid=877352b9-a35d-45d3-9c98-162d89965a13, thingarn=arn:aws:iot:us-east-1:507441099951:thing/iot-device-03, thingtypename=null, attributes={installed=1592562234, latitude=37.4133144, longitude=-122.1513069}, version=1, billinggroupname=null}","2020-11-26 00:00:00.000"
"iot-device-02","1.59466181140201E9","62.0","76.82","true","false","0.0068","0.0042","0.0179","2020-11-26T17:32:33.852+0000","{defaultclientid=iot-device-02, thingname=iot-device-02, thingid=4ae4927a-aefb-4584-a45a-fc4839feffd6, thingarn=arn:aws:iot:us-east-1:507441099951:thing/iot-device-02, thingtypename=null, attributes={installed=1593361211, latitude=32.8205865, longitude=-96.871627}, version=1, billinggroupname=null}","2020-11-26 00:00:00.000"
"iot-device-03","1.5946618143458972E9","51.6","72.14","false","false","0.0078","0.0051","0.0209","2020-11-26T17:32:34.169+0000","{defaultclientid=iot-device-03, thingname=iot-device-03, thingid=877352b9-a35d-45d3-9c98-162d89965a13, thingarn=arn:aws:iot:us-east-1:507441099951:thing/iot-device-03, thingtypename=null, attributes={installed=1592562234, latitude=37.4133144, longitude=-122.1513069}, version=1, billinggroupname=null}","2020-11-26 00:00:00.000"
"iot-device-01","1.594661815072979E9","75.4","66.56","false","false","0.0077","0.005","0.0204","2020-11-26T17:32:34.472+0000","{defaultclientid=iot-device-01, thingname=iot-device-01, thingid=983c2b68-f9a3-4e83-b3c6-9f6f8ad5431b, thingarn=arn:aws:iot:us-east-1:507441099951:thing/iot-device-01, thingtypename=null, attributes={installed=1594665292, latitude=37.4133144, longitude=-122.1513069}, version=1, billinggroupname=null}","2020-11-26 00:00:00.000"
"iot-device-02","1.5946618173504481E9","62.0","76.64","true","false","0.0068","0.0042","0.0179","2020-11-26T17:32:34.801+0000","{defaultclientid=iot-device-02, thingname=iot-device-02, thingid=4ae4927a-aefb-4584-a45a-fc4839feffd6, thingarn=arn:aws:iot:us-east-1:507441099951:thing/iot-device-02, thingtypename=null, attributes={installed=1593361211, latitude=32.8205865, longitude=-96.871627}, version=1, billinggroupname=null}","2020-11-26 00:00:00.000"
"iot-device-03","1.5946618180334914E9","51.6","72.14","false","false","0.0078","0.0051","0.0209","2020-11-26T17:32:35.106+0000","{defaultclientid=iot-device-03, thingname=iot-device-03, thingid=877352b9-a35d-45d3-9c98-162d89965a13, thingarn=arn:aws:iot:us-east-1:507441099951:thing/iot-device-03, thingtypename=null, attributes={installed=1592562234, latitude=37.4133144, longitude=-122.1513069}, version=1, billinggroupname=null}","2020-11-26 00:00:00.000"
"iot-device-01","1.5946618194224358E9","75.4","66.56","false","false","0.0076","0.0049","0.0204","2020-11-26T17:32:35.407+0000","{defaultclientid=iot-device-01, thingname=iot-device-01, thingid=983c2b68-f9a3-4e83-b3c6-9f6f8ad5431b, thingarn=arn:aws:iot:us-east-1:507441099951:thing/iot-device-01, thingtypename=null, attributes={installed=1594665292, latitude=37.4133144, longitude=-122.1513069}, version=1, billinggroupname=null}","2020-11-26 00:00:00.000"
"iot-device-02","1.594661821694971E9","62.1","76.82","true","false","0.0068","0.0042","0.0179","2020-11-26T17:32:35.702+0000","{defaultclientid=iot-device-02, thingname=iot-device-02, thingid=4ae4927a-aefb-4584-a45a-fc4839feffd6, thingarn=arn:aws:iot:us-east-1:507441099951:thing/iot-device-02, thingtypename=null, attributes={installed=1593361211, latitude=32.8205865, longitude=-96.871627}, version=1, billinggroupname=null}","2020-11-26 00:00:00.000"
"iot-device-01","1.5946624637011886E9","74.7","66.38","false","false","0.0078","0.0051","0.0209","2020-11-26T17:32:42.131+0000","{defaultclientid=iot-device-01, thingname=iot-device-01, thingid=983c2b68-f9a3-4e83-b3c6-9f6f8ad5431b, thingarn=arn:aws:iot:us-east-1:507441099951:thing/iot-device-01, thingtypename=null, attributes={installed=1594665292, latitude=37.4133144, longitude=-122.1513069}, version=1, billinggroupname=null}","2020-11-26 00:00:00.000"
"iot-device-03","1.5946624645213618E9","49.1","71.6","false","false","0.0078","0.0051","0.0209","2020-11-26T17:32:42.422+0000","{defaultclientid=iot-device-03, thingname=iot-device-03, thingid=877352b9-a35d-45d3-9c98-162d89965a13, thingarn=arn:aws:iot:us-east-1:507441099951:thing/iot-device-03, thingtypename=null, attributes={installed=1592562234, latitude=37.4133144, longitude=-122.1513069}, version=1, billinggroupname=null}","2020-11-26 00:00:00.000"
"iot-device-01","1.5946624675287168E9","74.7","66.38","false","false","0.0076","0.0049","0.0204","2020-11-26T17:32:42.720+0000","{defaultclientid=iot-device-01, thingname=iot-device-01, thingid=983c2b68-f9a3-4e83-b3c6-9f6f8ad5431b, thingarn=arn:aws:iot:us-east-1:507441099951:thing/iot-device-01, thingtypename=null, attributes={installed=1594665292, latitude=37.4133144, longitude=-122.1513069}, version=1, billinggroupname=null}","2020-11-26 00:00:00.000"
"iot-device-03","1.5946624682074273E9","49.1","71.6","false","false","0.0078","0.0051","0.0209","2020-11-26T17:32:43.021+0000","{defaultclientid=iot-device-03, thingname=iot-device-03, thingid=877352b9-a35d-45d3-9c98-162d89965a13, thingarn=arn:aws:iot:us-east-1:507441099951:thing/iot-device-03, thingtypename=null, attributes={installed=1592562234, latitude=37.4133144, longitude=-122.1513069}, version=1, billinggroupname=null}","2020-11-26 00:00:00.000"
"iot-device-02","1.594662469070867E9","62.4","76.82","true","false","0.0067","0.0042","0.0178","2020-11-26T17:32:43.311+0000","{defaultclientid=iot-device-02, thingname=iot-device-02, thingid=4ae4927a-aefb-4584-a45a-fc4839feffd6, thingarn=arn:aws:iot:us-east-1:507441099951:thing/iot-device-02, thingtypename=null, attributes={installed=1593361211, latitude=32.8205865, longitude=-96.871627}, version=1, billinggroupname=null}","2020-11-26 00:00:00.000"
"iot-device-01","1.594662471881703E9","74.8","66.38","false","false","0.0077","0.005","0.0204","2020-11-26T17:32:43.611+0000","{defaultclientid=iot-device-01, thingname=iot-device-01, thingid=983c2b68-f9a3-4e83-b3c6-9f6f8ad5431b, thingarn=arn:aws:iot:us-east-1:507441099951:thing/iot-device-01, thingtypename=null, attributes={installed=1594665292, latitude=37.4133144, longitude=-122.1513069}, version=1, billinggroupname=null}","2020-11-26 00:00:00.000"
"iot-device-03","1.5946624718932984E9","49.1","71.6","false","false","0.0079","0.0051","0.021","2020-11-26T17:32:43.912+0000","{defaultclientid=iot-device-03, thingname=iot-device-03, thingid=877352b9-a35d-45d3-9c98-162d89965a13, thingarn=arn:aws:iot:us-east-1:507441099951:thing/iot-device-03, thingtypename=null, attributes={installed=1592562234, latitude=37.4133144, longitude=-122.1513069}, version=1, billinggroupname=null}","2020-11-26 00:00:00.000"
"iot-device-02","1.5946624728769436E9","62.1","76.82","true","false","0.0068","0.0042","0.0179","2020-11-26T17:32:44.199+0000","{defaultclientid=iot-device-02, thingname=iot-device-02, thingid=4ae4927a-aefb-4584-a45a-fc4839feffd6, thingarn=arn:aws:iot:us-east-1:507441099951:thing/iot-device-02, thingtypename=null, attributes={installed=1593361211, latitude=32.8205865, longitude=-96.871627}, version=1, billinggroupname=null}","2020-11-26 00:00:00.000"
"iot-device-03","1.5946624755793605E9","49.1","71.6","false","false","0.0079","0.0052","0.021","2020-11-26T17:32:44.491+0000","{defaultclientid=iot-device-03, thingname=iot-device-03, thingid=877352b9-a35d-45d3-9c98-162d89965a13, thingarn=arn:aws:iot:us-east-1:507441099951:thing/iot-device-03, thingtypename=null, attributes={installed=1592562234, latitude=37.4133144, longitude=-122.1513069}, version=1, billinggroupname=null}","2020-11-26 00:00:00.000"
"iot-device-01","1.5946624756968427E9","74.8","66.38","false","false","0.0076","0.0049","0.0204","2020-11-26T17:32:44.795+0000","{defaultclientid=iot-device-01, thingname=iot-device-01, thingid=983c2b68-f9a3-4e83-b3c6-9f6f8ad5431b, thingarn=arn:aws:iot:us-east-1:507441099951:thing/iot-device-01, thingtypename=null, attributes={installed=1594665292, latitude=37.4133144, longitude=-122.1513069}, version=1, billinggroupname=null}","2020-11-26 00:00:00.000"
"iot-device-03","1.5946618217205124E9","51.6","72.14","false","false","0.0079","0.0051","0.021","2020-11-26T17:32:35.989+0000","{defaultclientid=iot-device-03, thingname=iot-device-03, thingid=877352b9-a35d-45d3-9c98-162d89965a13, thingarn=arn:aws:iot:us-east-1:507441099951:thing/iot-device-03, thingtypename=null, attributes={installed=1592562234, latitude=37.4133144, longitude=-122.1513069}, version=1, billinggroupname=null}","2020-11-26 00:00:00.000"
"iot-device-03","1.5946618254078505E9","51.6","72.14","false","false","0.0078","0.0051","0.0209","2020-11-26T17:32:36.291+0000","{defaultclientid=iot-device-03, thingname=iot-device-03, thingid=877352b9-a35d-45d3-9c98-162d89965a13, thingarn=arn:aws:iot:us-east-1:507441099951:thing/iot-device-03, thingtypename=null, attributes={installed=1592562234, latitude=37.4133144, longitude=-122.1513069}, version=1, billinggroupname=null}","2020-11-26 00:00:00.000"
"iot-device-02","1.5946618265855408E9","62.1","76.82","true","false","0.0068","0.0042","0.0179","2020-11-26T17:32:36.593+0000","{defaultclientid=iot-device-02, thingname=iot-device-02, thingid=4ae4927a-aefb-4584-a45a-fc4839feffd6, thingarn=arn:aws:iot:us-east-1:507441099951:thing/iot-device-02, thingtypename=null, attributes={installed=1593361211, latitude=32.8205865, longitude=-96.871627}, version=1, billinggroupname=null}","2020-11-26 00:00:00.000"
"iot-device-03","1.5946618290935767E9","51.6","72.14","false","false","0.0078","0.0051","0.021","2020-11-26T17:32:37.045+0000","{defaultclientid=iot-device-03, thingname=iot-device-03, thingid=877352b9-a35d-45d3-9c98-162d89965a13, thingarn=arn:aws:iot:us-east-1:507441099951:thing/iot-device-03, thingtypename=null, attributes={installed=1592562234, latitude=37.4133144, longitude=-122.1513069}, version=1, billinggroupname=null}","2020-11-26 00:00:00.000"
"iot-device-02","1.5946624355844426E9","62.3","77.0","true","false","0.0068","0.0042","0.0179","2020-11-26T17:32:37.340+0000","{defaultclientid=iot-device-02, thingname=iot-device-02, thingid=4ae4927a-aefb-4584-a45a-fc4839feffd6, thingarn=arn:aws:iot:us-east-1:507441099951:thing/iot-device-02, thingtypename=null, attributes={installed=1593361211, latitude=32.8205865, longitude=-96.871627}, version=1, billinggroupname=null}","2020-11-26 00:00:00.000"
"iot-device-03","1.5946624387306411E9","49.2","71.78","false","false","0.0078","0.0051","0.0209","2020-11-26T17:32:37.641+0000","{defaultclientid=iot-device-03, thingname=iot-device-03, thingid=877352b9-a35d-45d3-9c98-162d89965a13, thingarn=arn:aws:iot:us-east-1:507441099951:thing/iot-device-03, thingtypename=null, attributes={installed=1592562234, latitude=37.4133144, longitude=-122.1513069}, version=1, billinggroupname=null}","2020-11-26 00:00:00.000"
"iot-device-01","1.5946624409101262E9","74.6","66.38","false","false","0.0077","0.005","0.0204","2020-11-26T17:32:37.991+0000","{defaultclientid=iot-device-01, thingname=iot-device-01, thingid=983c2b68-f9a3-4e83-b3c6-9f6f8ad5431b, thingarn=arn:aws:iot:us-east-1:507441099951:thing/iot-device-01, thingtypename=null, attributes={installed=1594665292, latitude=37.4133144, longitude=-122.1513069}, version=1, billinggroupname=null}","2020-11-26 00:00:00.000"
"iot-device-03","1.594662442416676E9","49.3","71.78","false","false","0.0078","0.0051","0.0209","2020-11-26T17:32:38.293+0000","{defaultclientid=iot-device-03, thingname=iot-device-03, thingid=877352b9-a35d-45d3-9c98-162d89965a13, thingarn=arn:aws:iot:us-east-1:507441099951:thing/iot-device-03, thingtypename=null, attributes={installed=1592562234, latitude=37.4133144, longitude=-122.1513069}, version=1, billinggroupname=null}","2020-11-26 00:00:00.000"
"iot-device-02","1.5946624425983224E9","62.4","76.82","true","false","0.0068","0.0042","0.0179","2020-11-26T17:32:38.580+0000","{defaultclientid=iot-device-02, thingname=iot-device-02, thingid=4ae4927a-aefb-4584-a45a-fc4839feffd6, thingarn=arn:aws:iot:us-east-1:507441099951:thing/iot-device-02, thingtypename=null, attributes={installed=1593361211, latitude=32.8205865, longitude=-96.871627}, version=1, billinggroupname=null}","2020-11-26 00:00:00.000"
"iot-device-03","1.5946624461026645E9","49.3","71.78","false","false","0.0078","0.0051","0.0209","2020-11-26T17:32:38.881+0000","{defaultclientid=iot-device-03, thingname=iot-device-03, thingid=877352b9-a35d-45d3-9c98-162d89965a13, thingarn=arn:aws:iot:us-east-1:507441099951:thing/iot-device-03, thingtypename=null, attributes={installed=1592562234, latitude=37.4133144, longitude=-122.1513069}, version=1, billinggroupname=null}","2020-11-26 00:00:00.000"
"iot-device-02","1.594641465386924E9","59.7","74.48","true","false","0.0071","0.0045","0.0189","2020-11-26T17:22:29.763+0000","{defaultclientid=iot-device-02, thingname=iot-device-02, thingid=4ae4927a-aefb-4584-a45a-fc4839feffd6, thingarn=arn:aws:iot:us-east-1:507441099951:thing/iot-device-02, thingtypename=null, attributes={installed=1593361211, latitude=32.8205865, longitude=-96.871627}, version=1, billinggroupname=null}","2020-11-26 00:00:00.000"
"iot-device-03","1.5946413038769734E9","52.4","70.88","false","false","0.0078","0.0051","0.0209","2020-11-26T17:22:03.159+0000","{defaultclientid=iot-device-03, thingname=iot-device-03, thingid=877352b9-a35d-45d3-9c98-162d89965a13, thingarn=arn:aws:iot:us-east-1:507441099951:thing/iot-device-03, thingtypename=null, attributes={installed=1592562234, latitude=37.4133144, longitude=-122.1513069}, version=1, billinggroupname=null}","2020-11-26 00:00:00.000"
"iot-device-02","1.5946413071064515E9","59.5","74.48","true","false","0.0072","0.0045","0.0191","2020-11-26T17:22:03.477+0000","{defaultclientid=iot-device-02, thingname=iot-device-02, thingid=4ae4927a-aefb-4584-a45a-fc4839feffd6, thingarn=arn:aws:iot:us-east-1:507441099951:thing/iot-device-02, thingtypename=null, attributes={installed=1593361211, latitude=32.8205865, longitude=-96.871627}, version=1, billinggroupname=null}","2020-11-26 00:00:00.000"
"iot-device-03","1.5946413075780568E9","52.4","70.88","false","false","0.0078","0.0051","0.0208","2020-11-26T17:22:03.766+0000","{defaultclientid=iot-device-03, thingname=iot-device-03, thingid=877352b9-a35d-45d3-9c98-162d89965a13, thingarn=arn:aws:iot:us-east-1:507441099951:thing/iot-device-03, thingtypename=null, attributes={installed=1592562234, latitude=37.4133144, longitude=-122.1513069}, version=1, billinggroupname=null}","2020-11-26 00:00:00.000"
"iot-device-01","1.594641309533539E9","75.6","67.46","false","false","0.0062","0.0037","0.0164","2020-11-26T17:22:04.062+0000","{defaultclientid=iot-device-01, thingname=iot-device-01, thingid=983c2b68-f9a3-4e83-b3c6-9f6f8ad5431b, thingarn=arn:aws:iot:us-east-1:507441099951:thing/iot-device-01, thingtypename=null, attributes={installed=1594665292, latitude=37.4133144, longitude=-122.1513069}, version=1, billinggroupname=null}","2020-11-26 00:00:00.000"
"iot-device-03","1.5946413112654815E9","52.3","70.88","false","false","0.0078","0.0051","0.0209","2020-11-26T17:22:04.350+0000","{defaultclientid=iot-device-03, thingname=iot-device-03, thingid=877352b9-a35d-45d3-9c98-162d89965a13, thingarn=arn:aws:iot:us-east-1:507441099951:thing/iot-device-03, thingtypename=null, attributes={installed=1592562234, latitude=37.4133144, longitude=-122.1513069}, version=1, billinggroupname=null}","2020-11-26 00:00:00.000"
"iot-device-02","1.59464131144874E9","59.6","74.48","true","false","0.0072","0.0046","0.0192","2020-11-26T17:22:04.649+0000","{defaultclientid=iot-device-02, thingname=iot-device-02, thingid=4ae4927a-aefb-4584-a45a-fc4839feffd6, thingarn=arn:aws:iot:us-east-1:507441099951:thing/iot-device-02, thingtypename=null, attributes={installed=1593361211, latitude=32.8205865, longitude=-96.871627}, version=1, billinggroupname=null}","2020-11-26 00:00:00.000"
"iot-device-03","1.5946413149531407E9","52.3","70.88","false","false","0.0078","0.0051","0.0208","2020-11-26T17:22:04.951+0000","{defaultclientid=iot-device-03, thingname=iot-device-03, thingid=877352b9-a35d-45d3-9c98-162d89965a13, thingarn=arn:aws:iot:us-east-1:507441099951:thing/iot-device-03, thingtypename=null, attributes={installed=1592562234, latitude=37.4133144, longitude=-122.1513069}, version=1, billinggroupname=null}","2020-11-26 00:00:00.000"
"iot-device-02","1.594641316324673E9","59.7","74.48","true","false","0.0072","0.0046","0.0192","2020-11-26T17:22:05.241+0000","{defaultclientid=iot-device-02, thingname=iot-device-02, thingid=4ae4927a-aefb-4584-a45a-fc4839feffd6, thingarn=arn:aws:iot:us-east-1:507441099951:thing/iot-device-02, thingtypename=null, attributes={installed=1593361211, latitude=32.8205865, longitude=-96.871627}, version=1, billinggroupname=null}","2020-11-26 00:00:00.000"
"iot-device-01","1.5946413165864625E9","75.4","67.46","false","false","0.0062","0.0037","0.0164","2020-11-26T17:22:05.532+0000","{defaultclientid=iot-device-01, thingname=iot-device-01, thingid=983c2b68-f9a3-4e83-b3c6-9f6f8ad5431b, thingarn=arn:aws:iot:us-east-1:507441099951:thing/iot-device-01, thingtypename=null, attributes={installed=1594665292, latitude=37.4133144, longitude=-122.1513069}, version=1, billinggroupname=null}","2020-11-26 00:00:00.000"
"iot-device-03","1.5946413186391494E9","52.3","70.88","false","false","0.0078","0.0051","0.0208","2020-11-26T17:22:05.816+0000","{defaultclientid=iot-device-03, thingname=iot-device-03, thingid=877352b9-a35d-45d3-9c98-162d89965a13, thingarn=arn:aws:iot:us-east-1:507441099951:thing/iot-device-03, thingtypename=null, attributes={installed=1592562234, latitude=37.4133144, longitude=-122.1513069}, version=1, billinggroupname=null}","2020-11-26 00:00:00.000"
"iot-device-02","1.594641395436638E9","59.3","74.48","true","false","0.0071","0.0045","0.0189","2020-11-26T17:22:18.032+0000","{defaultclientid=iot-device-02, thingname=iot-device-02, thingid=4ae4927a-aefb-4584-a45a-fc4839feffd6, thingarn=arn:aws:iot:us-east-1:507441099951:thing/iot-device-02, thingtypename=null, attributes={installed=1593361211, latitude=32.8205865, longitude=-96.871627}, version=1, billinggroupname=null}","2020-11-26 00:00:00.000"
"iot-device-03","1.5946413959644606E9","50.9","70.7","false","false","0.0078","0.0051","0.0208","2020-11-26T17:22:18.317+0000","{defaultclientid=iot-device-03, thingname=iot-device-03, thingid=877352b9-a35d-45d3-9c98-162d89965a13, thingarn=arn:aws:iot:us-east-1:507441099951:thing/iot-device-03, thingtypename=null, attributes={installed=1592562234, latitude=37.4133144, longitude=-122.1513069}, version=1, billinggroupname=null}","2020-11-26 00:00:00.000"
"iot-device-01","1.5946413969680548E9","75.2","67.46","false","false","0.0063","0.0038","0.0166","2020-11-26T17:22:18.616+0000","{defaultclientid=iot-device-01, thingname=iot-device-01, thingid=983c2b68-f9a3-4e83-b3c6-9f6f8ad5431b, thingarn=arn:aws:iot:us-east-1:507441099951:thing/iot-device-01, thingtypename=null, attributes={installed=1594665292, latitude=37.4133144, longitude=-122.1513069}, version=1, billinggroupname=null}","2020-11-26 00:00:00.000"
"iot-device-03","1.594641399649517E9","51.0","70.88","false","false","0.0078","0.0051","0.0209","2020-11-26T17:22:18.909+0000","{defaultclientid=iot-device-03, thingname=iot-device-03, thingid=877352b9-a35d-45d3-9c98-162d89965a13, thingarn=arn:aws:iot:us-east-1:507441099951:thing/iot-device-03, thingtypename=null, attributes={installed=1592562234, latitude=37.4133144, longitude=-122.1513069}, version=1, billinggroupname=null}","2020-11-26 00:00:00.000"
"iot-device-01","1.5946414007835402E9","75.2","67.46","false","false","0.0062","0.0037","0.0164","2020-11-26T17:22:19.198+0000","{defaultclientid=iot-device-01, thingname=iot-device-01, thingid=983c2b68-f9a3-4e83-b3c6-9f6f8ad5431b, thingarn=arn:aws:iot:us-east-1:507441099951:thing/iot-device-01, thingtypename=null, attributes={installed=1594665292, latitude=37.4133144, longitude=-122.1513069}, version=1, billinggroupname=null}","2020-11-26 00:00:00.000"
"iot-device-02","1.5946414013874035E9","59.3","74.48","true","false","0.0071","0.0045","0.019","2020-11-26T17:22:19.500+0000","{defaultclientid=iot-device-02, thingname=iot-device-02, thingid=4ae4927a-aefb-4584-a45a-fc4839feffd6, thingarn=arn:aws:iot:us-east-1:507441099951:thing/iot-device-02, thingtypename=null, attributes={installed=1593361211, latitude=32.8205865, longitude=-96.871627}, version=1, billinggroupname=null}","2020-11-26 00:00:00.000"
"iot-device-03","1.594641403335596E9","51.0","70.88","false","false","0.0078","0.0051","0.0209","2020-11-26T17:22:19.790+0000","{defaultclientid=iot-device-03, thingname=iot-device-03, thingid=877352b9-a35d-45d3-9c98-162d89965a13, thingarn=arn:aws:iot:us-east-1:507441099951:thing/iot-device-03, thingtypename=null, attributes={installed=1592562234, latitude=37.4133144, longitude=-122.1513069}, version=1, billinggroupname=null}","2020-11-26 00:00:00.000"
"iot-device-03","1.594641407021453E9","51.0","70.7","false","false","0.0078","0.0051","0.0208","2020-11-26T17:22:20.078+0000","{defaultclientid=iot-device-03, thingname=iot-device-03, thingid=877352b9-a35d-45d3-9c98-162d89965a13, thingarn=arn:aws:iot:us-east-1:507441099951:thing/iot-device-03, thingtypename=null, attributes={installed=1592562234, latitude=37.4133144, longitude=-122.1513069}, version=1, billinggroupname=null}","2020-11-26 00:00:00.000"
"iot-device-03","1.5946414107073808E9","51.1","70.88","false","false","0.0078","0.0051","0.0208","2020-11-26T17:22:20.371+0000","{defaultclientid=iot-device-03, thingname=iot-device-03, thingid=877352b9-a35d-45d3-9c98-162d89965a13, thingarn=arn:aws:iot:us-east-1:507441099951:thing/iot-device-03, thingtypename=null, attributes={installed=1592562234, latitude=37.4133144, longitude=-122.1513069}, version=1, billinggroupname=null}","2020-11-26 00:00:00.000"
"iot-device-03","1.5946414143931994E9","51.0","70.7","false","false","0.0078","0.0051","0.0209","2020-11-26T17:22:20.671+0000","{defaultclientid=iot-device-03, thingname=iot-device-03, thingid=877352b9-a35d-45d3-9c98-162d89965a13, thingarn=arn:aws:iot:us-east-1:507441099951:thing/iot-device-03, thingtypename=null, attributes={installed=1592562234, latitude=37.4133144, longitude=-122.1513069}, version=1, billinggroupname=null}","2020-11-26 00:00:00.000"
"iot-device-03","1.5946413554544704E9","51.9","70.88","false","false","0.0078","0.0051","0.0209","2020-11-26T17:22:12.208+0000","{defaultclientid=iot-device-03, thingname=iot-device-03, thingid=877352b9-a35d-45d3-9c98-162d89965a13, thingarn=arn:aws:iot:us-east-1:507441099951:thing/iot-device-03, thingtypename=null, attributes={installed=1592562234, latitude=37.4133144, longitude=-122.1513069}, version=1, billinggroupname=null}","2020-11-26 00:00:00.000"
"iot-device-03","1.5946413591403995E9","51.7","70.88","false","false","0.0078","0.0051","0.0207","2020-11-26T17:22:12.495+0000","{defaultclientid=iot-device-03, thingname=iot-device-03, thingid=877352b9-a35d-45d3-9c98-162d89965a13, thingarn=arn:aws:iot:us-east-1:507441099951:thing/iot-device-03, thingtypename=null, attributes={installed=1592562234, latitude=37.4133144, longitude=-122.1513069}, version=1, billinggroupname=null}","2020-11-26 00:00:00.000"
"iot-device-01","1.5946413598924322E9","75.1","67.46","false","false","0.0062","0.0037","0.0164","2020-11-26T17:22:12.795+0000","{defaultclientid=iot-device-01, thingname=iot-device-01, thingid=983c2b68-f9a3-4e83-b3c6-9f6f8ad5431b, thingarn=arn:aws:iot:us-east-1:507441099951:thing/iot-device-01, thingtypename=null, attributes={installed=1594665292, latitude=37.4133144, longitude=-122.1513069}, version=1, billinggroupname=null}","2020-11-26 00:00:00.000"
"iot-device-02","1.5946413611559286E9","59.5","74.48","true","false","0.0071","0.0045","0.0189","2020-11-26T17:22:13.088+0000","{defaultclientid=iot-device-02, thingname=iot-device-02, thingid=4ae4927a-aefb-4584-a45a-fc4839feffd6, thingarn=arn:aws:iot:us-east-1:507441099951:thing/iot-device-02, thingtypename=null, attributes={installed=1593361211, latitude=32.8205865, longitude=-96.871627}, version=1, billinggroupname=null}","2020-11-26 00:00:00.000"
"iot-device-03","1.5946413627874146E9","51.6","70.88","false","true","0.0078","0.0051","0.0209","2020-11-26T17:22:13.380+0000","{defaultclientid=iot-device-03, thingname=iot-device-03, thingid=877352b9-a35d-45d3-9c98-162d89965a13, thingarn=arn:aws:iot:us-east-1:507441099951:thing/iot-device-03, thingtypename=null, attributes={installed=1592562234, latitude=37.4133144, longitude=-122.1513069}, version=1, billinggroupname=null}","2020-11-26 00:00:00.000"
"iot-device-03","1.5946413664779177E9","51.6","70.88","false","true","0.0078","0.0051","0.0209","2020-11-26T17:22:13.672+0000","{defaultclientid=iot-device-03, thingname=iot-device-03, thingid=877352b9-a35d-45d3-9c98-162d89965a13, thingarn=arn:aws:iot:us-east-1:507441099951:thing/iot-device-03, thingtypename=null, attributes={installed=1592562234, latitude=37.4133144, longitude=-122.1513069}, version=1, billinggroupname=null}","2020-11-26 00:00:00.000"
"iot-device-01","1.5946413690779405E9","75.1","67.46","false","false","0.0062","0.0037","0.0164","2020-11-26T17:22:13.961+0000","{defaultclientid=iot-device-01, thingname=iot-device-01, thingid=983c2b68-f9a3-4e83-b3c6-9f6f8ad5431b, thingarn=arn:aws:iot:us-east-1:507441099951:thing/iot-device-01, thingtypename=null, attributes={installed=1594665292, latitude=37.4133144, longitude=-122.1513069}, version=1, billinggroupname=null}","2020-11-26 00:00:00.000"
"iot-device-03","1.5946413701639473E9","51.5","70.88","false","true","0.0078","0.0051","0.0209","2020-11-26T17:22:14.255+0000","{defaultclientid=iot-device-03, thingname=iot-device-03, thingid=877352b9-a35d-45d3-9c98-162d89965a13, thingarn=arn:aws:iot:us-east-1:507441099951:thing/iot-device-03, thingtypename=null, attributes={installed=1592562234, latitude=37.4133144, longitude=-122.1513069}, version=1, billinggroupname=null}","2020-11-26 00:00:00.000"
"iot-device-02","1.5946413703744662E9","59.5","74.48","true","false","0.0071","0.0045","0.0189","2020-11-26T17:22:14.539+0000","{defaultclientid=iot-device-02, thingname=iot-device-02, thingid=4ae4927a-aefb-4584-a45a-fc4839feffd6, thingarn=arn:aws:iot:us-east-1:507441099951:thing/iot-device-02, thingtypename=null, attributes={installed=1593361211, latitude=32.8205865, longitude=-96.871627}, version=1, billinggroupname=null}","2020-11-26 00:00:00.000"
"iot-device-03","1.5946413738500464E9","51.4","70.88","false","true","0.0078","0.0051","0.0209","2020-11-26T17:22:14.831+0000","{defaultclientid=iot-device-03, thingname=iot-device-03, thingid=877352b9-a35d-45d3-9c98-162d89965a13, thingarn=arn:aws:iot:us-east-1:507441099951:thing/iot-device-03, thingtypename=null, attributes={installed=1592562234, latitude=37.4133144, longitude=-122.1513069}, version=1, billinggroupname=null}","2020-11-26 00:00:00.000"
"iot-device-02","1.5946413373664742E9","59.5","74.48","true","false","0.0071","0.0045","0.0188","2020-11-26T17:22:09.105+0000","{defaultclientid=iot-device-02, thingname=iot-device-02, thingid=4ae4927a-aefb-4584-a45a-fc4839feffd6, thingarn=arn:aws:iot:us-east-1:507441099951:thing/iot-device-02, thingtypename=null, attributes={installed=1593361211, latitude=32.8205865, longitude=-96.871627}, version=1, billinggroupname=null}","2020-11-26 00:00:00.000"
"iot-device-03","1.594641340708319E9","52.1","70.88","false","false","0.0078","0.0051","0.0209","2020-11-26T17:22:09.398+0000","{defaultclientid=iot-device-03, thingname=iot-device-03, thingid=877352b9-a35d-45d3-9c98-162d89965a13, thingarn=arn:aws:iot:us-east-1:507441099951:thing/iot-device-03, thingtypename=null, attributes={installed=1592562234, latitude=37.4133144, longitude=-122.1513069}, version=1, billinggroupname=null}","2020-11-26 00:00:00.000"
"iot-device-01","1.5946413425882435E9","75.2","67.46","false","false","0.0062","0.0037","0.0164","2020-11-26T17:22:09.701+0000","{defaultclientid=iot-device-01, thingname=iot-device-01, thingid=983c2b68-f9a3-4e83-b3c6-9f6f8ad5431b, thingarn=arn:aws:iot:us-east-1:507441099951:thing/iot-device-01, thingtypename=null, attributes={installed=1594665292, latitude=37.4133144, longitude=-122.1513069}, version=1, billinggroupname=null}","2020-11-26 00:00:00.000"
"iot-device-02","1.594641344383418E9","59.6","74.48","true","false","0.0071","0.0045","0.019","2020-11-26T17:22:09.995+0000","{defaultclientid=iot-device-02, thingname=iot-device-02, thingid=4ae4927a-aefb-4584-a45a-fc4839feffd6, thingarn=arn:aws:iot:us-east-1:507441099951:thing/iot-device-02, thingtypename=null, attributes={installed=1593361211, latitude=32.8205865, longitude=-96.871627}, version=1, billinggroupname=null}","2020-11-26 00:00:00.000"
"iot-device-03","1.5946413443960586E9","52.1","70.88","false","false","0.0078","0.0051","0.0209","2020-11-26T17:22:10.300+0000","{defaultclientid=iot-device-03, thingname=iot-device-03, thingid=877352b9-a35d-45d3-9c98-162d89965a13, thingarn=arn:aws:iot:us-east-1:507441099951:thing/iot-device-03, thingtypename=null, attributes={installed=1592562234, latitude=37.4133144, longitude=-122.1513069}, version=1, billinggroupname=null}","2020-11-26 00:00:00.000"
"iot-device-03","1.5946413480823624E9","52.0","70.88","false","false","0.0078","0.0051","0.0208","2020-11-26T17:22:10.599+0000","{defaultclientid=iot-device-03, thingname=iot-device-03, thingid=877352b9-a35d-45d3-9c98-162d89965a13, thingarn=arn:aws:iot:us-east-1:507441099951:thing/iot-device-03, thingtypename=null, attributes={installed=1592562234, latitude=37.4133144, longitude=-122.1513069}, version=1, billinggroupname=null}","2020-11-26 00:00:00.000"
"iot-device-02","1.5946413481917489E9","59.4","74.48","true","false","0.0071","0.0045","0.0189","2020-11-26T17:22:10.899+0000","{defaultclientid=iot-device-02, thingname=iot-device-02, thingid=4ae4927a-aefb-4584-a45a-fc4839feffd6, thingarn=arn:aws:iot:us-east-1:507441099951:thing/iot-device-02, thingtypename=null, attributes={installed=1593361211, latitude=32.8205865, longitude=-96.871627}, version=1, billinggroupname=null}","2020-11-26 00:00:00.000"
"iot-device-01","1.59464135070371E9","75.2","67.46","false","false","0.0062","0.0037","0.0164","2020-11-26T17:22:11.300+0000","{defaultclientid=iot-device-01, thingname=iot-device-01, thingid=983c2b68-f9a3-4e83-b3c6-9f6f8ad5431b, thingarn=arn:aws:iot:us-east-1:507441099951:thing/iot-device-01, thingtypename=null, attributes={installed=1594665292, latitude=37.4133144, longitude=-122.1513069}, version=1, billinggroupname=null}","2020-11-26 00:00:00.000"
"iot-device-03","1.594641351768476E9","51.9","70.88","false","false","0.0078","0.0051","0.0209","2020-11-26T17:22:11.620+0000","{defaultclientid=iot-device-03, thingname=iot-device-03, thingid=877352b9-a35d-45d3-9c98-162d89965a13, thingarn=arn:aws:iot:us-east-1:507441099951:thing/iot-device-03, thingtypename=null, attributes={installed=1592562234, latitude=37.4133144, longitude=-122.1513069}, version=1, billinggroupname=null}","2020-11-26 00:00:00.000"
"iot-device-02","1.5946413530693247E9","59.5","74.48","true","false","0.0071","0.0045","0.0188","2020-11-26T17:22:11.909+0000","{defaultclientid=iot-device-02, thingname=iot-device-02, thingid=4ae4927a-aefb-4584-a45a-fc4839feffd6, thingarn=arn:aws:iot:us-east-1:507441099951:thing/iot-device-02, thingtypename=null, attributes={installed=1593361211, latitude=32.8205865, longitude=-96.871627}, version=1, billinggroupname=null}","2020-11-26 00:00:00.000"
"iot-device-02","1.5946414308256273E9","59.5","74.48","true","false","0.0072","0.0045","0.019","2020-11-26T17:22:23.918+0000","{defaultclientid=iot-device-02, thingname=iot-device-02, thingid=4ae4927a-aefb-4584-a45a-fc4839feffd6, thingarn=arn:aws:iot:us-east-1:507441099951:thing/iot-device-02, thingtypename=null, attributes={installed=1593361211, latitude=32.8205865, longitude=-96.871627}, version=1, billinggroupname=null}","2020-11-26 00:00:00.000"
"iot-device-03","1.5946414328211615E9","50.9","70.7","false","false","0.0078","0.0051","0.0208","2020-11-26T17:22:24.207+0000","{defaultclientid=iot-device-03, thingname=iot-device-03, thingid=877352b9-a35d-45d3-9c98-162d89965a13, thingarn=arn:aws:iot:us-east-1:507441099951:thing/iot-device-03, thingtypename=null, attributes={installed=1592562234, latitude=37.4133144, longitude=-122.1513069}, version=1, billinggroupname=null}","2020-11-26 00:00:00.000"
"iot-device-01","1.5946414362297792E9","74.5","67.46","false","false","0.0063","0.0038","0.0166","2020-11-26T17:22:24.501+0000","{defaultclientid=iot-device-01, thingname=iot-device-01, thingid=983c2b68-f9a3-4e83-b3c6-9f6f8ad5431b, thingarn=arn:aws:iot:us-east-1:507441099951:thing/iot-device-01, thingtypename=null, attributes={installed=1594665292, latitude=37.4133144, longitude=-122.1513069}, version=1, billinggroupname=null}","2020-11-26 00:00:00.000"
"iot-device-03","1.594641436507051E9","50.9","70.7","false","false","0.0078","0.0051","0.0209","2020-11-26T17:22:24.801+0000","{defaultclientid=iot-device-03, thingname=iot-device-03, thingid=877352b9-a35d-45d3-9c98-162d89965a13, thingarn=arn:aws:iot:us-east-1:507441099951:thing/iot-device-03, thingtypename=null, attributes={installed=1592562234, latitude=37.4133144, longitude=-122.1513069}, version=1, billinggroupname=null}","2020-11-26 00:00:00.000"
"iot-device-03","1.5946414401919866E9","50.9","70.7","false","false","0.0078","0.0051","0.0208","2020-11-26T17:22:25.089+0000","{defaultclientid=iot-device-03, thingname=iot-device-03, thingid=877352b9-a35d-45d3-9c98-162d89965a13, thingarn=arn:aws:iot:us-east-1:507441099951:thing/iot-device-03, thingtypename=null, attributes={installed=1592562234, latitude=37.4133144, longitude=-122.1513069}, version=1, billinggroupname=null}","2020-11-26 00:00:00.000"
"iot-device-02","1.5946414410483706E9","59.5","74.48","true","false","0.0071","0.0045","0.019","2020-11-26T17:22:25.379+0000","{defaultclientid=iot-device-02, thingname=iot-device-02, thingid=4ae4927a-aefb-4584-a45a-fc4839feffd6, thingarn=arn:aws:iot:us-east-1:507441099951:thing/iot-device-02, thingtypename=null, attributes={installed=1593361211, latitude=32.8205865, longitude=-96.871627}, version=1, billinggroupname=null}","2020-11-26 00:00:00.000"
"iot-device-01","1.5946414421916606E9","74.4","67.28","false","false","0.0063","0.0038","0.0166","2020-11-26T17:22:25.670+0000","{defaultclientid=iot-device-01, thingname=iot-device-01, thingid=983c2b68-f9a3-4e83-b3c6-9f6f8ad5431b, thingarn=arn:aws:iot:us-east-1:507441099951:thing/iot-device-01, thingtypename=null, attributes={installed=1594665292, latitude=37.4133144, longitude=-122.1513069}, version=1, billinggroupname=null}","2020-11-26 00:00:00.000"
"iot-device-03","1.5946414438778381E9","50.8","70.7","false","false","0.0078","0.0051","0.0209","2020-11-26T17:22:25.955+0000","{defaultclientid=iot-device-03, thingname=iot-device-03, thingid=877352b9-a35d-45d3-9c98-162d89965a13, thingarn=arn:aws:iot:us-east-1:507441099951:thing/iot-device-03, thingtypename=null, attributes={installed=1592562234, latitude=37.4133144, longitude=-122.1513069}, version=1, billinggroupname=null}","2020-11-26 00:00:00.000"
"iot-device-02","1.5946414453986154E9","59.5","74.48","true","false","0.0071","0.0045","0.019","2020-11-26T17:22:26.250+0000","{defaultclientid=iot-device-02, thingname=iot-device-02, thingid=4ae4927a-aefb-4584-a45a-fc4839feffd6, thingarn=arn:aws:iot:us-east-1:507441099951:thing/iot-device-02, thingtypename=null, attributes={installed=1593361211, latitude=32.8205865, longitude=-96.871627}, version=1, billinggroupname=null}","2020-11-26 00:00:00.000"
"iot-device-03","1.594641447563633E9","50.8","70.7","false","false","0.0078","0.0051","0.0208","2020-11-26T17:22:26.539+0000","{defaultclientid=iot-device-03, thingname=iot-device-03, thingid=877352b9-a35d-45d3-9c98-162d89965a13, thingarn=arn:aws:iot:us-east-1:507441099951:thing/iot-device-03, thingtypename=null, attributes={installed=1592562234, latitude=37.4133144, longitude=-122.1513069}, version=1, billinggroupname=null}","2020-11-26 00:00:00.000"
"iot-device-01","1.594641448151148E9","74.6","67.28","false","false","0.0063","0.0038","0.0166","2020-11-26T17:22:26.830+0000","{defaultclientid=iot-device-01, thingname=iot-device-01, thingid=983c2b68-f9a3-4e83-b3c6-9f6f8ad5431b, thingarn=arn:aws:iot:us-east-1:507441099951:thing/iot-device-01, thingtypename=null, attributes={installed=1594665292, latitude=37.4133144, longitude=-122.1513069}, version=1, billinggroupname=null}","2020-11-26 00:00:00.000"
"iot-device-02","1.5946414497474446E9","59.6","74.48","true","false","0.0071","0.0045","0.0189","2020-11-26T17:22:27.117+0000","{defaultclientid=iot-device-02, thingname=iot-device-02, thingid=4ae4927a-aefb-4584-a45a-fc4839feffd6, thingarn=arn:aws:iot:us-east-1:507441099951:thing/iot-device-02, thingtypename=null, attributes={installed=1593361211, latitude=32.8205865, longitude=-96.871627}, version=1, billinggroupname=null}","2020-11-26 00:00:00.000"
"iot-device-03","1.594641451249663E9","50.8","70.7","false","false","0.0078","0.0051","0.0208","2020-11-26T17:22:27.409+0000","{defaultclientid=iot-device-03, thingname=iot-device-03, thingid=877352b9-a35d-45d3-9c98-162d89965a13, thingarn=arn:aws:iot:us-east-1:507441099951:thing/iot-device-03, thingtypename=null, attributes={installed=1592562234, latitude=37.4133144, longitude=-122.1513069}, version=1, billinggroupname=null}","2020-11-26 00:00:00.000"
"iot-device-01","1.5946414530454454E9","74.7","67.28","false","false","0.0062","0.0037","0.0164","2020-11-26T17:22:27.701+0000","{defaultclientid=iot-device-01, thingname=iot-device-01, thingid=983c2b68-f9a3-4e83-b3c6-9f6f8ad5431b, thingarn=arn:aws:iot:us-east-1:507441099951:thing/iot-device-01, thingtypename=null, attributes={installed=1594665292, latitude=37.4133144, longitude=-122.1513069}, version=1, billinggroupname=null}","2020-11-26 00:00:00.000"
"iot-device-03","1.5946414549355485E9","50.7","70.7","false","false","0.0078","0.0051","0.0209","2020-11-26T17:22:27.988+0000","{defaultclientid=iot-device-03, thingname=iot-device-03, thingid=877352b9-a35d-45d3-9c98-162d89965a13, thingarn=arn:aws:iot:us-east-1:507441099951:thing/iot-device-03, thingtypename=null, attributes={installed=1592562234, latitude=37.4133144, longitude=-122.1513069}, version=1, billinggroupname=null}","2020-11-26 00:00:00.000"
"iot-device-02","1.5946414573043606E9","59.6","74.48","true","false","0.0071","0.0045","0.0189","2020-11-26T17:22:28.290+0000","{defaultclientid=iot-device-02, thingname=iot-device-02, thingid=4ae4927a-aefb-4584-a45a-fc4839feffd6, thingarn=arn:aws:iot:us-east-1:507441099951:thing/iot-device-02, thingtypename=null, attributes={installed=1593361211, latitude=32.8205865, longitude=-96.871627}, version=1, billinggroupname=null}","2020-11-26 00:00:00.000"
"iot-device-01","1.5946414573981225E9","74.7","67.28","false","false","0.0062","0.0037","0.0164","2020-11-26T17:22:28.586+0000","{defaultclientid=iot-device-01, thingname=iot-device-01, thingid=983c2b68-f9a3-4e83-b3c6-9f6f8ad5431b, thingarn=arn:aws:iot:us-east-1:507441099951:thing/iot-device-01, thingtypename=null, attributes={installed=1594665292, latitude=37.4133144, longitude=-122.1513069}, version=1, billinggroupname=null}","2020-11-26 00:00:00.000"
"iot-device-03","1.5946414586214087E9","50.7","70.7","false","false","0.0078","0.0051","0.0208","2020-11-26T17:22:28.884+0000","{defaultclientid=iot-device-03, thingname=iot-device-03, thingid=877352b9-a35d-45d3-9c98-162d89965a13, thingarn=arn:aws:iot:us-east-1:507441099951:thing/iot-device-03, thingtypename=null, attributes={installed=1592562234, latitude=37.4133144, longitude=-122.1513069}, version=1, billinggroupname=null}","2020-11-26 00:00:00.000"
"iot-device-01","1.5946414617497535E9","74.7","67.28","false","false","0.0062","0.0037","0.0164","2020-11-26T17:22:29.185+0000","{defaultclientid=iot-device-01, thingname=iot-device-01, thingid=983c2b68-f9a3-4e83-b3c6-9f6f8ad5431b, thingarn=arn:aws:iot:us-east-1:507441099951:thing/iot-device-01, thingtypename=null, attributes={installed=1594665292, latitude=37.4133144, longitude=-122.1513069}, version=1, billinggroupname=null}","2020-11-26 00:00:00.000"
"iot-device-03","1.594641462307335E9","50.7","70.7","false","false","0.0078","0.0051","0.0208","2020-11-26T17:22:29.471+0000","{defaultclientid=iot-device-03, thingname=iot-device-03, thingid=877352b9-a35d-45d3-9c98-162d89965a13, thingarn=arn:aws:iot:us-east-1:507441099951:thing/iot-device-03, thingtypename=null, attributes={installed=1592562234, latitude=37.4133144, longitude=-122.1513069}, version=1, billinggroupname=null}","2020-11-26 00:00:00.000"
"iot-device-02","1.5946413206674356E9","59.6","74.48","true","false","0.0073","0.0046","0.0193","2020-11-26T17:22:06.148+0000","{defaultclientid=iot-device-02, thingname=iot-device-02, thingid=4ae4927a-aefb-4584-a45a-fc4839feffd6, thingarn=arn:aws:iot:us-east-1:507441099951:thing/iot-device-02, thingtypename=null, attributes={installed=1593361211, latitude=32.8205865, longitude=-96.871627}, version=1, billinggroupname=null}","2020-11-26 00:00:00.000"
"iot-device-01","1.5946413220110724E9","75.4","67.46","false","false","0.0062","0.0037","0.0164","2020-11-26T17:22:06.460+0000","{defaultclientid=iot-device-01, thingname=iot-device-01, thingid=983c2b68-f9a3-4e83-b3c6-9f6f8ad5431b, thingarn=arn:aws:iot:us-east-1:507441099951:thing/iot-device-01, thingtypename=null, attributes={installed=1594665292, latitude=37.4133144, longitude=-122.1513069}, version=1, billinggroupname=null}","2020-11-26 00:00:00.000"
"iot-device-03","1.5946413223252265E9","52.3","70.88","false","false","0.0078","0.0051","0.0208","2020-11-26T17:22:06.757+0000","{defaultclientid=iot-device-03, thingname=iot-device-03, thingid=877352b9-a35d-45d3-9c98-162d89965a13, thingarn=arn:aws:iot:us-east-1:507441099951:thing/iot-device-03, thingtypename=null, attributes={installed=1592562234, latitude=37.4133144, longitude=-122.1513069}, version=1, billinggroupname=null}","2020-11-26 00:00:00.000"
"iot-device-03","1.5946413260131135E9","52.2","70.88","false","false","0.0078","0.0051","0.0208","2020-11-26T17:22:07.051+0000","{defaultclientid=iot-device-03, thingname=iot-device-03, thingid=877352b9-a35d-45d3-9c98-162d89965a13, thingarn=arn:aws:iot:us-east-1:507441099951:thing/iot-device-03, thingtypename=null, attributes={installed=1592562234, latitude=37.4133144, longitude=-122.1513069}, version=1, billinggroupname=null}","2020-11-26 00:00:00.000"
"iot-device-02","1.5946413260803144E9","59.5","74.48","true","false","0.0071","0.0045","0.0188","2020-11-26T17:22:07.336+0000","{defaultclientid=iot-device-02, thingname=iot-device-02, thingid=4ae4927a-aefb-4584-a45a-fc4839feffd6, thingarn=arn:aws:iot:us-east-1:507441099951:thing/iot-device-02, thingtypename=null, attributes={installed=1593361211, latitude=32.8205865, longitude=-96.871627}, version=1, billinggroupname=null}","2020-11-26 00:00:00.000"
"iot-device-01","1.594641327980366E9","75.5","67.46","false","false","0.0062","0.0037","0.0164","2020-11-26T17:22:07.635+0000","{defaultclientid=iot-device-01, thingname=iot-device-01, thingid=983c2b68-f9a3-4e83-b3c6-9f6f8ad5431b, thingarn=arn:aws:iot:us-east-1:507441099951:thing/iot-device-01, thingtypename=null, attributes={installed=1594665292, latitude=37.4133144, longitude=-122.1513069}, version=1, billinggroupname=null}","2020-11-26 00:00:00.000"
"iot-device-03","1.5946413297007868E9","52.2","70.88","false","false","0.0078","0.0051","0.0208","2020-11-26T17:22:07.930+0000","{defaultclientid=iot-device-03, thingname=iot-device-03, thingid=877352b9-a35d-45d3-9c98-162d89965a13, thingarn=arn:aws:iot:us-east-1:507441099951:thing/iot-device-03, thingtypename=null, attributes={installed=1592562234, latitude=37.4133144, longitude=-122.1513069}, version=1, billinggroupname=null}","2020-11-26 00:00:00.000"
"iot-device-03","1.5946413333884926E9","52.2","70.88","false","false","0.0078","0.0051","0.0209","2020-11-26T17:22:08.220+0000","{defaultclientid=iot-device-03, thingname=iot-device-03, thingid=877352b9-a35d-45d3-9c98-162d89965a13, thingarn=arn:aws:iot:us-east-1:507441099951:thing/iot-device-03, thingtypename=null, attributes={installed=1592562234, latitude=37.4133144, longitude=-122.1513069}, version=1, billinggroupname=null}","2020-11-26 00:00:00.000"
"iot-device-01","1.5946413360886743E9","75.8","67.46","false","false","0.0062","0.0037","0.0164","2020-11-26T17:22:08.510+0000","{defaultclientid=iot-device-01, thingname=iot-device-01, thingid=983c2b68-f9a3-4e83-b3c6-9f6f8ad5431b, thingarn=arn:aws:iot:us-east-1:507441099951:thing/iot-device-01, thingtypename=null, attributes={installed=1594665292, latitude=37.4133144, longitude=-122.1513069}, version=1, billinggroupname=null}","2020-11-26 00:00:00.000"
"iot-device-03","1.5946413370035868E9","52.1","70.88","false","false","0.0078","0.0051","0.0209","2020-11-26T17:22:08.801+0000","{defaultclientid=iot-device-03, thingname=iot-device-03, thingid=877352b9-a35d-45d3-9c98-162d89965a13, thingarn=arn:aws:iot:us-east-1:507441099951:thing/iot-device-03, thingtypename=null, attributes={installed=1592562234, latitude=37.4133144, longitude=-122.1513069}, version=1, billinggroupname=null}","2020-11-26 00:00:00.000"
"iot-device-02","1.594641416154469E9","59.5","74.48","true","false","0.0073","0.0046","0.0194","2020-11-26T17:22:20.987+0000","{defaultclientid=iot-device-02, thingname=iot-device-02, thingid=4ae4927a-aefb-4584-a45a-fc4839feffd6, thingarn=arn:aws:iot:us-east-1:507441099951:thing/iot-device-02, thingtypename=null, attributes={installed=1593361211, latitude=32.8205865, longitude=-96.871627}, version=1, billinggroupname=null}","2020-11-26 00:00:00.000"
"iot-device-01","1.5946414177704465E9","74.8","67.46","false","false","0.0063","0.0038","0.0167","2020-11-26T17:22:21.312+0000","{defaultclientid=iot-device-01, thingname=iot-device-01, thingid=983c2b68-f9a3-4e83-b3c6-9f6f8ad5431b, thingarn=arn:aws:iot:us-east-1:507441099951:thing/iot-device-01, thingtypename=null, attributes={installed=1594665292, latitude=37.4133144, longitude=-122.1513069}, version=1, billinggroupname=null}","2020-11-26 00:00:00.000"
"iot-device-03","1.5946414180791473E9","51.0","70.7","false","false","0.0078","0.0051","0.0209","2020-11-26T17:22:21.599+0000","{defaultclientid=iot-device-03, thingname=iot-device-03, thingid=877352b9-a35d-45d3-9c98-162d89965a13, thingarn=arn:aws:iot:us-east-1:507441099951:thing/iot-device-03, thingtypename=null, attributes={installed=1592562234, latitude=37.4133144, longitude=-122.1513069}, version=1, billinggroupname=null}","2020-11-26 00:00:00.000"
"iot-device-02","1.594641419961274E9","59.5","74.48","true","false","0.0072","0.0046","0.0192","2020-11-26T17:22:21.895+0000","{defaultclientid=iot-device-02, thingname=iot-device-02, thingid=4ae4927a-aefb-4584-a45a-fc4839feffd6, thingarn=arn:aws:iot:us-east-1:507441099951:thing/iot-device-02, thingtypename=null, attributes={installed=1593361211, latitude=32.8205865, longitude=-96.871627}, version=1, billinggroupname=null}","2020-11-26 00:00:00.000"
"iot-device-01","1.5946414215852232E9","74.8","67.28","false","false","0.0062","0.0037","0.0164","2020-11-26T17:22:22.180+0000","{defaultclientid=iot-device-01, thingname=iot-device-01, thingid=983c2b68-f9a3-4e83-b3c6-9f6f8ad5431b, thingarn=arn:aws:iot:us-east-1:507441099951:thing/iot-device-01, thingtypename=null, attributes={installed=1594665292, latitude=37.4133144, longitude=-122.1513069}, version=1, billinggroupname=null}","2020-11-26 00:00:00.000"
"iot-device-03","1.594641421765175E9","51.0","70.7","false","false","0.0078","0.0051","0.0209","2020-11-26T17:22:22.468+0000","{defaultclientid=iot-device-03, thingname=iot-device-03, thingid=877352b9-a35d-45d3-9c98-162d89965a13, thingarn=arn:aws:iot:us-east-1:507441099951:thing/iot-device-03, thingtypename=null, attributes={installed=1592562234, latitude=37.4133144, longitude=-122.1513069}, version=1, billinggroupname=null}","2020-11-26 00:00:00.000"
"iot-device-03","1.5946414254495337E9","50.9","70.7","false","false","0.0078","0.0051","0.0208","2020-11-26T17:22:22.758+0000","{defaultclientid=iot-device-03, thingname=iot-device-03, thingid=877352b9-a35d-45d3-9c98-162d89965a13, thingarn=arn:aws:iot:us-east-1:507441099951:thing/iot-device-03, thingtypename=null, attributes={installed=1592562234, latitude=37.4133144, longitude=-122.1513069}, version=1, billinggroupname=null}","2020-11-26 00:00:00.000"
"iot-device-01","1.5946414259368062E9","74.7","67.46","false","false","0.0062","0.0037","0.0164","2020-11-26T17:22:23.044+0000","{defaultclientid=iot-device-01, thingname=iot-device-01, thingid=983c2b68-f9a3-4e83-b3c6-9f6f8ad5431b, thingarn=arn:aws:iot:us-east-1:507441099951:thing/iot-device-01, thingtypename=null, attributes={installed=1594665292, latitude=37.4133144, longitude=-122.1513069}, version=1, billinggroupname=null}","2020-11-26 00:00:00.000"
"iot-device-02","1.5946414264855487E9","59.5","74.48","true","false","0.0072","0.0045","0.019","2020-11-26T17:22:23.327+0000","{defaultclientid=iot-device-02, thingname=iot-device-02, thingid=4ae4927a-aefb-4584-a45a-fc4839feffd6, thingarn=arn:aws:iot:us-east-1:507441099951:thing/iot-device-02, thingtypename=null, attributes={installed=1593361211, latitude=32.8205865, longitude=-96.871627}, version=1, billinggroupname=null}","2020-11-26 00:00:00.000"
"iot-device-03","1.5946414291353672E9","50.9","70.7","false","false","0.0079","0.0051","0.021","2020-11-26T17:22:23.633+0000","{defaultclientid=iot-device-03, thingname=iot-device-03, thingid=877352b9-a35d-45d3-9c98-162d89965a13, thingarn=arn:aws:iot:us-east-1:507441099951:thing/iot-device-03, thingtypename=null, attributes={installed=1592562234, latitude=37.4133144, longitude=-122.1513069}, version=1, billinggroupname=null}","2020-11-26 00:00:00.000"
"iot-device-03","1.5946412852020886E9","52.4","70.88","false","false","0.0078","0.0051","0.0208","2020-11-26T17:22:00.228+0000","{defaultclientid=iot-device-03, thingname=iot-device-03, thingid=877352b9-a35d-45d3-9c98-162d89965a13, thingarn=arn:aws:iot:us-east-1:507441099951:thing/iot-device-03, thingtypename=null, attributes={installed=1592562234, latitude=37.4133144, longitude=-122.1513069}, version=1, billinggroupname=null}","2020-11-26 00:00:00.000"
"iot-device-01","1.5946412887561984E9","76.0","67.46","false","false","0.0062","0.0037","0.0164","2020-11-26T17:22:00.522+0000","{defaultclientid=iot-device-01, thingname=iot-device-01, thingid=983c2b68-f9a3-4e83-b3c6-9f6f8ad5431b, thingarn=arn:aws:iot:us-east-1:507441099951:thing/iot-device-01, thingtypename=null, attributes={installed=1594665292, latitude=37.4133144, longitude=-122.1513069}, version=1, billinggroupname=null}","2020-11-26 00:00:00.000"
"iot-device-03","1.5946412888877707E9","52.4","70.88","false","false","0.0078","0.0051","0.0208","2020-11-26T17:22:00.818+0000","{defaultclientid=iot-device-03, thingname=iot-device-03, thingid=877352b9-a35d-45d3-9c98-162d89965a13, thingarn=arn:aws:iot:us-east-1:507441099951:thing/iot-device-03, thingtypename=null, attributes={installed=1592562234, latitude=37.4133144, longitude=-122.1513069}, version=1, billinggroupname=null}","2020-11-26 00:00:00.000"
"iot-device-02","1.5946412892447026E9","59.6","74.48","true","false","0.0072","0.0046","0.0192","2020-11-26T17:22:01.111+0000","{defaultclientid=iot-device-02, thingname=iot-device-02, thingid=4ae4927a-aefb-4584-a45a-fc4839feffd6, thingarn=arn:aws:iot:us-east-1:507441099951:thing/iot-device-02, thingtypename=null, attributes={installed=1593361211, latitude=32.8205865, longitude=-96.871627}, version=1, billinggroupname=null}","2020-11-26 00:00:00.000"
"iot-device-03","1.5946412925742955E9","52.4","70.88","false","false","0.0078","0.0051","0.0208","2020-11-26T17:22:01.400+0000","{defaultclientid=iot-device-03, thingname=iot-device-03, thingid=877352b9-a35d-45d3-9c98-162d89965a13, thingarn=arn:aws:iot:us-east-1:507441099951:thing/iot-device-03, thingtypename=null, attributes={installed=1592562234, latitude=37.4133144, longitude=-122.1513069}, version=1, billinggroupname=null}","2020-11-26 00:00:00.000"
"iot-device-02","1.5946412951903965E9","59.8","74.48","true","false","0.0072","0.0046","0.0192","2020-11-26T17:22:01.691+0000","{defaultclientid=iot-device-02, thingname=iot-device-02, thingid=4ae4927a-aefb-4584-a45a-fc4839feffd6, thingarn=arn:aws:iot:us-east-1:507441099951:thing/iot-device-02, thingtypename=null, attributes={installed=1593361211, latitude=32.8205865, longitude=-96.871627}, version=1, billinggroupname=null}","2020-11-26 00:00:00.000"
"iot-device-03","1.5946412962656314E9","52.4","70.88","false","false","0.0078","0.0051","0.0209","2020-11-26T17:22:01.983+0000","{defaultclientid=iot-device-03, thingname=iot-device-03, thingid=877352b9-a35d-45d3-9c98-162d89965a13, thingarn=arn:aws:iot:us-east-1:507441099951:thing/iot-device-03, thingtypename=null, attributes={installed=1592562234, latitude=37.4133144, longitude=-122.1513069}, version=1, billinggroupname=null}","2020-11-26 00:00:00.000"
"iot-device-03","1.5946412999507554E9","52.4","70.88","false","false","0.0078","0.0051","0.0209","2020-11-26T17:22:02.274+0000","{defaultclientid=iot-device-03, thingname=iot-device-03, thingid=877352b9-a35d-45d3-9c98-162d89965a13, thingarn=arn:aws:iot:us-east-1:507441099951:thing/iot-device-03, thingtypename=null, attributes={installed=1592562234, latitude=37.4133144, longitude=-122.1513069}, version=1, billinggroupname=null}","2020-11-26 00:00:00.000"
"iot-device-02","1.5946413011390634E9","59.5","74.48","true","false","0.0073","0.0046","0.0194","2020-11-26T17:22:02.580+0000","{defaultclientid=iot-device-02, thingname=iot-device-02, thingid=4ae4927a-aefb-4584-a45a-fc4839feffd6, thingarn=arn:aws:iot:us-east-1:507441099951:thing/iot-device-02, thingtypename=null, attributes={installed=1593361211, latitude=32.8205865, longitude=-96.871627}, version=1, billinggroupname=null}","2020-11-26 00:00:00.000"
"iot-device-01","1.5946413030328448E9","75.8","67.46","false","false","0.0063","0.0038","0.0166","2020-11-26T17:22:02.873+0000","{defaultclientid=iot-device-01, thingname=iot-device-01, thingid=983c2b68-f9a3-4e83-b3c6-9f6f8ad5431b, thingarn=arn:aws:iot:us-east-1:507441099951:thing/iot-device-01, thingtypename=null, attributes={installed=1594665292, latitude=37.4133144, longitude=-122.1513069}, version=1, billinggroupname=null}","2020-11-26 00:00:00.000"
"iot-device-01","1.5946413761281714E9","75.2","67.46","false","false","0.0063","0.0038","0.0166","2020-11-26T17:22:15.118+0000","{defaultclientid=iot-device-01, thingname=iot-device-01, thingid=983c2b68-f9a3-4e83-b3c6-9f6f8ad5431b, thingarn=arn:aws:iot:us-east-1:507441099951:thing/iot-device-01, thingtypename=null, attributes={installed=1594665292, latitude=37.4133144, longitude=-122.1513069}, version=1, billinggroupname=null}","2020-11-26 00:00:00.000"
"iot-device-03","1.5946413775359788E9","51.4","70.88","false","false","0.0078","0.0051","0.0209","2020-11-26T17:22:15.411+0000","{defaultclientid=iot-device-03, thingname=iot-device-03, thingid=877352b9-a35d-45d3-9c98-162d89965a13, thingarn=arn:aws:iot:us-east-1:507441099951:thing/iot-device-03, thingtypename=null, attributes={installed=1592562234, latitude=37.4133144, longitude=-122.1513069}, version=1, billinggroupname=null}","2020-11-26 00:00:00.000"
"iot-device-01","1.5946413804783988E9","75.2","67.46","false","false","0.0062","0.0037","0.0164","2020-11-26T17:22:15.698+0000","{defaultclientid=iot-device-01, thingname=iot-device-01, thingid=983c2b68-f9a3-4e83-b3c6-9f6f8ad5431b, thingarn=arn:aws:iot:us-east-1:507441099951:thing/iot-device-01, thingtypename=null, attributes={installed=1594665292, latitude=37.4133144, longitude=-122.1513069}, version=1, billinggroupname=null}","2020-11-26 00:00:00.000"
"iot-device-03","1.5946413812217784E9","51.5","70.88","false","false","0.0078","0.0051","0.0209","2020-11-26T17:22:15.990+0000","{defaultclientid=iot-device-03, thingname=iot-device-03, thingid=877352b9-a35d-45d3-9c98-162d89965a13, thingarn=arn:aws:iot:us-east-1:507441099951:thing/iot-device-03, thingtypename=null, attributes={installed=1592562234, latitude=37.4133144, longitude=-122.1513069}, version=1, billinggroupname=null}","2020-11-26 00:00:00.000"
"iot-device-02","1.5946413835371444E9","59.5","74.48","true","false","0.0071","0.0045","0.0189","2020-11-26T17:22:16.279+0000","{defaultclientid=iot-device-02, thingname=iot-device-02, thingid=4ae4927a-aefb-4584-a45a-fc4839feffd6, thingarn=arn:aws:iot:us-east-1:507441099951:thing/iot-device-02, thingtypename=null, attributes={installed=1593361211, latitude=32.8205865, longitude=-96.871627}, version=1, billinggroupname=null}","2020-11-26 00:00:00.000"
"iot-device-03","1.5946413849066956E9","51.4","70.88","false","false","0.0078","0.0051","0.0208","2020-11-26T17:22:16.569+0000","{defaultclientid=iot-device-03, thingname=iot-device-03, thingid=877352b9-a35d-45d3-9c98-162d89965a13, thingarn=arn:aws:iot:us-east-1:507441099951:thing/iot-device-03, thingtypename=null, attributes={installed=1592562234, latitude=37.4133144, longitude=-122.1513069}, version=1, billinggroupname=null}","2020-11-26 00:00:00.000"
"iot-device-03","1.5946413885929215E9","51.2","70.88","false","false","0.0078","0.0051","0.0208","2020-11-26T17:22:16.868+0000","{defaultclientid=iot-device-03, thingname=iot-device-03, thingid=877352b9-a35d-45d3-9c98-162d89965a13, thingarn=arn:aws:iot:us-east-1:507441099951:thing/iot-device-03, thingtypename=null, attributes={installed=1592562234, latitude=37.4133144, longitude=-122.1513069}, version=1, billinggroupname=null}","2020-11-26 00:00:00.000"
"iot-device-02","1.5946413900264392E9","59.4","74.48","true","false","0.0071","0.0045","0.0189","2020-11-26T17:22:17.159+0000","{defaultclientid=iot-device-02, thingname=iot-device-02, thingid=4ae4927a-aefb-4584-a45a-fc4839feffd6, thingarn=arn:aws:iot:us-east-1:507441099951:thing/iot-device-02, thingtypename=null, attributes={installed=1593361211, latitude=32.8205865, longitude=-96.871627}, version=1, billinggroupname=null}","2020-11-26 00:00:00.000"
"iot-device-03","1.5946413922783096E9","51.0","70.88","false","false","0.0078","0.0051","0.0209","2020-11-26T17:22:17.450+0000","{defaultclientid=iot-device-03, thingname=iot-device-03, thingid=877352b9-a35d-45d3-9c98-162d89965a13, thingarn=arn:aws:iot:us-east-1:507441099951:thing/iot-device-03, thingtypename=null, attributes={installed=1592562234, latitude=37.4133144, longitude=-122.1513069}, version=1, billinggroupname=null}","2020-11-26 00:00:00.000"
"iot-device-01","1.5946413926170194E9","75.2","67.46","false","false","0.0063","0.0038","0.0166","2020-11-26T17:22:17.743+0000","{defaultclientid=iot-device-01, thingname=iot-device-01, thingid=983c2b68-f9a3-4e83-b3c6-9f6f8ad5431b, thingarn=arn:aws:iot:us-east-1:507441099951:thing/iot-device-01, thingtypename=null, attributes={installed=1594665292, latitude=37.4133144, longitude=-122.1513069}, version=1, billinggroupname=null}","2020-11-26 00:00:00.000"
"iot-device-01","1.5946019992185042E9","74.2","66.2","false","false","0.0114","0.0086","0.0312","2020-11-26T16:56:03.317+0000","{defaultclientid=iot-device-01, thingname=iot-device-01, thingid=983c2b68-f9a3-4e83-b3c6-9f6f8ad5431b, thingarn=arn:aws:iot:us-east-1:507441099951:thing/iot-device-01, thingtypename=null, attributes={installed=1594665292, latitude=37.4133144, longitude=-122.1513069}, version=1, billinggroupname=null}","2020-11-26 00:00:00.000"
"iot-device-02","1.5946019994175105E9","60.3","79.16","true","false","0.0073","0.0046","0.0194","2020-11-26T16:56:03.631+0000","{defaultclientid=iot-device-02, thingname=iot-device-02, thingid=4ae4927a-aefb-4584-a45a-fc4839feffd6, thingarn=arn:aws:iot:us-east-1:507441099951:thing/iot-device-02, thingtypename=null, attributes={installed=1593361211, latitude=32.8205865, longitude=-96.871627}, version=1, billinggroupname=null}","2020-11-26 00:00:00.000"
"iot-device-03","1.5946020012881258E9","51.0","72.32","false","false","0.0081","0.0054","0.0217","2020-11-26T16:56:03.951+0000","{defaultclientid=iot-device-03, thingname=iot-device-03, thingid=877352b9-a35d-45d3-9c98-162d89965a13, thingarn=arn:aws:iot:us-east-1:507441099951:thing/iot-device-03, thingtypename=null, attributes={installed=1592562234, latitude=37.4133144, longitude=-122.1513069}, version=1, billinggroupname=null}","2020-11-26 00:00:00.000"
"iot-device-01","1.594602003570257E9","74.4","66.38","false","false","0.0114","0.0086","0.0312","2020-11-26T16:56:04.334+0000","{defaultclientid=iot-device-01, thingname=iot-device-01, thingid=983c2b68-f9a3-4e83-b3c6-9f6f8ad5431b, thingarn=arn:aws:iot:us-east-1:507441099951:thing/iot-device-01, thingtypename=null, attributes={installed=1594665292, latitude=37.4133144, longitude=-122.1513069}, version=1, billinggroupname=null}","2020-11-26 00:00:00.000"
"iot-device-03","1.5946020049741707E9","51.0","72.32","false","false","0.008","0.0053","0.0215","2020-11-26T16:56:04.647+0000","{defaultclientid=iot-device-03, thingname=iot-device-03, thingid=877352b9-a35d-45d3-9c98-162d89965a13, thingarn=arn:aws:iot:us-east-1:507441099951:thing/iot-device-03, thingtypename=null, attributes={installed=1592562234, latitude=37.4133144, longitude=-122.1513069}, version=1, billinggroupname=null}","2020-11-26 00:00:00.000"
"iot-device-03","1.5946020086600914E9","51.0","72.32","false","false","0.0081","0.0054","0.0217","2020-11-26T16:56:04.965+0000","{defaultclientid=iot-device-03, thingname=iot-device-03, thingid=877352b9-a35d-45d3-9c98-162d89965a13, thingarn=arn:aws:iot:us-east-1:507441099951:thing/iot-device-03, thingtypename=null, attributes={installed=1592562234, latitude=37.4133144, longitude=-122.1513069}, version=1, billinggroupname=null}","2020-11-26 00:00:00.000"
"iot-device-03","1.5946020123462155E9","51.0","72.14","false","false","0.0081","0.0053","0.0216","2020-11-26T16:56:05.294+0000","{defaultclientid=iot-device-03, thingname=iot-device-03, thingid=877352b9-a35d-45d3-9c98-162d89965a13, thingarn=arn:aws:iot:us-east-1:507441099951:thing/iot-device-03, thingtypename=null, attributes={installed=1592562234, latitude=37.4133144, longitude=-122.1513069}, version=1, billinggroupname=null}","2020-11-26 00:00:00.000"
"iot-device-01","1.594602014988291E9","74.3","66.38","false","false","0.0114","0.0086","0.0312","2020-11-26T16:56:05.611+0000","{defaultclientid=iot-device-01, thingname=iot-device-01, thingid=983c2b68-f9a3-4e83-b3c6-9f6f8ad5431b, thingarn=arn:aws:iot:us-east-1:507441099951:thing/iot-device-01, thingtypename=null, attributes={installed=1594665292, latitude=37.4133144, longitude=-122.1513069}, version=1, billinggroupname=null}","2020-11-26 00:00:00.000"
"iot-device-03","1.5946020160336876E9","51.1","72.14","false","false","0.0081","0.0054","0.0218","2020-11-26T16:56:05.932+0000","{defaultclientid=iot-device-03, thingname=iot-device-03, thingid=877352b9-a35d-45d3-9c98-162d89965a13, thingarn=arn:aws:iot:us-east-1:507441099951:thing/iot-device-03, thingtypename=null, attributes={installed=1592562234, latitude=37.4133144, longitude=-122.1513069}, version=1, billinggroupname=null}","2020-11-26 00:00:00.000"
"iot-device-02","1.5946020163604536E9","60.3","79.16","true","false","0.0073","0.0046","0.0193","2020-11-26T16:56:06.257+0000","{defaultclientid=iot-device-02, thingname=iot-device-02, thingid=4ae4927a-aefb-4584-a45a-fc4839feffd6, thingarn=arn:aws:iot:us-east-1:507441099951:thing/iot-device-02, thingtypename=null, attributes={installed=1593361211, latitude=32.8205865, longitude=-96.871627}, version=1, billinggroupname=null}","2020-11-26 00:00:00.000"
"iot-device-03","1.5946020197202575E9","51.1","72.32","false","false","0.0081","0.0053","0.0216","2020-11-26T16:56:06.580+0000","{defaultclientid=iot-device-03, thingname=iot-device-03, thingid=877352b9-a35d-45d3-9c98-162d89965a13, thingarn=arn:aws:iot:us-east-1:507441099951:thing/iot-device-03, thingtypename=null, attributes={installed=1592562234, latitude=37.4133144, longitude=-122.1513069}, version=1, billinggroupname=null}","2020-11-26 00:00:00.000"
"iot-device-01","1.594602020954279E9","74.3","66.38","false","false","0.0114","0.0086","0.0312","2020-11-26T16:56:06.891+0000","{defaultclientid=iot-device-01, thingname=iot-device-01, thingid=983c2b68-f9a3-4e83-b3c6-9f6f8ad5431b, thingarn=arn:aws:iot:us-east-1:507441099951:thing/iot-device-01, thingtypename=null, attributes={installed=1594665292, latitude=37.4133144, longitude=-122.1513069}, version=1, billinggroupname=null}","2020-11-26 00:00:00.000"
"iot-device-02","1.5946020223203948E9","60.3","79.16","true","false","0.0073","0.0046","0.0194","2020-11-26T16:56:07.214+0000","{defaultclientid=iot-device-02, thingname=iot-device-02, thingid=4ae4927a-aefb-4584-a45a-fc4839feffd6, thingarn=arn:aws:iot:us-east-1:507441099951:thing/iot-device-02, thingtypename=null, attributes={installed=1593361211, latitude=32.8205865, longitude=-96.871627}, version=1, billinggroupname=null}","2020-11-26 00:00:00.000"
"iot-device-03","1.5946020234062452E9","51.2","72.14","false","false","0.0081","0.0054","0.0217","2020-11-26T16:56:07.524+0000","{defaultclientid=iot-device-03, thingname=iot-device-03, thingid=877352b9-a35d-45d3-9c98-162d89965a13, thingarn=arn:aws:iot:us-east-1:507441099951:thing/iot-device-03, thingtypename=null, attributes={installed=1592562234, latitude=37.4133144, longitude=-122.1513069}, version=1, billinggroupname=null}","2020-11-26 00:00:00.000"
"iot-device-02","1.594602026128092E9","60.3","79.16","true","false","0.0073","0.0046","0.0194","2020-11-26T16:56:07.842+0000","{defaultclientid=iot-device-02, thingname=iot-device-02, thingid=4ae4927a-aefb-4584-a45a-fc4839feffd6, thingarn=arn:aws:iot:us-east-1:507441099951:thing/iot-device-02, thingtypename=null, attributes={installed=1593361211, latitude=32.8205865, longitude=-96.871627}, version=1, billinggroupname=null}","2020-11-26 00:00:00.000"
"iot-device-01","1.5946020269201891E9","74.3","66.38","false","false","0.0114","0.0086","0.0311","2020-11-26T16:56:08.151+0000","{defaultclientid=iot-device-01, thingname=iot-device-01, thingid=983c2b68-f9a3-4e83-b3c6-9f6f8ad5431b, thingarn=arn:aws:iot:us-east-1:507441099951:thing/iot-device-01, thingtypename=null, attributes={installed=1594665292, latitude=37.4133144, longitude=-122.1513069}, version=1, billinggroupname=null}","2020-11-26 00:00:00.000"
"iot-device-03","1.5946020270922852E9","51.1","72.14","false","false","0.0081","0.0054","0.0217","2020-11-26T16:56:08.463+0000","{defaultclientid=iot-device-03, thingname=iot-device-03, thingid=877352b9-a35d-45d3-9c98-162d89965a13, thingarn=arn:aws:iot:us-east-1:507441099951:thing/iot-device-03, thingtypename=null, attributes={installed=1592562234, latitude=37.4133144, longitude=-122.1513069}, version=1, billinggroupname=null}","2020-11-26 00:00:00.000"
"iot-device-03","1.594602030725308E9","51.1","72.14","false","false","0.0081","0.0054","0.0217","2020-11-26T16:56:08.778+0000","{defaultclientid=iot-device-03, thingname=iot-device-03, thingid=877352b9-a35d-45d3-9c98-162d89965a13, thingarn=arn:aws:iot:us-east-1:507441099951:thing/iot-device-03, thingtypename=null, attributes={installed=1592562234, latitude=37.4133144, longitude=-122.1513069}, version=1, billinggroupname=null}","2020-11-26 00:00:00.000"
"iot-device-01","1.5946020318252213E9","74.3","66.38","false","false","0.0114","0.0086","0.0311","2020-11-26T16:56:09.092+0000","{defaultclientid=iot-device-01, thingname=iot-device-01, thingid=983c2b68-f9a3-4e83-b3c6-9f6f8ad5431b, thingarn=arn:aws:iot:us-east-1:507441099951:thing/iot-device-01, thingtypename=null, attributes={installed=1594665292, latitude=37.4133144, longitude=-122.1513069}, version=1, billinggroupname=null}","2020-11-26 00:00:00.000"
"iot-device-02","1.594602033675066E9","60.7","79.16","true","false","0.0073","0.0046","0.0194","2020-11-26T16:56:09.403+0000","{defaultclientid=iot-device-02, thingname=iot-device-02, thingid=4ae4927a-aefb-4584-a45a-fc4839feffd6, thingarn=arn:aws:iot:us-east-1:507441099951:thing/iot-device-02, thingtypename=null, attributes={installed=1593361211, latitude=32.8205865, longitude=-96.871627}, version=1, billinggroupname=null}","2020-11-26 00:00:00.000"
"iot-device-02","1.5946019797623582E9","60.2","79.16","true","false","0.0073","0.0046","0.0194","2020-11-26T16:56:00.111+0000","{defaultclientid=iot-device-02, thingname=iot-device-02, thingid=4ae4927a-aefb-4584-a45a-fc4839feffd6, thingarn=arn:aws:iot:us-east-1:507441099951:thing/iot-device-02, thingtypename=null, attributes={installed=1593361211, latitude=32.8205865, longitude=-96.871627}, version=1, billinggroupname=null}","2020-11-26 00:00:00.000"
"iot-device-01","1.5946019802428455E9","74.3","66.38","false","false","0.0114","0.0086","0.0311","2020-11-26T16:56:00.427+0000","{defaultclientid=iot-device-01, thingname=iot-device-01, thingid=983c2b68-f9a3-4e83-b3c6-9f6f8ad5431b, thingarn=arn:aws:iot:us-east-1:507441099951:thing/iot-device-01, thingtypename=null, attributes={installed=1594665292, latitude=37.4133144, longitude=-122.1513069}, version=1, billinggroupname=null}","2020-11-26 00:00:00.000"
"iot-device-03","1.594601982971039E9","51.0","72.32","false","false","0.0081","0.0053","0.0216","2020-11-26T16:56:00.741+0000","{defaultclientid=iot-device-03, thingname=iot-device-03, thingid=877352b9-a35d-45d3-9c98-162d89965a13, thingarn=arn:aws:iot:us-east-1:507441099951:thing/iot-device-03, thingtypename=null, attributes={installed=1592562234, latitude=37.4133144, longitude=-122.1513069}, version=1, billinggroupname=null}","2020-11-26 00:00:00.000"
"iot-device-02","1.594601984638584E9","60.3","79.16","true","false","0.0073","0.0046","0.0194","2020-11-26T16:56:01.058+0000","{defaultclientid=iot-device-02, thingname=iot-device-02, thingid=4ae4927a-aefb-4584-a45a-fc4839feffd6, thingarn=arn:aws:iot:us-east-1:507441099951:thing/iot-device-02, thingtypename=null, attributes={installed=1593361211, latitude=32.8205865, longitude=-96.871627}, version=1, billinggroupname=null}","2020-11-26 00:00:00.000"
"iot-device-03","1.594601986617664E9","51.0","72.32","false","false","0.0081","0.0054","0.0217","2020-11-26T16:56:01.375+0000","{defaultclientid=iot-device-03, thingname=iot-device-03, thingid=877352b9-a35d-45d3-9c98-162d89965a13, thingarn=arn:aws:iot:us-east-1:507441099951:thing/iot-device-03, thingtypename=null, attributes={installed=1592562234, latitude=37.4133144, longitude=-122.1513069}, version=1, billinggroupname=null}","2020-11-26 00:00:00.000"
"iot-device-01","1.5946019872883782E9","74.3","66.38","false","false","0.0114","0.0086","0.0311","2020-11-26T16:56:01.705+0000","{defaultclientid=iot-device-01, thingname=iot-device-01, thingid=983c2b68-f9a3-4e83-b3c6-9f6f8ad5431b, thingarn=arn:aws:iot:us-east-1:507441099951:thing/iot-device-01, thingtypename=null, attributes={installed=1594665292, latitude=37.4133144, longitude=-122.1513069}, version=1, billinggroupname=null}","2020-11-26 00:00:00.000"
"iot-device-03","1.594601990318207E9","51.0","72.32","false","false","0.0081","0.0053","0.0216","2020-11-26T16:56:02.017+0000","{defaultclientid=iot-device-03, thingname=iot-device-03, thingid=877352b9-a35d-45d3-9c98-162d89965a13, thingarn=arn:aws:iot:us-east-1:507441099951:thing/iot-device-03, thingtypename=null, attributes={installed=1592562234, latitude=37.4133144, longitude=-122.1513069}, version=1, billinggroupname=null}","2020-11-26 00:00:00.000"
"iot-device-01","1.5946019916408367E9","74.3","66.38","false","false","0.0114","0.0086","0.0311","2020-11-26T16:56:02.340+0000","{defaultclientid=iot-device-01, thingname=iot-device-01, thingid=983c2b68-f9a3-4e83-b3c6-9f6f8ad5431b, thingarn=arn:aws:iot:us-east-1:507441099951:thing/iot-device-01, thingtypename=null, attributes={installed=1594665292, latitude=37.4133144, longitude=-122.1513069}, version=1, billinggroupname=null}","2020-11-26 00:00:00.000"
"iot-device-03","1.5946019940044367E9","50.9","72.32","false","false","0.0081","0.0054","0.0217","2020-11-26T16:56:02.688+0000","{defaultclientid=iot-device-03, thingname=iot-device-03, thingid=877352b9-a35d-45d3-9c98-162d89965a13, thingarn=arn:aws:iot:us-east-1:507441099951:thing/iot-device-03, thingtypename=null, attributes={installed=1592562234, latitude=37.4133144, longitude=-122.1513069}, version=1, billinggroupname=null}","2020-11-26 00:00:00.000"
"iot-device-03","1.5946019975850525E9","51.0","72.32","false","false","0.0081","0.0054","0.0217","2020-11-26T16:56:03.007+0000","{defaultclientid=iot-device-03, thingname=iot-device-03, thingid=877352b9-a35d-45d3-9c98-162d89965a13, thingarn=arn:aws:iot:us-east-1:507441099951:thing/iot-device-03, thingtypename=null, attributes={installed=1592562234, latitude=37.4133144, longitude=-122.1513069}, version=1, billinggroupname=null}","2020-11-26 00:00:00.000"
"iot-device-01","1.5946027250068386E9","74.6","65.84","false","false","0.0113","0.0085","0.031","2020-11-26T16:56:25.754+0000","{defaultclientid=iot-device-01, thingname=iot-device-01, thingid=983c2b68-f9a3-4e83-b3c6-9f6f8ad5431b, thingarn=arn:aws:iot:us-east-1:507441099951:thing/iot-device-01, thingtypename=null, attributes={installed=1594665292, latitude=37.4133144, longitude=-122.1513069}, version=1, billinggroupname=null}","2020-11-26 00:00:00.000"
"iot-device-02","1.5946027261872025E9","60.8","78.8","true","false","0.0073","0.0047","0.0195","2020-11-26T16:56:26.097+0000","{defaultclientid=iot-device-02, thingname=iot-device-02, thingid=4ae4927a-aefb-4584-a45a-fc4839feffd6, thingarn=arn:aws:iot:us-east-1:507441099951:thing/iot-device-02, thingtypename=null, attributes={installed=1593361211, latitude=32.8205865, longitude=-96.871627}, version=1, billinggroupname=null}","2020-11-26 00:00:00.000"
"iot-device-03","1.5946027275125012E9","51.5","71.06","false","false","0.0081","0.0054","0.0217","2020-11-26T16:56:26.423+0000","{defaultclientid=iot-device-03, thingname=iot-device-03, thingid=877352b9-a35d-45d3-9c98-162d89965a13, thingarn=arn:aws:iot:us-east-1:507441099951:thing/iot-device-03, thingtypename=null, attributes={installed=1592562234, latitude=37.4133144, longitude=-122.1513069}, version=1, billinggroupname=null}","2020-11-26 00:00:00.000"
"iot-device-02","1.5946027305508018E9","60.8","78.8","true","false","0.0073","0.0047","0.0195","2020-11-26T16:56:26.749+0000","{defaultclientid=iot-device-02, thingname=iot-device-02, thingid=4ae4927a-aefb-4584-a45a-fc4839feffd6, thingarn=arn:aws:iot:us-east-1:507441099951:thing/iot-device-02, thingtypename=null, attributes={installed=1593361211, latitude=32.8205865, longitude=-96.871627}, version=1, billinggroupname=null}","2020-11-26 00:00:00.000"
"iot-device-03","1.59460273119999E9","51.5","71.06","false","false","0.0081","0.0053","0.0216","2020-11-26T16:56:27.062+0000","{defaultclientid=iot-device-03, thingname=iot-device-03, thingid=877352b9-a35d-45d3-9c98-162d89965a13, thingarn=arn:aws:iot:us-east-1:507441099951:thing/iot-device-03, thingtypename=null, attributes={installed=1592562234, latitude=37.4133144, longitude=-122.1513069}, version=1, billinggroupname=null}","2020-11-26 00:00:00.000"
"iot-device-03","1.59460273488779E9","51.5","71.24","false","false","0.0081","0.0053","0.0217","2020-11-26T16:56:27.371+0000","{defaultclientid=iot-device-03, thingname=iot-device-03, thingid=877352b9-a35d-45d3-9c98-162d89965a13, thingarn=arn:aws:iot:us-east-1:507441099951:thing/iot-device-03, thingtypename=null, attributes={installed=1592562234, latitude=37.4133144, longitude=-122.1513069}, version=1, billinggroupname=null}","2020-11-26 00:00:00.000"
"iot-device-02","1.5946027370283449E9","60.8","78.8","true","false","0.0073","0.0047","0.0195","2020-11-26T16:56:27.686+0000","{defaultclientid=iot-device-02, thingname=iot-device-02, thingid=4ae4927a-aefb-4584-a45a-fc4839feffd6, thingarn=arn:aws:iot:us-east-1:507441099951:thing/iot-device-02, thingtypename=null, attributes={installed=1593361211, latitude=32.8205865, longitude=-96.871627}, version=1, billinggroupname=null}","2020-11-26 00:00:00.000"
"iot-device-03","1.594602738555753E9","51.5","71.06","false","false","0.0081","0.0053","0.0216","2020-11-26T16:56:28.012+0000","{defaultclientid=iot-device-03, thingname=iot-device-03, thingid=877352b9-a35d-45d3-9c98-162d89965a13, thingarn=arn:aws:iot:us-east-1:507441099951:thing/iot-device-03, thingtypename=null, attributes={installed=1592562234, latitude=37.4133144, longitude=-122.1513069}, version=1, billinggroupname=null}","2020-11-26 00:00:00.000"
"iot-device-02","1.5946027413709161E9","60.8","78.8","true","false","0.0074","0.0047","0.0196","2020-11-26T16:56:28.330+0000","{defaultclientid=iot-device-02, thingname=iot-device-02, thingid=4ae4927a-aefb-4584-a45a-fc4839feffd6, thingarn=arn:aws:iot:us-east-1:507441099951:thing/iot-device-02, thingtypename=null, attributes={installed=1593361211, latitude=32.8205865, longitude=-96.871627}, version=1, billinggroupname=null}","2020-11-26 00:00:00.000"
"iot-device-01","1.5946027415023847E9","74.2","66.02","false","false","0.0113","0.0085","0.031","2020-11-26T16:56:28.662+0000","{defaultclientid=iot-device-01, thingname=iot-device-01, thingid=983c2b68-f9a3-4e83-b3c6-9f6f8ad5431b, thingarn=arn:aws:iot:us-east-1:507441099951:thing/iot-device-01, thingtypename=null, attributes={installed=1594665292, latitude=37.4133144, longitude=-122.1513069}, version=1, billinggroupname=null}","2020-11-26 00:00:00.000"
"iot-device-03","1.5946020344170258E9","51.1","72.14","false","false","0.0081","0.0053","0.0216","2020-11-26T16:56:09.711+0000","{defaultclientid=iot-device-03, thingname=iot-device-03, thingid=877352b9-a35d-45d3-9c98-162d89965a13, thingarn=arn:aws:iot:us-east-1:507441099951:thing/iot-device-03, thingtypename=null, attributes={installed=1592562234, latitude=37.4133144, longitude=-122.1513069}, version=1, billinggroupname=null}","2020-11-26 00:00:00.000"
"iot-device-01","1.5946020367165122E9","74.3","66.38","false","false","0.0113","0.0085","0.0311","2020-11-26T16:56:10.032+0000","{defaultclientid=iot-device-01, thingname=iot-device-01, thingid=983c2b68-f9a3-4e83-b3c6-9f6f8ad5431b, thingarn=arn:aws:iot:us-east-1:507441099951:thing/iot-device-01, thingtypename=null, attributes={installed=1594665292, latitude=37.4133144, longitude=-122.1513069}, version=1, billinggroupname=null}","2020-11-26 00:00:00.000"
"iot-device-03","1.5946020381004002E9","51.1","72.14","false","false","0.0081","0.0053","0.0216","2020-11-26T16:56:10.350+0000","{defaultclientid=iot-device-03, thingname=iot-device-03, thingid=877352b9-a35d-45d3-9c98-162d89965a13, thingarn=arn:aws:iot:us-east-1:507441099951:thing/iot-device-03, thingtypename=null, attributes={installed=1592562234, latitude=37.4133144, longitude=-122.1513069}, version=1, billinggroupname=null}","2020-11-26 00:00:00.000"
"iot-device-02","1.5946020390884285E9","60.4","79.16","true","false","0.0073","0.0046","0.0194","2020-11-26T16:56:10.679+0000","{defaultclientid=iot-device-02, thingname=iot-device-02, thingid=4ae4927a-aefb-4584-a45a-fc4839feffd6, thingarn=arn:aws:iot:us-east-1:507441099951:thing/iot-device-02, thingtypename=null, attributes={installed=1593361211, latitude=32.8205865, longitude=-96.871627}, version=1, billinggroupname=null}","2020-11-26 00:00:00.000"
"iot-device-03","1.5946020417844274E9","51.2","72.14","false","false","0.0081","0.0054","0.0217","2020-11-26T16:56:11.002+0000","{defaultclientid=iot-device-03, thingname=iot-device-03, thingid=877352b9-a35d-45d3-9c98-162d89965a13, thingarn=arn:aws:iot:us-east-1:507441099951:thing/iot-device-03, thingtypename=null, attributes={installed=1592562234, latitude=37.4133144, longitude=-122.1513069}, version=1, billinggroupname=null}","2020-11-26 00:00:00.000"
"iot-device-01","1.5946020426804767E9","74.3","66.38","false","false","0.0112","0.0084","0.0308","2020-11-26T16:56:11.323+0000","{defaultclientid=iot-device-01, thingname=iot-device-01, thingid=983c2b68-f9a3-4e83-b3c6-9f6f8ad5431b, thingarn=arn:aws:iot:us-east-1:507441099951:thing/iot-device-01, thingtypename=null, attributes={installed=1594665292, latitude=37.4133144, longitude=-122.1513069}, version=1, billinggroupname=null}","2020-11-26 00:00:00.000"
"iot-device-02","1.5946020434302607E9","60.4","79.16","true","false","0.0073","0.0046","0.0194","2020-11-26T16:56:11.643+0000","{defaultclientid=iot-device-02, thingname=iot-device-02, thingid=4ae4927a-aefb-4584-a45a-fc4839feffd6, thingarn=arn:aws:iot:us-east-1:507441099951:thing/iot-device-02, thingtypename=null, attributes={installed=1593361211, latitude=32.8205865, longitude=-96.871627}, version=1, billinggroupname=null}","2020-11-26 00:00:00.000"
"iot-device-03","1.5946020454698133E9","51.2","72.14","false","false","0.0081","0.0054","0.0217","2020-11-26T16:56:11.962+0000","{defaultclientid=iot-device-03, thingname=iot-device-03, thingid=877352b9-a35d-45d3-9c98-162d89965a13, thingarn=arn:aws:iot:us-east-1:507441099951:thing/iot-device-03, thingtypename=null, attributes={installed=1592562234, latitude=37.4133144, longitude=-122.1513069}, version=1, billinggroupname=null}","2020-11-26 00:00:00.000"
"iot-device-03","1.5946020491548312E9","51.2","72.14","false","false","0.0081","0.0053","0.0216","2020-11-26T16:56:12.286+0000","{defaultclientid=iot-device-03, thingname=iot-device-03, thingid=877352b9-a35d-45d3-9c98-162d89965a13, thingarn=arn:aws:iot:us-east-1:507441099951:thing/iot-device-03, thingtypename=null, attributes={installed=1592562234, latitude=37.4133144, longitude=-122.1513069}, version=1, billinggroupname=null}","2020-11-26 00:00:00.000"
"iot-device-02","1.5946026548087082E9","60.4","78.8","true","false","0.0073","0.0047","0.0195","2020-11-26T16:56:12.615+0000","{defaultclientid=iot-device-02, thingname=iot-device-02, thingid=4ae4927a-aefb-4584-a45a-fc4839feffd6, thingarn=arn:aws:iot:us-east-1:507441099951:thing/iot-device-02, thingtypename=null, attributes={installed=1593361211, latitude=32.8205865, longitude=-96.871627}, version=1, billinggroupname=null}","2020-11-26 00:00:00.000"
"iot-device-03","1.5946027422407222E9","51.6","71.24","false","false","0.0081","0.0053","0.0216","2020-11-26T16:56:28.983+0000","{defaultclientid=iot-device-03, thingname=iot-device-03, thingid=877352b9-a35d-45d3-9c98-162d89965a13, thingarn=arn:aws:iot:us-east-1:507441099951:thing/iot-device-03, thingtypename=null, attributes={installed=1592562234, latitude=37.4133144, longitude=-122.1513069}, version=1, billinggroupname=null}","2020-11-26 00:00:00.000"
"iot-device-02","1.594602745179658E9","60.9","78.8","true","false","0.0073","0.0047","0.0195","2020-11-26T16:56:29.302+0000","{defaultclientid=iot-device-02, thingname=iot-device-02, thingid=4ae4927a-aefb-4584-a45a-fc4839feffd6, thingarn=arn:aws:iot:us-east-1:507441099951:thing/iot-device-02, thingtypename=null, attributes={installed=1593361211, latitude=32.8205865, longitude=-96.871627}, version=1, billinggroupname=null}","2020-11-26 00:00:00.000"
"iot-device-03","1.5946027459266865E9","51.6","71.06","false","false","0.0081","0.0054","0.0217","2020-11-26T16:56:29.623+0000","{defaultclientid=iot-device-03, thingname=iot-device-03, thingid=877352b9-a35d-45d3-9c98-162d89965a13, thingarn=arn:aws:iot:us-east-1:507441099951:thing/iot-device-03, thingtypename=null, attributes={installed=1592562234, latitude=37.4133144, longitude=-122.1513069}, version=1, billinggroupname=null}","2020-11-26 00:00:00.000"
"iot-device-01","1.5946027060485926E9","74.6","65.84","false","false","0.0112","0.0084","0.0308","2020-11-26T16:56:22.556+0000","{defaultclientid=iot-device-01, thingname=iot-device-01, thingid=983c2b68-f9a3-4e83-b3c6-9f6f8ad5431b, thingarn=arn:aws:iot:us-east-1:507441099951:thing/iot-device-01, thingtypename=null, attributes={installed=1594665292, latitude=37.4133144, longitude=-122.1513069}, version=1, billinggroupname=null}","2020-11-26 00:00:00.000"
"iot-device-02","1.5946027072756815E9","60.5","78.8","true","false","0.0073","0.0047","0.0195","2020-11-26T16:56:22.874+0000","{defaultclientid=iot-device-02, thingname=iot-device-02, thingid=4ae4927a-aefb-4584-a45a-fc4839feffd6, thingarn=arn:aws:iot:us-east-1:507441099951:thing/iot-device-02, thingtypename=null, attributes={installed=1593361211, latitude=32.8205865, longitude=-96.871627}, version=1, billinggroupname=null}","2020-11-26 00:00:00.000"
"iot-device-03","1.5946027090880704E9","51.3","71.06","false","false","0.008","0.0053","0.0215","2020-11-26T16:56:23.203+0000","{defaultclientid=iot-device-03, thingname=iot-device-03, thingid=877352b9-a35d-45d3-9c98-162d89965a13, thingarn=arn:aws:iot:us-east-1:507441099951:thing/iot-device-03, thingtypename=null, attributes={installed=1592562234, latitude=37.4133144, longitude=-122.1513069}, version=1, billinggroupname=null}","2020-11-26 00:00:00.000"
"iot-device-01","1.5946027104006925E9","74.6","65.84","false","false","0.0112","0.0084","0.0308","2020-11-26T16:56:23.513+0000","{defaultclientid=iot-device-01, thingname=iot-device-01, thingid=983c2b68-f9a3-4e83-b3c6-9f6f8ad5431b, thingarn=arn:aws:iot:us-east-1:507441099951:thing/iot-device-01, thingtypename=null, attributes={installed=1594665292, latitude=37.4133144, longitude=-122.1513069}, version=1, billinggroupname=null}","2020-11-26 00:00:00.000"
"iot-device-03","1.5946027127729053E9","51.4","71.06","false","false","0.0081","0.0054","0.0217","2020-11-26T16:56:23.833+0000","{defaultclientid=iot-device-03, thingname=iot-device-03, thingid=877352b9-a35d-45d3-9c98-162d89965a13, thingarn=arn:aws:iot:us-east-1:507441099951:thing/iot-device-03, thingtypename=null, attributes={installed=1592562234, latitude=37.4133144, longitude=-122.1513069}, version=1, billinggroupname=null}","2020-11-26 00:00:00.000"
"iot-device-01","1.5946027152907767E9","74.6","65.84","false","false","0.0112","0.0084","0.0308","2020-11-26T16:56:24.152+0000","{defaultclientid=iot-device-01, thingname=iot-device-01, thingid=983c2b68-f9a3-4e83-b3c6-9f6f8ad5431b, thingarn=arn:aws:iot:us-east-1:507441099951:thing/iot-device-01, thingtypename=null, attributes={installed=1594665292, latitude=37.4133144, longitude=-122.1513069}, version=1, billinggroupname=null}","2020-11-26 00:00:00.000"
"iot-device-03","1.5946027164593349E9","51.4","71.06","false","false","0.0081","0.0054","0.0218","2020-11-26T16:56:24.474+0000","{defaultclientid=iot-device-03, thingname=iot-device-03, thingid=877352b9-a35d-45d3-9c98-162d89965a13, thingarn=arn:aws:iot:us-east-1:507441099951:thing/iot-device-03, thingtypename=null, attributes={installed=1592562234, latitude=37.4133144, longitude=-122.1513069}, version=1, billinggroupname=null}","2020-11-26 00:00:00.000"
"iot-device-02","1.5946027180505974E9","60.7","78.8","true","false","0.0073","0.0047","0.0195","2020-11-26T16:56:24.781+0000","{defaultclientid=iot-device-02, thingname=iot-device-02, thingid=4ae4927a-aefb-4584-a45a-fc4839feffd6, thingarn=arn:aws:iot:us-east-1:507441099951:thing/iot-device-02, thingtypename=null, attributes={installed=1593361211, latitude=32.8205865, longitude=-96.871627}, version=1, billinggroupname=null}","2020-11-26 00:00:00.000"
"iot-device-03","1.5946027201437435E9","51.4","71.06","false","false","0.0081","0.0053","0.0216","2020-11-26T16:56:25.104+0000","{defaultclientid=iot-device-03, thingname=iot-device-03, thingid=877352b9-a35d-45d3-9c98-162d89965a13, thingarn=arn:aws:iot:us-east-1:507441099951:thing/iot-device-03, thingtypename=null, attributes={installed=1592562234, latitude=37.4133144, longitude=-122.1513069}, version=1, billinggroupname=null}","2020-11-26 00:00:00.000"
"iot-device-03","1.5946027238282328E9","51.5","71.06","false","false","0.0081","0.0054","0.0217","2020-11-26T16:56:25.431+0000","{defaultclientid=iot-device-03, thingname=iot-device-03, thingid=877352b9-a35d-45d3-9c98-162d89965a13, thingarn=arn:aws:iot:us-east-1:507441099951:thing/iot-device-03, thingtypename=null, attributes={installed=1592562234, latitude=37.4133144, longitude=-122.1513069}, version=1, billinggroupname=null}","2020-11-26 00:00:00.000"
"iot-device-01","1.5946026740143714E9","74.5","65.84","false","false","0.0114","0.0086","0.0311","2020-11-26T16:56:16.162+0000","{defaultclientid=iot-device-01, thingname=iot-device-01, thingid=983c2b68-f9a3-4e83-b3c6-9f6f8ad5431b, thingarn=arn:aws:iot:us-east-1:507441099951:thing/iot-device-01, thingtypename=null, attributes={installed=1594665292, latitude=37.4133144, longitude=-122.1513069}, version=1, billinggroupname=null}","2020-11-26 00:00:00.000"
"iot-device-03","1.594602675915516E9","51.0","70.88","false","false","0.0081","0.0054","0.0217","2020-11-26T16:56:16.477+0000","{defaultclientid=iot-device-03, thingname=iot-device-03, thingid=877352b9-a35d-45d3-9c98-162d89965a13, thingarn=arn:aws:iot:us-east-1:507441099951:thing/iot-device-03, thingtypename=null, attributes={installed=1592562234, latitude=37.4133144, longitude=-122.1513069}, version=1, billinggroupname=null}","2020-11-26 00:00:00.000"
"iot-device-01","1.5946026789045784E9","74.5","65.84","false","false","0.0113","0.0085","0.0309","2020-11-26T16:56:16.791+0000","{defaultclientid=iot-device-01, thingname=iot-device-01, thingid=983c2b68-f9a3-4e83-b3c6-9f6f8ad5431b, thingarn=arn:aws:iot:us-east-1:507441099951:thing/iot-device-01, thingtypename=null, attributes={installed=1594665292, latitude=37.4133144, longitude=-122.1513069}, version=1, billinggroupname=null}","2020-11-26 00:00:00.000"
"iot-device-03","1.5946026796024256E9","51.1","70.88","false","false","0.0081","0.0053","0.0216","2020-11-26T16:56:17.100+0000","{defaultclientid=iot-device-03, thingname=iot-device-03, thingid=877352b9-a35d-45d3-9c98-162d89965a13, thingarn=arn:aws:iot:us-east-1:507441099951:thing/iot-device-03, thingtypename=null, attributes={installed=1592562234, latitude=37.4133144, longitude=-122.1513069}, version=1, billinggroupname=null}","2020-11-26 00:00:00.000"
"iot-device-02","1.5946026802152605E9","60.2","78.8","true","false","0.0073","0.0047","0.0195","2020-11-26T16:56:17.415+0000","{defaultclientid=iot-device-02, thingname=iot-device-02, thingid=4ae4927a-aefb-4584-a45a-fc4839feffd6, thingarn=arn:aws:iot:us-east-1:507441099951:thing/iot-device-02, thingtypename=null, attributes={installed=1593361211, latitude=32.8205865, longitude=-96.871627}, version=1, billinggroupname=null}","2020-11-26 00:00:00.000"
"iot-device-03","1.5946026832885265E9","51.1","70.88","false","false","0.0081","0.0053","0.0216","2020-11-26T16:56:17.734+0000","{defaultclientid=iot-device-03, thingname=iot-device-03, thingid=877352b9-a35d-45d3-9c98-162d89965a13, thingarn=arn:aws:iot:us-east-1:507441099951:thing/iot-device-03, thingtypename=null, attributes={installed=1592562234, latitude=37.4133144, longitude=-122.1513069}, version=1, billinggroupname=null}","2020-11-26 00:00:00.000"
"iot-device-01","1.5946026854145725E9","74.6","65.84","false","false","0.0112","0.0083","0.0305","2020-11-26T16:56:18.053+0000","{defaultclientid=iot-device-01, thingname=iot-device-01, thingid=983c2b68-f9a3-4e83-b3c6-9f6f8ad5431b, thingarn=arn:aws:iot:us-east-1:507441099951:thing/iot-device-01, thingtypename=null, attributes={installed=1594665292, latitude=37.4133144, longitude=-122.1513069}, version=1, billinggroupname=null}","2020-11-26 00:00:00.000"
"iot-device-03","1.594602686974692E9","51.2","70.88","false","false","0.0081","0.0053","0.0217","2020-11-26T16:56:18.361+0000","{defaultclientid=iot-device-03, thingname=iot-device-03, thingid=877352b9-a35d-45d3-9c98-162d89965a13, thingarn=arn:aws:iot:us-east-1:507441099951:thing/iot-device-03, thingtypename=null, attributes={installed=1592562234, latitude=37.4133144, longitude=-122.1513069}, version=1, billinggroupname=null}","2020-11-26 00:00:00.000"
"iot-device-02","1.5946026904362311E9","60.2","78.8","true","false","0.0073","0.0047","0.0195","2020-11-26T16:56:18.680+0000","{defaultclientid=iot-device-02, thingname=iot-device-02, thingid=4ae4927a-aefb-4584-a45a-fc4839feffd6, thingarn=arn:aws:iot:us-east-1:507441099951:thing/iot-device-02, thingtypename=null, attributes={installed=1593361211, latitude=32.8205865, longitude=-96.871627}, version=1, billinggroupname=null}","2020-11-26 00:00:00.000"
"iot-device-03","1.5946026906607485E9","51.4","71.06","false","false","0.0081","0.0053","0.0216","2020-11-26T16:56:18.990+0000","{defaultclientid=iot-device-03, thingname=iot-device-03, thingid=877352b9-a35d-45d3-9c98-162d89965a13, thingarn=arn:aws:iot:us-east-1:507441099951:thing/iot-device-03, thingtypename=null, attributes={installed=1592562234, latitude=37.4133144, longitude=-122.1513069}, version=1, billinggroupname=null}","2020-11-26 00:00:00.000"
"iot-device-03","1.5946026574848332E9","50.2","70.88","false","false","0.0081","0.0053","0.0216","2020-11-26T16:56:12.940+0000","{defaultclientid=iot-device-03, thingname=iot-device-03, thingid=877352b9-a35d-45d3-9c98-162d89965a13, thingarn=arn:aws:iot:us-east-1:507441099951:thing/iot-device-03, thingtypename=null, attributes={installed=1592562234, latitude=37.4133144, longitude=-122.1513069}, version=1, billinggroupname=null}","2020-11-26 00:00:00.000"
"iot-device-01","1.5946026577620065E9","74.5","65.84","false","false","0.0112","0.0084","0.0308","2020-11-26T16:56:13.253+0000","{defaultclientid=iot-device-01, thingname=iot-device-01, thingid=983c2b68-f9a3-4e83-b3c6-9f6f8ad5431b, thingarn=arn:aws:iot:us-east-1:507441099951:thing/iot-device-01, thingtypename=null, attributes={installed=1594665292, latitude=37.4133144, longitude=-122.1513069}, version=1, billinggroupname=null}","2020-11-26 00:00:00.000"
"iot-device-03","1.5946026611707995E9","50.3","70.88","false","false","0.0081","0.0053","0.0216","2020-11-26T16:56:13.562+0000","{defaultclientid=iot-device-03, thingname=iot-device-03, thingid=877352b9-a35d-45d3-9c98-162d89965a13, thingarn=arn:aws:iot:us-east-1:507441099951:thing/iot-device-03, thingtypename=null, attributes={installed=1592562234, latitude=37.4133144, longitude=-122.1513069}, version=1, billinggroupname=null}","2020-11-26 00:00:00.000"
"iot-device-02","1.594602661307258E9","60.2","78.8","true","false","0.0073","0.0047","0.0195","2020-11-26T16:56:13.872+0000","{defaultclientid=iot-device-02, thingname=iot-device-02, thingid=4ae4927a-aefb-4584-a45a-fc4839feffd6, thingarn=arn:aws:iot:us-east-1:507441099951:thing/iot-device-02, thingtypename=null, attributes={installed=1593361211, latitude=32.8205865, longitude=-96.871627}, version=1, billinggroupname=null}","2020-11-26 00:00:00.000"
"iot-device-03","1.5946026648569686E9","50.6","70.88","false","false","0.0081","0.0053","0.0216","2020-11-26T16:56:14.198+0000","{defaultclientid=iot-device-03, thingname=iot-device-03, thingid=877352b9-a35d-45d3-9c98-162d89965a13, thingarn=arn:aws:iot:us-east-1:507441099951:thing/iot-device-03, thingtypename=null, attributes={installed=1592562234, latitude=37.4133144, longitude=-122.1513069}, version=1, billinggroupname=null}","2020-11-26 00:00:00.000"
"iot-device-01","1.5946026664116368E9","74.4","65.84","false","false","0.0113","0.0085","0.031","2020-11-26T16:56:14.508+0000","{defaultclientid=iot-device-01, thingname=iot-device-01, thingid=983c2b68-f9a3-4e83-b3c6-9f6f8ad5431b, thingarn=arn:aws:iot:us-east-1:507441099951:thing/iot-device-01, thingtypename=null, attributes={installed=1594665292, latitude=37.4133144, longitude=-122.1513069}, version=1, billinggroupname=null}","2020-11-26 00:00:00.000"
"iot-device-03","1.5946026685429633E9","50.8","70.88","false","false","0.0081","0.0054","0.0217","2020-11-26T16:56:14.899+0000","{defaultclientid=iot-device-03, thingname=iot-device-03, thingid=877352b9-a35d-45d3-9c98-162d89965a13, thingarn=arn:aws:iot:us-east-1:507441099951:thing/iot-device-03, thingtypename=null, attributes={installed=1592562234, latitude=37.4133144, longitude=-122.1513069}, version=1, billinggroupname=null}","2020-11-26 00:00:00.000"
"iot-device-02","1.594602669393176E9","60.2","78.8","true","false","0.0073","0.0047","0.0195","2020-11-26T16:56:15.212+0000","{defaultclientid=iot-device-02, thingname=iot-device-02, thingid=4ae4927a-aefb-4584-a45a-fc4839feffd6, thingarn=arn:aws:iot:us-east-1:507441099951:thing/iot-device-02, thingtypename=null, attributes={installed=1593361211, latitude=32.8205865, longitude=-96.871627}, version=1, billinggroupname=null}","2020-11-26 00:00:00.000"
"iot-device-03","1.59460267222948E9","50.9","70.88","false","false","0.0081","0.0054","0.0217","2020-11-26T16:56:15.530+0000","{defaultclientid=iot-device-03, thingname=iot-device-03, thingid=877352b9-a35d-45d3-9c98-162d89965a13, thingarn=arn:aws:iot:us-east-1:507441099951:thing/iot-device-03, thingtypename=null, attributes={installed=1592562234, latitude=37.4133144, longitude=-122.1513069}, version=1, billinggroupname=null}","2020-11-26 00:00:00.000"
"iot-device-02","1.5946026732017949E9","60.1","78.8","true","false","0.0073","0.0047","0.0195","2020-11-26T16:56:15.854+0000","{defaultclientid=iot-device-02, thingname=iot-device-02, thingid=4ae4927a-aefb-4584-a45a-fc4839feffd6, thingarn=arn:aws:iot:us-east-1:507441099951:thing/iot-device-02, thingtypename=null, attributes={installed=1593361211, latitude=32.8205865, longitude=-96.871627}, version=1, billinggroupname=null}","2020-11-26 00:00:00.000"
"iot-device-01","1.5946026908404462E9","74.6","65.84","false","false","0.0113","0.0085","0.0309","2020-11-26T16:56:19.410+0000","{defaultclientid=iot-device-01, thingname=iot-device-01, thingid=983c2b68-f9a3-4e83-b3c6-9f6f8ad5431b, thingarn=arn:aws:iot:us-east-1:507441099951:thing/iot-device-01, thingtypename=null, attributes={installed=1594665292, latitude=37.4133144, longitude=-122.1513069}, version=1, billinggroupname=null}","2020-11-26 00:00:00.000"
"iot-device-03","1.5946026943468113E9","51.4","71.06","false","false","0.0081","0.0053","0.0216","2020-11-26T16:56:19.741+0000","{defaultclientid=iot-device-03, thingname=iot-device-03, thingid=877352b9-a35d-45d3-9c98-162d89965a13, thingarn=arn:aws:iot:us-east-1:507441099951:thing/iot-device-03, thingtypename=null, attributes={installed=1592562234, latitude=37.4133144, longitude=-122.1513069}, version=1, billinggroupname=null}","2020-11-26 00:00:00.000"
"iot-device-02","1.59460269477546E9","60.7","78.8","true","false","0.0073","0.0047","0.0195","2020-11-26T16:56:20.050+0000","{defaultclientid=iot-device-02, thingname=iot-device-02, thingid=4ae4927a-aefb-4584-a45a-fc4839feffd6, thingarn=arn:aws:iot:us-east-1:507441099951:thing/iot-device-02, thingtypename=null, attributes={installed=1593361211, latitude=32.8205865, longitude=-96.871627}, version=1, billinggroupname=null}","2020-11-26 00:00:00.000"
"iot-device-01","1.5946026951950471E9","74.6","65.84","false","false","0.0112","0.0084","0.0308","2020-11-26T16:56:20.364+0000","{defaultclientid=iot-device-01, thingname=iot-device-01, thingid=983c2b68-f9a3-4e83-b3c6-9f6f8ad5431b, thingarn=arn:aws:iot:us-east-1:507441099951:thing/iot-device-01, thingtypename=null, attributes={installed=1594665292, latitude=37.4133144, longitude=-122.1513069}, version=1, billinggroupname=null}","2020-11-26 00:00:00.000"
"iot-device-03","1.5946026980318234E9","51.4","71.06","false","false","0.0081","0.0054","0.0217","2020-11-26T16:56:20.681+0000","{defaultclientid=iot-device-03, thingname=iot-device-03, thingid=877352b9-a35d-45d3-9c98-162d89965a13, thingarn=arn:aws:iot:us-east-1:507441099951:thing/iot-device-03, thingtypename=null, attributes={installed=1592562234, latitude=37.4133144, longitude=-122.1513069}, version=1, billinggroupname=null}","2020-11-26 00:00:00.000"
"iot-device-02","1.594602699115717E9","60.4","78.8","true","false","0.0073","0.0047","0.0195","2020-11-26T16:56:20.992+0000","{defaultclientid=iot-device-02, thingname=iot-device-02, thingid=4ae4927a-aefb-4584-a45a-fc4839feffd6, thingarn=arn:aws:iot:us-east-1:507441099951:thing/iot-device-02, thingtypename=null, attributes={installed=1593361211, latitude=32.8205865, longitude=-96.871627}, version=1, billinggroupname=null}","2020-11-26 00:00:00.000"
"iot-device-01","1.59460270115926E9","74.6","65.84","false","false","0.0111","0.0083","0.0304","2020-11-26T16:56:21.313+0000","{defaultclientid=iot-device-01, thingname=iot-device-01, thingid=983c2b68-f9a3-4e83-b3c6-9f6f8ad5431b, thingarn=arn:aws:iot:us-east-1:507441099951:thing/iot-device-01, thingtypename=null, attributes={installed=1594665292, latitude=37.4133144, longitude=-122.1513069}, version=1, billinggroupname=null}","2020-11-26 00:00:00.000"
"iot-device-03","1.5946027017178864E9","51.4","71.06","false","false","0.0081","0.0054","0.0217","2020-11-26T16:56:21.620+0000","{defaultclientid=iot-device-03, thingname=iot-device-03, thingid=877352b9-a35d-45d3-9c98-162d89965a13, thingarn=arn:aws:iot:us-east-1:507441099951:thing/iot-device-03, thingtypename=null, attributes={installed=1592562234, latitude=37.4133144, longitude=-122.1513069}, version=1, billinggroupname=null}","2020-11-26 00:00:00.000"
"iot-device-02","1.59460270345852E9","60.5","78.8","true","false","0.0073","0.0047","0.0195","2020-11-26T16:56:21.933+0000","{defaultclientid=iot-device-02, thingname=iot-device-02, thingid=4ae4927a-aefb-4584-a45a-fc4839feffd6, thingarn=arn:aws:iot:us-east-1:507441099951:thing/iot-device-02, thingtypename=null, attributes={installed=1593361211, latitude=32.8205865, longitude=-96.871627}, version=1, billinggroupname=null}","2020-11-26 00:00:00.000"
"iot-device-03","1.5946027054038641E9","51.4","71.06","false","false","0.0081","0.0053","0.0216","2020-11-26T16:56:22.253+0000","{defaultclientid=iot-device-03, thingname=iot-device-03, thingid=877352b9-a35d-45d3-9c98-162d89965a13, thingarn=arn:aws:iot:us-east-1:507441099951:thing/iot-device-03, thingtypename=null, attributes={installed=1592562234, latitude=37.4133144, longitude=-122.1513069}, version=1, billinggroupname=null}","2020-11-26 00:00:00.000"
"iot-device-03","1.5946604716297295E9","52.1","72.5","false","false","0.0079","0.0052","0.0211","2020-11-26T17:31:21.362+0000","{defaultclientid=iot-device-03, thingname=iot-device-03, thingid=877352b9-a35d-45d3-9c98-162d89965a13, thingarn=arn:aws:iot:us-east-1:507441099951:thing/iot-device-03, thingtypename=null, attributes={installed=1592562234, latitude=37.4133144, longitude=-122.1513069}, version=1, billinggroupname=null}","2020-11-26 00:00:00.000"
"iot-device-02","1.5946604732768414E9","62.7","76.64","true","false","0.0068","0.0042","0.0181","2020-11-26T17:31:21.661+0000","{defaultclientid=iot-device-02, thingname=iot-device-02, thingid=4ae4927a-aefb-4584-a45a-fc4839feffd6, thingarn=arn:aws:iot:us-east-1:507441099951:thing/iot-device-02, thingtypename=null, attributes={installed=1593361211, latitude=32.8205865, longitude=-96.871627}, version=1, billinggroupname=null}","2020-11-26 00:00:00.000"
"iot-device-01","1.5946604739979055E9","76.3","66.56","false","false","0.0076","0.0049","0.0202","2020-11-26T17:31:21.963+0000","{defaultclientid=iot-device-01, thingname=iot-device-01, thingid=983c2b68-f9a3-4e83-b3c6-9f6f8ad5431b, thingarn=arn:aws:iot:us-east-1:507441099951:thing/iot-device-01, thingtypename=null, attributes={installed=1594665292, latitude=37.4133144, longitude=-122.1513069}, version=1, billinggroupname=null}","2020-11-26 00:00:00.000"
"iot-device-03","1.5946604753155522E9","52.1","72.5","false","false","0.0079","0.0052","0.0211","2020-11-26T17:31:22.261+0000","{defaultclientid=iot-device-03, thingname=iot-device-03, thingid=877352b9-a35d-45d3-9c98-162d89965a13, thingarn=arn:aws:iot:us-east-1:507441099951:thing/iot-device-03, thingtypename=null, attributes={installed=1592562234, latitude=37.4133144, longitude=-122.1513069}, version=1, billinggroupname=null}","2020-11-26 00:00:00.000"
"iot-device-01","1.5946604778131046E9","76.3","66.56","false","false","0.0076","0.0049","0.0202","2020-11-26T17:31:22.552+0000","{defaultclientid=iot-device-01, thingname=iot-device-01, thingid=983c2b68-f9a3-4e83-b3c6-9f6f8ad5431b, thingarn=arn:aws:iot:us-east-1:507441099951:thing/iot-device-01, thingtypename=null, attributes={installed=1594665292, latitude=37.4133144, longitude=-122.1513069}, version=1, billinggroupname=null}","2020-11-26 00:00:00.000"
"iot-device-03","1.5946604790012689E9","52.1","72.5","false","false","0.0079","0.0052","0.0212","2020-11-26T17:31:22.852+0000","{defaultclientid=iot-device-03, thingname=iot-device-03, thingid=877352b9-a35d-45d3-9c98-162d89965a13, thingarn=arn:aws:iot:us-east-1:507441099951:thing/iot-device-03, thingtypename=null, attributes={installed=1592562234, latitude=37.4133144, longitude=-122.1513069}, version=1, billinggroupname=null}","2020-11-26 00:00:00.000"
"iot-device-02","1.5946604792249868E9","62.6","76.64","true","false","0.0068","0.0042","0.0181","2020-11-26T17:31:23.154+0000","{defaultclientid=iot-device-02, thingname=iot-device-02, thingid=4ae4927a-aefb-4584-a45a-fc4839feffd6, thingarn=arn:aws:iot:us-east-1:507441099951:thing/iot-device-02, thingtypename=null, attributes={installed=1593361211, latitude=32.8205865, longitude=-96.871627}, version=1, billinggroupname=null}","2020-11-26 00:00:00.000"
"iot-device-01","1.594660481625899E9","76.3","66.56","false","false","0.0076","0.0049","0.0202","2020-11-26T17:31:23.450+0000","{defaultclientid=iot-device-01, thingname=iot-device-01, thingid=983c2b68-f9a3-4e83-b3c6-9f6f8ad5431b, thingarn=arn:aws:iot:us-east-1:507441099951:thing/iot-device-01, thingtypename=null, attributes={installed=1594665292, latitude=37.4133144, longitude=-122.1513069}, version=1, billinggroupname=null}","2020-11-26 00:00:00.000"
"iot-device-03","1.5946604826873467E9","52.1","72.5","false","false","0.0079","0.0051","0.021","2020-11-26T17:31:23.750+0000","{defaultclientid=iot-device-03, thingname=iot-device-03, thingid=877352b9-a35d-45d3-9c98-162d89965a13, thingarn=arn:aws:iot:us-east-1:507441099951:thing/iot-device-03, thingtypename=null, attributes={installed=1592562234, latitude=37.4133144, longitude=-122.1513069}, version=1, billinggroupname=null}","2020-11-26 00:00:00.000"
"iot-device-02","1.5946604851754801E9","62.7","76.64","true","false","0.0068","0.0042","0.018","2020-11-26T17:31:24.040+0000","{defaultclientid=iot-device-02, thingname=iot-device-02, thingid=4ae4927a-aefb-4584-a45a-fc4839feffd6, thingarn=arn:aws:iot:us-east-1:507441099951:thing/iot-device-02, thingtypename=null, attributes={installed=1593361211, latitude=32.8205865, longitude=-96.871627}, version=1, billinggroupname=null}","2020-11-26 00:00:00.000"
"iot-device-03","1.5946603537599163E9","52.1","72.32","false","false","0.0079","0.0052","0.0211","2020-11-26T17:30:59.979+0000","{defaultclientid=iot-device-03, thingname=iot-device-03, thingid=877352b9-a35d-45d3-9c98-162d89965a13, thingarn=arn:aws:iot:us-east-1:507441099951:thing/iot-device-03, thingtypename=null, attributes={installed=1592562234, latitude=37.4133144, longitude=-122.1513069}, version=1, billinggroupname=null}","2020-11-26 00:00:00.000"
"iot-device-02","1.5946603542452848E9","62.9","76.64","true","false","0.0068","0.0042","0.0181","2020-11-26T17:31:00.284+0000","{defaultclientid=iot-device-02, thingname=iot-device-02, thingid=4ae4927a-aefb-4584-a45a-fc4839feffd6, thingarn=arn:aws:iot:us-east-1:507441099951:thing/iot-device-02, thingtypename=null, attributes={installed=1593361211, latitude=32.8205865, longitude=-96.871627}, version=1, billinggroupname=null}","2020-11-26 00:00:00.000"
"iot-device-03","1.5946603574580314E9","52.1","72.32","false","false","0.0079","0.0052","0.0211","2020-11-26T17:31:00.598+0000","{defaultclientid=iot-device-03, thingname=iot-device-03, thingid=877352b9-a35d-45d3-9c98-162d89965a13, thingarn=arn:aws:iot:us-east-1:507441099951:thing/iot-device-03, thingtypename=null, attributes={installed=1592562234, latitude=37.4133144, longitude=-122.1513069}, version=1, billinggroupname=null}","2020-11-26 00:00:00.000"
"iot-device-01","1.5946603577771318E9","76.1","66.56","false","false","0.0076","0.0049","0.0203","2020-11-26T17:31:00.891+0000","{defaultclientid=iot-device-01, thingname=iot-device-01, thingid=983c2b68-f9a3-4e83-b3c6-9f6f8ad5431b, thingarn=arn:aws:iot:us-east-1:507441099951:thing/iot-device-01, thingtypename=null, attributes={installed=1594665292, latitude=37.4133144, longitude=-122.1513069}, version=1, billinggroupname=null}","2020-11-26 00:00:00.000"
"iot-device-02","1.594660360728346E9","62.7","76.64","true","false","0.0068","0.0042","0.0181","2020-11-26T17:31:01.191+0000","{defaultclientid=iot-device-02, thingname=iot-device-02, thingid=4ae4927a-aefb-4584-a45a-fc4839feffd6, thingarn=arn:aws:iot:us-east-1:507441099951:thing/iot-device-02, thingtypename=null, attributes={installed=1593361211, latitude=32.8205865, longitude=-96.871627}, version=1, billinggroupname=null}","2020-11-26 00:00:00.000"
"iot-device-03","1.5946603611458411E9","52.0","72.32","false","false","0.0079","0.0052","0.0211","2020-11-26T17:31:01.502+0000","{defaultclientid=iot-device-03, thingname=iot-device-03, thingid=877352b9-a35d-45d3-9c98-162d89965a13, thingarn=arn:aws:iot:us-east-1:507441099951:thing/iot-device-03, thingtypename=null, attributes={installed=1592562234, latitude=37.4133144, longitude=-122.1513069}, version=1, billinggroupname=null}","2020-11-26 00:00:00.000"
"iot-device-02","1.5946603645358813E9","62.7","76.64","true","false","0.0068","0.0042","0.0181","2020-11-26T17:31:01.801+0000","{defaultclientid=iot-device-02, thingname=iot-device-02, thingid=4ae4927a-aefb-4584-a45a-fc4839feffd6, thingarn=arn:aws:iot:us-east-1:507441099951:thing/iot-device-02, thingtypename=null, attributes={installed=1593361211, latitude=32.8205865, longitude=-96.871627}, version=1, billinggroupname=null}","2020-11-26 00:00:00.000"
"iot-device-03","1.5946603648314042E9","52.1","72.32","false","false","0.0079","0.0052","0.0212","2020-11-26T17:31:02.101+0000","{defaultclientid=iot-device-03, thingname=iot-device-03, thingid=877352b9-a35d-45d3-9c98-162d89965a13, thingarn=arn:aws:iot:us-east-1:507441099951:thing/iot-device-03, thingtypename=null, attributes={installed=1592562234, latitude=37.4133144, longitude=-122.1513069}, version=1, billinggroupname=null}","2020-11-26 00:00:00.000"
"iot-device-03","1.5946603685166204E9","52.0","72.32","false","false","0.0079","0.0052","0.0212","2020-11-26T17:31:02.390+0000","{defaultclientid=iot-device-03, thingname=iot-device-03, thingid=877352b9-a35d-45d3-9c98-162d89965a13, thingarn=arn:aws:iot:us-east-1:507441099951:thing/iot-device-03, thingtypename=null, attributes={installed=1592562234, latitude=37.4133144, longitude=-122.1513069}, version=1, billinggroupname=null}","2020-11-26 00:00:00.000"
"iot-device-01","1.5946603691086595E9","76.0","66.56","false","false","0.0077","0.005","0.0204","2020-11-26T17:31:02.701+0000","{defaultclientid=iot-device-01, thingname=iot-device-01, thingid=983c2b68-f9a3-4e83-b3c6-9f6f8ad5431b, thingarn=arn:aws:iot:us-east-1:507441099951:thing/iot-device-01, thingtypename=null, attributes={installed=1594665292, latitude=37.4133144, longitude=-122.1513069}, version=1, billinggroupname=null}","2020-11-26 00:00:00.000"
"iot-device-03","1.5946604347765672E9","52.0","72.32","false","false","0.0079","0.0052","0.0211","2020-11-26T17:31:15.390+0000","{defaultclientid=iot-device-03, thingname=iot-device-03, thingid=877352b9-a35d-45d3-9c98-162d89965a13, thingarn=arn:aws:iot:us-east-1:507441099951:thing/iot-device-03, thingtypename=null, attributes={installed=1592562234, latitude=37.4133144, longitude=-122.1513069}, version=1, billinggroupname=null}","2020-11-26 00:00:00.000"
"iot-device-01","1.5946604348797734E9","76.2","66.74","false","false","0.0077","0.005","0.0204","2020-11-26T17:31:15.692+0000","{defaultclientid=iot-device-01, thingname=iot-device-01, thingid=983c2b68-f9a3-4e83-b3c6-9f6f8ad5431b, thingarn=arn:aws:iot:us-east-1:507441099951:thing/iot-device-01, thingtypename=null, attributes={installed=1594665292, latitude=37.4133144, longitude=-122.1513069}, version=1, billinggroupname=null}","2020-11-26 00:00:00.000"
"iot-device-03","1.5946604384625044E9","52.0","72.32","false","false","0.0079","0.0052","0.0211","2020-11-26T17:31:15.985+0000","{defaultclientid=iot-device-03, thingname=iot-device-03, thingid=877352b9-a35d-45d3-9c98-162d89965a13, thingarn=arn:aws:iot:us-east-1:507441099951:thing/iot-device-03, thingtypename=null, attributes={installed=1592562234, latitude=37.4133144, longitude=-122.1513069}, version=1, billinggroupname=null}","2020-11-26 00:00:00.000"
"iot-device-01","1.5946604397681274E9","76.2","66.56","false","false","0.0076","0.0049","0.0203","2020-11-26T17:31:16.280+0000","{defaultclientid=iot-device-01, thingname=iot-device-01, thingid=983c2b68-f9a3-4e83-b3c6-9f6f8ad5431b, thingarn=arn:aws:iot:us-east-1:507441099951:thing/iot-device-01, thingtypename=null, attributes={installed=1594665292, latitude=37.4133144, longitude=-122.1513069}, version=1, billinggroupname=null}","2020-11-26 00:00:00.000"
"iot-device-03","1.594660442147305E9","52.0","72.32","false","false","0.0079","0.0052","0.0212","2020-11-26T17:31:16.569+0000","{defaultclientid=iot-device-03, thingname=iot-device-03, thingid=877352b9-a35d-45d3-9c98-162d89965a13, thingarn=arn:aws:iot:us-east-1:507441099951:thing/iot-device-03, thingtypename=null, attributes={installed=1592562234, latitude=37.4133144, longitude=-122.1513069}, version=1, billinggroupname=null}","2020-11-26 00:00:00.000"
"iot-device-03","1.5946604458331401E9","52.0","72.32","false","false","0.0079","0.0052","0.0211","2020-11-26T17:31:16.871+0000","{defaultclientid=iot-device-03, thingname=iot-device-03, thingid=877352b9-a35d-45d3-9c98-162d89965a13, thingarn=arn:aws:iot:us-east-1:507441099951:thing/iot-device-03, thingtypename=null, attributes={installed=1592562234, latitude=37.4133144, longitude=-122.1513069}, version=1, billinggroupname=null}","2020-11-26 00:00:00.000"
"iot-device-01","1.5946604473419325E9","76.9","66.56","false","false","0.0076","0.0049","0.0203","2020-11-26T17:31:17.168+0000","{defaultclientid=iot-device-01, thingname=iot-device-01, thingid=983c2b68-f9a3-4e83-b3c6-9f6f8ad5431b, thingarn=arn:aws:iot:us-east-1:507441099951:thing/iot-device-01, thingtypename=null, attributes={installed=1594665292, latitude=37.4133144, longitude=-122.1513069}, version=1, billinggroupname=null}","2020-11-26 00:00:00.000"
"iot-device-03","1.5946604495189426E9","52.1","72.5","false","false","0.0079","0.0052","0.0211","2020-11-26T17:31:17.460+0000","{defaultclientid=iot-device-03, thingname=iot-device-03, thingid=877352b9-a35d-45d3-9c98-162d89965a13, thingarn=arn:aws:iot:us-east-1:507441099951:thing/iot-device-03, thingtypename=null, attributes={installed=1592562234, latitude=37.4133144, longitude=-122.1513069}, version=1, billinggroupname=null}","2020-11-26 00:00:00.000"
"iot-device-01","1.5946604517417042E9","76.5","66.74","false","false","0.0076","0.0049","0.0202","2020-11-26T17:31:17.760+0000","{defaultclientid=iot-device-01, thingname=iot-device-01, thingid=983c2b68-f9a3-4e83-b3c6-9f6f8ad5431b, thingarn=arn:aws:iot:us-east-1:507441099951:thing/iot-device-01, thingtypename=null, attributes={installed=1594665292, latitude=37.4133144, longitude=-122.1513069}, version=1, billinggroupname=null}","2020-11-26 00:00:00.000"
"iot-device-03","1.5946604532050257E9","52.1","72.32","false","false","0.0079","0.0052","0.0211","2020-11-26T17:31:18.060+0000","{defaultclientid=iot-device-03, thingname=iot-device-03, thingid=877352b9-a35d-45d3-9c98-162d89965a13, thingarn=arn:aws:iot:us-east-1:507441099951:thing/iot-device-03, thingtypename=null, attributes={installed=1592562234, latitude=37.4133144, longitude=-122.1513069}, version=1, billinggroupname=null}","2020-11-26 00:00:00.000"
"iot-device-03","1.5946604163484485E9","52.0","72.32","false","false","0.0079","0.0051","0.021","2020-11-26T17:31:12.443+0000","{defaultclientid=iot-device-03, thingname=iot-device-03, thingid=877352b9-a35d-45d3-9c98-162d89965a13, thingarn=arn:aws:iot:us-east-1:507441099951:thing/iot-device-03, thingtypename=null, attributes={installed=1592562234, latitude=37.4133144, longitude=-122.1513069}, version=1, billinggroupname=null}","2020-11-26 00:00:00.000"
"iot-device-02","1.5946604186907792E9","63.0","76.64","true","false","0.0068","0.0042","0.0181","2020-11-26T17:31:12.731+0000","{defaultclientid=iot-device-02, thingname=iot-device-02, thingid=4ae4927a-aefb-4584-a45a-fc4839feffd6, thingarn=arn:aws:iot:us-east-1:507441099951:thing/iot-device-02, thingtypename=null, attributes={installed=1593361211, latitude=32.8205865, longitude=-96.871627}, version=1, billinggroupname=null}","2020-11-26 00:00:00.000"
"iot-device-03","1.5946604200342894E9","52.0","72.32","false","false","0.0079","0.0052","0.0211","2020-11-26T17:31:13.030+0000","{defaultclientid=iot-device-03, thingname=iot-device-03, thingid=877352b9-a35d-45d3-9c98-162d89965a13, thingarn=arn:aws:iot:us-east-1:507441099951:thing/iot-device-03, thingtypename=null, attributes={installed=1592562234, latitude=37.4133144, longitude=-122.1513069}, version=1, billinggroupname=null}","2020-11-26 00:00:00.000"
"iot-device-01","1.5946604207372475E9","76.3","66.56","false","false","0.0076","0.0049","0.0203","2020-11-26T17:31:13.321+0000","{defaultclientid=iot-device-01, thingname=iot-device-01, thingid=983c2b68-f9a3-4e83-b3c6-9f6f8ad5431b, thingarn=arn:aws:iot:us-east-1:507441099951:thing/iot-device-01, thingtypename=null, attributes={installed=1594665292, latitude=37.4133144, longitude=-122.1513069}, version=1, billinggroupname=null}","2020-11-26 00:00:00.000"
"iot-device-03","1.5946604237200153E9","52.0","72.32","false","false","0.0079","0.0052","0.0211","2020-11-26T17:31:13.610+0000","{defaultclientid=iot-device-03, thingname=iot-device-03, thingid=877352b9-a35d-45d3-9c98-162d89965a13, thingarn=arn:aws:iot:us-east-1:507441099951:thing/iot-device-03, thingtypename=null, attributes={installed=1592562234, latitude=37.4133144, longitude=-122.1513069}, version=1, billinggroupname=null}","2020-11-26 00:00:00.000"
"iot-device-01","1.594660424560623E9","76.1","66.56","false","false","0.0076","0.0049","0.0203","2020-11-26T17:31:13.910+0000","{defaultclientid=iot-device-01, thingname=iot-device-01, thingid=983c2b68-f9a3-4e83-b3c6-9f6f8ad5431b, thingarn=arn:aws:iot:us-east-1:507441099951:thing/iot-device-01, thingtypename=null, attributes={installed=1594665292, latitude=37.4133144, longitude=-122.1513069}, version=1, billinggroupname=null}","2020-11-26 00:00:00.000"
"iot-device-03","1.594660427403944E9","51.9","72.32","false","false","0.0079","0.0052","0.0211","2020-11-26T17:31:14.202+0000","{defaultclientid=iot-device-03, thingname=iot-device-03, thingid=877352b9-a35d-45d3-9c98-162d89965a13, thingarn=arn:aws:iot:us-east-1:507441099951:thing/iot-device-03, thingtypename=null, attributes={installed=1592562234, latitude=37.4133144, longitude=-122.1513069}, version=1, billinggroupname=null}","2020-11-26 00:00:00.000"
"iot-device-01","1.594660428915182E9","76.2","66.56","false","false","0.0076","0.0049","0.0202","2020-11-26T17:31:14.501+0000","{defaultclientid=iot-device-01, thingname=iot-device-01, thingid=983c2b68-f9a3-4e83-b3c6-9f6f8ad5431b, thingarn=arn:aws:iot:us-east-1:507441099951:thing/iot-device-01, thingtypename=null, attributes={installed=1594665292, latitude=37.4133144, longitude=-122.1513069}, version=1, billinggroupname=null}","2020-11-26 00:00:00.000"
"iot-device-03","1.5946604310899205E9","52.0","72.32","false","false","0.0079","0.0051","0.021","2020-11-26T17:31:14.791+0000","{defaultclientid=iot-device-03, thingname=iot-device-03, thingid=877352b9-a35d-45d3-9c98-162d89965a13, thingarn=arn:aws:iot:us-east-1:507441099951:thing/iot-device-03, thingtypename=null, attributes={installed=1592562234, latitude=37.4133144, longitude=-122.1513069}, version=1, billinggroupname=null}","2020-11-26 00:00:00.000"
"iot-device-02","1.5946604313063824E9","62.8","76.64","true","false","0.0068","0.0042","0.0181","2020-11-26T17:31:15.089+0000","{defaultclientid=iot-device-02, thingname=iot-device-02, thingid=4ae4927a-aefb-4584-a45a-fc4839feffd6, thingarn=arn:aws:iot:us-east-1:507441099951:thing/iot-device-02, thingtypename=null, attributes={installed=1593361211, latitude=32.8205865, longitude=-96.871627}, version=1, billinggroupname=null}","2020-11-26 00:00:00.000"
"iot-device-02","1.5946604532940338E9","62.6","76.64","true","false","0.0068","0.0042","0.018","2020-11-26T17:31:18.362+0000","{defaultclientid=iot-device-02, thingname=iot-device-02, thingid=4ae4927a-aefb-4584-a45a-fc4839feffd6, thingarn=arn:aws:iot:us-east-1:507441099951:thing/iot-device-02, thingtypename=null, attributes={installed=1593361211, latitude=32.8205865, longitude=-96.871627}, version=1, billinggroupname=null}","2020-11-26 00:00:00.000"
"iot-device-03","1.5946604568911202E9","52.1","72.5","false","false","0.0079","0.0052","0.0211","2020-11-26T17:31:18.669+0000","{defaultclientid=iot-device-03, thingname=iot-device-03, thingid=877352b9-a35d-45d3-9c98-162d89965a13, thingarn=arn:aws:iot:us-east-1:507441099951:thing/iot-device-03, thingtypename=null, attributes={installed=1592562234, latitude=37.4133144, longitude=-122.1513069}, version=1, billinggroupname=null}","2020-11-26 00:00:00.000"
"iot-device-01","1.594660458794258E9","76.2","66.56","false","false","0.0076","0.0049","0.0203","2020-11-26T17:31:18.961+0000","{defaultclientid=iot-device-01, thingname=iot-device-01, thingid=983c2b68-f9a3-4e83-b3c6-9f6f8ad5431b, thingarn=arn:aws:iot:us-east-1:507441099951:thing/iot-device-01, thingtypename=null, attributes={installed=1594665292, latitude=37.4133144, longitude=-122.1513069}, version=1, billinggroupname=null}","2020-11-26 00:00:00.000"
"iot-device-02","1.5946604603071132E9","62.6","76.64","true","false","0.0068","0.0042","0.018","2020-11-26T17:31:19.267+0000","{defaultclientid=iot-device-02, thingname=iot-device-02, thingid=4ae4927a-aefb-4584-a45a-fc4839feffd6, thingarn=arn:aws:iot:us-east-1:507441099951:thing/iot-device-02, thingtypename=null, attributes={installed=1593361211, latitude=32.8205865, longitude=-96.871627}, version=1, billinggroupname=null}","2020-11-26 00:00:00.000"
"iot-device-03","1.594660460576955E9","52.0","72.32","false","false","0.0079","0.0052","0.021","2020-11-26T17:31:19.570+0000","{defaultclientid=iot-device-03, thingname=iot-device-03, thingid=877352b9-a35d-45d3-9c98-162d89965a13, thingarn=arn:aws:iot:us-east-1:507441099951:thing/iot-device-03, thingtypename=null, attributes={installed=1592562234, latitude=37.4133144, longitude=-122.1513069}, version=1, billinggroupname=null}","2020-11-26 00:00:00.000"
"iot-device-01","1.594660464219385E9","76.2","66.56","false","false","0.0076","0.0049","0.0204","2020-11-26T17:31:19.861+0000","{defaultclientid=iot-device-01, thingname=iot-device-01, thingid=983c2b68-f9a3-4e83-b3c6-9f6f8ad5431b, thingarn=arn:aws:iot:us-east-1:507441099951:thing/iot-device-01, thingtypename=null, attributes={installed=1594665292, latitude=37.4133144, longitude=-122.1513069}, version=1, billinggroupname=null}","2020-11-26 00:00:00.000"
"iot-device-03","1.5946604642576993E9","52.1","72.5","false","false","0.0079","0.0052","0.0211","2020-11-26T17:31:20.155+0000","{defaultclientid=iot-device-03, thingname=iot-device-03, thingid=877352b9-a35d-45d3-9c98-162d89965a13, thingarn=arn:aws:iot:us-east-1:507441099951:thing/iot-device-03, thingtypename=null, attributes={installed=1592562234, latitude=37.4133144, longitude=-122.1513069}, version=1, billinggroupname=null}","2020-11-26 00:00:00.000"
"iot-device-02","1.594660464647693E9","62.7","76.64","true","false","0.0068","0.0042","0.0181","2020-11-26T17:31:20.453+0000","{defaultclientid=iot-device-02, thingname=iot-device-02, thingid=4ae4927a-aefb-4584-a45a-fc4839feffd6, thingarn=arn:aws:iot:us-east-1:507441099951:thing/iot-device-02, thingtypename=null, attributes={installed=1593361211, latitude=32.8205865, longitude=-96.871627}, version=1, billinggroupname=null}","2020-11-26 00:00:00.000"
"iot-device-03","1.5946604679436545E9","52.1","72.5","false","false","0.0079","0.0052","0.0211","2020-11-26T17:31:20.751+0000","{defaultclientid=iot-device-03, thingname=iot-device-03, thingid=877352b9-a35d-45d3-9c98-162d89965a13, thingarn=arn:aws:iot:us-east-1:507441099951:thing/iot-device-03, thingtypename=null, attributes={installed=1592562234, latitude=37.4133144, longitude=-122.1513069}, version=1, billinggroupname=null}","2020-11-26 00:00:00.000"
"iot-device-01","1.594660468570318E9","76.4","66.74","false","false","0.0076","0.0049","0.0203","2020-11-26T17:31:21.065+0000","{defaultclientid=iot-device-01, thingname=iot-device-01, thingid=983c2b68-f9a3-4e83-b3c6-9f6f8ad5431b, thingarn=arn:aws:iot:us-east-1:507441099951:thing/iot-device-01, thingtypename=null, attributes={installed=1594665292, latitude=37.4133144, longitude=-122.1513069}, version=1, billinggroupname=null}","2020-11-26 00:00:00.000"
"iot-device-01","1.5946605017175915E9","76.5","66.56","false","false","0.0076","0.0049","0.0202","2020-11-26T17:31:27.314+0000","{defaultclientid=iot-device-01, thingname=iot-device-01, thingid=983c2b68-f9a3-4e83-b3c6-9f6f8ad5431b, thingarn=arn:aws:iot:us-east-1:507441099951:thing/iot-device-01, thingtypename=null, attributes={installed=1594665292, latitude=37.4133144, longitude=-122.1513069}, version=1, billinggroupname=null}","2020-11-26 00:00:00.000"
"iot-device-03","1.5946605046814704E9","52.1","72.5","false","false","0.0079","0.0052","0.0211","2020-11-26T17:31:27.612+0000","{defaultclientid=iot-device-03, thingname=iot-device-03, thingid=877352b9-a35d-45d3-9c98-162d89965a13, thingarn=arn:aws:iot:us-east-1:507441099951:thing/iot-device-03, thingtypename=null, attributes={installed=1592562234, latitude=37.4133144, longitude=-122.1513069}, version=1, billinggroupname=null}","2020-11-26 00:00:00.000"
"iot-device-02","1.5946605063123355E9","62.7","76.64","true","false","0.0068","0.0042","0.018","2020-11-26T17:31:27.971+0000","{defaultclientid=iot-device-02, thingname=iot-device-02, thingid=4ae4927a-aefb-4584-a45a-fc4839feffd6, thingarn=arn:aws:iot:us-east-1:507441099951:thing/iot-device-02, thingtypename=null, attributes={installed=1593361211, latitude=32.8205865, longitude=-96.871627}, version=1, billinggroupname=null}","2020-11-26 00:00:00.000"
"iot-device-01","1.594660507148081E9","76.5","66.56","false","false","0.0076","0.0049","0.0203","2020-11-26T17:31:28.260+0000","{defaultclientid=iot-device-01, thingname=iot-device-01, thingid=983c2b68-f9a3-4e83-b3c6-9f6f8ad5431b, thingarn=arn:aws:iot:us-east-1:507441099951:thing/iot-device-01, thingtypename=null, attributes={installed=1594665292, latitude=37.4133144, longitude=-122.1513069}, version=1, billinggroupname=null}","2020-11-26 00:00:00.000"
"iot-device-03","1.594660508367865E9","52.0","72.32","false","false","0.0079","0.0052","0.0211","2020-11-26T17:31:28.552+0000","{defaultclientid=iot-device-03, thingname=iot-device-03, thingid=877352b9-a35d-45d3-9c98-162d89965a13, thingarn=arn:aws:iot:us-east-1:507441099951:thing/iot-device-03, thingtypename=null, attributes={installed=1592562234, latitude=37.4133144, longitude=-122.1513069}, version=1, billinggroupname=null}","2020-11-26 00:00:00.000"
"iot-device-03","1.5946605120539827E9","52.0","72.5","false","false","0.0079","0.0052","0.0211","2020-11-26T17:31:28.854+0000","{defaultclientid=iot-device-03, thingname=iot-device-03, thingid=877352b9-a35d-45d3-9c98-162d89965a13, thingarn=arn:aws:iot:us-east-1:507441099951:thing/iot-device-03, thingtypename=null, attributes={installed=1592562234, latitude=37.4133144, longitude=-122.1513069}, version=1, billinggroupname=null}","2020-11-26 00:00:00.000"
"iot-device-03","1.5946605157398498E9","52.0","72.5","false","false","0.0079","0.0052","0.021","2020-11-26T17:31:29.150+0000","{defaultclientid=iot-device-03, thingname=iot-device-03, thingid=877352b9-a35d-45d3-9c98-162d89965a13, thingarn=arn:aws:iot:us-east-1:507441099951:thing/iot-device-03, thingtypename=null, attributes={installed=1592562234, latitude=37.4133144, longitude=-122.1513069}, version=1, billinggroupname=null}","2020-11-26 00:00:00.000"
"iot-device-01","1.5946605158686695E9","76.6","66.56","false","false","0.0077","0.005","0.0204","2020-11-26T17:31:29.451+0000","{defaultclientid=iot-device-01, thingname=iot-device-01, thingid=983c2b68-f9a3-4e83-b3c6-9f6f8ad5431b, thingarn=arn:aws:iot:us-east-1:507441099951:thing/iot-device-01, thingtypename=null, attributes={installed=1594665292, latitude=37.4133144, longitude=-122.1513069}, version=1, billinggroupname=null}","2020-11-26 00:00:00.000"
"iot-device-03","1.5946605194235642E9","52.0","72.5","false","false","0.0079","0.0052","0.021","2020-11-26T17:31:29.752+0000","{defaultclientid=iot-device-03, thingname=iot-device-03, thingid=877352b9-a35d-45d3-9c98-162d89965a13, thingarn=arn:aws:iot:us-east-1:507441099951:thing/iot-device-03, thingtypename=null, attributes={installed=1592562234, latitude=37.4133144, longitude=-122.1513069}, version=1, billinggroupname=null}","2020-11-26 00:00:00.000"
"iot-device-03","1.5946604863732252E9","52.1","72.5","false","false","0.0079","0.0052","0.0211","2020-11-26T17:31:24.330+0000","{defaultclientid=iot-device-03, thingname=iot-device-03, thingid=877352b9-a35d-45d3-9c98-162d89965a13, thingarn=arn:aws:iot:us-east-1:507441099951:thing/iot-device-03, thingtypename=null, attributes={installed=1592562234, latitude=37.4133144, longitude=-122.1513069}, version=1, billinggroupname=null}","2020-11-26 00:00:00.000"
"iot-device-01","1.5946604875876348E9","76.4","66.56","false","false","0.0076","0.0049","0.0202","2020-11-26T17:31:24.633+0000","{defaultclientid=iot-device-01, thingname=iot-device-01, thingid=983c2b68-f9a3-4e83-b3c6-9f6f8ad5431b, thingarn=arn:aws:iot:us-east-1:507441099951:thing/iot-device-01, thingtypename=null, attributes={installed=1594665292, latitude=37.4133144, longitude=-122.1513069}, version=1, billinggroupname=null}","2020-11-26 00:00:00.000"
"iot-device-03","1.5946604900573235E9","52.0","72.5","false","false","0.0079","0.0052","0.021","2020-11-26T17:31:24.930+0000","{defaultclientid=iot-device-03, thingname=iot-device-03, thingid=877352b9-a35d-45d3-9c98-162d89965a13, thingarn=arn:aws:iot:us-east-1:507441099951:thing/iot-device-03, thingtypename=null, attributes={installed=1592562234, latitude=37.4133144, longitude=-122.1513069}, version=1, billinggroupname=null}","2020-11-26 00:00:00.000"
"iot-device-02","1.5946604921900327E9","62.7","76.64","true","false","0.0068","0.0042","0.018","2020-11-26T17:31:25.222+0000","{defaultclientid=iot-device-02, thingname=iot-device-02, thingid=4ae4927a-aefb-4584-a45a-fc4839feffd6, thingarn=arn:aws:iot:us-east-1:507441099951:thing/iot-device-02, thingtypename=null, attributes={installed=1593361211, latitude=32.8205865, longitude=-96.871627}, version=1, billinggroupname=null}","2020-11-26 00:00:00.000"
"iot-device-01","1.5946604924774785E9","76.4","66.56","false","false","0.0076","0.0049","0.0203","2020-11-26T17:31:25.520+0000","{defaultclientid=iot-device-01, thingname=iot-device-01, thingid=983c2b68-f9a3-4e83-b3c6-9f6f8ad5431b, thingarn=arn:aws:iot:us-east-1:507441099951:thing/iot-device-01, thingtypename=null, attributes={installed=1594665292, latitude=37.4133144, longitude=-122.1513069}, version=1, billinggroupname=null}","2020-11-26 00:00:00.000"
"iot-device-03","1.5946604937434864E9","52.0","72.32","false","false","0.0079","0.0052","0.0211","2020-11-26T17:31:25.824+0000","{defaultclientid=iot-device-03, thingname=iot-device-03, thingid=877352b9-a35d-45d3-9c98-162d89965a13, thingarn=arn:aws:iot:us-east-1:507441099951:thing/iot-device-03, thingtypename=null, attributes={installed=1592562234, latitude=37.4133144, longitude=-122.1513069}, version=1, billinggroupname=null}","2020-11-26 00:00:00.000"
"iot-device-01","1.5946604968296413E9","76.5","66.56","false","false","0.0076","0.0049","0.0202","2020-11-26T17:31:26.119+0000","{defaultclientid=iot-device-01, thingname=iot-device-01, thingid=983c2b68-f9a3-4e83-b3c6-9f6f8ad5431b, thingarn=arn:aws:iot:us-east-1:507441099951:thing/iot-device-01, thingtypename=null, attributes={installed=1594665292, latitude=37.4133144, longitude=-122.1513069}, version=1, billinggroupname=null}","2020-11-26 00:00:00.000"
"iot-device-02","1.5946604970943198E9","62.7","76.64","true","false","0.0068","0.0042","0.0181","2020-11-26T17:31:26.420+0000","{defaultclientid=iot-device-02, thingname=iot-device-02, thingid=4ae4927a-aefb-4584-a45a-fc4839feffd6, thingarn=arn:aws:iot:us-east-1:507441099951:thing/iot-device-02, thingtypename=null, attributes={installed=1593361211, latitude=32.8205865, longitude=-96.871627}, version=1, billinggroupname=null}","2020-11-26 00:00:00.000"
"iot-device-03","1.5946604972995665E9","52.1","72.5","false","false","0.0079","0.0051","0.021","2020-11-26T17:31:26.713+0000","{defaultclientid=iot-device-03, thingname=iot-device-03, thingid=877352b9-a35d-45d3-9c98-162d89965a13, thingarn=arn:aws:iot:us-east-1:507441099951:thing/iot-device-03, thingtypename=null, attributes={installed=1592562234, latitude=37.4133144, longitude=-122.1513069}, version=1, billinggroupname=null}","2020-11-26 00:00:00.000"
"iot-device-03","1.5946605009955356E9","52.0","72.5","false","false","0.0079","0.0052","0.021","2020-11-26T17:31:27.011+0000","{defaultclientid=iot-device-03, thingname=iot-device-03, thingid=877352b9-a35d-45d3-9c98-162d89965a13, thingarn=arn:aws:iot:us-east-1:507441099951:thing/iot-device-03, thingtypename=null, attributes={installed=1592562234, latitude=37.4133144, longitude=-122.1513069}, version=1, billinggroupname=null}","2020-11-26 00:00:00.000"
"iot-device-02","1.594660369415365E9","62.8","76.64","true","false","0.0068","0.0042","0.0181","2020-11-26T17:31:03.002+0000","{defaultclientid=iot-device-02, thingname=iot-device-02, thingid=4ae4927a-aefb-4584-a45a-fc4839feffd6, thingarn=arn:aws:iot:us-east-1:507441099951:thing/iot-device-02, thingtypename=null, attributes={installed=1593361211, latitude=32.8205865, longitude=-96.871627}, version=1, billinggroupname=null}","2020-11-26 00:00:00.000"
"iot-device-03","1.5946603722008502E9","52.0","72.32","false","false","0.0079","0.0052","0.0211","2020-11-26T17:31:03.303+0000","{defaultclientid=iot-device-03, thingname=iot-device-03, thingid=877352b9-a35d-45d3-9c98-162d89965a13, thingarn=arn:aws:iot:us-east-1:507441099951:thing/iot-device-03, thingtypename=null, attributes={installed=1592562234, latitude=37.4133144, longitude=-122.1513069}, version=1, billinggroupname=null}","2020-11-26 00:00:00.000"
"iot-device-01","1.5946603729302454E9","76.0","66.56","false","false","0.0077","0.005","0.0204","2020-11-26T17:31:03.606+0000","{defaultclientid=iot-device-01, thingname=iot-device-01, thingid=983c2b68-f9a3-4e83-b3c6-9f6f8ad5431b, thingarn=arn:aws:iot:us-east-1:507441099951:thing/iot-device-01, thingtypename=null, attributes={installed=1594665292, latitude=37.4133144, longitude=-122.1513069}, version=1, billinggroupname=null}","2020-11-26 00:00:00.000"
"iot-device-02","1.5946603732239618E9","62.8","76.64","true","false","0.0068","0.0042","0.0181","2020-11-26T17:31:03.904+0000","{defaultclientid=iot-device-02, thingname=iot-device-02, thingid=4ae4927a-aefb-4584-a45a-fc4839feffd6, thingarn=arn:aws:iot:us-east-1:507441099951:thing/iot-device-02, thingtypename=null, attributes={installed=1593361211, latitude=32.8205865, longitude=-96.871627}, version=1, billinggroupname=null}","2020-11-26 00:00:00.000"
"iot-device-03","1.594660375808247E9","52.0","72.32","false","false","0.0079","0.0052","0.0211","2020-11-26T17:31:04.194+0000","{defaultclientid=iot-device-03, thingname=iot-device-03, thingid=877352b9-a35d-45d3-9c98-162d89965a13, thingarn=arn:aws:iot:us-east-1:507441099951:thing/iot-device-03, thingtypename=null, attributes={installed=1592562234, latitude=37.4133144, longitude=-122.1513069}, version=1, billinggroupname=null}","2020-11-26 00:00:00.000"
"iot-device-01","1.5946603783589444E9","76.0","66.56","false","false","0.0077","0.005","0.0204","2020-11-26T17:31:04.725+0000","{defaultclientid=iot-device-01, thingname=iot-device-01, thingid=983c2b68-f9a3-4e83-b3c6-9f6f8ad5431b, thingarn=arn:aws:iot:us-east-1:507441099951:thing/iot-device-01, thingtypename=null, attributes={installed=1594665292, latitude=37.4133144, longitude=-122.1513069}, version=1, billinggroupname=null}","2020-11-26 00:00:00.000"
"iot-device-02","1.5946603791725855E9","62.8","76.64","true","false","0.0068","0.0042","0.0181","2020-11-26T17:31:05.013+0000","{defaultclientid=iot-device-02, thingname=iot-device-02, thingid=4ae4927a-aefb-4584-a45a-fc4839feffd6, thingarn=arn:aws:iot:us-east-1:507441099951:thing/iot-device-02, thingtypename=null, attributes={installed=1593361211, latitude=32.8205865, longitude=-96.871627}, version=1, billinggroupname=null}","2020-11-26 00:00:00.000"
"iot-device-03","1.5946603795045495E9","52.0","72.32","false","false","0.0079","0.0052","0.0211","2020-11-26T17:31:05.312+0000","{defaultclientid=iot-device-03, thingname=iot-device-03, thingid=877352b9-a35d-45d3-9c98-162d89965a13, thingarn=arn:aws:iot:us-east-1:507441099951:thing/iot-device-03, thingtypename=null, attributes={installed=1592562234, latitude=37.4133144, longitude=-122.1513069}, version=1, billinggroupname=null}","2020-11-26 00:00:00.000"
"iot-device-01","1.5946603821805027E9","76.0","66.56","false","false","0.0076","0.0049","0.0203","2020-11-26T17:31:05.612+0000","{defaultclientid=iot-device-01, thingname=iot-device-01, thingid=983c2b68-f9a3-4e83-b3c6-9f6f8ad5431b, thingarn=arn:aws:iot:us-east-1:507441099951:thing/iot-device-01, thingtypename=null, attributes={installed=1594665292, latitude=37.4133144, longitude=-122.1513069}, version=1, billinggroupname=null}","2020-11-26 00:00:00.000"
"iot-device-03","1.594660383188024E9","52.0","72.32","false","false","0.0079","0.0052","0.0211","2020-11-26T17:31:05.913+0000","{defaultclientid=iot-device-03, thingname=iot-device-03, thingid=877352b9-a35d-45d3-9c98-162d89965a13, thingarn=arn:aws:iot:us-east-1:507441099951:thing/iot-device-03, thingtypename=null, attributes={installed=1592562234, latitude=37.4133144, longitude=-122.1513069}, version=1, billinggroupname=null}","2020-11-26 00:00:00.000"
"iot-device-03","1.5946603868739061E9","52.0","72.32","false","false","0.0079","0.0052","0.0211","2020-11-26T17:31:06.202+0000","{defaultclientid=iot-device-03, thingname=iot-device-03, thingid=877352b9-a35d-45d3-9c98-162d89965a13, thingarn=arn:aws:iot:us-east-1:507441099951:thing/iot-device-03, thingtypename=null, attributes={installed=1592562234, latitude=37.4133144, longitude=-122.1513069}, version=1, billinggroupname=null}","2020-11-26 00:00:00.000"
"iot-device-02","1.5946603872805586E9","62.8","76.64","true","false","0.0068","0.0042","0.0181","2020-11-26T17:31:06.501+0000","{defaultclientid=iot-device-02, thingname=iot-device-02, thingid=4ae4927a-aefb-4584-a45a-fc4839feffd6, thingarn=arn:aws:iot:us-east-1:507441099951:thing/iot-device-02, thingtypename=null, attributes={installed=1593361211, latitude=32.8205865, longitude=-96.871627}, version=1, billinggroupname=null}","2020-11-26 00:00:00.000"
"iot-device-01","1.5946603876135592E9","76.0","66.56","false","false","0.0076","0.0049","0.0204","2020-11-26T17:31:06.830+0000","{defaultclientid=iot-device-01, thingname=iot-device-01, thingid=983c2b68-f9a3-4e83-b3c6-9f6f8ad5431b, thingarn=arn:aws:iot:us-east-1:507441099951:thing/iot-device-01, thingtypename=null, attributes={installed=1594665292, latitude=37.4133144, longitude=-122.1513069}, version=1, billinggroupname=null}","2020-11-26 00:00:00.000"
"iot-device-03","1.5946603905597556E9","52.0","72.32","false","false","0.0079","0.0052","0.021","2020-11-26T17:31:07.122+0000","{defaultclientid=iot-device-03, thingname=iot-device-03, thingid=877352b9-a35d-45d3-9c98-162d89965a13, thingarn=arn:aws:iot:us-east-1:507441099951:thing/iot-device-03, thingtypename=null, attributes={installed=1592562234, latitude=37.4133144, longitude=-122.1513069}, version=1, billinggroupname=null}","2020-11-26 00:00:00.000"
"iot-device-01","1.5946603914262815E9","76.8","66.56","false","false","0.0077","0.005","0.0205","2020-11-26T17:31:07.411+0000","{defaultclientid=iot-device-01, thingname=iot-device-01, thingid=983c2b68-f9a3-4e83-b3c6-9f6f8ad5431b, thingarn=arn:aws:iot:us-east-1:507441099951:thing/iot-device-01, thingtypename=null, attributes={installed=1594665292, latitude=37.4133144, longitude=-122.1513069}, version=1, billinggroupname=null}","2020-11-26 00:00:00.000"
"iot-device-03","1.5946603942456276E9","52.0","72.32","false","false","0.0079","0.0052","0.0211","2020-11-26T17:31:07.708+0000","{defaultclientid=iot-device-03, thingname=iot-device-03, thingid=877352b9-a35d-45d3-9c98-162d89965a13, thingarn=arn:aws:iot:us-east-1:507441099951:thing/iot-device-03, thingtypename=null, attributes={installed=1592562234, latitude=37.4133144, longitude=-122.1513069}, version=1, billinggroupname=null}","2020-11-26 00:00:00.000"
"iot-device-02","1.5946603948395064E9","63.0","76.64","true","false","0.0068","0.0042","0.018","2020-11-26T17:31:08.012+0000","{defaultclientid=iot-device-02, thingname=iot-device-02, thingid=4ae4927a-aefb-4584-a45a-fc4839feffd6, thingarn=arn:aws:iot:us-east-1:507441099951:thing/iot-device-02, thingtypename=null, attributes={installed=1593361211, latitude=32.8205865, longitude=-96.871627}, version=1, billinggroupname=null}","2020-11-26 00:00:00.000"
"iot-device-01","1.5946603963148685E9","76.0","66.56","false","false","0.0076","0.0049","0.0203","2020-11-26T17:31:08.371+0000","{defaultclientid=iot-device-01, thingname=iot-device-01, thingid=983c2b68-f9a3-4e83-b3c6-9f6f8ad5431b, thingarn=arn:aws:iot:us-east-1:507441099951:thing/iot-device-01, thingtypename=null, attributes={installed=1594665292, latitude=37.4133144, longitude=-122.1513069}, version=1, billinggroupname=null}","2020-11-26 00:00:00.000"
"iot-device-03","1.5946603979312348E9","52.0","72.32","false","false","0.0079","0.0052","0.0211","2020-11-26T17:31:08.670+0000","{defaultclientid=iot-device-03, thingname=iot-device-03, thingid=877352b9-a35d-45d3-9c98-162d89965a13, thingarn=arn:aws:iot:us-east-1:507441099951:thing/iot-device-03, thingtypename=null, attributes={installed=1592562234, latitude=37.4133144, longitude=-122.1513069}, version=1, billinggroupname=null}","2020-11-26 00:00:00.000"
"iot-device-02","1.5946603986457446E9","62.8","76.64","true","false","0.0068","0.0042","0.018","2020-11-26T17:31:08.961+0000","{defaultclientid=iot-device-02, thingname=iot-device-02, thingid=4ae4927a-aefb-4584-a45a-fc4839feffd6, thingarn=arn:aws:iot:us-east-1:507441099951:thing/iot-device-02, thingtypename=null, attributes={installed=1593361211, latitude=32.8205865, longitude=-96.871627}, version=1, billinggroupname=null}","2020-11-26 00:00:00.000"
"iot-device-03","1.5946604016169784E9","52.0","72.32","false","false","0.0079","0.0052","0.0211","2020-11-26T17:31:09.261+0000","{defaultclientid=iot-device-03, thingname=iot-device-03, thingid=877352b9-a35d-45d3-9c98-162d89965a13, thingarn=arn:aws:iot:us-east-1:507441099951:thing/iot-device-03, thingtypename=null, attributes={installed=1592562234, latitude=37.4133144, longitude=-122.1513069}, version=1, billinggroupname=null}","2020-11-26 00:00:00.000"
"iot-device-02","1.5946604040581892E9","62.8","76.64","true","false","0.0068","0.0042","0.0181","2020-11-26T17:31:09.561+0000","{defaultclientid=iot-device-02, thingname=iot-device-02, thingid=4ae4927a-aefb-4584-a45a-fc4839feffd6, thingarn=arn:aws:iot:us-east-1:507441099951:thing/iot-device-02, thingtypename=null, attributes={installed=1593361211, latitude=32.8205865, longitude=-96.871627}, version=1, billinggroupname=null}","2020-11-26 00:00:00.000"
"iot-device-01","1.594660404966422E9","76.1","66.56","false","false","0.0076","0.0049","0.0204","2020-11-26T17:31:09.860+0000","{defaultclientid=iot-device-01, thingname=iot-device-01, thingid=983c2b68-f9a3-4e83-b3c6-9f6f8ad5431b, thingarn=arn:aws:iot:us-east-1:507441099951:thing/iot-device-01, thingtypename=null, attributes={installed=1594665292, latitude=37.4133144, longitude=-122.1513069}, version=1, billinggroupname=null}","2020-11-26 00:00:00.000"
"iot-device-03","1.5946604053028662E9","52.0","72.32","false","false","0.0079","0.0052","0.0211","2020-11-26T17:31:10.173+0000","{defaultclientid=iot-device-03, thingname=iot-device-03, thingid=877352b9-a35d-45d3-9c98-162d89965a13, thingarn=arn:aws:iot:us-east-1:507441099951:thing/iot-device-03, thingtypename=null, attributes={installed=1592562234, latitude=37.4133144, longitude=-122.1513069}, version=1, billinggroupname=null}","2020-11-26 00:00:00.000"
"iot-device-03","1.5946604089788654E9","52.0","72.32","false","false","0.0079","0.0052","0.0211","2020-11-26T17:31:10.474+0000","{defaultclientid=iot-device-03, thingname=iot-device-03, thingid=877352b9-a35d-45d3-9c98-162d89965a13, thingarn=arn:aws:iot:us-east-1:507441099951:thing/iot-device-03, thingtypename=null, attributes={installed=1592562234, latitude=37.4133144, longitude=-122.1513069}, version=1, billinggroupname=null}","2020-11-26 00:00:00.000"
"iot-device-01","1.5946604093186762E9","76.1","66.56","false","false","0.0076","0.0049","0.0202","2020-11-26T17:31:10.771+0000","{defaultclientid=iot-device-01, thingname=iot-device-01, thingid=983c2b68-f9a3-4e83-b3c6-9f6f8ad5431b, thingarn=arn:aws:iot:us-east-1:507441099951:thing/iot-device-01, thingtypename=null, attributes={installed=1594665292, latitude=37.4133144, longitude=-122.1513069}, version=1, billinggroupname=null}","2020-11-26 00:00:00.000"
"iot-device-02","1.594660410005267E9","62.8","76.64","true","false","0.0068","0.0042","0.0181","2020-11-26T17:31:11.080+0000","{defaultclientid=iot-device-02, thingname=iot-device-02, thingid=4ae4927a-aefb-4584-a45a-fc4839feffd6, thingarn=arn:aws:iot:us-east-1:507441099951:thing/iot-device-02, thingtypename=null, attributes={installed=1593361211, latitude=32.8205865, longitude=-96.871627}, version=1, billinggroupname=null}","2020-11-26 00:00:00.000"
"iot-device-03","1.594660412664577E9","52.0","72.32","false","false","0.0079","0.0052","0.0211","2020-11-26T17:31:11.412+0000","{defaultclientid=iot-device-03, thingname=iot-device-03, thingid=877352b9-a35d-45d3-9c98-162d89965a13, thingarn=arn:aws:iot:us-east-1:507441099951:thing/iot-device-03, thingtypename=null, attributes={installed=1592562234, latitude=37.4133144, longitude=-122.1513069}, version=1, billinggroupname=null}","2020-11-26 00:00:00.000"
"iot-device-02","1.5946604143475494E9","62.8","76.64","true","false","0.0068","0.0042","0.0181","2020-11-26T17:31:11.728+0000","{defaultclientid=iot-device-02, thingname=iot-device-02, thingid=4ae4927a-aefb-4584-a45a-fc4839feffd6, thingarn=arn:aws:iot:us-east-1:507441099951:thing/iot-device-02, thingtypename=null, attributes={installed=1593361211, latitude=32.8205865, longitude=-96.871627}, version=1, billinggroupname=null}","2020-11-26 00:00:00.000"
"iot-device-01","1.594660415308139E9","76.1","66.56","false","false","0.0076","0.0049","0.0203","2020-11-26T17:31:12.027+0000","{defaultclientid=iot-device-01, thingname=iot-device-01, thingid=983c2b68-f9a3-4e83-b3c6-9f6f8ad5431b, thingarn=arn:aws:iot:us-east-1:507441099951:thing/iot-device-01, thingtypename=null, attributes={installed=1594665292, latitude=37.4133144, longitude=-122.1513069}, version=1, billinggroupname=null}","2020-11-26 00:00:00.000"
"iot-device-02","1.594650586551284E9","61.9","74.48","true","false","0.007","0.0043","0.0184","2020-11-26T17:25:17.851+0000","{defaultclientid=iot-device-02, thingname=iot-device-02, thingid=4ae4927a-aefb-4584-a45a-fc4839feffd6, thingarn=arn:aws:iot:us-east-1:507441099951:thing/iot-device-02, thingtypename=null, attributes={installed=1593361211, latitude=32.8205865, longitude=-96.871627}, version=1, billinggroupname=null}","2020-11-26 00:00:00.000"
"iot-device-03","1.594650587246783E9","49.4","70.88","false","false","0.0079","0.0051","0.021","2020-11-26T17:25:18.139+0000","{defaultclientid=iot-device-03, thingname=iot-device-03, thingid=877352b9-a35d-45d3-9c98-162d89965a13, thingarn=arn:aws:iot:us-east-1:507441099951:thing/iot-device-03, thingtypename=null, attributes={installed=1592562234, latitude=37.4133144, longitude=-122.1513069}, version=1, billinggroupname=null}","2020-11-26 00:00:00.000"
"iot-device-01","1.5946505907426553E9","74.0","66.74","false","false","0.0065","0.0039","0.017","2020-11-26T17:25:18.445+0000","{defaultclientid=iot-device-01, thingname=iot-device-01, thingid=983c2b68-f9a3-4e83-b3c6-9f6f8ad5431b, thingarn=arn:aws:iot:us-east-1:507441099951:thing/iot-device-01, thingtypename=null, attributes={installed=1594665292, latitude=37.4133144, longitude=-122.1513069}, version=1, billinggroupname=null}","2020-11-26 00:00:00.000"
"iot-device-03","1.5946505909338365E9","49.4","70.7","false","false","0.0079","0.0051","0.021","2020-11-26T17:25:18.740+0000","{defaultclientid=iot-device-03, thingname=iot-device-03, thingid=877352b9-a35d-45d3-9c98-162d89965a13, thingarn=arn:aws:iot:us-east-1:507441099951:thing/iot-device-03, thingtypename=null, attributes={installed=1592562234, latitude=37.4133144, longitude=-122.1513069}, version=1, billinggroupname=null}","2020-11-26 00:00:00.000"
"iot-device-02","1.5946505919625714E9","62.0","74.48","true","false","0.007","0.0043","0.0184","2020-11-26T17:25:19.118+0000","{defaultclientid=iot-device-02, thingname=iot-device-02, thingid=4ae4927a-aefb-4584-a45a-fc4839feffd6, thingarn=arn:aws:iot:us-east-1:507441099951:thing/iot-device-02, thingtypename=null, attributes={installed=1593361211, latitude=32.8205865, longitude=-96.871627}, version=1, billinggroupname=null}","2020-11-26 00:00:00.000"
"iot-device-03","1.5946505946207712E9","49.4","70.7","false","false","0.0078","0.0051","0.0209","2020-11-26T17:25:19.411+0000","{defaultclientid=iot-device-03, thingname=iot-device-03, thingid=877352b9-a35d-45d3-9c98-162d89965a13, thingarn=arn:aws:iot:us-east-1:507441099951:thing/iot-device-03, thingtypename=null, attributes={installed=1592562234, latitude=37.4133144, longitude=-122.1513069}, version=1, billinggroupname=null}","2020-11-26 00:00:00.000"
"iot-device-02","1.59465059577114E9","62.1","74.48","true","false","0.007","0.0043","0.0184","2020-11-26T17:25:19.718+0000","{defaultclientid=iot-device-02, thingname=iot-device-02, thingid=4ae4927a-aefb-4584-a45a-fc4839feffd6, thingarn=arn:aws:iot:us-east-1:507441099951:thing/iot-device-02, thingtypename=null, attributes={installed=1593361211, latitude=32.8205865, longitude=-96.871627}, version=1, billinggroupname=null}","2020-11-26 00:00:00.000"
"iot-device-01","1.5946505961775925E9","74.0","66.74","false","false","0.0065","0.0039","0.017","2020-11-26T17:25:20.021+0000","{defaultclientid=iot-device-01, thingname=iot-device-01, thingid=983c2b68-f9a3-4e83-b3c6-9f6f8ad5431b, thingarn=arn:aws:iot:us-east-1:507441099951:thing/iot-device-01, thingtypename=null, attributes={installed=1594665292, latitude=37.4133144, longitude=-122.1513069}, version=1, billinggroupname=null}","2020-11-26 00:00:00.000"
"iot-device-03","1.5946505983087778E9","49.4","70.7","false","false","0.0079","0.0052","0.021","2020-11-26T17:25:20.325+0000","{defaultclientid=iot-device-03, thingname=iot-device-03, thingid=877352b9-a35d-45d3-9c98-162d89965a13, thingarn=arn:aws:iot:us-east-1:507441099951:thing/iot-device-03, thingtypename=null, attributes={installed=1592562234, latitude=37.4133144, longitude=-122.1513069}, version=1, billinggroupname=null}","2020-11-26 00:00:00.000"
"iot-device-02","1.5946506006496615E9","61.9","74.48","true","false","0.007","0.0043","0.0184","2020-11-26T17:25:20.620+0000","{defaultclientid=iot-device-02, thingname=iot-device-02, thingid=4ae4927a-aefb-4584-a45a-fc4839feffd6, thingarn=arn:aws:iot:us-east-1:507441099951:thing/iot-device-02, thingtypename=null, attributes={installed=1593361211, latitude=32.8205865, longitude=-96.871627}, version=1, billinggroupname=null}","2020-11-26 00:00:00.000"
"iot-device-01","1.5946504825231194E9","74.3","66.74","false","false","0.0065","0.0039","0.017","2020-11-26T17:24:59.990+0000","{defaultclientid=iot-device-01, thingname=iot-device-01, thingid=983c2b68-f9a3-4e83-b3c6-9f6f8ad5431b, thingarn=arn:aws:iot:us-east-1:507441099951:thing/iot-device-01, thingtypename=null, attributes={installed=1594665292, latitude=37.4133144, longitude=-122.1513069}, version=1, billinggroupname=null}","2020-11-26 00:00:00.000"
"iot-device-03","1.594650484116878E9","49.8","71.06","false","false","0.0078","0.0051","0.021","2020-11-26T17:25:00.290+0000","{defaultclientid=iot-device-03, thingname=iot-device-03, thingid=877352b9-a35d-45d3-9c98-162d89965a13, thingarn=arn:aws:iot:us-east-1:507441099951:thing/iot-device-03, thingtypename=null, attributes={installed=1592562234, latitude=37.4133144, longitude=-122.1513069}, version=1, billinggroupname=null}","2020-11-26 00:00:00.000"
"iot-device-02","1.5946504862299366E9","61.9","74.48","true","false","0.007","0.0043","0.0184","2020-11-26T17:25:00.588+0000","{defaultclientid=iot-device-02, thingname=iot-device-02, thingid=4ae4927a-aefb-4584-a45a-fc4839feffd6, thingarn=arn:aws:iot:us-east-1:507441099951:thing/iot-device-02, thingtypename=null, attributes={installed=1593361211, latitude=32.8205865, longitude=-96.871627}, version=1, billinggroupname=null}","2020-11-26 00:00:00.000"
"iot-device-03","1.594650487803151E9","49.7","71.06","false","false","0.0079","0.0052","0.021","2020-11-26T17:25:00.878+0000","{defaultclientid=iot-device-03, thingname=iot-device-03, thingid=877352b9-a35d-45d3-9c98-162d89965a13, thingarn=arn:aws:iot:us-east-1:507441099951:thing/iot-device-03, thingtypename=null, attributes={installed=1592562234, latitude=37.4133144, longitude=-122.1513069}, version=1, billinggroupname=null}","2020-11-26 00:00:00.000"
"iot-device-01","1.594650489559576E9","74.2","66.74","false","false","0.0065","0.0039","0.017","2020-11-26T17:25:01.170+0000","{defaultclientid=iot-device-01, thingname=iot-device-01, thingid=983c2b68-f9a3-4e83-b3c6-9f6f8ad5431b, thingarn=arn:aws:iot:us-east-1:507441099951:thing/iot-device-01, thingtypename=null, attributes={installed=1594665292, latitude=37.4133144, longitude=-122.1513069}, version=1, billinggroupname=null}","2020-11-26 00:00:00.000"
"iot-device-03","1.5946504914874382E9","49.6","70.88","false","false","0.0078","0.0051","0.0209","2020-11-26T17:25:01.460+0000","{defaultclientid=iot-device-03, thingname=iot-device-03, thingid=877352b9-a35d-45d3-9c98-162d89965a13, thingarn=arn:aws:iot:us-east-1:507441099951:thing/iot-device-03, thingtypename=null, attributes={installed=1592562234, latitude=37.4133144, longitude=-122.1513069}, version=1, billinggroupname=null}","2020-11-26 00:00:00.000"
"iot-device-02","1.5946504927133882E9","61.8","74.48","true","false","0.007","0.0043","0.0184","2020-11-26T17:25:01.768+0000","{defaultclientid=iot-device-02, thingname=iot-device-02, thingid=4ae4927a-aefb-4584-a45a-fc4839feffd6, thingarn=arn:aws:iot:us-east-1:507441099951:thing/iot-device-02, thingtypename=null, attributes={installed=1593361211, latitude=32.8205865, longitude=-96.871627}, version=1, billinggroupname=null}","2020-11-26 00:00:00.000"
"iot-device-01","1.59465049499011E9","74.3","66.74","false","false","0.0065","0.0039","0.017","2020-11-26T17:25:02.062+0000","{defaultclientid=iot-device-01, thingname=iot-device-01, thingid=983c2b68-f9a3-4e83-b3c6-9f6f8ad5431b, thingarn=arn:aws:iot:us-east-1:507441099951:thing/iot-device-01, thingtypename=null, attributes={installed=1594665292, latitude=37.4133144, longitude=-122.1513069}, version=1, billinggroupname=null}","2020-11-26 00:00:00.000"
"iot-device-03","1.5946504951723645E9","49.7","71.06","false","false","0.0078","0.0051","0.021","2020-11-26T17:25:02.360+0000","{defaultclientid=iot-device-03, thingname=iot-device-03, thingid=877352b9-a35d-45d3-9c98-162d89965a13, thingarn=arn:aws:iot:us-east-1:507441099951:thing/iot-device-03, thingtypename=null, attributes={installed=1592562234, latitude=37.4133144, longitude=-122.1513069}, version=1, billinggroupname=null}","2020-11-26 00:00:00.000"
"iot-device-02","1.5946504965220275E9","61.8","74.48","true","false","0.0069","0.0043","0.0184","2020-11-26T17:25:02.658+0000","{defaultclientid=iot-device-02, thingname=iot-device-02, thingid=4ae4927a-aefb-4584-a45a-fc4839feffd6, thingarn=arn:aws:iot:us-east-1:507441099951:thing/iot-device-02, thingtypename=null, attributes={installed=1593361211, latitude=32.8205865, longitude=-96.871627}, version=1, billinggroupname=null}","2020-11-26 00:00:00.000"
"iot-device-01","1.5946505307905133E9","74.6","66.74","false","false","0.0065","0.0039","0.017","2020-11-26T17:25:08.918+0000","{defaultclientid=iot-device-01, thingname=iot-device-01, thingid=983c2b68-f9a3-4e83-b3c6-9f6f8ad5431b, thingarn=arn:aws:iot:us-east-1:507441099951:thing/iot-device-01, thingtypename=null, attributes={installed=1594665292, latitude=37.4133144, longitude=-122.1513069}, version=1, billinggroupname=null}","2020-11-26 00:00:00.000"
"iot-device-03","1.5946505320207126E9","49.5","70.88","false","false","0.0078","0.0051","0.0209","2020-11-26T17:25:09.206+0000","{defaultclientid=iot-device-03, thingname=iot-device-03, thingid=877352b9-a35d-45d3-9c98-162d89965a13, thingarn=arn:aws:iot:us-east-1:507441099951:thing/iot-device-03, thingtypename=null, attributes={installed=1592562234, latitude=37.4133144, longitude=-122.1513069}, version=1, billinggroupname=null}","2020-11-26 00:00:00.000"
"iot-device-02","1.594650533599586E9","61.8","74.48","true","false","0.007","0.0043","0.0184","2020-11-26T17:25:09.491+0000","{defaultclientid=iot-device-02, thingname=iot-device-02, thingid=4ae4927a-aefb-4584-a45a-fc4839feffd6, thingarn=arn:aws:iot:us-east-1:507441099951:thing/iot-device-02, thingtypename=null, attributes={installed=1593361211, latitude=32.8205865, longitude=-96.871627}, version=1, billinggroupname=null}","2020-11-26 00:00:00.000"
"iot-device-03","1.5946505357093132E9","49.6","70.88","false","false","0.0079","0.0051","0.021","2020-11-26T17:25:09.804+0000","{defaultclientid=iot-device-03, thingname=iot-device-03, thingid=877352b9-a35d-45d3-9c98-162d89965a13, thingarn=arn:aws:iot:us-east-1:507441099951:thing/iot-device-03, thingtypename=null, attributes={installed=1592562234, latitude=37.4133144, longitude=-122.1513069}, version=1, billinggroupname=null}","2020-11-26 00:00:00.000"
"iot-device-03","1.5946505393950965E9","49.5","70.88","false","false","0.0078","0.0051","0.021","2020-11-26T17:25:10.104+0000","{defaultclientid=iot-device-03, thingname=iot-device-03, thingid=877352b9-a35d-45d3-9c98-162d89965a13, thingarn=arn:aws:iot:us-east-1:507441099951:thing/iot-device-03, thingtypename=null, attributes={installed=1592562234, latitude=37.4133144, longitude=-122.1513069}, version=1, billinggroupname=null}","2020-11-26 00:00:00.000"
"iot-device-02","1.5946505406273596E9","61.8","74.48","true","false","0.007","0.0043","0.0184","2020-11-26T17:25:10.388+0000","{defaultclientid=iot-device-02, thingname=iot-device-02, thingid=4ae4927a-aefb-4584-a45a-fc4839feffd6, thingarn=arn:aws:iot:us-east-1:507441099951:thing/iot-device-02, thingtypename=null, attributes={installed=1593361211, latitude=32.8205865, longitude=-96.871627}, version=1, billinggroupname=null}","2020-11-26 00:00:00.000"
"iot-device-03","1.5946505430810587E9","49.5","70.88","false","false","0.0078","0.0051","0.0209","2020-11-26T17:25:10.680+0000","{defaultclientid=iot-device-03, thingname=iot-device-03, thingid=877352b9-a35d-45d3-9c98-162d89965a13, thingarn=arn:aws:iot:us-east-1:507441099951:thing/iot-device-03, thingtypename=null, attributes={installed=1592562234, latitude=37.4133144, longitude=-122.1513069}, version=1, billinggroupname=null}","2020-11-26 00:00:00.000"
"iot-device-01","1.59465054454792E9","74.3","66.74","false","false","0.0065","0.0039","0.017","2020-11-26T17:25:10.972+0000","{defaultclientid=iot-device-01, thingname=iot-device-01, thingid=983c2b68-f9a3-4e83-b3c6-9f6f8ad5431b, thingarn=arn:aws:iot:us-east-1:507441099951:thing/iot-device-01, thingtypename=null, attributes={installed=1594665292, latitude=37.4133144, longitude=-122.1513069}, version=1, billinggroupname=null}","2020-11-26 00:00:00.000"
"iot-device-03","1.5946505467671163E9","49.5","70.88","false","false","0.0078","0.0051","0.021","2020-11-26T17:25:11.284+0000","{defaultclientid=iot-device-03, thingname=iot-device-03, thingid=877352b9-a35d-45d3-9c98-162d89965a13, thingarn=arn:aws:iot:us-east-1:507441099951:thing/iot-device-03, thingtypename=null, attributes={installed=1592562234, latitude=37.4133144, longitude=-122.1513069}, version=1, billinggroupname=null}","2020-11-26 00:00:00.000"
"iot-device-03","1.594650550455209E9","49.5","70.88","false","false","0.0078","0.0051","0.0208","2020-11-26T17:25:11.586+0000","{defaultclientid=iot-device-03, thingname=iot-device-03, thingid=877352b9-a35d-45d3-9c98-162d89965a13, thingarn=arn:aws:iot:us-east-1:507441099951:thing/iot-device-03, thingtypename=null, attributes={installed=1592562234, latitude=37.4133144, longitude=-122.1513069}, version=1, billinggroupname=null}","2020-11-26 00:00:00.000"
"iot-device-02","1.5946505133590784E9","61.5","74.48","true","false","0.007","0.0043","0.0184","2020-11-26T17:25:06.001+0000","{defaultclientid=iot-device-02, thingname=iot-device-02, thingid=4ae4927a-aefb-4584-a45a-fc4839feffd6, thingarn=arn:aws:iot:us-east-1:507441099951:thing/iot-device-02, thingtypename=null, attributes={installed=1593361211, latitude=32.8205865, longitude=-96.871627}, version=1, billinggroupname=null}","2020-11-26 00:00:00.000"
"iot-device-03","1.5946505136019971E9","49.6","70.88","false","false","0.0078","0.0051","0.021","2020-11-26T17:25:06.293+0000","{defaultclientid=iot-device-03, thingname=iot-device-03, thingid=877352b9-a35d-45d3-9c98-162d89965a13, thingarn=arn:aws:iot:us-east-1:507441099951:thing/iot-device-03, thingtypename=null, attributes={installed=1592562234, latitude=37.4133144, longitude=-122.1513069}, version=1, billinggroupname=null}","2020-11-26 00:00:00.000"
"iot-device-03","1.594650517289558E9","49.6","71.06","false","false","0.0079","0.0051","0.021","2020-11-26T17:25:06.578+0000","{defaultclientid=iot-device-03, thingname=iot-device-03, thingid=877352b9-a35d-45d3-9c98-162d89965a13, thingarn=arn:aws:iot:us-east-1:507441099951:thing/iot-device-03, thingtypename=null, attributes={installed=1592562234, latitude=37.4133144, longitude=-122.1513069}, version=1, billinggroupname=null}","2020-11-26 00:00:00.000"
"iot-device-02","1.594650517701358E9","62.2","74.48","true","false","0.007","0.0043","0.0184","2020-11-26T17:25:06.881+0000","{defaultclientid=iot-device-02, thingname=iot-device-02, thingid=4ae4927a-aefb-4584-a45a-fc4839feffd6, thingarn=arn:aws:iot:us-east-1:507441099951:thing/iot-device-02, thingtypename=null, attributes={installed=1593361211, latitude=32.8205865, longitude=-96.871627}, version=1, billinggroupname=null}","2020-11-26 00:00:00.000"
"iot-device-01","1.5946505194004905E9","74.4","66.74","false","false","0.0065","0.0039","0.017","2020-11-26T17:25:07.172+0000","{defaultclientid=iot-device-01, thingname=iot-device-01, thingid=983c2b68-f9a3-4e83-b3c6-9f6f8ad5431b, thingarn=arn:aws:iot:us-east-1:507441099951:thing/iot-device-01, thingtypename=null, attributes={installed=1594665292, latitude=37.4133144, longitude=-122.1513069}, version=1, billinggroupname=null}","2020-11-26 00:00:00.000"
"iot-device-03","1.5946505209763744E9","49.6","70.88","false","false","0.0079","0.0052","0.021","2020-11-26T17:25:07.467+0000","{defaultclientid=iot-device-03, thingname=iot-device-03, thingid=877352b9-a35d-45d3-9c98-162d89965a13, thingarn=arn:aws:iot:us-east-1:507441099951:thing/iot-device-03, thingtypename=null, attributes={installed=1592562234, latitude=37.4133144, longitude=-122.1513069}, version=1, billinggroupname=null}","2020-11-26 00:00:00.000"
"iot-device-02","1.5946505215094216E9","61.8","74.48","true","false","0.007","0.0043","0.0184","2020-11-26T17:25:07.759+0000","{defaultclientid=iot-device-02, thingname=iot-device-02, thingid=4ae4927a-aefb-4584-a45a-fc4839feffd6, thingarn=arn:aws:iot:us-east-1:507441099951:thing/iot-device-02, thingtypename=null, attributes={installed=1593361211, latitude=32.8205865, longitude=-96.871627}, version=1, billinggroupname=null}","2020-11-26 00:00:00.000"
"iot-device-03","1.5946505246532712E9","49.5","70.88","false","false","0.0078","0.0051","0.0209","2020-11-26T17:25:08.049+0000","{defaultclientid=iot-device-03, thingname=iot-device-03, thingid=877352b9-a35d-45d3-9c98-162d89965a13, thingarn=arn:aws:iot:us-east-1:507441099951:thing/iot-device-03, thingtypename=null, attributes={installed=1592562234, latitude=37.4133144, longitude=-122.1513069}, version=1, billinggroupname=null}","2020-11-26 00:00:00.000"
"iot-device-01","1.594650525368057E9","74.3","66.74","false","false","0.0065","0.0039","0.017","2020-11-26T17:25:08.358+0000","{defaultclientid=iot-device-01, thingname=iot-device-01, thingid=983c2b68-f9a3-4e83-b3c6-9f6f8ad5431b, thingarn=arn:aws:iot:us-east-1:507441099951:thing/iot-device-01, thingtypename=null, attributes={installed=1594665292, latitude=37.4133144, longitude=-122.1513069}, version=1, billinggroupname=null}","2020-11-26 00:00:00.000"
"iot-device-03","1.5946505283361213E9","49.5","70.88","false","false","0.0078","0.0051","0.0209","2020-11-26T17:25:08.639+0000","{defaultclientid=iot-device-03, thingname=iot-device-03, thingid=877352b9-a35d-45d3-9c98-162d89965a13, thingarn=arn:aws:iot:us-east-1:507441099951:thing/iot-device-03, thingtypename=null, attributes={installed=1592562234, latitude=37.4133144, longitude=-122.1513069}, version=1, billinggroupname=null}","2020-11-26 00:00:00.000"
"iot-device-01","1.5946506392567935E9","74.8","66.74","false","false","0.0065","0.0039","0.017","2020-11-26T17:25:26.770+0000","{defaultclientid=iot-device-01, thingname=iot-device-01, thingid=983c2b68-f9a3-4e83-b3c6-9f6f8ad5431b, thingarn=arn:aws:iot:us-east-1:507441099951:thing/iot-device-01, thingtypename=null, attributes={installed=1594665292, latitude=37.4133144, longitude=-122.1513069}, version=1, billinggroupname=null}","2020-11-26 00:00:00.000"
"iot-device-02","1.59465064250618E9","61.8","74.48","true","false","0.0069","0.0043","0.0184","2020-11-26T17:25:27.060+0000","{defaultclientid=iot-device-02, thingname=iot-device-02, thingid=4ae4927a-aefb-4584-a45a-fc4839feffd6, thingarn=arn:aws:iot:us-east-1:507441099951:thing/iot-device-02, thingtypename=null, attributes={installed=1593361211, latitude=32.8205865, longitude=-96.871627}, version=1, billinggroupname=null}","2020-11-26 00:00:00.000"
"iot-device-03","1.5946506425543315E9","49.2","70.7","false","false","0.0078","0.0051","0.0209","2020-11-26T17:25:27.358+0000","{defaultclientid=iot-device-03, thingname=iot-device-03, thingid=877352b9-a35d-45d3-9c98-162d89965a13, thingarn=arn:aws:iot:us-east-1:507441099951:thing/iot-device-03, thingtypename=null, attributes={installed=1592562234, latitude=37.4133144, longitude=-122.1513069}, version=1, billinggroupname=null}","2020-11-26 00:00:00.000"
"iot-device-01","1.5946506430742626E9","74.0","66.74","false","false","0.0065","0.0039","0.017","2020-11-26T17:25:27.651+0000","{defaultclientid=iot-device-01, thingname=iot-device-01, thingid=983c2b68-f9a3-4e83-b3c6-9f6f8ad5431b, thingarn=arn:aws:iot:us-east-1:507441099951:thing/iot-device-01, thingtypename=null, attributes={installed=1594665292, latitude=37.4133144, longitude=-122.1513069}, version=1, billinggroupname=null}","2020-11-26 00:00:00.000"
"iot-device-03","1.594650646242084E9","49.2","70.7","false","false","0.0078","0.0051","0.021","2020-11-26T17:25:27.939+0000","{defaultclientid=iot-device-03, thingname=iot-device-03, thingid=877352b9-a35d-45d3-9c98-162d89965a13, thingarn=arn:aws:iot:us-east-1:507441099951:thing/iot-device-03, thingtypename=null, attributes={installed=1592562234, latitude=37.4133144, longitude=-122.1513069}, version=1, billinggroupname=null}","2020-11-26 00:00:00.000"
"iot-device-03","1.594650649929924E9","49.2","70.7","false","false","0.0078","0.0051","0.0209","2020-11-26T17:25:28.250+0000","{defaultclientid=iot-device-03, thingname=iot-device-03, thingid=877352b9-a35d-45d3-9c98-162d89965a13, thingarn=arn:aws:iot:us-east-1:507441099951:thing/iot-device-03, thingtypename=null, attributes={installed=1592562234, latitude=37.4133144, longitude=-122.1513069}, version=1, billinggroupname=null}","2020-11-26 00:00:00.000"
"iot-device-02","1.594650650057358E9","61.8","74.48","true","false","0.007","0.0044","0.0185","2020-11-26T17:25:28.547+0000","{defaultclientid=iot-device-02, thingname=iot-device-02, thingid=4ae4927a-aefb-4584-a45a-fc4839feffd6, thingarn=arn:aws:iot:us-east-1:507441099951:thing/iot-device-02, thingtypename=null, attributes={installed=1593361211, latitude=32.8205865, longitude=-96.871627}, version=1, billinggroupname=null}","2020-11-26 00:00:00.000"
"iot-device-01","1.594650650109689E9","73.9","66.74","false","false","0.0065","0.0039","0.017","2020-11-26T17:25:28.838+0000","{defaultclientid=iot-device-01, thingname=iot-device-01, thingid=983c2b68-f9a3-4e83-b3c6-9f6f8ad5431b, thingarn=arn:aws:iot:us-east-1:507441099951:thing/iot-device-01, thingtypename=null, attributes={installed=1594665292, latitude=37.4133144, longitude=-122.1513069}, version=1, billinggroupname=null}","2020-11-26 00:00:00.000"
"iot-device-03","1.5946506536174874E9","49.2","70.7","false","false","0.0078","0.0051","0.021","2020-11-26T17:25:29.135+0000","{defaultclientid=iot-device-03, thingname=iot-device-03, thingid=877352b9-a35d-45d3-9c98-162d89965a13, thingarn=arn:aws:iot:us-east-1:507441099951:thing/iot-device-03, thingtypename=null, attributes={installed=1592562234, latitude=37.4133144, longitude=-122.1513069}, version=1, billinggroupname=null}","2020-11-26 00:00:00.000"
"iot-device-02","1.5946506538649757E9","61.8","74.48","true","false","0.007","0.0044","0.0185","2020-11-26T17:25:29.430+0000","{defaultclientid=iot-device-02, thingname=iot-device-02, thingid=4ae4927a-aefb-4584-a45a-fc4839feffd6, thingarn=arn:aws:iot:us-east-1:507441099951:thing/iot-device-02, thingtypename=null, attributes={installed=1593361211, latitude=32.8205865, longitude=-96.871627}, version=1, billinggroupname=null}","2020-11-26 00:00:00.000"
"iot-device-02","1.594650569235176E9","61.8","74.48","true","false","0.007","0.0043","0.0184","2020-11-26T17:25:14.889+0000","{defaultclientid=iot-device-02, thingname=iot-device-02, thingid=4ae4927a-aefb-4584-a45a-fc4839feffd6, thingarn=arn:aws:iot:us-east-1:507441099951:thing/iot-device-02, thingtypename=null, attributes={installed=1593361211, latitude=32.8205865, longitude=-96.871627}, version=1, billinggroupname=null}","2020-11-26 00:00:00.000"
"iot-device-01","1.594650569630139E9","73.9","66.74","false","false","0.0065","0.0039","0.017","2020-11-26T17:25:15.186+0000","{defaultclientid=iot-device-01, thingname=iot-device-01, thingid=983c2b68-f9a3-4e83-b3c6-9f6f8ad5431b, thingarn=arn:aws:iot:us-east-1:507441099951:thing/iot-device-01, thingtypename=null, attributes={installed=1594665292, latitude=37.4133144, longitude=-122.1513069}, version=1, billinggroupname=null}","2020-11-26 00:00:00.000"
"iot-device-03","1.5946505724984095E9","49.4","70.88","false","false","0.0078","0.0051","0.0209","2020-11-26T17:25:15.482+0000","{defaultclientid=iot-device-03, thingname=iot-device-03, thingid=877352b9-a35d-45d3-9c98-162d89965a13, thingarn=arn:aws:iot:us-east-1:507441099951:thing/iot-device-03, thingtypename=null, attributes={installed=1592562234, latitude=37.4133144, longitude=-122.1513069}, version=1, billinggroupname=null}","2020-11-26 00:00:00.000"
"iot-device-02","1.5946505730430822E9","61.8","74.48","true","false","0.007","0.0043","0.0184","2020-11-26T17:25:15.769+0000","{defaultclientid=iot-device-02, thingname=iot-device-02, thingid=4ae4927a-aefb-4584-a45a-fc4839feffd6, thingarn=arn:aws:iot:us-east-1:507441099951:thing/iot-device-02, thingtypename=null, attributes={installed=1593361211, latitude=32.8205865, longitude=-96.871627}, version=1, billinggroupname=null}","2020-11-26 00:00:00.000"
"iot-device-01","1.5946505734463143E9","73.9","66.74","false","false","0.0065","0.0039","0.017","2020-11-26T17:25:16.073+0000","{defaultclientid=iot-device-01, thingname=iot-device-01, thingid=983c2b68-f9a3-4e83-b3c6-9f6f8ad5431b, thingarn=arn:aws:iot:us-east-1:507441099951:thing/iot-device-01, thingtypename=null, attributes={installed=1594665292, latitude=37.4133144, longitude=-122.1513069}, version=1, billinggroupname=null}","2020-11-26 00:00:00.000"
"iot-device-03","1.5946505761851218E9","49.4","70.88","false","false","0.0078","0.0051","0.0209","2020-11-26T17:25:16.371+0000","{defaultclientid=iot-device-03, thingname=iot-device-03, thingid=877352b9-a35d-45d3-9c98-162d89965a13, thingarn=arn:aws:iot:us-east-1:507441099951:thing/iot-device-03, thingtypename=null, attributes={installed=1592562234, latitude=37.4133144, longitude=-122.1513069}, version=1, billinggroupname=null}","2020-11-26 00:00:00.000"
"iot-device-03","1.5946505798725445E9","49.4","70.7","false","false","0.0078","0.0051","0.021","2020-11-26T17:25:16.669+0000","{defaultclientid=iot-device-03, thingname=iot-device-03, thingid=877352b9-a35d-45d3-9c98-162d89965a13, thingarn=arn:aws:iot:us-east-1:507441099951:thing/iot-device-03, thingtypename=null, attributes={installed=1592562234, latitude=37.4133144, longitude=-122.1513069}, version=1, billinggroupname=null}","2020-11-26 00:00:00.000"
"iot-device-02","1.5946505800579898E9","61.8","74.48","true","false","0.007","0.0043","0.0184","2020-11-26T17:25:16.979+0000","{defaultclientid=iot-device-02, thingname=iot-device-02, thingid=4ae4927a-aefb-4584-a45a-fc4839feffd6, thingarn=arn:aws:iot:us-east-1:507441099951:thing/iot-device-02, thingtypename=null, attributes={installed=1593361211, latitude=32.8205865, longitude=-96.871627}, version=1, billinggroupname=null}","2020-11-26 00:00:00.000"
"iot-device-03","1.5946505835609012E9","49.4","70.88","false","false","0.0079","0.0052","0.0211","2020-11-26T17:25:17.270+0000","{defaultclientid=iot-device-03, thingname=iot-device-03, thingid=877352b9-a35d-45d3-9c98-162d89965a13, thingarn=arn:aws:iot:us-east-1:507441099951:thing/iot-device-03, thingtypename=null, attributes={installed=1592562234, latitude=37.4133144, longitude=-122.1513069}, version=1, billinggroupname=null}","2020-11-26 00:00:00.000"
"iot-device-01","1.594650584241744E9","74.1","66.74","false","false","0.0065","0.0039","0.017","2020-11-26T17:25:17.559+0000","{defaultclientid=iot-device-01, thingname=iot-device-01, thingid=983c2b68-f9a3-4e83-b3c6-9f6f8ad5431b, thingarn=arn:aws:iot:us-east-1:507441099951:thing/iot-device-01, thingtypename=null, attributes={installed=1594665292, latitude=37.4133144, longitude=-122.1513069}, version=1, billinggroupname=null}","2020-11-26 00:00:00.000"
"iot-device-03","1.5946506204276268E9","49.3","70.7","false","false","0.0078","0.0051","0.021","2020-11-26T17:25:23.836+0000","{defaultclientid=iot-device-03, thingname=iot-device-03, thingid=877352b9-a35d-45d3-9c98-162d89965a13, thingarn=arn:aws:iot:us-east-1:507441099951:thing/iot-device-03, thingtypename=null, attributes={installed=1592562234, latitude=37.4133144, longitude=-122.1513069}, version=1, billinggroupname=null}","2020-11-26 00:00:00.000"
"iot-device-03","1.5946506241142595E9","49.2","70.7","false","false","0.0079","0.0051","0.021","2020-11-26T17:25:24.131+0000","{defaultclientid=iot-device-03, thingname=iot-device-03, thingid=877352b9-a35d-45d3-9c98-162d89965a13, thingarn=arn:aws:iot:us-east-1:507441099951:thing/iot-device-03, thingtypename=null, attributes={installed=1592562234, latitude=37.4133144, longitude=-122.1513069}, version=1, billinggroupname=null}","2020-11-26 00:00:00.000"
"iot-device-03","1.5946506278014631E9","49.2","70.7","false","false","0.0079","0.0051","0.021","2020-11-26T17:25:24.419+0000","{defaultclientid=iot-device-03, thingname=iot-device-03, thingid=877352b9-a35d-45d3-9c98-162d89965a13, thingarn=arn:aws:iot:us-east-1:507441099951:thing/iot-device-03, thingtypename=null, attributes={installed=1592562234, latitude=37.4133144, longitude=-122.1513069}, version=1, billinggroupname=null}","2020-11-26 00:00:00.000"
"iot-device-01","1.5946506278641398E9","73.9","66.74","false","false","0.0065","0.0039","0.017","2020-11-26T17:25:24.715+0000","{defaultclientid=iot-device-01, thingname=iot-device-01, thingid=983c2b68-f9a3-4e83-b3c6-9f6f8ad5431b, thingarn=arn:aws:iot:us-east-1:507441099951:thing/iot-device-01, thingtypename=null, attributes={installed=1594665292, latitude=37.4133144, longitude=-122.1513069}, version=1, billinggroupname=null}","2020-11-26 00:00:00.000"
"iot-device-03","1.5946506314884474E9","49.2","70.7","false","false","0.0079","0.0051","0.021","2020-11-26T17:25:25.009+0000","{defaultclientid=iot-device-03, thingname=iot-device-03, thingid=877352b9-a35d-45d3-9c98-162d89965a13, thingarn=arn:aws:iot:us-east-1:507441099951:thing/iot-device-03, thingtypename=null, attributes={installed=1592562234, latitude=37.4133144, longitude=-122.1513069}, version=1, billinggroupname=null}","2020-11-26 00:00:00.000"
"iot-device-01","1.5946506322157974E9","73.9","66.74","false","false","0.0065","0.0039","0.017","2020-11-26T17:25:25.306+0000","{defaultclientid=iot-device-01, thingname=iot-device-01, thingid=983c2b68-f9a3-4e83-b3c6-9f6f8ad5431b, thingarn=arn:aws:iot:us-east-1:507441099951:thing/iot-device-01, thingtypename=null, attributes={installed=1594665292, latitude=37.4133144, longitude=-122.1513069}, version=1, billinggroupname=null}","2020-11-26 00:00:00.000"
"iot-device-02","1.5946506327468386E9","61.8","74.48","true","false","0.007","0.0043","0.0184","2020-11-26T17:25:25.605+0000","{defaultclientid=iot-device-02, thingname=iot-device-02, thingid=4ae4927a-aefb-4584-a45a-fc4839feffd6, thingarn=arn:aws:iot:us-east-1:507441099951:thing/iot-device-02, thingtypename=null, attributes={installed=1593361211, latitude=32.8205865, longitude=-96.871627}, version=1, billinggroupname=null}","2020-11-26 00:00:00.000"
"iot-device-03","1.5946506351661773E9","49.2","70.7","false","false","0.0079","0.0052","0.0211","2020-11-26T17:25:25.905+0000","{defaultclientid=iot-device-03, thingname=iot-device-03, thingid=877352b9-a35d-45d3-9c98-162d89965a13, thingarn=arn:aws:iot:us-east-1:507441099951:thing/iot-device-03, thingtypename=null, attributes={installed=1592562234, latitude=37.4133144, longitude=-122.1513069}, version=1, billinggroupname=null}","2020-11-26 00:00:00.000"
"iot-device-02","1.5946506381585903E9","61.8","74.48","true","false","0.007","0.0044","0.0185","2020-11-26T17:25:26.189+0000","{defaultclientid=iot-device-02, thingname=iot-device-02, thingid=4ae4927a-aefb-4584-a45a-fc4839feffd6, thingarn=arn:aws:iot:us-east-1:507441099951:thing/iot-device-02, thingtypename=null, attributes={installed=1593361211, latitude=32.8205865, longitude=-96.871627}, version=1, billinggroupname=null}","2020-11-26 00:00:00.000"
"iot-device-03","1.5946506388680375E9","49.2","70.7","false","false","0.0078","0.0051","0.021","2020-11-26T17:25:26.480+0000","{defaultclientid=iot-device-03, thingname=iot-device-03, thingid=877352b9-a35d-45d3-9c98-162d89965a13, thingarn=arn:aws:iot:us-east-1:507441099951:thing/iot-device-03, thingtypename=null, attributes={installed=1592562234, latitude=37.4133144, longitude=-122.1513069}, version=1, billinggroupname=null}","2020-11-26 00:00:00.000"
"iot-device-03","1.5946504988567884E9","49.7","71.06","false","false","0.0079","0.0052","0.021","2020-11-26T17:25:02.951+0000","{defaultclientid=iot-device-03, thingname=iot-device-03, thingid=877352b9-a35d-45d3-9c98-162d89965a13, thingarn=arn:aws:iot:us-east-1:507441099951:thing/iot-device-03, thingtypename=null, attributes={installed=1592562234, latitude=37.4133144, longitude=-122.1513069}, version=1, billinggroupname=null}","2020-11-26 00:00:00.000"
"iot-device-01","1.5946504993547347E9","74.4","66.74","false","false","0.0065","0.0039","0.017","2020-11-26T17:25:03.239+0000","{defaultclientid=iot-device-01, thingname=iot-device-01, thingid=983c2b68-f9a3-4e83-b3c6-9f6f8ad5431b, thingarn=arn:aws:iot:us-east-1:507441099951:thing/iot-device-01, thingtypename=null, attributes={installed=1594665292, latitude=37.4133144, longitude=-122.1513069}, version=1, billinggroupname=null}","2020-11-26 00:00:00.000"
"iot-device-02","1.594650500330522E9","61.8","74.48","true","false","0.007","0.0043","0.0184","2020-11-26T17:25:03.527+0000","{defaultclientid=iot-device-02, thingname=iot-device-02, thingid=4ae4927a-aefb-4584-a45a-fc4839feffd6, thingarn=arn:aws:iot:us-east-1:507441099951:thing/iot-device-02, thingtypename=null, attributes={installed=1593361211, latitude=32.8205865, longitude=-96.871627}, version=1, billinggroupname=null}","2020-11-26 00:00:00.000"
"iot-device-03","1.5946505025435715E9","49.7","71.06","false","false","0.0078","0.0051","0.0209","2020-11-26T17:25:03.820+0000","{defaultclientid=iot-device-03, thingname=iot-device-03, thingid=877352b9-a35d-45d3-9c98-162d89965a13, thingarn=arn:aws:iot:us-east-1:507441099951:thing/iot-device-03, thingtypename=null, attributes={installed=1592562234, latitude=37.4133144, longitude=-122.1513069}, version=1, billinggroupname=null}","2020-11-26 00:00:00.000"
"iot-device-02","1.5946505046709936E9","61.8","74.48","true","false","0.007","0.0043","0.0184","2020-11-26T17:25:04.110+0000","{defaultclientid=iot-device-02, thingname=iot-device-02, thingid=4ae4927a-aefb-4584-a45a-fc4839feffd6, thingarn=arn:aws:iot:us-east-1:507441099951:thing/iot-device-02, thingtypename=null, attributes={installed=1593361211, latitude=32.8205865, longitude=-96.871627}, version=1, billinggroupname=null}","2020-11-26 00:00:00.000"
"iot-device-01","1.5946505053194509E9","74.5","66.74","false","false","0.0065","0.0039","0.017","2020-11-26T17:25:04.408+0000","{defaultclientid=iot-device-01, thingname=iot-device-01, thingid=983c2b68-f9a3-4e83-b3c6-9f6f8ad5431b, thingarn=arn:aws:iot:us-east-1:507441099951:thing/iot-device-01, thingtypename=null, attributes={installed=1594665292, latitude=37.4133144, longitude=-122.1513069}, version=1, billinggroupname=null}","2020-11-26 00:00:00.000"
"iot-device-03","1.5946505062300985E9","49.6","70.88","false","false","0.0078","0.0051","0.0209","2020-11-26T17:25:04.781+0000","{defaultclientid=iot-device-03, thingname=iot-device-03, thingid=877352b9-a35d-45d3-9c98-162d89965a13, thingarn=arn:aws:iot:us-east-1:507441099951:thing/iot-device-03, thingtypename=null, attributes={installed=1592562234, latitude=37.4133144, longitude=-122.1513069}, version=1, billinggroupname=null}","2020-11-26 00:00:00.000"
"iot-device-01","1.594650509133591E9","74.5","66.74","false","false","0.0065","0.0039","0.017","2020-11-26T17:25:05.089+0000","{defaultclientid=iot-device-01, thingname=iot-device-01, thingid=983c2b68-f9a3-4e83-b3c6-9f6f8ad5431b, thingarn=arn:aws:iot:us-east-1:507441099951:thing/iot-device-01, thingtypename=null, attributes={installed=1594665292, latitude=37.4133144, longitude=-122.1513069}, version=1, billinggroupname=null}","2020-11-26 00:00:00.000"
"iot-device-02","1.594650509547652E9","61.8","74.48","true","false","0.007","0.0043","0.0184","2020-11-26T17:25:05.421+0000","{defaultclientid=iot-device-02, thingname=iot-device-02, thingid=4ae4927a-aefb-4584-a45a-fc4839feffd6, thingarn=arn:aws:iot:us-east-1:507441099951:thing/iot-device-02, thingtypename=null, attributes={installed=1593361211, latitude=32.8205865, longitude=-96.871627}, version=1, billinggroupname=null}","2020-11-26 00:00:00.000"
"iot-device-03","1.59465050991681E9","49.6","71.06","false","false","0.0079","0.0051","0.021","2020-11-26T17:25:05.711+0000","{defaultclientid=iot-device-03, thingname=iot-device-03, thingid=877352b9-a35d-45d3-9c98-162d89965a13, thingarn=arn:aws:iot:us-east-1:507441099951:thing/iot-device-03, thingtypename=null, attributes={installed=1592562234, latitude=37.4133144, longitude=-122.1513069}, version=1, billinggroupname=null}","2020-11-26 00:00:00.000"
"iot-device-03","1.5946506573055382E9","49.2","70.7","false","false","0.0078","0.0051","0.021","2020-11-26T17:25:29.728+0000","{defaultclientid=iot-device-03, thingname=iot-device-03, thingid=877352b9-a35d-45d3-9c98-162d89965a13, thingarn=arn:aws:iot:us-east-1:507441099951:thing/iot-device-03, thingtypename=null, attributes={installed=1592562234, latitude=37.4133144, longitude=-122.1513069}, version=1, billinggroupname=null}","2020-11-26 00:00:00.000"
"iot-device-03","1.5946506019945018E9","49.4","70.7","false","false","0.0078","0.0051","0.0209","2020-11-26T17:25:20.908+0000","{defaultclientid=iot-device-03, thingname=iot-device-03, thingid=877352b9-a35d-45d3-9c98-162d89965a13, thingarn=arn:aws:iot:us-east-1:507441099951:thing/iot-device-03, thingtypename=null, attributes={installed=1592562234, latitude=37.4133144, longitude=-122.1513069}, version=1, billinggroupname=null}","2020-11-26 00:00:00.000"
"iot-device-01","1.5946506037618787E9","74.1","66.74","false","false","0.0065","0.0039","0.017","2020-11-26T17:25:21.204+0000","{defaultclientid=iot-device-01, thingname=iot-device-01, thingid=983c2b68-f9a3-4e83-b3c6-9f6f8ad5431b, thingarn=arn:aws:iot:us-east-1:507441099951:thing/iot-device-01, thingtypename=null, attributes={installed=1594665292, latitude=37.4133144, longitude=-122.1513069}, version=1, billinggroupname=null}","2020-11-26 00:00:00.000"
"iot-device-03","1.5946506056807125E9","49.3","70.7","false","false","0.0078","0.0051","0.021","2020-11-26T17:25:21.499+0000","{defaultclientid=iot-device-03, thingname=iot-device-03, thingid=877352b9-a35d-45d3-9c98-162d89965a13, thingarn=arn:aws:iot:us-east-1:507441099951:thing/iot-device-03, thingtypename=null, attributes={installed=1592562234, latitude=37.4133144, longitude=-122.1513069}, version=1, billinggroupname=null}","2020-11-26 00:00:00.000"
"iot-device-02","1.5946506072222953E9","62.4","74.48","true","false","0.0069","0.0043","0.0184","2020-11-26T17:25:21.798+0000","{defaultclientid=iot-device-02, thingname=iot-device-02, thingid=4ae4927a-aefb-4584-a45a-fc4839feffd6, thingarn=arn:aws:iot:us-east-1:507441099951:thing/iot-device-02, thingtypename=null, attributes={installed=1593361211, latitude=32.8205865, longitude=-96.871627}, version=1, billinggroupname=null}","2020-11-26 00:00:00.000"
"iot-device-01","1.5946506086503973E9","74.1","66.74","false","false","0.0065","0.0039","0.017","2020-11-26T17:25:22.089+0000","{defaultclientid=iot-device-01, thingname=iot-device-01, thingid=983c2b68-f9a3-4e83-b3c6-9f6f8ad5431b, thingarn=arn:aws:iot:us-east-1:507441099951:thing/iot-device-01, thingtypename=null, attributes={installed=1594665292, latitude=37.4133144, longitude=-122.1513069}, version=1, billinggroupname=null}","2020-11-26 00:00:00.000"
"iot-device-03","1.594650609366602E9","49.4","70.7","false","false","0.0078","0.0051","0.0209","2020-11-26T17:25:22.380+0000","{defaultclientid=iot-device-03, thingname=iot-device-03, thingid=877352b9-a35d-45d3-9c98-162d89965a13, thingarn=arn:aws:iot:us-east-1:507441099951:thing/iot-device-03, thingtypename=null, attributes={installed=1592562234, latitude=37.4133144, longitude=-122.1513069}, version=1, billinggroupname=null}","2020-11-26 00:00:00.000"
"iot-device-03","1.5946506130536926E9","49.4","70.7","false","false","0.0078","0.0051","0.021","2020-11-26T17:25:22.671+0000","{defaultclientid=iot-device-03, thingname=iot-device-03, thingid=877352b9-a35d-45d3-9c98-162d89965a13, thingarn=arn:aws:iot:us-east-1:507441099951:thing/iot-device-03, thingtypename=null, attributes={installed=1592562234, latitude=37.4133144, longitude=-122.1513069}, version=1, billinggroupname=null}","2020-11-26 00:00:00.000"
"iot-device-02","1.5946506131701794E9","61.8","74.48","true","false","0.007","0.0043","0.0184","2020-11-26T17:25:22.959+0000","{defaultclientid=iot-device-02, thingname=iot-device-02, thingid=4ae4927a-aefb-4584-a45a-fc4839feffd6, thingarn=arn:aws:iot:us-east-1:507441099951:thing/iot-device-02, thingtypename=null, attributes={installed=1593361211, latitude=32.8205865, longitude=-96.871627}, version=1, billinggroupname=null}","2020-11-26 00:00:00.000"
"iot-device-01","1.5946506157294734E9","74.2","66.74","false","false","0.0065","0.0039","0.017","2020-11-26T17:25:23.259+0000","{defaultclientid=iot-device-01, thingname=iot-device-01, thingid=983c2b68-f9a3-4e83-b3c6-9f6f8ad5431b, thingarn=arn:aws:iot:us-east-1:507441099951:thing/iot-device-01, thingtypename=null, attributes={installed=1594665292, latitude=37.4133144, longitude=-122.1513069}, version=1, billinggroupname=null}","2020-11-26 00:00:00.000"
"iot-device-03","1.5946506167417672E9","49.3","70.7","false","false","0.0078","0.0051","0.021","2020-11-26T17:25:23.549+0000","{defaultclientid=iot-device-03, thingname=iot-device-03, thingid=877352b9-a35d-45d3-9c98-162d89965a13, thingarn=arn:aws:iot:us-east-1:507441099951:thing/iot-device-03, thingtypename=null, attributes={installed=1592562234, latitude=37.4133144, longitude=-122.1513069}, version=1, billinggroupname=null}","2020-11-26 00:00:00.000"
"iot-device-02","1.5946505508542187E9","61.8","74.48","true","false","0.007","0.0043","0.0184","2020-11-26T17:25:11.881+0000","{defaultclientid=iot-device-02, thingname=iot-device-02, thingid=4ae4927a-aefb-4584-a45a-fc4839feffd6, thingarn=arn:aws:iot:us-east-1:507441099951:thing/iot-device-02, thingtypename=null, attributes={installed=1593361211, latitude=32.8205865, longitude=-96.871627}, version=1, billinggroupname=null}","2020-11-26 00:00:00.000"
"iot-device-03","1.5946505541403205E9","49.5","70.88","false","false","0.0079","0.0052","0.0211","2020-11-26T17:25:12.171+0000","{defaultclientid=iot-device-03, thingname=iot-device-03, thingid=877352b9-a35d-45d3-9c98-162d89965a13, thingarn=arn:aws:iot:us-east-1:507441099951:thing/iot-device-03, thingtypename=null, attributes={installed=1592562234, latitude=37.4133144, longitude=-122.1513069}, version=1, billinggroupname=null}","2020-11-26 00:00:00.000"
"iot-device-02","1.5946505551976676E9","61.8","74.48","true","false","0.007","0.0043","0.0184","2020-11-26T17:25:12.462+0000","{defaultclientid=iot-device-02, thingname=iot-device-02, thingid=4ae4927a-aefb-4584-a45a-fc4839feffd6, thingarn=arn:aws:iot:us-east-1:507441099951:thing/iot-device-02, thingtypename=null, attributes={installed=1593361211, latitude=32.8205865, longitude=-96.871627}, version=1, billinggroupname=null}","2020-11-26 00:00:00.000"
"iot-device-01","1.5946505553900633E9","74.2","66.74","false","false","0.0065","0.0039","0.017","2020-11-26T17:25:12.751+0000","{defaultclientid=iot-device-01, thingname=iot-device-01, thingid=983c2b68-f9a3-4e83-b3c6-9f6f8ad5431b, thingarn=arn:aws:iot:us-east-1:507441099951:thing/iot-device-01, thingtypename=null, attributes={installed=1594665292, latitude=37.4133144, longitude=-122.1513069}, version=1, billinggroupname=null}","2020-11-26 00:00:00.000"
"iot-device-03","1.5946505578252225E9","49.4","70.88","false","false","0.0079","0.0052","0.021","2020-11-26T17:25:13.037+0000","{defaultclientid=iot-device-03, thingname=iot-device-03, thingid=877352b9-a35d-45d3-9c98-162d89965a13, thingarn=arn:aws:iot:us-east-1:507441099951:thing/iot-device-03, thingtypename=null, attributes={installed=1592562234, latitude=37.4133144, longitude=-122.1513069}, version=1, billinggroupname=null}","2020-11-26 00:00:00.000"
"iot-device-03","1.5946505615109856E9","49.5","70.88","false","false","0.0079","0.0051","0.021","2020-11-26T17:25:13.329+0000","{defaultclientid=iot-device-03, thingname=iot-device-03, thingid=877352b9-a35d-45d3-9c98-162d89965a13, thingarn=arn:aws:iot:us-east-1:507441099951:thing/iot-device-03, thingtypename=null, attributes={installed=1592562234, latitude=37.4133144, longitude=-122.1513069}, version=1, billinggroupname=null}","2020-11-26 00:00:00.000"
"iot-device-01","1.5946505647421055E9","73.9","66.74","false","false","0.0065","0.0039","0.017","2020-11-26T17:25:13.633+0000","{defaultclientid=iot-device-01, thingname=iot-device-01, thingid=983c2b68-f9a3-4e83-b3c6-9f6f8ad5431b, thingarn=arn:aws:iot:us-east-1:507441099951:thing/iot-device-01, thingtypename=null, attributes={installed=1594665292, latitude=37.4133144, longitude=-122.1513069}, version=1, billinggroupname=null}","2020-11-26 00:00:00.000"
"iot-device-03","1.5946505651971815E9","49.5","70.88","false","false","0.0078","0.0051","0.0209","2020-11-26T17:25:13.930+0000","{defaultclientid=iot-device-03, thingname=iot-device-03, thingid=877352b9-a35d-45d3-9c98-162d89965a13, thingarn=arn:aws:iot:us-east-1:507441099951:thing/iot-device-03, thingtypename=null, attributes={installed=1592562234, latitude=37.4133144, longitude=-122.1513069}, version=1, billinggroupname=null}","2020-11-26 00:00:00.000"
"iot-device-02","1.5946505654283712E9","61.8","74.48","true","false","0.007","0.0043","0.0184","2020-11-26T17:25:14.236+0000","{defaultclientid=iot-device-02, thingname=iot-device-02, thingid=4ae4927a-aefb-4584-a45a-fc4839feffd6, thingarn=arn:aws:iot:us-east-1:507441099951:thing/iot-device-02, thingtypename=null, attributes={installed=1593361211, latitude=32.8205865, longitude=-96.871627}, version=1, billinggroupname=null}","2020-11-26 00:00:00.000"
"iot-device-03","1.594650568794453E9","49.5","70.88","false","false","0.0078","0.0051","0.021","2020-11-26T17:25:14.597+0000","{defaultclientid=iot-device-03, thingname=iot-device-03, thingid=877352b9-a35d-45d3-9c98-162d89965a13, thingarn=arn:aws:iot:us-east-1:507441099951:thing/iot-device-03, thingtypename=null, attributes={installed=1592562234, latitude=37.4133144, longitude=-122.1513069}, version=1, billinggroupname=null}","2020-11-26 00:00:00.000"
"iot-device-02","1.5946265252000751E9","59.6","75.38","true","false","0.0073","0.0046","0.0194","2020-11-26T17:08:59.891+0000","{defaultclientid=iot-device-02, thingname=iot-device-02, thingid=4ae4927a-aefb-4584-a45a-fc4839feffd6, thingarn=arn:aws:iot:us-east-1:507441099951:thing/iot-device-02, thingtypename=null, attributes={installed=1593361211, latitude=32.8205865, longitude=-96.871627}, version=1, billinggroupname=null}","2020-11-26 00:00:00.000"
"iot-device-03","1.5946274313255005E9","51.4","71.42","false","false","0.0078","0.0051","0.0209","2020-11-26T17:09:00.188+0000","{defaultclientid=iot-device-03, thingname=iot-device-03, thingid=877352b9-a35d-45d3-9c98-162d89965a13, thingarn=arn:aws:iot:us-east-1:507441099951:thing/iot-device-03, thingtypename=null, attributes={installed=1592562234, latitude=37.4133144, longitude=-122.1513069}, version=1, billinggroupname=null}","2020-11-26 00:00:00.000"
"iot-device-02","1.594627433259068E9","59.6","75.38","true","false","0.0073","0.0046","0.0193","2020-11-26T17:09:00.522+0000","{defaultclientid=iot-device-02, thingname=iot-device-02, thingid=4ae4927a-aefb-4584-a45a-fc4839feffd6, thingarn=arn:aws:iot:us-east-1:507441099951:thing/iot-device-02, thingtypename=null, attributes={installed=1593361211, latitude=32.8205865, longitude=-96.871627}, version=1, billinggroupname=null}","2020-11-26 00:00:00.000"
"iot-device-01","1.5946274338027942E9","75.6","67.28","false","false","0.0066","0.004","0.0173","2020-11-26T17:09:00.819+0000","{defaultclientid=iot-device-01, thingname=iot-device-01, thingid=983c2b68-f9a3-4e83-b3c6-9f6f8ad5431b, thingarn=arn:aws:iot:us-east-1:507441099951:thing/iot-device-01, thingtypename=null, attributes={installed=1594665292, latitude=37.4133144, longitude=-122.1513069}, version=1, billinggroupname=null}","2020-11-26 00:00:00.000"
"iot-device-03","1.5946274350129225E9","51.4","71.42","false","false","0.0078","0.0051","0.0209","2020-11-26T17:09:01.112+0000","{defaultclientid=iot-device-03, thingname=iot-device-03, thingid=877352b9-a35d-45d3-9c98-162d89965a13, thingarn=arn:aws:iot:us-east-1:507441099951:thing/iot-device-03, thingtypename=null, attributes={installed=1592562234, latitude=37.4133144, longitude=-122.1513069}, version=1, billinggroupname=null}","2020-11-26 00:00:00.000"
"iot-device-03","1.5946274386463158E9","51.4","71.42","false","false","0.0079","0.0051","0.021","2020-11-26T17:09:01.401+0000","{defaultclientid=iot-device-03, thingname=iot-device-03, thingid=877352b9-a35d-45d3-9c98-162d89965a13, thingarn=arn:aws:iot:us-east-1:507441099951:thing/iot-device-03, thingtypename=null, attributes={installed=1592562234, latitude=37.4133144, longitude=-122.1513069}, version=1, billinggroupname=null}","2020-11-26 00:00:00.000"
"iot-device-01","1.5946274397711973E9","75.6","67.28","false","false","0.0065","0.004","0.0172","2020-11-26T17:09:01.705+0000","{defaultclientid=iot-device-01, thingname=iot-device-01, thingid=983c2b68-f9a3-4e83-b3c6-9f6f8ad5431b, thingarn=arn:aws:iot:us-east-1:507441099951:thing/iot-device-01, thingtypename=null, attributes={installed=1594665292, latitude=37.4133144, longitude=-122.1513069}, version=1, billinggroupname=null}","2020-11-26 00:00:00.000"
"iot-device-03","1.5946274423381693E9","51.4","71.42","false","false","0.0079","0.0051","0.021","2020-11-26T17:09:02.000+0000","{defaultclientid=iot-device-03, thingname=iot-device-03, thingid=877352b9-a35d-45d3-9c98-162d89965a13, thingarn=arn:aws:iot:us-east-1:507441099951:thing/iot-device-03, thingtypename=null, attributes={installed=1592562234, latitude=37.4133144, longitude=-122.1513069}, version=1, billinggroupname=null}","2020-11-26 00:00:00.000"
"iot-device-01","1.5946274446594346E9","75.8","67.28","false","false","0.0065","0.004","0.0172","2020-11-26T17:09:02.300+0000","{defaultclientid=iot-device-01, thingname=iot-device-01, thingid=983c2b68-f9a3-4e83-b3c6-9f6f8ad5431b, thingarn=arn:aws:iot:us-east-1:507441099951:thing/iot-device-01, thingtypename=null, attributes={installed=1594665292, latitude=37.4133144, longitude=-122.1513069}, version=1, billinggroupname=null}","2020-11-26 00:00:00.000"
"iot-device-03","1.594627446025904E9","51.4","71.42","false","false","0.0078","0.0051","0.0209","2020-11-26T17:09:02.603+0000","{defaultclientid=iot-device-03, thingname=iot-device-03, thingid=877352b9-a35d-45d3-9c98-162d89965a13, thingarn=arn:aws:iot:us-east-1:507441099951:thing/iot-device-03, thingtypename=null, attributes={installed=1592562234, latitude=37.4133144, longitude=-122.1513069}, version=1, billinggroupname=null}","2020-11-26 00:00:00.000"
"iot-device-03","1.5946274829027438E9","51.4","71.42","false","false","0.0078","0.0051","0.021","2020-11-26T17:09:08.797+0000","{defaultclientid=iot-device-03, thingname=iot-device-03, thingid=877352b9-a35d-45d3-9c98-162d89965a13, thingarn=arn:aws:iot:us-east-1:507441099951:thing/iot-device-03, thingtypename=null, attributes={installed=1592562234, latitude=37.4133144, longitude=-122.1513069}, version=1, billinggroupname=null}","2020-11-26 00:00:00.000"
"iot-device-02","1.5946274831361587E9","59.5","75.38","true","false","0.0074","0.0048","0.0198","2020-11-26T17:09:09.115+0000","{defaultclientid=iot-device-02, thingname=iot-device-02, thingid=4ae4927a-aefb-4584-a45a-fc4839feffd6, thingarn=arn:aws:iot:us-east-1:507441099951:thing/iot-device-02, thingtypename=null, attributes={installed=1593361211, latitude=32.8205865, longitude=-96.871627}, version=1, billinggroupname=null}","2020-11-26 00:00:00.000"
"iot-device-01","1.5946274859021132E9","75.8","67.28","false","false","0.0065","0.0039","0.017","2020-11-26T17:09:09.416+0000","{defaultclientid=iot-device-01, thingname=iot-device-01, thingid=983c2b68-f9a3-4e83-b3c6-9f6f8ad5431b, thingarn=arn:aws:iot:us-east-1:507441099951:thing/iot-device-01, thingtypename=null, attributes={installed=1594665292, latitude=37.4133144, longitude=-122.1513069}, version=1, billinggroupname=null}","2020-11-26 00:00:00.000"
"iot-device-03","1.5946274865903506E9","51.4","71.42","false","false","0.0078","0.0051","0.0208","2020-11-26T17:09:09.704+0000","{defaultclientid=iot-device-03, thingname=iot-device-03, thingid=877352b9-a35d-45d3-9c98-162d89965a13, thingarn=arn:aws:iot:us-east-1:507441099951:thing/iot-device-03, thingtypename=null, attributes={installed=1592562234, latitude=37.4133144, longitude=-122.1513069}, version=1, billinggroupname=null}","2020-11-26 00:00:00.000"
"iot-device-02","1.5946274874782872E9","59.5","75.38","true","false","0.0074","0.0047","0.0196","2020-11-26T17:09:10.004+0000","{defaultclientid=iot-device-02, thingname=iot-device-02, thingid=4ae4927a-aefb-4584-a45a-fc4839feffd6, thingarn=arn:aws:iot:us-east-1:507441099951:thing/iot-device-02, thingtypename=null, attributes={installed=1593361211, latitude=32.8205865, longitude=-96.871627}, version=1, billinggroupname=null}","2020-11-26 00:00:00.000"
"iot-device-03","1.594627490278196E9","51.4","71.42","false","false","0.0079","0.0051","0.021","2020-11-26T17:09:10.302+0000","{defaultclientid=iot-device-03, thingname=iot-device-03, thingid=877352b9-a35d-45d3-9c98-162d89965a13, thingarn=arn:aws:iot:us-east-1:507441099951:thing/iot-device-03, thingtypename=null, attributes={installed=1592562234, latitude=37.4133144, longitude=-122.1513069}, version=1, billinggroupname=null}","2020-11-26 00:00:00.000"
"iot-device-01","1.5946274907913735E9","75.8","67.1","false","false","0.0065","0.0039","0.017","2020-11-26T17:09:10.589+0000","{defaultclientid=iot-device-01, thingname=iot-device-01, thingid=983c2b68-f9a3-4e83-b3c6-9f6f8ad5431b, thingarn=arn:aws:iot:us-east-1:507441099951:thing/iot-device-01, thingtypename=null, attributes={installed=1594665292, latitude=37.4133144, longitude=-122.1513069}, version=1, billinggroupname=null}","2020-11-26 00:00:00.000"
"iot-device-02","1.5946274934244962E9","59.5","75.38","true","false","0.0073","0.0046","0.0194","2020-11-26T17:09:10.879+0000","{defaultclientid=iot-device-02, thingname=iot-device-02, thingid=4ae4927a-aefb-4584-a45a-fc4839feffd6, thingarn=arn:aws:iot:us-east-1:507441099951:thing/iot-device-02, thingtypename=null, attributes={installed=1593361211, latitude=32.8205865, longitude=-96.871627}, version=1, billinggroupname=null}","2020-11-26 00:00:00.000"
"iot-device-03","1.5946274939656248E9","51.4","71.42","false","false","0.0079","0.0052","0.0211","2020-11-26T17:09:11.170+0000","{defaultclientid=iot-device-03, thingname=iot-device-03, thingid=877352b9-a35d-45d3-9c98-162d89965a13, thingarn=arn:aws:iot:us-east-1:507441099951:thing/iot-device-03, thingtypename=null, attributes={installed=1592562234, latitude=37.4133144, longitude=-122.1513069}, version=1, billinggroupname=null}","2020-11-26 00:00:00.000"
"iot-device-01","1.5946274956800141E9","75.9","67.28","false","false","0.0065","0.004","0.0172","2020-11-26T17:09:11.457+0000","{defaultclientid=iot-device-01, thingname=iot-device-01, thingid=983c2b68-f9a3-4e83-b3c6-9f6f8ad5431b, thingarn=arn:aws:iot:us-east-1:507441099951:thing/iot-device-01, thingtypename=null, attributes={installed=1594665292, latitude=37.4133144, longitude=-122.1513069}, version=1, billinggroupname=null}","2020-11-26 00:00:00.000"
"iot-device-03","1.5946274644640214E9","51.4","71.42","false","false","0.0078","0.0051","0.0209","2020-11-26T17:09:05.889+0000","{defaultclientid=iot-device-03, thingname=iot-device-03, thingid=877352b9-a35d-45d3-9c98-162d89965a13, thingarn=arn:aws:iot:us-east-1:507441099951:thing/iot-device-03, thingtypename=null, attributes={installed=1592562234, latitude=37.4133144, longitude=-122.1513069}, version=1, billinggroupname=null}","2020-11-26 00:00:00.000"
"iot-device-02","1.5946274658996794E9","59.7","75.38","true","false","0.0073","0.0047","0.0195","2020-11-26T17:09:06.187+0000","{defaultclientid=iot-device-02, thingname=iot-device-02, thingid=4ae4927a-aefb-4584-a45a-fc4839feffd6, thingarn=arn:aws:iot:us-east-1:507441099951:thing/iot-device-02, thingtypename=null, attributes={installed=1593361211, latitude=32.8205865, longitude=-96.871627}, version=1, billinggroupname=null}","2020-11-26 00:00:00.000"
"iot-device-03","1.5946274681515965E9","51.4","71.42","false","false","0.0078","0.0051","0.0209","2020-11-26T17:09:06.466+0000","{defaultclientid=iot-device-03, thingname=iot-device-03, thingid=877352b9-a35d-45d3-9c98-162d89965a13, thingarn=arn:aws:iot:us-east-1:507441099951:thing/iot-device-03, thingtypename=null, attributes={installed=1592562234, latitude=37.4133144, longitude=-122.1513069}, version=1, billinggroupname=null}","2020-11-26 00:00:00.000"
"iot-device-01","1.5946274717679029E9","76.2","67.28","false","false","0.0066","0.004","0.0174","2020-11-26T17:09:06.749+0000","{defaultclientid=iot-device-01, thingname=iot-device-01, thingid=983c2b68-f9a3-4e83-b3c6-9f6f8ad5431b, thingarn=arn:aws:iot:us-east-1:507441099951:thing/iot-device-01, thingtypename=null, attributes={installed=1594665292, latitude=37.4133144, longitude=-122.1513069}, version=1, billinggroupname=null}","2020-11-26 00:00:00.000"
"iot-device-03","1.594627471839065E9","51.4","71.24","false","false","0.0078","0.0051","0.021","2020-11-26T17:09:07.041+0000","{defaultclientid=iot-device-03, thingname=iot-device-03, thingid=877352b9-a35d-45d3-9c98-162d89965a13, thingarn=arn:aws:iot:us-east-1:507441099951:thing/iot-device-03, thingtypename=null, attributes={installed=1592562234, latitude=37.4133144, longitude=-122.1513069}, version=1, billinggroupname=null}","2020-11-26 00:00:00.000"
"iot-device-03","1.594627475527435E9","51.5","71.42","false","false","0.0078","0.0051","0.0209","2020-11-26T17:09:07.329+0000","{defaultclientid=iot-device-03, thingname=iot-device-03, thingid=877352b9-a35d-45d3-9c98-162d89965a13, thingarn=arn:aws:iot:us-east-1:507441099951:thing/iot-device-03, thingtypename=null, attributes={installed=1592562234, latitude=37.4133144, longitude=-122.1513069}, version=1, billinggroupname=null}","2020-11-26 00:00:00.000"
"iot-device-02","1.5946274761208513E9","59.6","75.38","true","false","0.0074","0.0047","0.0196","2020-11-26T17:09:07.617+0000","{defaultclientid=iot-device-02, thingname=iot-device-02, thingid=4ae4927a-aefb-4584-a45a-fc4839feffd6, thingarn=arn:aws:iot:us-east-1:507441099951:thing/iot-device-02, thingtypename=null, attributes={installed=1593361211, latitude=32.8205865, longitude=-96.871627}, version=1, billinggroupname=null}","2020-11-26 00:00:00.000"
"iot-device-01","1.5946274782724526E9","75.8","67.28","false","false","0.0067","0.0041","0.0177","2020-11-26T17:09:07.906+0000","{defaultclientid=iot-device-01, thingname=iot-device-01, thingid=983c2b68-f9a3-4e83-b3c6-9f6f8ad5431b, thingarn=arn:aws:iot:us-east-1:507441099951:thing/iot-device-01, thingtypename=null, attributes={installed=1594665292, latitude=37.4133144, longitude=-122.1513069}, version=1, billinggroupname=null}","2020-11-26 00:00:00.000"
"iot-device-03","1.594627479215223E9","51.4","71.42","false","false","0.0078","0.0051","0.0209","2020-11-26T17:09:08.200+0000","{defaultclientid=iot-device-03, thingname=iot-device-03, thingid=877352b9-a35d-45d3-9c98-162d89965a13, thingarn=arn:aws:iot:us-east-1:507441099951:thing/iot-device-03, thingtypename=null, attributes={installed=1592562234, latitude=37.4133144, longitude=-122.1513069}, version=1, billinggroupname=null}","2020-11-26 00:00:00.000"
"iot-device-01","1.5946274820876198E9","75.8","67.28","false","false","0.0066","0.004","0.0173","2020-11-26T17:09:08.494+0000","{defaultclientid=iot-device-01, thingname=iot-device-01, thingid=983c2b68-f9a3-4e83-b3c6-9f6f8ad5431b, thingarn=arn:aws:iot:us-east-1:507441099951:thing/iot-device-01, thingtypename=null, attributes={installed=1594665292, latitude=37.4133144, longitude=-122.1513069}, version=1, billinggroupname=null}","2020-11-26 00:00:00.000"
"iot-device-03","1.5946275308398294E9","51.4","71.42","false","false","0.0078","0.0051","0.021","2020-11-26T17:09:17.776+0000","{defaultclientid=iot-device-03, thingname=iot-device-03, thingid=877352b9-a35d-45d3-9c98-162d89965a13, thingarn=arn:aws:iot:us-east-1:507441099951:thing/iot-device-03, thingtypename=null, attributes={installed=1592562234, latitude=37.4133144, longitude=-122.1513069}, version=1, billinggroupname=null}","2020-11-26 00:00:00.000"
"iot-device-01","1.5946275314136958E9","75.8","67.28","false","false","0.0065","0.0039","0.017","2020-11-26T17:09:18.047+0000","{defaultclientid=iot-device-01, thingname=iot-device-01, thingid=983c2b68-f9a3-4e83-b3c6-9f6f8ad5431b, thingarn=arn:aws:iot:us-east-1:507441099951:thing/iot-device-01, thingtypename=null, attributes={installed=1594665292, latitude=37.4133144, longitude=-122.1513069}, version=1, billinggroupname=null}","2020-11-26 00:00:00.000"
"iot-device-02","1.5946275340714028E9","59.7","75.38","true","false","0.0074","0.0047","0.0197","2020-11-26T17:09:18.353+0000","{defaultclientid=iot-device-02, thingname=iot-device-02, thingid=4ae4927a-aefb-4584-a45a-fc4839feffd6, thingarn=arn:aws:iot:us-east-1:507441099951:thing/iot-device-02, thingtypename=null, attributes={installed=1593361211, latitude=32.8205865, longitude=-96.871627}, version=1, billinggroupname=null}","2020-11-26 00:00:00.000"
"iot-device-03","1.5946275345269392E9","51.4","71.24","false","false","0.0078","0.0051","0.0209","2020-11-26T17:09:18.645+0000","{defaultclientid=iot-device-03, thingname=iot-device-03, thingid=877352b9-a35d-45d3-9c98-162d89965a13, thingarn=arn:aws:iot:us-east-1:507441099951:thing/iot-device-03, thingtypename=null, attributes={installed=1592562234, latitude=37.4133144, longitude=-122.1513069}, version=1, billinggroupname=null}","2020-11-26 00:00:00.000"
"iot-device-03","1.5946275382131755E9","51.4","71.42","false","false","0.0079","0.0051","0.021","2020-11-26T17:09:18.925+0000","{defaultclientid=iot-device-03, thingname=iot-device-03, thingid=877352b9-a35d-45d3-9c98-162d89965a13, thingarn=arn:aws:iot:us-east-1:507441099951:thing/iot-device-03, thingtypename=null, attributes={installed=1592562234, latitude=37.4133144, longitude=-122.1513069}, version=1, billinggroupname=null}","2020-11-26 00:00:00.000"
"iot-device-01","1.5946275406023085E9","75.8","67.28","false","false","0.0065","0.004","0.0172","2020-11-26T17:09:19.402+0000","{defaultclientid=iot-device-01, thingname=iot-device-01, thingid=983c2b68-f9a3-4e83-b3c6-9f6f8ad5431b, thingarn=arn:aws:iot:us-east-1:507441099951:thing/iot-device-01, thingtypename=null, attributes={installed=1594665292, latitude=37.4133144, longitude=-122.1513069}, version=1, billinggroupname=null}","2020-11-26 00:00:00.000"
"iot-device-02","1.5946275410866773E9","59.7","75.38","true","false","0.0074","0.0047","0.0197","2020-11-26T17:09:19.905+0000","{defaultclientid=iot-device-02, thingname=iot-device-02, thingid=4ae4927a-aefb-4584-a45a-fc4839feffd6, thingarn=arn:aws:iot:us-east-1:507441099951:thing/iot-device-02, thingtypename=null, attributes={installed=1593361211, latitude=32.8205865, longitude=-96.871627}, version=1, billinggroupname=null}","2020-11-26 00:00:00.000"
"iot-device-03","1.5946275418991327E9","51.4","71.42","false","false","0.0079","0.0051","0.021","2020-11-26T17:09:20.369+0000","{defaultclientid=iot-device-03, thingname=iot-device-03, thingid=877352b9-a35d-45d3-9c98-162d89965a13, thingarn=arn:aws:iot:us-east-1:507441099951:thing/iot-device-03, thingtypename=null, attributes={installed=1592562234, latitude=37.4133144, longitude=-122.1513069}, version=1, billinggroupname=null}","2020-11-26 00:00:00.000"
"iot-device-03","1.594627545585157E9","51.5","71.42","false","false","0.0078","0.0051","0.021","2020-11-26T17:09:20.722+0000","{defaultclientid=iot-device-03, thingname=iot-device-03, thingid=877352b9-a35d-45d3-9c98-162d89965a13, thingarn=arn:aws:iot:us-east-1:507441099951:thing/iot-device-03, thingtypename=null, attributes={installed=1592562234, latitude=37.4133144, longitude=-122.1513069}, version=1, billinggroupname=null}","2020-11-26 00:00:00.000"
"iot-device-01","1.5946275476469665E9","75.8","67.28","false","false","0.0065","0.004","0.0172","2020-11-26T17:09:21.004+0000","{defaultclientid=iot-device-01, thingname=iot-device-01, thingid=983c2b68-f9a3-4e83-b3c6-9f6f8ad5431b, thingarn=arn:aws:iot:us-east-1:507441099951:thing/iot-device-01, thingtypename=null, attributes={installed=1594665292, latitude=37.4133144, longitude=-122.1513069}, version=1, billinggroupname=null}","2020-11-26 00:00:00.000"
"iot-device-03","1.5946274976530788E9","51.4","71.42","false","false","0.0078","0.0051","0.021","2020-11-26T17:09:11.774+0000","{defaultclientid=iot-device-03, thingname=iot-device-03, thingid=877352b9-a35d-45d3-9c98-162d89965a13, thingarn=arn:aws:iot:us-east-1:507441099951:thing/iot-device-03, thingtypename=null, attributes={installed=1592562234, latitude=37.4133144, longitude=-122.1513069}, version=1, billinggroupname=null}","2020-11-26 00:00:00.000"
"iot-device-02","1.5946274993813984E9","59.6","75.38","true","false","0.0073","0.0047","0.0195","2020-11-26T17:09:12.064+0000","{defaultclientid=iot-device-02, thingname=iot-device-02, thingid=4ae4927a-aefb-4584-a45a-fc4839feffd6, thingarn=arn:aws:iot:us-east-1:507441099951:thing/iot-device-02, thingtypename=null, attributes={installed=1593361211, latitude=32.8205865, longitude=-96.871627}, version=1, billinggroupname=null}","2020-11-26 00:00:00.000"
"iot-device-03","1.5946275013409874E9","51.5","71.42","false","false","0.0078","0.0051","0.0209","2020-11-26T17:09:12.366+0000","{defaultclientid=iot-device-03, thingname=iot-device-03, thingid=877352b9-a35d-45d3-9c98-162d89965a13, thingarn=arn:aws:iot:us-east-1:507441099951:thing/iot-device-03, thingtypename=null, attributes={installed=1592562234, latitude=37.4133144, longitude=-122.1513069}, version=1, billinggroupname=null}","2020-11-26 00:00:00.000"
"iot-device-02","1.5946275037395802E9","59.6","75.38","true","false","0.0073","0.0047","0.0195","2020-11-26T17:09:12.690+0000","{defaultclientid=iot-device-02, thingname=iot-device-02, thingid=4ae4927a-aefb-4584-a45a-fc4839feffd6, thingarn=arn:aws:iot:us-east-1:507441099951:thing/iot-device-02, thingtypename=null, attributes={installed=1593361211, latitude=32.8205865, longitude=-96.871627}, version=1, billinggroupname=null}","2020-11-26 00:00:00.000"
"iot-device-03","1.594627505028482E9","51.4","71.42","false","false","0.0078","0.0051","0.0209","2020-11-26T17:09:12.985+0000","{defaultclientid=iot-device-03, thingname=iot-device-03, thingid=877352b9-a35d-45d3-9c98-162d89965a13, thingarn=arn:aws:iot:us-east-1:507441099951:thing/iot-device-03, thingtypename=null, attributes={installed=1592562234, latitude=37.4133144, longitude=-122.1513069}, version=1, billinggroupname=null}","2020-11-26 00:00:00.000"
"iot-device-01","1.5946275059389932E9","75.8","67.28","false","false","0.0065","0.004","0.0172","2020-11-26T17:09:13.290+0000","{defaultclientid=iot-device-01, thingname=iot-device-01, thingid=983c2b68-f9a3-4e83-b3c6-9f6f8ad5431b, thingarn=arn:aws:iot:us-east-1:507441099951:thing/iot-device-01, thingtypename=null, attributes={installed=1594665292, latitude=37.4133144, longitude=-122.1513069}, version=1, billinggroupname=null}","2020-11-26 00:00:00.000"
"iot-device-02","1.5946275086232545E9","59.6","75.38","true","false","0.0074","0.0048","0.0198","2020-11-26T17:09:13.656+0000","{defaultclientid=iot-device-02, thingname=iot-device-02, thingid=4ae4927a-aefb-4584-a45a-fc4839feffd6, thingarn=arn:aws:iot:us-east-1:507441099951:thing/iot-device-02, thingtypename=null, attributes={installed=1593361211, latitude=32.8205865, longitude=-96.871627}, version=1, billinggroupname=null}","2020-11-26 00:00:00.000"
"iot-device-03","1.5946275087160199E9","51.4","71.42","false","false","0.0079","0.0051","0.021","2020-11-26T17:09:13.953+0000","{defaultclientid=iot-device-03, thingname=iot-device-03, thingid=877352b9-a35d-45d3-9c98-162d89965a13, thingarn=arn:aws:iot:us-east-1:507441099951:thing/iot-device-03, thingtypename=null, attributes={installed=1592562234, latitude=37.4133144, longitude=-122.1513069}, version=1, billinggroupname=null}","2020-11-26 00:00:00.000"
"iot-device-01","1.5946275097620842E9","75.8","67.28","false","false","0.0065","0.004","0.0172","2020-11-26T17:09:14.250+0000","{defaultclientid=iot-device-01, thingname=iot-device-01, thingid=983c2b68-f9a3-4e83-b3c6-9f6f8ad5431b, thingarn=arn:aws:iot:us-east-1:507441099951:thing/iot-device-01, thingtypename=null, attributes={installed=1594665292, latitude=37.4133144, longitude=-122.1513069}, version=1, billinggroupname=null}","2020-11-26 00:00:00.000"
"iot-device-03","1.5946275124018884E9","51.3","71.24","false","false","0.0078","0.0051","0.021","2020-11-26T17:09:14.535+0000","{defaultclientid=iot-device-03, thingname=iot-device-03, thingid=877352b9-a35d-45d3-9c98-162d89965a13, thingarn=arn:aws:iot:us-east-1:507441099951:thing/iot-device-03, thingtypename=null, attributes={installed=1592562234, latitude=37.4133144, longitude=-122.1513069}, version=1, billinggroupname=null}","2020-11-26 00:00:00.000"
"iot-device-01","1.5946274484797516E9","75.7","67.28","false","false","0.0065","0.0039","0.017","2020-11-26T17:09:02.920+0000","{defaultclientid=iot-device-01, thingname=iot-device-01, thingid=983c2b68-f9a3-4e83-b3c6-9f6f8ad5431b, thingarn=arn:aws:iot:us-east-1:507441099951:thing/iot-device-01, thingtypename=null, attributes={installed=1594665292, latitude=37.4133144, longitude=-122.1513069}, version=1, billinggroupname=null}","2020-11-26 00:00:00.000"
"iot-device-03","1.5946274497136815E9","51.3","71.24","false","false","0.0078","0.0051","0.0209","2020-11-26T17:09:03.224+0000","{defaultclientid=iot-device-03, thingname=iot-device-03, thingid=877352b9-a35d-45d3-9c98-162d89965a13, thingarn=arn:aws:iot:us-east-1:507441099951:thing/iot-device-03, thingtypename=null, attributes={installed=1592562234, latitude=37.4133144, longitude=-122.1513069}, version=1, billinggroupname=null}","2020-11-26 00:00:00.000"
"iot-device-02","1.5946274502041516E9","59.5","75.38","true","false","0.0073","0.0047","0.0195","2020-11-26T17:09:03.514+0000","{defaultclientid=iot-device-02, thingname=iot-device-02, thingid=4ae4927a-aefb-4584-a45a-fc4839feffd6, thingarn=arn:aws:iot:us-east-1:507441099951:thing/iot-device-02, thingtypename=null, attributes={installed=1593361211, latitude=32.8205865, longitude=-96.871627}, version=1, billinggroupname=null}","2020-11-26 00:00:00.000"
"iot-device-03","1.5946274534011984E9","51.4","71.42","false","false","0.0078","0.0051","0.0209","2020-11-26T17:09:03.832+0000","{defaultclientid=iot-device-03, thingname=iot-device-03, thingid=877352b9-a35d-45d3-9c98-162d89965a13, thingarn=arn:aws:iot:us-east-1:507441099951:thing/iot-device-03, thingtypename=null, attributes={installed=1592562234, latitude=37.4133144, longitude=-122.1513069}, version=1, billinggroupname=null}","2020-11-26 00:00:00.000"
"iot-device-02","1.5946274550811086E9","59.5","75.38","true","false","0.0073","0.0047","0.0195","2020-11-26T17:09:04.145+0000","{defaultclientid=iot-device-02, thingname=iot-device-02, thingid=4ae4927a-aefb-4584-a45a-fc4839feffd6, thingarn=arn:aws:iot:us-east-1:507441099951:thing/iot-device-02, thingtypename=null, attributes={installed=1593361211, latitude=32.8205865, longitude=-96.871627}, version=1, billinggroupname=null}","2020-11-26 00:00:00.000"
"iot-device-03","1.5946274570888743E9","51.4","71.42","false","false","0.0078","0.0051","0.0209","2020-11-26T17:09:04.436+0000","{defaultclientid=iot-device-03, thingname=iot-device-03, thingid=877352b9-a35d-45d3-9c98-162d89965a13, thingarn=arn:aws:iot:us-east-1:507441099951:thing/iot-device-03, thingtypename=null, attributes={installed=1592562234, latitude=37.4133144, longitude=-122.1513069}, version=1, billinggroupname=null}","2020-11-26 00:00:00.000"
"iot-device-01","1.5946274576861262E9","75.7","67.28","false","false","0.0066","0.0041","0.0175","2020-11-26T17:09:04.718+0000","{defaultclientid=iot-device-01, thingname=iot-device-01, thingid=983c2b68-f9a3-4e83-b3c6-9f6f8ad5431b, thingarn=arn:aws:iot:us-east-1:507441099951:thing/iot-device-01, thingtypename=null, attributes={installed=1594665292, latitude=37.4133144, longitude=-122.1513069}, version=1, billinggroupname=null}","2020-11-26 00:00:00.000"
"iot-device-03","1.5946274607763615E9","51.4","71.24","false","false","0.0078","0.0051","0.0209","2020-11-26T17:09:05.019+0000","{defaultclientid=iot-device-03, thingname=iot-device-03, thingid=877352b9-a35d-45d3-9c98-162d89965a13, thingarn=arn:aws:iot:us-east-1:507441099951:thing/iot-device-03, thingtypename=null, attributes={installed=1592562234, latitude=37.4133144, longitude=-122.1513069}, version=1, billinggroupname=null}","2020-11-26 00:00:00.000"
"iot-device-01","1.5946274620379643E9","75.8","67.28","false","false","0.0066","0.004","0.0173","2020-11-26T17:09:05.298+0000","{defaultclientid=iot-device-01, thingname=iot-device-01, thingid=983c2b68-f9a3-4e83-b3c6-9f6f8ad5431b, thingarn=arn:aws:iot:us-east-1:507441099951:thing/iot-device-01, thingtypename=null, attributes={installed=1594665292, latitude=37.4133144, longitude=-122.1513069}, version=1, billinggroupname=null}","2020-11-26 00:00:00.000"
"iot-device-02","1.5946274620911055E9","59.6","75.38","true","false","0.0073","0.0047","0.0195","2020-11-26T17:09:05.595+0000","{defaultclientid=iot-device-02, thingname=iot-device-02, thingid=4ae4927a-aefb-4584-a45a-fc4839feffd6, thingarn=arn:aws:iot:us-east-1:507441099951:thing/iot-device-02, thingtypename=null, attributes={installed=1593361211, latitude=32.8205865, longitude=-96.871627}, version=1, billinggroupname=null}","2020-11-26 00:00:00.000"
"iot-device-01","1.5946275829577687E9","75.8","67.28","false","false","0.0066","0.004","0.0173","2020-11-26T17:09:27.174+0000","{defaultclientid=iot-device-01, thingname=iot-device-01, thingid=983c2b68-f9a3-4e83-b3c6-9f6f8ad5431b, thingarn=arn:aws:iot:us-east-1:507441099951:thing/iot-device-01, thingtypename=null, attributes={installed=1594665292, latitude=37.4133144, longitude=-122.1513069}, version=1, billinggroupname=null}","2020-11-26 00:00:00.000"
"iot-device-03","1.594627586121383E9","51.5","71.42","false","false","0.0078","0.0051","0.0209","2020-11-26T17:09:27.464+0000","{defaultclientid=iot-device-03, thingname=iot-device-03, thingid=877352b9-a35d-45d3-9c98-162d89965a13, thingarn=arn:aws:iot:us-east-1:507441099951:thing/iot-device-03, thingtypename=null, attributes={installed=1592562234, latitude=37.4133144, longitude=-122.1513069}, version=1, billinggroupname=null}","2020-11-26 00:00:00.000"
"iot-device-02","1.5946275881027513E9","59.7","75.38","true","false","0.0073","0.0047","0.0195","2020-11-26T17:09:27.754+0000","{defaultclientid=iot-device-02, thingname=iot-device-02, thingid=4ae4927a-aefb-4584-a45a-fc4839feffd6, thingarn=arn:aws:iot:us-east-1:507441099951:thing/iot-device-02, thingtypename=null, attributes={installed=1593361211, latitude=32.8205865, longitude=-96.871627}, version=1, billinggroupname=null}","2020-11-26 00:00:00.000"
"iot-device-03","1.5946275898051891E9","51.4","71.24","false","false","0.0078","0.0051","0.0209","2020-11-26T17:09:28.033+0000","{defaultclientid=iot-device-03, thingname=iot-device-03, thingid=877352b9-a35d-45d3-9c98-162d89965a13, thingarn=arn:aws:iot:us-east-1:507441099951:thing/iot-device-03, thingtypename=null, attributes={installed=1592562234, latitude=37.4133144, longitude=-122.1513069}, version=1, billinggroupname=null}","2020-11-26 00:00:00.000"
"iot-device-01","1.5946275905414498E9","75.8","67.28","false","false","0.0066","0.004","0.0173","2020-11-26T17:09:28.329+0000","{defaultclientid=iot-device-01, thingname=iot-device-01, thingid=983c2b68-f9a3-4e83-b3c6-9f6f8ad5431b, thingarn=arn:aws:iot:us-east-1:507441099951:thing/iot-device-01, thingtypename=null, attributes={installed=1594665292, latitude=37.4133144, longitude=-122.1513069}, version=1, billinggroupname=null}","2020-11-26 00:00:00.000"
"iot-device-03","1.594627593491462E9","51.5","71.42","false","false","0.0078","0.0051","0.0209","2020-11-26T17:09:28.614+0000","{defaultclientid=iot-device-03, thingname=iot-device-03, thingid=877352b9-a35d-45d3-9c98-162d89965a13, thingarn=arn:aws:iot:us-east-1:507441099951:thing/iot-device-03, thingtypename=null, attributes={installed=1592562234, latitude=37.4133144, longitude=-122.1513069}, version=1, billinggroupname=null}","2020-11-26 00:00:00.000"
"iot-device-02","1.594627596188366E9","59.5","75.38","true","false","0.0073","0.0047","0.0195","2020-11-26T17:09:28.897+0000","{defaultclientid=iot-device-02, thingname=iot-device-02, thingid=4ae4927a-aefb-4584-a45a-fc4839feffd6, thingarn=arn:aws:iot:us-east-1:507441099951:thing/iot-device-02, thingtypename=null, attributes={installed=1593361211, latitude=32.8205865, longitude=-96.871627}, version=1, billinggroupname=null}","2020-11-26 00:00:00.000"
"iot-device-03","1.594627597173999E9","51.4","71.24","false","false","0.0079","0.0051","0.021","2020-11-26T17:09:29.185+0000","{defaultclientid=iot-device-03, thingname=iot-device-03, thingid=877352b9-a35d-45d3-9c98-162d89965a13, thingarn=arn:aws:iot:us-east-1:507441099951:thing/iot-device-03, thingtypename=null, attributes={installed=1592562234, latitude=37.4133144, longitude=-122.1513069}, version=1, billinggroupname=null}","2020-11-26 00:00:00.000"
"iot-device-01","1.5946275975782075E9","75.8","67.28","false","false","0.0065","0.0039","0.017","2020-11-26T17:09:29.476+0000","{defaultclientid=iot-device-01, thingname=iot-device-01, thingid=983c2b68-f9a3-4e83-b3c6-9f6f8ad5431b, thingarn=arn:aws:iot:us-east-1:507441099951:thing/iot-device-01, thingtypename=null, attributes={installed=1594665292, latitude=37.4133144, longitude=-122.1513069}, version=1, billinggroupname=null}","2020-11-26 00:00:00.000"
"iot-device-02","1.5946275999973886E9","59.5","75.38","true","false","0.0074","0.0047","0.0196","2020-11-26T17:09:29.769+0000","{defaultclientid=iot-device-02, thingname=iot-device-02, thingid=4ae4927a-aefb-4584-a45a-fc4839feffd6, thingarn=arn:aws:iot:us-east-1:507441099951:thing/iot-device-02, thingtypename=null, attributes={installed=1593361211, latitude=32.8205865, longitude=-96.871627}, version=1, billinggroupname=null}","2020-11-26 00:00:00.000"
"iot-device-03","1.5946275160892699E9","51.4","71.42","false","false","0.0079","0.0051","0.021","2020-11-26T17:09:14.834+0000","{defaultclientid=iot-device-03, thingname=iot-device-03, thingid=877352b9-a35d-45d3-9c98-162d89965a13, thingarn=arn:aws:iot:us-east-1:507441099951:thing/iot-device-03, thingtypename=null, attributes={installed=1592562234, latitude=37.4133144, longitude=-122.1513069}, version=1, billinggroupname=null}","2020-11-26 00:00:00.000"
"iot-device-02","1.5946275177705874E9","59.6","75.38","true","false","0.0073","0.0047","0.0195","2020-11-26T17:09:15.133+0000","{defaultclientid=iot-device-02, thingname=iot-device-02, thingid=4ae4927a-aefb-4584-a45a-fc4839feffd6, thingarn=arn:aws:iot:us-east-1:507441099951:thing/iot-device-02, thingtypename=null, attributes={installed=1593361211, latitude=32.8205865, longitude=-96.871627}, version=1, billinggroupname=null}","2020-11-26 00:00:00.000"
"iot-device-01","1.5946275178698804E9","75.8","67.28","false","false","0.0066","0.0041","0.0175","2020-11-26T17:09:15.418+0000","{defaultclientid=iot-device-01, thingname=iot-device-01, thingid=983c2b68-f9a3-4e83-b3c6-9f6f8ad5431b, thingarn=arn:aws:iot:us-east-1:507441099951:thing/iot-device-01, thingtypename=null, attributes={installed=1594665292, latitude=37.4133144, longitude=-122.1513069}, version=1, billinggroupname=null}","2020-11-26 00:00:00.000"
"iot-device-03","1.5946275197767045E9","51.3","71.24","false","false","0.0078","0.0051","0.0209","2020-11-26T17:09:15.710+0000","{defaultclientid=iot-device-03, thingname=iot-device-03, thingid=877352b9-a35d-45d3-9c98-162d89965a13, thingarn=arn:aws:iot:us-east-1:507441099951:thing/iot-device-03, thingtypename=null, attributes={installed=1592562234, latitude=37.4133144, longitude=-122.1513069}, version=1, billinggroupname=null}","2020-11-26 00:00:00.000"
"iot-device-02","1.594627521578845E9","59.6","75.38","true","false","0.0073","0.0047","0.0195","2020-11-26T17:09:16.005+0000","{defaultclientid=iot-device-02, thingname=iot-device-02, thingid=4ae4927a-aefb-4584-a45a-fc4839feffd6, thingarn=arn:aws:iot:us-east-1:507441099951:thing/iot-device-02, thingtypename=null, attributes={installed=1593361211, latitude=32.8205865, longitude=-96.871627}, version=1, billinggroupname=null}","2020-11-26 00:00:00.000"
"iot-device-01","1.594627522760608E9","75.8","67.28","false","false","0.0065","0.004","0.0172","2020-11-26T17:09:16.299+0000","{defaultclientid=iot-device-01, thingname=iot-device-01, thingid=983c2b68-f9a3-4e83-b3c6-9f6f8ad5431b, thingarn=arn:aws:iot:us-east-1:507441099951:thing/iot-device-01, thingtypename=null, attributes={installed=1594665292, latitude=37.4133144, longitude=-122.1513069}, version=1, billinggroupname=null}","2020-11-26 00:00:00.000"
"iot-device-03","1.5946275234646795E9","51.4","71.42","false","false","0.0078","0.0051","0.0209","2020-11-26T17:09:16.593+0000","{defaultclientid=iot-device-03, thingname=iot-device-03, thingid=877352b9-a35d-45d3-9c98-162d89965a13, thingarn=arn:aws:iot:us-east-1:507441099951:thing/iot-device-03, thingtypename=null, attributes={installed=1592562234, latitude=37.4133144, longitude=-122.1513069}, version=1, billinggroupname=null}","2020-11-26 00:00:00.000"
"iot-device-02","1.5946275253867846E9","59.7","75.38","true","false","0.0073","0.0046","0.0194","2020-11-26T17:09:16.894+0000","{defaultclientid=iot-device-02, thingname=iot-device-02, thingid=4ae4927a-aefb-4584-a45a-fc4839feffd6, thingarn=arn:aws:iot:us-east-1:507441099951:thing/iot-device-02, thingtypename=null, attributes={installed=1593361211, latitude=32.8205865, longitude=-96.871627}, version=1, billinggroupname=null}","2020-11-26 00:00:00.000"
"iot-device-03","1.594627527152301E9","51.4","71.42","false","false","0.0079","0.0051","0.021","2020-11-26T17:09:17.191+0000","{defaultclientid=iot-device-03, thingname=iot-device-03, thingid=877352b9-a35d-45d3-9c98-162d89965a13, thingarn=arn:aws:iot:us-east-1:507441099951:thing/iot-device-03, thingtypename=null, attributes={installed=1592562234, latitude=37.4133144, longitude=-122.1513069}, version=1, billinggroupname=null}","2020-11-26 00:00:00.000"
"iot-device-02","1.5946275297292824E9","59.7","75.38","true","false","0.0074","0.0047","0.0197","2020-11-26T17:09:17.485+0000","{defaultclientid=iot-device-02, thingname=iot-device-02, thingid=4ae4927a-aefb-4584-a45a-fc4839feffd6, thingarn=arn:aws:iot:us-east-1:507441099951:thing/iot-device-02, thingtypename=null, attributes={installed=1593361211, latitude=32.8205865, longitude=-96.871627}, version=1, billinggroupname=null}","2020-11-26 00:00:00.000"
"iot-device-01","1.5946275661242347E9","76.0","67.28","false","false","0.0065","0.0039","0.017","2020-11-26T17:09:24.234+0000","{defaultclientid=iot-device-01, thingname=iot-device-01, thingid=983c2b68-f9a3-4e83-b3c6-9f6f8ad5431b, thingarn=arn:aws:iot:us-east-1:507441099951:thing/iot-device-01, thingtypename=null, attributes={installed=1594665292, latitude=37.4133144, longitude=-122.1513069}, version=1, billinggroupname=null}","2020-11-26 00:00:00.000"
"iot-device-02","1.594627567060811E9","59.7","75.38","true","false","0.0073","0.0047","0.0195","2020-11-26T17:09:24.519+0000","{defaultclientid=iot-device-02, thingname=iot-device-02, thingid=4ae4927a-aefb-4584-a45a-fc4839feffd6, thingarn=arn:aws:iot:us-east-1:507441099951:thing/iot-device-02, thingtypename=null, attributes={installed=1593361211, latitude=32.8205865, longitude=-96.871627}, version=1, billinggroupname=null}","2020-11-26 00:00:00.000"
"iot-device-03","1.5946275713784509E9","51.4","71.24","false","false","0.0078","0.0051","0.021","2020-11-26T17:09:25.098+0000","{defaultclientid=iot-device-03, thingname=iot-device-03, thingid=877352b9-a35d-45d3-9c98-162d89965a13, thingarn=arn:aws:iot:us-east-1:507441099951:thing/iot-device-03, thingtypename=null, attributes={installed=1592562234, latitude=37.4133144, longitude=-122.1513069}, version=1, billinggroupname=null}","2020-11-26 00:00:00.000"
"iot-device-03","1.5946275676933393E9","51.4","71.24","false","false","0.0078","0.0051","0.021","2020-11-26T17:09:24.811+0000","{defaultclientid=iot-device-03, thingname=iot-device-03, thingid=877352b9-a35d-45d3-9c98-162d89965a13, thingarn=arn:aws:iot:us-east-1:507441099951:thing/iot-device-03, thingtypename=null, attributes={installed=1592562234, latitude=37.4133144, longitude=-122.1513069}, version=1, billinggroupname=null}","2020-11-26 00:00:00.000"
"iot-device-01","1.5946275737655654E9","75.9","67.28","false","false","0.0065","0.0039","0.017","2020-11-26T17:09:25.388+0000","{defaultclientid=iot-device-01, thingname=iot-device-01, thingid=983c2b68-f9a3-4e83-b3c6-9f6f8ad5431b, thingarn=arn:aws:iot:us-east-1:507441099951:thing/iot-device-01, thingtypename=null, attributes={installed=1594665292, latitude=37.4133144, longitude=-122.1513069}, version=1, billinggroupname=null}","2020-11-26 00:00:00.000"
"iot-device-02","1.5946275740713232E9","59.6","75.38","true","false","0.0073","0.0046","0.0194","2020-11-26T17:09:25.682+0000","{defaultclientid=iot-device-02, thingname=iot-device-02, thingid=4ae4927a-aefb-4584-a45a-fc4839feffd6, thingarn=arn:aws:iot:us-east-1:507441099951:thing/iot-device-02, thingtypename=null, attributes={installed=1593361211, latitude=32.8205865, longitude=-96.871627}, version=1, billinggroupname=null}","2020-11-26 00:00:00.000"
"iot-device-03","1.5946275750666854E9","51.5","71.42","false","false","0.0078","0.0051","0.021","2020-11-26T17:09:26.008+0000","{defaultclientid=iot-device-03, thingname=iot-device-03, thingid=877352b9-a35d-45d3-9c98-162d89965a13, thingarn=arn:aws:iot:us-east-1:507441099951:thing/iot-device-03, thingtypename=null, attributes={installed=1592562234, latitude=37.4133144, longitude=-122.1513069}, version=1, billinggroupname=null}","2020-11-26 00:00:00.000"
"iot-device-03","1.5946275787531545E9","51.5","71.42","false","false","0.0078","0.0051","0.0209","2020-11-26T17:09:26.304+0000","{defaultclientid=iot-device-03, thingname=iot-device-03, thingid=877352b9-a35d-45d3-9c98-162d89965a13, thingarn=arn:aws:iot:us-east-1:507441099951:thing/iot-device-03, thingtypename=null, attributes={installed=1592562234, latitude=37.4133144, longitude=-122.1513069}, version=1, billinggroupname=null}","2020-11-26 00:00:00.000"
"iot-device-02","1.5946275805569654E9","59.6","75.38","true","false","0.0073","0.0047","0.0195","2020-11-26T17:09:26.593+0000","{defaultclientid=iot-device-02, thingname=iot-device-02, thingid=4ae4927a-aefb-4584-a45a-fc4839feffd6, thingarn=arn:aws:iot:us-east-1:507441099951:thing/iot-device-02, thingtypename=null, attributes={installed=1593361211, latitude=32.8205865, longitude=-96.871627}, version=1, billinggroupname=null}","2020-11-26 00:00:00.000"
"iot-device-03","1.594627582436926E9","51.4","71.24","false","false","0.0079","0.0051","0.021","2020-11-26T17:09:26.885+0000","{defaultclientid=iot-device-03, thingname=iot-device-03, thingid=877352b9-a35d-45d3-9c98-162d89965a13, thingarn=arn:aws:iot:us-east-1:507441099951:thing/iot-device-03, thingtypename=null, attributes={installed=1592562234, latitude=37.4133144, longitude=-122.1513069}, version=1, billinggroupname=null}","2020-11-26 00:00:00.000"
"iot-device-03","1.5946275492710376E9","51.5","71.42","false","false","0.0078","0.0051","0.0209","2020-11-26T17:09:21.299+0000","{defaultclientid=iot-device-03, thingname=iot-device-03, thingid=877352b9-a35d-45d3-9c98-162d89965a13, thingarn=arn:aws:iot:us-east-1:507441099951:thing/iot-device-03, thingtypename=null, attributes={installed=1592562234, latitude=37.4133144, longitude=-122.1513069}, version=1, billinggroupname=null}","2020-11-26 00:00:00.000"
"iot-device-01","1.5946275514606314E9","75.9","67.28","false","false","0.0065","0.004","0.0172","2020-11-26T17:09:21.580+0000","{defaultclientid=iot-device-01, thingname=iot-device-01, thingid=983c2b68-f9a3-4e83-b3c6-9f6f8ad5431b, thingarn=arn:aws:iot:us-east-1:507441099951:thing/iot-device-01, thingtypename=null, attributes={installed=1594665292, latitude=37.4133144, longitude=-122.1513069}, version=1, billinggroupname=null}","2020-11-26 00:00:00.000"
"iot-device-02","1.5946275518425741E9","59.6","75.38","true","false","0.0073","0.0046","0.0193","2020-11-26T17:09:21.869+0000","{defaultclientid=iot-device-02, thingname=iot-device-02, thingid=4ae4927a-aefb-4584-a45a-fc4839feffd6, thingarn=arn:aws:iot:us-east-1:507441099951:thing/iot-device-02, thingtypename=null, attributes={installed=1593361211, latitude=32.8205865, longitude=-96.871627}, version=1, billinggroupname=null}","2020-11-26 00:00:00.000"
"iot-device-03","1.5946275529540675E9","51.5","71.42","false","false","0.0078","0.0051","0.0209","2020-11-26T17:09:22.172+0000","{defaultclientid=iot-device-03, thingname=iot-device-03, thingid=877352b9-a35d-45d3-9c98-162d89965a13, thingarn=arn:aws:iot:us-east-1:507441099951:thing/iot-device-03, thingtypename=null, attributes={installed=1592562234, latitude=37.4133144, longitude=-122.1513069}, version=1, billinggroupname=null}","2020-11-26 00:00:00.000"
"iot-device-02","1.5946275556504724E9","59.6","75.38","true","false","0.0073","0.0046","0.0194","2020-11-26T17:09:22.467+0000","{defaultclientid=iot-device-02, thingname=iot-device-02, thingid=4ae4927a-aefb-4584-a45a-fc4839feffd6, thingarn=arn:aws:iot:us-east-1:507441099951:thing/iot-device-02, thingtypename=null, attributes={installed=1593361211, latitude=32.8205865, longitude=-96.871627}, version=1, billinggroupname=null}","2020-11-26 00:00:00.000"
"iot-device-03","1.594627556640293E9","51.4","71.24","false","false","0.0078","0.0051","0.0209","2020-11-26T17:09:22.751+0000","{defaultclientid=iot-device-03, thingname=iot-device-03, thingid=877352b9-a35d-45d3-9c98-162d89965a13, thingarn=arn:aws:iot:us-east-1:507441099951:thing/iot-device-03, thingtypename=null, attributes={installed=1592562234, latitude=37.4133144, longitude=-122.1513069}, version=1, billinggroupname=null}","2020-11-26 00:00:00.000"
"iot-device-01","1.5946275574171224E9","75.8","67.28","false","false","0.0065","0.004","0.0172","2020-11-26T17:09:23.048+0000","{defaultclientid=iot-device-01, thingname=iot-device-01, thingid=983c2b68-f9a3-4e83-b3c6-9f6f8ad5431b, thingarn=arn:aws:iot:us-east-1:507441099951:thing/iot-device-01, thingtypename=null, attributes={installed=1594665292, latitude=37.4133144, longitude=-122.1513069}, version=1, billinggroupname=null}","2020-11-26 00:00:00.000"
"iot-device-03","1.594627560326452E9","51.4","71.24","false","false","0.0078","0.0051","0.021","2020-11-26T17:09:23.339+0000","{defaultclientid=iot-device-03, thingname=iot-device-03, thingid=877352b9-a35d-45d3-9c98-162d89965a13, thingarn=arn:aws:iot:us-east-1:507441099951:thing/iot-device-03, thingtypename=null, attributes={installed=1592562234, latitude=37.4133144, longitude=-122.1513069}, version=1, billinggroupname=null}","2020-11-26 00:00:00.000"
"iot-device-01","1.5946275617698047E9","75.9","67.28","false","false","0.0065","0.0039","0.017","2020-11-26T17:09:23.643+0000","{defaultclientid=iot-device-01, thingname=iot-device-01, thingid=983c2b68-f9a3-4e83-b3c6-9f6f8ad5431b, thingarn=arn:aws:iot:us-east-1:507441099951:thing/iot-device-01, thingtypename=null, attributes={installed=1594665292, latitude=37.4133144, longitude=-122.1513069}, version=1, billinggroupname=null}","2020-11-26 00:00:00.000"
"iot-device-03","1.5946275640100675E9","51.5","71.42","false","false","0.0078","0.0051","0.0209","2020-11-26T17:09:23.943+0000","{defaultclientid=iot-device-03, thingname=iot-device-03, thingid=877352b9-a35d-45d3-9c98-162d89965a13, thingarn=arn:aws:iot:us-east-1:507441099951:thing/iot-device-03, thingtypename=null, attributes={installed=1592562234, latitude=37.4133144, longitude=-122.1513069}, version=1, billinggroupname=null}","2020-11-26 00:00:00.000"
"iot-device-03","1.5946351929937115E9","51.9","71.06","false","false","0.0078","0.0051","0.0208","2020-11-26T17:16:32.907+0000","{defaultclientid=iot-device-03, thingname=iot-device-03, thingid=877352b9-a35d-45d3-9c98-162d89965a13, thingarn=arn:aws:iot:us-east-1:507441099951:thing/iot-device-03, thingtypename=null, attributes={installed=1592562234, latitude=37.4133144, longitude=-122.1513069}, version=1, billinggroupname=null}","2020-11-26 00:00:00.000"
"iot-device-02","1.5946351947530856E9","59.8","74.48","true","false","0.0072","0.0045","0.019","2020-11-26T17:16:33.200+0000","{defaultclientid=iot-device-02, thingname=iot-device-02, thingid=4ae4927a-aefb-4584-a45a-fc4839feffd6, thingarn=arn:aws:iot:us-east-1:507441099951:thing/iot-device-02, thingtypename=null, attributes={installed=1593361211, latitude=32.8205865, longitude=-96.871627}, version=1, billinggroupname=null}","2020-11-26 00:00:00.000"
"iot-device-03","1.5946351966798227E9","51.9","71.06","false","false","0.0078","0.0051","0.0209","2020-11-26T17:16:33.500+0000","{defaultclientid=iot-device-03, thingname=iot-device-03, thingid=877352b9-a35d-45d3-9c98-162d89965a13, thingarn=arn:aws:iot:us-east-1:507441099951:thing/iot-device-03, thingtypename=null, attributes={installed=1592562234, latitude=37.4133144, longitude=-122.1513069}, version=1, billinggroupname=null}","2020-11-26 00:00:00.000"
"iot-device-01","1.594635199267094E9","75.8","67.46","false","false","0.0063","0.0038","0.0167","2020-11-26T17:16:33.803+0000","{defaultclientid=iot-device-01, thingname=iot-device-01, thingid=983c2b68-f9a3-4e83-b3c6-9f6f8ad5431b, thingarn=arn:aws:iot:us-east-1:507441099951:thing/iot-device-01, thingtypename=null, attributes={installed=1594665292, latitude=37.4133144, longitude=-122.1513069}, version=1, billinggroupname=null}","2020-11-26 00:00:00.000"
"iot-device-02","1.5946351996274452E9","59.7","74.48","true","false","0.0072","0.0046","0.0191","2020-11-26T17:16:34.100+0000","{defaultclientid=iot-device-02, thingname=iot-device-02, thingid=4ae4927a-aefb-4584-a45a-fc4839feffd6, thingarn=arn:aws:iot:us-east-1:507441099951:thing/iot-device-02, thingtypename=null, attributes={installed=1593361211, latitude=32.8205865, longitude=-96.871627}, version=1, billinggroupname=null}","2020-11-26 00:00:00.000"
"iot-device-03","1.594635200364116E9","51.8","70.88","false","false","0.0078","0.0051","0.0209","2020-11-26T17:16:34.391+0000","{defaultclientid=iot-device-03, thingname=iot-device-03, thingid=877352b9-a35d-45d3-9c98-162d89965a13, thingarn=arn:aws:iot:us-east-1:507441099951:thing/iot-device-03, thingtypename=null, attributes={installed=1592562234, latitude=37.4133144, longitude=-122.1513069}, version=1, billinggroupname=null}","2020-11-26 00:00:00.000"
"iot-device-02","1.5946352039709506E9","59.8","74.48","true","false","0.0072","0.0046","0.0191","2020-11-26T17:16:34.693+0000","{defaultclientid=iot-device-02, thingname=iot-device-02, thingid=4ae4927a-aefb-4584-a45a-fc4839feffd6, thingarn=arn:aws:iot:us-east-1:507441099951:thing/iot-device-02, thingtypename=null, attributes={installed=1593361211, latitude=32.8205865, longitude=-96.871627}, version=1, billinggroupname=null}","2020-11-26 00:00:00.000"
"iot-device-03","1.5946352040500648E9","51.9","71.06","false","false","0.0079","0.0051","0.021","2020-11-26T17:16:34.993+0000","{defaultclientid=iot-device-03, thingname=iot-device-03, thingid=877352b9-a35d-45d3-9c98-162d89965a13, thingarn=arn:aws:iot:us-east-1:507441099951:thing/iot-device-03, thingtypename=null, attributes={installed=1592562234, latitude=37.4133144, longitude=-122.1513069}, version=1, billinggroupname=null}","2020-11-26 00:00:00.000"
"iot-device-01","1.5946352041617215E9","75.8","67.46","false","false","0.0063","0.0038","0.0166","2020-11-26T17:16:35.288+0000","{defaultclientid=iot-device-01, thingname=iot-device-01, thingid=983c2b68-f9a3-4e83-b3c6-9f6f8ad5431b, thingarn=arn:aws:iot:us-east-1:507441099951:thing/iot-device-01, thingtypename=null, attributes={installed=1594665292, latitude=37.4133144, longitude=-122.1513069}, version=1, billinggroupname=null}","2020-11-26 00:00:00.000"
"iot-device-03","1.5946352077362506E9","51.9","71.06","false","false","0.0078","0.0051","0.0209","2020-11-26T17:16:35.584+0000","{defaultclientid=iot-device-03, thingname=iot-device-03, thingid=877352b9-a35d-45d3-9c98-162d89965a13, thingarn=arn:aws:iot:us-east-1:507441099951:thing/iot-device-03, thingtypename=null, attributes={installed=1592562234, latitude=37.4133144, longitude=-122.1513069}, version=1, billinggroupname=null}","2020-11-26 00:00:00.000"
"iot-device-02","1.594635177942372E9","59.7","74.48","true","false","0.0071","0.0045","0.019","2020-11-26T17:16:29.958+0000","{defaultclientid=iot-device-02, thingname=iot-device-02, thingid=4ae4927a-aefb-4584-a45a-fc4839feffd6, thingarn=arn:aws:iot:us-east-1:507441099951:thing/iot-device-02, thingtypename=null, attributes={installed=1593361211, latitude=32.8205865, longitude=-96.871627}, version=1, billinggroupname=null}","2020-11-26 00:00:00.000"
"iot-device-03","1.5946351782465858E9","51.9","71.06","false","false","0.0078","0.0051","0.0209","2020-11-26T17:16:30.252+0000","{defaultclientid=iot-device-03, thingname=iot-device-03, thingid=877352b9-a35d-45d3-9c98-162d89965a13, thingarn=arn:aws:iot:us-east-1:507441099951:thing/iot-device-03, thingtypename=null, attributes={installed=1592562234, latitude=37.4133144, longitude=-122.1513069}, version=1, billinggroupname=null}","2020-11-26 00:00:00.000"
"iot-device-01","1.5946351803021872E9","75.7","67.46","false","false","0.0065","0.0039","0.017","2020-11-26T17:16:30.540+0000","{defaultclientid=iot-device-01, thingname=iot-device-01, thingid=983c2b68-f9a3-4e83-b3c6-9f6f8ad5431b, thingarn=arn:aws:iot:us-east-1:507441099951:thing/iot-device-01, thingtypename=null, attributes={installed=1594665292, latitude=37.4133144, longitude=-122.1513069}, version=1, billinggroupname=null}","2020-11-26 00:00:00.000"
"iot-device-03","1.5946351819341733E9","51.9","71.06","false","false","0.0078","0.0051","0.021","2020-11-26T17:16:30.841+0000","{defaultclientid=iot-device-03, thingname=iot-device-03, thingid=877352b9-a35d-45d3-9c98-162d89965a13, thingarn=arn:aws:iot:us-east-1:507441099951:thing/iot-device-03, thingtypename=null, attributes={installed=1592562234, latitude=37.4133144, longitude=-122.1513069}, version=1, billinggroupname=null}","2020-11-26 00:00:00.000"
"iot-device-01","1.5946351841182904E9","75.7","67.46","false","false","0.0063","0.0038","0.0167","2020-11-26T17:16:31.134+0000","{defaultclientid=iot-device-01, thingname=iot-device-01, thingid=983c2b68-f9a3-4e83-b3c6-9f6f8ad5431b, thingarn=arn:aws:iot:us-east-1:507441099951:thing/iot-device-01, thingtypename=null, attributes={installed=1594665292, latitude=37.4133144, longitude=-122.1513069}, version=1, billinggroupname=null}","2020-11-26 00:00:00.000"
"iot-device-02","1.5946351850011318E9","59.7","74.48","true","false","0.0072","0.0046","0.0192","2020-11-26T17:16:31.427+0000","{defaultclientid=iot-device-02, thingname=iot-device-02, thingid=4ae4927a-aefb-4584-a45a-fc4839feffd6, thingarn=arn:aws:iot:us-east-1:507441099951:thing/iot-device-02, thingtypename=null, attributes={installed=1593361211, latitude=32.8205865, longitude=-96.871627}, version=1, billinggroupname=null}","2020-11-26 00:00:00.000"
"iot-device-03","1.5946351856201274E9","51.9","71.06","false","false","0.0078","0.0051","0.0209","2020-11-26T17:16:31.728+0000","{defaultclientid=iot-device-03, thingname=iot-device-03, thingid=877352b9-a35d-45d3-9c98-162d89965a13, thingarn=arn:aws:iot:us-east-1:507441099951:thing/iot-device-03, thingtypename=null, attributes={installed=1592562234, latitude=37.4133144, longitude=-122.1513069}, version=1, billinggroupname=null}","2020-11-26 00:00:00.000"
"iot-device-01","1.594635187931465E9","75.7","67.46","false","false","0.0063","0.0038","0.0166","2020-11-26T17:16:32.008+0000","{defaultclientid=iot-device-01, thingname=iot-device-01, thingid=983c2b68-f9a3-4e83-b3c6-9f6f8ad5431b, thingarn=arn:aws:iot:us-east-1:507441099951:thing/iot-device-01, thingtypename=null, attributes={installed=1594665292, latitude=37.4133144, longitude=-122.1513069}, version=1, billinggroupname=null}","2020-11-26 00:00:00.000"
"iot-device-02","1.5946351888070214E9","59.7","74.48","true","false","0.0072","0.0046","0.0192","2020-11-26T17:16:32.298+0000","{defaultclientid=iot-device-02, thingname=iot-device-02, thingid=4ae4927a-aefb-4584-a45a-fc4839feffd6, thingarn=arn:aws:iot:us-east-1:507441099951:thing/iot-device-02, thingtypename=null, attributes={installed=1593361211, latitude=32.8205865, longitude=-96.871627}, version=1, billinggroupname=null}","2020-11-26 00:00:00.000"
"iot-device-03","1.5946351893064635E9","51.9","71.06","false","false","0.0078","0.0051","0.0209","2020-11-26T17:16:32.616+0000","{defaultclientid=iot-device-03, thingname=iot-device-03, thingid=877352b9-a35d-45d3-9c98-162d89965a13, thingarn=arn:aws:iot:us-east-1:507441099951:thing/iot-device-03, thingtypename=null, attributes={installed=1592562234, latitude=37.4133144, longitude=-122.1513069}, version=1, billinggroupname=null}","2020-11-26 00:00:00.000"
"iot-device-02","1.5946352408559673E9","59.8","74.48","true","false","0.0072","0.0045","0.019","2020-11-26T17:16:41.768+0000","{defaultclientid=iot-device-02, thingname=iot-device-02, thingid=4ae4927a-aefb-4584-a45a-fc4839feffd6, thingarn=arn:aws:iot:us-east-1:507441099951:thing/iot-device-02, thingtypename=null, attributes={installed=1593361211, latitude=32.8205865, longitude=-96.871627}, version=1, billinggroupname=null}","2020-11-26 00:00:00.000"
"iot-device-03","1.5946352409257462E9","51.9","71.06","false","false","0.0078","0.0051","0.0209","2020-11-26T17:16:42.070+0000","{defaultclientid=iot-device-03, thingname=iot-device-03, thingid=877352b9-a35d-45d3-9c98-162d89965a13, thingarn=arn:aws:iot:us-east-1:507441099951:thing/iot-device-03, thingtypename=null, attributes={installed=1592562234, latitude=37.4133144, longitude=-122.1513069}, version=1, billinggroupname=null}","2020-11-26 00:00:00.000"
"iot-device-01","1.5946352420970836E9","75.8","67.46","false","false","0.0063","0.0038","0.0166","2020-11-26T17:16:42.445+0000","{defaultclientid=iot-device-01, thingname=iot-device-01, thingid=983c2b68-f9a3-4e83-b3c6-9f6f8ad5431b, thingarn=arn:aws:iot:us-east-1:507441099951:thing/iot-device-01, thingtypename=null, attributes={installed=1594665292, latitude=37.4133144, longitude=-122.1513069}, version=1, billinggroupname=null}","2020-11-26 00:00:00.000"
"iot-device-03","1.594635244613326E9","51.9","71.06","false","false","0.0078","0.0051","0.0209","2020-11-26T17:16:42.749+0000","{defaultclientid=iot-device-03, thingname=iot-device-03, thingid=877352b9-a35d-45d3-9c98-162d89965a13, thingarn=arn:aws:iot:us-east-1:507441099951:thing/iot-device-03, thingtypename=null, attributes={installed=1592562234, latitude=37.4133144, longitude=-122.1513069}, version=1, billinggroupname=null}","2020-11-26 00:00:00.000"
"iot-device-02","1.5946352473881135E9","59.4","74.48","true","false","0.0072","0.0046","0.0191","2020-11-26T17:16:43.052+0000","{defaultclientid=iot-device-02, thingname=iot-device-02, thingid=4ae4927a-aefb-4584-a45a-fc4839feffd6, thingarn=arn:aws:iot:us-east-1:507441099951:thing/iot-device-02, thingtypename=null, attributes={installed=1593361211, latitude=32.8205865, longitude=-96.871627}, version=1, billinggroupname=null}","2020-11-26 00:00:00.000"
"iot-device-03","1.5946352483002627E9","51.9","71.06","false","false","0.0078","0.0051","0.021","2020-11-26T17:16:43.350+0000","{defaultclientid=iot-device-03, thingname=iot-device-03, thingid=877352b9-a35d-45d3-9c98-162d89965a13, thingarn=arn:aws:iot:us-east-1:507441099951:thing/iot-device-03, thingtypename=null, attributes={installed=1592562234, latitude=37.4133144, longitude=-122.1513069}, version=1, billinggroupname=null}","2020-11-26 00:00:00.000"
"iot-device-03","1.5946352519877565E9","51.9","71.06","false","false","0.0078","0.0051","0.0208","2020-11-26T17:16:43.649+0000","{defaultclientid=iot-device-03, thingname=iot-device-03, thingid=877352b9-a35d-45d3-9c98-162d89965a13, thingarn=arn:aws:iot:us-east-1:507441099951:thing/iot-device-03, thingtypename=null, attributes={installed=1592562234, latitude=37.4133144, longitude=-122.1513069}, version=1, billinggroupname=null}","2020-11-26 00:00:00.000"
"iot-device-01","1.594635252908958E9","75.8","67.46","false","false","0.0064","0.0038","0.0168","2020-11-26T17:16:43.960+0000","{defaultclientid=iot-device-01, thingname=iot-device-01, thingid=983c2b68-f9a3-4e83-b3c6-9f6f8ad5431b, thingarn=arn:aws:iot:us-east-1:507441099951:thing/iot-device-01, thingtypename=null, attributes={installed=1594665292, latitude=37.4133144, longitude=-122.1513069}, version=1, billinggroupname=null}","2020-11-26 00:00:00.000"
"iot-device-02","1.594635253872431E9","59.8","74.48","true","false","0.0073","0.0046","0.0193","2020-11-26T17:16:44.252+0000","{defaultclientid=iot-device-02, thingname=iot-device-02, thingid=4ae4927a-aefb-4584-a45a-fc4839feffd6, thingarn=arn:aws:iot:us-east-1:507441099951:thing/iot-device-02, thingtypename=null, attributes={installed=1593361211, latitude=32.8205865, longitude=-96.871627}, version=1, billinggroupname=null}","2020-11-26 00:00:00.000"
"iot-device-03","1.594635255673699E9","51.9","70.88","false","false","0.0078","0.0051","0.0209","2020-11-26T17:16:44.539+0000","{defaultclientid=iot-device-03, thingname=iot-device-03, thingid=877352b9-a35d-45d3-9c98-162d89965a13, thingarn=arn:aws:iot:us-east-1:507441099951:thing/iot-device-03, thingtypename=null, attributes={installed=1592562234, latitude=37.4133144, longitude=-122.1513069}, version=1, billinggroupname=null}","2020-11-26 00:00:00.000"
"iot-device-03","1.5946356131022322E9","52.0","71.06","false","false","0.0078","0.0051","0.0209","2020-11-26T17:16:53.728+0000","{defaultclientid=iot-device-03, thingname=iot-device-03, thingid=877352b9-a35d-45d3-9c98-162d89965a13, thingarn=arn:aws:iot:us-east-1:507441099951:thing/iot-device-03, thingtypename=null, attributes={installed=1592562234, latitude=37.4133144, longitude=-122.1513069}, version=1, billinggroupname=null}","2020-11-26 00:00:00.000"
"iot-device-02","1.5946356152869046E9","59.7","74.66","true","false","0.0072","0.0046","0.0192","2020-11-26T17:16:54.019+0000","{defaultclientid=iot-device-02, thingname=iot-device-02, thingid=4ae4927a-aefb-4584-a45a-fc4839feffd6, thingarn=arn:aws:iot:us-east-1:507441099951:thing/iot-device-02, thingtypename=null, attributes={installed=1593361211, latitude=32.8205865, longitude=-96.871627}, version=1, billinggroupname=null}","2020-11-26 00:00:00.000"
"iot-device-03","1.594635616790447E9","52.0","71.06","false","false","0.0078","0.0051","0.021","2020-11-26T17:16:54.310+0000","{defaultclientid=iot-device-03, thingname=iot-device-03, thingid=877352b9-a35d-45d3-9c98-162d89965a13, thingarn=arn:aws:iot:us-east-1:507441099951:thing/iot-device-03, thingtypename=null, attributes={installed=1592562234, latitude=37.4133144, longitude=-122.1513069}, version=1, billinggroupname=null}","2020-11-26 00:00:00.000"
"iot-device-01","1.594635616923604E9","76.2","67.46","false","false","0.0062","0.0037","0.0164","2020-11-26T17:16:54.601+0000","{defaultclientid=iot-device-01, thingname=iot-device-01, thingid=983c2b68-f9a3-4e83-b3c6-9f6f8ad5431b, thingarn=arn:aws:iot:us-east-1:507441099951:thing/iot-device-01, thingtypename=null, attributes={installed=1594665292, latitude=37.4133144, longitude=-122.1513069}, version=1, billinggroupname=null}","2020-11-26 00:00:00.000"
"iot-device-02","1.5946356196314387E9","59.7","74.48","true","false","0.0072","0.0046","0.0192","2020-11-26T17:16:54.890+0000","{defaultclientid=iot-device-02, thingname=iot-device-02, thingid=4ae4927a-aefb-4584-a45a-fc4839feffd6, thingarn=arn:aws:iot:us-east-1:507441099951:thing/iot-device-02, thingtypename=null, attributes={installed=1593361211, latitude=32.8205865, longitude=-96.871627}, version=1, billinggroupname=null}","2020-11-26 00:00:00.000"
"iot-device-03","1.5946356204776812E9","52.0","71.06","false","false","0.0078","0.0051","0.0209","2020-11-26T17:16:55.183+0000","{defaultclientid=iot-device-03, thingname=iot-device-03, thingid=877352b9-a35d-45d3-9c98-162d89965a13, thingarn=arn:aws:iot:us-east-1:507441099951:thing/iot-device-03, thingtypename=null, attributes={installed=1592562234, latitude=37.4133144, longitude=-122.1513069}, version=1, billinggroupname=null}","2020-11-26 00:00:00.000"
"iot-device-01","1.5946356218150554E9","76.2","67.46","false","false","0.0063","0.0038","0.0166","2020-11-26T17:16:55.480+0000","{defaultclientid=iot-device-01, thingname=iot-device-01, thingid=983c2b68-f9a3-4e83-b3c6-9f6f8ad5431b, thingarn=arn:aws:iot:us-east-1:507441099951:thing/iot-device-01, thingtypename=null, attributes={installed=1594665292, latitude=37.4133144, longitude=-122.1513069}, version=1, billinggroupname=null}","2020-11-26 00:00:00.000"
"iot-device-03","1.5946356241637335E9","52.0","71.06","false","false","0.0078","0.0051","0.0209","2020-11-26T17:16:55.770+0000","{defaultclientid=iot-device-03, thingname=iot-device-03, thingid=877352b9-a35d-45d3-9c98-162d89965a13, thingarn=arn:aws:iot:us-east-1:507441099951:thing/iot-device-03, thingtypename=null, attributes={installed=1592562234, latitude=37.4133144, longitude=-122.1513069}, version=1, billinggroupname=null}","2020-11-26 00:00:00.000"
"iot-device-02","1.5946356245055194E9","53.3","74.48","true","false","0.0072","0.0045","0.019","2020-11-26T17:16:56.061+0000","{defaultclientid=iot-device-02, thingname=iot-device-02, thingid=4ae4927a-aefb-4584-a45a-fc4839feffd6, thingarn=arn:aws:iot:us-east-1:507441099951:thing/iot-device-02, thingtypename=null, attributes={installed=1593361211, latitude=32.8205865, longitude=-96.871627}, version=1, billinggroupname=null}","2020-11-26 00:00:00.000"
"iot-device-01","1.5946356256337814E9","76.2","67.46","false","false","0.0062","0.0037","0.0164","2020-11-26T17:16:56.350+0000","{defaultclientid=iot-device-01, thingname=iot-device-01, thingid=983c2b68-f9a3-4e83-b3c6-9f6f8ad5431b, thingarn=arn:aws:iot:us-east-1:507441099951:thing/iot-device-01, thingtypename=null, attributes={installed=1594665292, latitude=37.4133144, longitude=-122.1513069}, version=1, billinggroupname=null}","2020-11-26 00:00:00.000"
"iot-device-01","1.5946355804900866E9","76.1","67.46","false","false","0.0062","0.0037","0.0164","2020-11-26T17:16:47.793+0000","{defaultclientid=iot-device-01, thingname=iot-device-01, thingid=983c2b68-f9a3-4e83-b3c6-9f6f8ad5431b, thingarn=arn:aws:iot:us-east-1:507441099951:thing/iot-device-01, thingtypename=null, attributes={installed=1594665292, latitude=37.4133144, longitude=-122.1513069}, version=1, billinggroupname=null}","2020-11-26 00:00:00.000"
"iot-device-02","1.5946355833702962E9","59.6","74.48","true","false","0.0072","0.0046","0.0192","2020-11-26T17:16:48.080+0000","{defaultclientid=iot-device-02, thingname=iot-device-02, thingid=4ae4927a-aefb-4584-a45a-fc4839feffd6, thingarn=arn:aws:iot:us-east-1:507441099951:thing/iot-device-02, thingtypename=null, attributes={installed=1593361211, latitude=32.8205865, longitude=-96.871627}, version=1, billinggroupname=null}","2020-11-26 00:00:00.000"
"iot-device-03","1.594635583618588E9","52.0","71.06","false","false","0.0078","0.0051","0.0208","2020-11-26T17:16:48.375+0000","{defaultclientid=iot-device-03, thingname=iot-device-03, thingid=877352b9-a35d-45d3-9c98-162d89965a13, thingarn=arn:aws:iot:us-east-1:507441099951:thing/iot-device-03, thingtypename=null, attributes={installed=1592562234, latitude=37.4133144, longitude=-122.1513069}, version=1, billinggroupname=null}","2020-11-26 00:00:00.000"
"iot-device-01","1.594635585382746E9","76.1","67.46","false","false","0.0062","0.0037","0.0164","2020-11-26T17:16:48.660+0000","{defaultclientid=iot-device-01, thingname=iot-device-01, thingid=983c2b68-f9a3-4e83-b3c6-9f6f8ad5431b, thingarn=arn:aws:iot:us-east-1:507441099951:thing/iot-device-01, thingtypename=null, attributes={installed=1594665292, latitude=37.4133144, longitude=-122.1513069}, version=1, billinggroupname=null}","2020-11-26 00:00:00.000"
"iot-device-03","1.5946355873047655E9","52.0","71.06","false","false","0.0078","0.0051","0.021","2020-11-26T17:16:48.950+0000","{defaultclientid=iot-device-03, thingname=iot-device-03, thingid=877352b9-a35d-45d3-9c98-162d89965a13, thingarn=arn:aws:iot:us-east-1:507441099951:thing/iot-device-03, thingtypename=null, attributes={installed=1592562234, latitude=37.4133144, longitude=-122.1513069}, version=1, billinggroupname=null}","2020-11-26 00:00:00.000"
"iot-device-01","1.594635589734001E9","76.1","67.46","false","false","0.0062","0.0037","0.0164","2020-11-26T17:16:49.251+0000","{defaultclientid=iot-device-01, thingname=iot-device-01, thingid=983c2b68-f9a3-4e83-b3c6-9f6f8ad5431b, thingarn=arn:aws:iot:us-east-1:507441099951:thing/iot-device-01, thingtypename=null, attributes={installed=1594665292, latitude=37.4133144, longitude=-122.1513069}, version=1, billinggroupname=null}","2020-11-26 00:00:00.000"
"iot-device-03","1.5946355909884768E9","52.0","71.06","false","false","0.0078","0.0051","0.0209","2020-11-26T17:16:49.538+0000","{defaultclientid=iot-device-03, thingname=iot-device-03, thingid=877352b9-a35d-45d3-9c98-162d89965a13, thingarn=arn:aws:iot:us-east-1:507441099951:thing/iot-device-03, thingtypename=null, attributes={installed=1592562234, latitude=37.4133144, longitude=-122.1513069}, version=1, billinggroupname=null}","2020-11-26 00:00:00.000"
"iot-device-02","1.5946355914602158E9","59.6","74.48","true","false","0.0072","0.0045","0.019","2020-11-26T17:16:49.821+0000","{defaultclientid=iot-device-02, thingname=iot-device-02, thingid=4ae4927a-aefb-4584-a45a-fc4839feffd6, thingarn=arn:aws:iot:us-east-1:507441099951:thing/iot-device-02, thingtypename=null, attributes={installed=1593361211, latitude=32.8205865, longitude=-96.871627}, version=1, billinggroupname=null}","2020-11-26 00:00:00.000"
"iot-device-03","1.594635594674416E9","52.0","71.06","false","false","0.0078","0.0051","0.0209","2020-11-26T17:16:50.159+0000","{defaultclientid=iot-device-03, thingname=iot-device-03, thingid=877352b9-a35d-45d3-9c98-162d89965a13, thingarn=arn:aws:iot:us-east-1:507441099951:thing/iot-device-03, thingtypename=null, attributes={installed=1592562234, latitude=37.4133144, longitude=-122.1513069}, version=1, billinggroupname=null}","2020-11-26 00:00:00.000"
"iot-device-02","1.5946355963404481E9","59.7","74.48","true","false","0.0072","0.0046","0.0192","2020-11-26T17:16:50.451+0000","{defaultclientid=iot-device-02, thingname=iot-device-02, thingid=4ae4927a-aefb-4584-a45a-fc4839feffd6, thingarn=arn:aws:iot:us-east-1:507441099951:thing/iot-device-02, thingtypename=null, attributes={installed=1593361211, latitude=32.8205865, longitude=-96.871627}, version=1, billinggroupname=null}","2020-11-26 00:00:00.000"
"iot-device-03","1.5946356278497813E9","52.0","71.06","false","false","0.0078","0.0051","0.0209","2020-11-26T17:16:56.640+0000","{defaultclientid=iot-device-03, thingname=iot-device-03, thingid=877352b9-a35d-45d3-9c98-162d89965a13, thingarn=arn:aws:iot:us-east-1:507441099951:thing/iot-device-03, thingtypename=null, attributes={installed=1592562234, latitude=37.4133144, longitude=-122.1513069}, version=1, billinggroupname=null}","2020-11-26 00:00:00.000"
"iot-device-02","1.5946356288485065E9","59.7","74.48","true","false","0.0072","0.0046","0.0191","2020-11-26T17:16:56.943+0000","{defaultclientid=iot-device-02, thingname=iot-device-02, thingid=4ae4927a-aefb-4584-a45a-fc4839feffd6, thingarn=arn:aws:iot:us-east-1:507441099951:thing/iot-device-02, thingtypename=null, attributes={installed=1593361211, latitude=32.8205865, longitude=-96.871627}, version=1, billinggroupname=null}","2020-11-26 00:00:00.000"
"iot-device-01","1.5946356305222635E9","76.2","67.46","false","false","0.0062","0.0037","0.0164","2020-11-26T17:16:57.239+0000","{defaultclientid=iot-device-01, thingname=iot-device-01, thingid=983c2b68-f9a3-4e83-b3c6-9f6f8ad5431b, thingarn=arn:aws:iot:us-east-1:507441099951:thing/iot-device-01, thingtypename=null, attributes={installed=1594665292, latitude=37.4133144, longitude=-122.1513069}, version=1, billinggroupname=null}","2020-11-26 00:00:00.000"
"iot-device-03","1.5946356315356016E9","52.0","71.06","false","false","0.0078","0.0051","0.0209","2020-11-26T17:16:57.547+0000","{defaultclientid=iot-device-03, thingname=iot-device-03, thingid=877352b9-a35d-45d3-9c98-162d89965a13, thingarn=arn:aws:iot:us-east-1:507441099951:thing/iot-device-03, thingtypename=null, attributes={installed=1592562234, latitude=37.4133144, longitude=-122.1513069}, version=1, billinggroupname=null}","2020-11-26 00:00:00.000"
"iot-device-02","1.5946356337261643E9","59.7","74.48","true","false","0.0072","0.0045","0.019","2020-11-26T17:16:57.838+0000","{defaultclientid=iot-device-02, thingname=iot-device-02, thingid=4ae4927a-aefb-4584-a45a-fc4839feffd6, thingarn=arn:aws:iot:us-east-1:507441099951:thing/iot-device-02, thingtypename=null, attributes={installed=1593361211, latitude=32.8205865, longitude=-96.871627}, version=1, billinggroupname=null}","2020-11-26 00:00:00.000"
"iot-device-03","1.5946356352217212E9","52.0","71.06","false","false","0.0078","0.0051","0.0209","2020-11-26T17:16:58.136+0000","{defaultclientid=iot-device-03, thingname=iot-device-03, thingid=877352b9-a35d-45d3-9c98-162d89965a13, thingarn=arn:aws:iot:us-east-1:507441099951:thing/iot-device-03, thingtypename=null, attributes={installed=1592562234, latitude=37.4133144, longitude=-122.1513069}, version=1, billinggroupname=null}","2020-11-26 00:00:00.000"
"iot-device-01","1.5946356370259626E9","76.2","67.46","false","false","0.0063","0.0038","0.0166","2020-11-26T17:16:58.429+0000","{defaultclientid=iot-device-01, thingname=iot-device-01, thingid=983c2b68-f9a3-4e83-b3c6-9f6f8ad5431b, thingarn=arn:aws:iot:us-east-1:507441099951:thing/iot-device-01, thingtypename=null, attributes={installed=1594665292, latitude=37.4133144, longitude=-122.1513069}, version=1, billinggroupname=null}","2020-11-26 00:00:00.000"
"iot-device-02","1.594635638069859E9","59.7","74.48","true","false","0.0072","0.0045","0.019","2020-11-26T17:16:58.720+0000","{defaultclientid=iot-device-02, thingname=iot-device-02, thingid=4ae4927a-aefb-4584-a45a-fc4839feffd6, thingarn=arn:aws:iot:us-east-1:507441099951:thing/iot-device-02, thingtypename=null, attributes={installed=1593361211, latitude=32.8205865, longitude=-96.871627}, version=1, billinggroupname=null}","2020-11-26 00:00:00.000"
"iot-device-03","1.5946356389079394E9","52.0","71.06","false","false","0.0078","0.0051","0.0208","2020-11-26T17:16:59.011+0000","{defaultclientid=iot-device-03, thingname=iot-device-03, thingid=877352b9-a35d-45d3-9c98-162d89965a13, thingarn=arn:aws:iot:us-east-1:507441099951:thing/iot-device-03, thingtypename=null, attributes={installed=1592562234, latitude=37.4133144, longitude=-122.1513069}, version=1, billinggroupname=null}","2020-11-26 00:00:00.000"
"iot-device-01","1.5946356408401155E9","76.3","67.46","false","false","0.0062","0.0037","0.0163","2020-11-26T17:16:59.307+0000","{defaultclientid=iot-device-01, thingname=iot-device-01, thingid=983c2b68-f9a3-4e83-b3c6-9f6f8ad5431b, thingarn=arn:aws:iot:us-east-1:507441099951:thing/iot-device-01, thingtypename=null, attributes={installed=1594665292, latitude=37.4133144, longitude=-122.1513069}, version=1, billinggroupname=null}","2020-11-26 00:00:00.000"
"iot-device-03","1.5946356425941515E9","52.0","71.06","false","false","0.0078","0.0051","0.0209","2020-11-26T17:16:59.609+0000","{defaultclientid=iot-device-03, thingname=iot-device-03, thingid=877352b9-a35d-45d3-9c98-162d89965a13, thingarn=arn:aws:iot:us-east-1:507441099951:thing/iot-device-03, thingtypename=null, attributes={installed=1592562234, latitude=37.4133144, longitude=-122.1513069}, version=1, billinggroupname=null}","2020-11-26 00:00:00.000"
"iot-device-02","1.5946356440165029E9","59.7","74.48","true","false","0.0073","0.0046","0.0193","2020-11-26T17:16:59.900+0000","{defaultclientid=iot-device-02, thingname=iot-device-02, thingid=4ae4927a-aefb-4584-a45a-fc4839feffd6, thingarn=arn:aws:iot:us-east-1:507441099951:thing/iot-device-02, thingtypename=null, attributes={installed=1593361211, latitude=32.8205865, longitude=-96.871627}, version=1, billinggroupname=null}","2020-11-26 00:00:00.000"
"iot-device-01","1.5946352079773238E9","75.8","67.46","false","false","0.0063","0.0038","0.0166","2020-11-26T17:16:35.879+0000","{defaultclientid=iot-device-01, thingname=iot-device-01, thingid=983c2b68-f9a3-4e83-b3c6-9f6f8ad5431b, thingarn=arn:aws:iot:us-east-1:507441099951:thing/iot-device-01, thingtypename=null, attributes={installed=1594665292, latitude=37.4133144, longitude=-122.1513069}, version=1, billinggroupname=null}","2020-11-26 00:00:00.000"
"iot-device-02","1.5946352099141078E9","59.7","74.48","true","false","0.0072","0.0046","0.0191","2020-11-26T17:16:36.161+0000","{defaultclientid=iot-device-02, thingname=iot-device-02, thingid=4ae4927a-aefb-4584-a45a-fc4839feffd6, thingarn=arn:aws:iot:us-east-1:507441099951:thing/iot-device-02, thingtypename=null, attributes={installed=1593361211, latitude=32.8205865, longitude=-96.871627}, version=1, billinggroupname=null}","2020-11-26 00:00:00.000"
"iot-device-03","1.5946352114229336E9","51.9","71.06","false","false","0.0078","0.0051","0.0208","2020-11-26T17:16:36.462+0000","{defaultclientid=iot-device-03, thingname=iot-device-03, thingid=877352b9-a35d-45d3-9c98-162d89965a13, thingarn=arn:aws:iot:us-east-1:507441099951:thing/iot-device-03, thingtypename=null, attributes={installed=1592562234, latitude=37.4133144, longitude=-122.1513069}, version=1, billinggroupname=null}","2020-11-26 00:00:00.000"
"iot-device-02","1.5946352137233582E9","59.7","74.48","true","false","0.0072","0.0046","0.0192","2020-11-26T17:16:36.759+0000","{defaultclientid=iot-device-02, thingname=iot-device-02, thingid=4ae4927a-aefb-4584-a45a-fc4839feffd6, thingarn=arn:aws:iot:us-east-1:507441099951:thing/iot-device-02, thingtypename=null, attributes={installed=1593361211, latitude=32.8205865, longitude=-96.871627}, version=1, billinggroupname=null}","2020-11-26 00:00:00.000"
"iot-device-03","1.5946352151089652E9","51.9","71.06","false","false","0.0078","0.0051","0.0209","2020-11-26T17:16:37.058+0000","{defaultclientid=iot-device-03, thingname=iot-device-03, thingid=877352b9-a35d-45d3-9c98-162d89965a13, thingarn=arn:aws:iot:us-east-1:507441099951:thing/iot-device-03, thingtypename=null, attributes={installed=1592562234, latitude=37.4133144, longitude=-122.1513069}, version=1, billinggroupname=null}","2020-11-26 00:00:00.000"
"iot-device-01","1.5946352177079005E9","75.7","67.46","false","false","0.0063","0.0038","0.0167","2020-11-26T17:16:37.390+0000","{defaultclientid=iot-device-01, thingname=iot-device-01, thingid=983c2b68-f9a3-4e83-b3c6-9f6f8ad5431b, thingarn=arn:aws:iot:us-east-1:507441099951:thing/iot-device-01, thingtypename=null, attributes={installed=1594665292, latitude=37.4133144, longitude=-122.1513069}, version=1, billinggroupname=null}","2020-11-26 00:00:00.000"
"iot-device-02","1.5946352180675554E9","59.8","74.48","true","false","0.0071","0.0045","0.019","2020-11-26T17:16:37.680+0000","{defaultclientid=iot-device-02, thingname=iot-device-02, thingid=4ae4927a-aefb-4584-a45a-fc4839feffd6, thingarn=arn:aws:iot:us-east-1:507441099951:thing/iot-device-02, thingtypename=null, attributes={installed=1593361211, latitude=32.8205865, longitude=-96.871627}, version=1, billinggroupname=null}","2020-11-26 00:00:00.000"
"iot-device-03","1.594635218794872E9","51.9","71.06","false","false","0.0078","0.0051","0.0209","2020-11-26T17:16:37.987+0000","{defaultclientid=iot-device-03, thingname=iot-device-03, thingid=877352b9-a35d-45d3-9c98-162d89965a13, thingarn=arn:aws:iot:us-east-1:507441099951:thing/iot-device-03, thingtypename=null, attributes={installed=1592562234, latitude=37.4133144, longitude=-122.1513069}, version=1, billinggroupname=null}","2020-11-26 00:00:00.000"
"iot-device-01","1.5946352215222626E9","75.7","67.46","false","false","0.0062","0.0037","0.0164","2020-11-26T17:16:38.281+0000","{defaultclientid=iot-device-01, thingname=iot-device-01, thingid=983c2b68-f9a3-4e83-b3c6-9f6f8ad5431b, thingarn=arn:aws:iot:us-east-1:507441099951:thing/iot-device-01, thingtypename=null, attributes={installed=1594665292, latitude=37.4133144, longitude=-122.1513069}, version=1, billinggroupname=null}","2020-11-26 00:00:00.000"
"iot-device-03","1.5946352224808185E9","51.8","70.88","false","false","0.0078","0.0051","0.0209","2020-11-26T17:16:38.571+0000","{defaultclientid=iot-device-03, thingname=iot-device-03, thingid=877352b9-a35d-45d3-9c98-162d89965a13, thingarn=arn:aws:iot:us-east-1:507441099951:thing/iot-device-03, thingtypename=null, attributes={installed=1592562234, latitude=37.4133144, longitude=-122.1513069}, version=1, billinggroupname=null}","2020-11-26 00:00:00.000"
"iot-device-02","1.5946352229407125E9","59.7","74.48","true","false","0.0072","0.0045","0.019","2020-11-26T17:16:38.872+0000","{defaultclientid=iot-device-02, thingname=iot-device-02, thingid=4ae4927a-aefb-4584-a45a-fc4839feffd6, thingarn=arn:aws:iot:us-east-1:507441099951:thing/iot-device-02, thingtypename=null, attributes={installed=1593361211, latitude=32.8205865, longitude=-96.871627}, version=1, billinggroupname=null}","2020-11-26 00:00:00.000"
"iot-device-03","1.5946352261668007E9","51.9","71.06","false","false","0.0078","0.0051","0.0209","2020-11-26T17:16:39.162+0000","{defaultclientid=iot-device-03, thingname=iot-device-03, thingid=877352b9-a35d-45d3-9c98-162d89965a13, thingarn=arn:aws:iot:us-east-1:507441099951:thing/iot-device-03, thingtypename=null, attributes={installed=1592562234, latitude=37.4133144, longitude=-122.1513069}, version=1, billinggroupname=null}","2020-11-26 00:00:00.000"
"iot-device-02","1.5946352283580859E9","59.8","74.48","true","false","0.0072","0.0046","0.0191","2020-11-26T17:16:39.450+0000","{defaultclientid=iot-device-02, thingname=iot-device-02, thingid=4ae4927a-aefb-4584-a45a-fc4839feffd6, thingarn=arn:aws:iot:us-east-1:507441099951:thing/iot-device-02, thingtypename=null, attributes={installed=1593361211, latitude=32.8205865, longitude=-96.871627}, version=1, billinggroupname=null}","2020-11-26 00:00:00.000"
"iot-device-03","1.5946352298531258E9","51.9","71.06","false","false","0.0079","0.0052","0.0211","2020-11-26T17:16:39.740+0000","{defaultclientid=iot-device-03, thingname=iot-device-03, thingid=877352b9-a35d-45d3-9c98-162d89965a13, thingarn=arn:aws:iot:us-east-1:507441099951:thing/iot-device-03, thingtypename=null, attributes={installed=1592562234, latitude=37.4133144, longitude=-122.1513069}, version=1, billinggroupname=null}","2020-11-26 00:00:00.000"
"iot-device-01","1.5946352307063491E9","75.8","67.46","false","false","0.0064","0.0038","0.0168","2020-11-26T17:16:40.029+0000","{defaultclientid=iot-device-01, thingname=iot-device-01, thingid=983c2b68-f9a3-4e83-b3c6-9f6f8ad5431b, thingarn=arn:aws:iot:us-east-1:507441099951:thing/iot-device-01, thingtypename=null, attributes={installed=1594665292, latitude=37.4133144, longitude=-122.1513069}, version=1, billinggroupname=null}","2020-11-26 00:00:00.000"
"iot-device-02","1.5946352321695454E9","59.9","74.48","true","false","0.0072","0.0045","0.019","2020-11-26T17:16:40.320+0000","{defaultclientid=iot-device-02, thingname=iot-device-02, thingid=4ae4927a-aefb-4584-a45a-fc4839feffd6, thingarn=arn:aws:iot:us-east-1:507441099951:thing/iot-device-02, thingtypename=null, attributes={installed=1593361211, latitude=32.8205865, longitude=-96.871627}, version=1, billinggroupname=null}","2020-11-26 00:00:00.000"
"iot-device-03","1.5946352335350142E9","51.9","71.06","false","false","0.0079","0.0052","0.021","2020-11-26T17:16:40.609+0000","{defaultclientid=iot-device-03, thingname=iot-device-03, thingid=877352b9-a35d-45d3-9c98-162d89965a13, thingarn=arn:aws:iot:us-east-1:507441099951:thing/iot-device-03, thingtypename=null, attributes={installed=1592562234, latitude=37.4133144, longitude=-122.1513069}, version=1, billinggroupname=null}","2020-11-26 00:00:00.000"
"iot-device-02","1.5946352370488474E9","59.8","74.48","true","false","0.0071","0.0045","0.019","2020-11-26T17:16:40.900+0000","{defaultclientid=iot-device-02, thingname=iot-device-02, thingid=4ae4927a-aefb-4584-a45a-fc4839feffd6, thingarn=arn:aws:iot:us-east-1:507441099951:thing/iot-device-02, thingtypename=null, attributes={installed=1593361211, latitude=32.8205865, longitude=-96.871627}, version=1, billinggroupname=null}","2020-11-26 00:00:00.000"
"iot-device-01","1.5946352372107284E9","75.8","67.46","false","false","0.0063","0.0038","0.0167","2020-11-26T17:16:41.191+0000","{defaultclientid=iot-device-01, thingname=iot-device-01, thingid=983c2b68-f9a3-4e83-b3c6-9f6f8ad5431b, thingarn=arn:aws:iot:us-east-1:507441099951:thing/iot-device-01, thingtypename=null, attributes={installed=1594665292, latitude=37.4133144, longitude=-122.1513069}, version=1, billinggroupname=null}","2020-11-26 00:00:00.000"
"iot-device-03","1.5946352372381227E9","51.9","71.06","false","false","0.0078","0.0051","0.0208","2020-11-26T17:16:41.480+0000","{defaultclientid=iot-device-03, thingname=iot-device-03, thingid=877352b9-a35d-45d3-9c98-162d89965a13, thingarn=arn:aws:iot:us-east-1:507441099951:thing/iot-device-03, thingtypename=null, attributes={installed=1592562234, latitude=37.4133144, longitude=-122.1513069}, version=1, billinggroupname=null}","2020-11-26 00:00:00.000"
"iot-device-01","1.5946355973223634E9","76.1","67.46","false","false","0.0062","0.0037","0.0164","2020-11-26T17:16:50.740+0000","{defaultclientid=iot-device-01, thingname=iot-device-01, thingid=983c2b68-f9a3-4e83-b3c6-9f6f8ad5431b, thingarn=arn:aws:iot:us-east-1:507441099951:thing/iot-device-01, thingtypename=null, attributes={installed=1594665292, latitude=37.4133144, longitude=-122.1513069}, version=1, billinggroupname=null}","2020-11-26 00:00:00.000"
"iot-device-03","1.5946355983601553E9","52.0","71.06","false","false","0.0078","0.0051","0.0209","2020-11-26T17:16:51.047+0000","{defaultclientid=iot-device-03, thingname=iot-device-03, thingid=877352b9-a35d-45d3-9c98-162d89965a13, thingarn=arn:aws:iot:us-east-1:507441099951:thing/iot-device-03, thingtypename=null, attributes={installed=1592562234, latitude=37.4133144, longitude=-122.1513069}, version=1, billinggroupname=null}","2020-11-26 00:00:00.000"
"iot-device-03","1.5946356020450654E9","52.0","71.06","false","false","0.0078","0.0051","0.0209","2020-11-26T17:16:51.339+0000","{defaultclientid=iot-device-03, thingname=iot-device-03, thingid=877352b9-a35d-45d3-9c98-162d89965a13, thingarn=arn:aws:iot:us-east-1:507441099951:thing/iot-device-03, thingtypename=null, attributes={installed=1592562234, latitude=37.4133144, longitude=-122.1513069}, version=1, billinggroupname=null}","2020-11-26 00:00:00.000"
"iot-device-01","1.5946356032867954E9","76.1","67.46","false","false","0.0062","0.0037","0.0164","2020-11-26T17:16:51.634+0000","{defaultclientid=iot-device-01, thingname=iot-device-01, thingid=983c2b68-f9a3-4e83-b3c6-9f6f8ad5431b, thingarn=arn:aws:iot:us-east-1:507441099951:thing/iot-device-01, thingtypename=null, attributes={installed=1594665292, latitude=37.4133144, longitude=-122.1513069}, version=1, billinggroupname=null}","2020-11-26 00:00:00.000"
"iot-device-02","1.5946356044604685E9","59.9","74.66","true","false","0.0072","0.0046","0.0191","2020-11-26T17:16:51.920+0000","{defaultclientid=iot-device-02, thingname=iot-device-02, thingid=4ae4927a-aefb-4584-a45a-fc4839feffd6, thingarn=arn:aws:iot:us-east-1:507441099951:thing/iot-device-02, thingtypename=null, attributes={installed=1593361211, latitude=32.8205865, longitude=-96.871627}, version=1, billinggroupname=null}","2020-11-26 00:00:00.000"
"iot-device-03","1.5946356057308922E9","52.0","71.06","false","false","0.0078","0.0051","0.0209","2020-11-26T17:16:52.209+0000","{defaultclientid=iot-device-03, thingname=iot-device-03, thingid=877352b9-a35d-45d3-9c98-162d89965a13, thingarn=arn:aws:iot:us-east-1:507441099951:thing/iot-device-03, thingtypename=null, attributes={installed=1592562234, latitude=37.4133144, longitude=-122.1513069}, version=1, billinggroupname=null}","2020-11-26 00:00:00.000"
"iot-device-01","1.5946356076437335E9","76.1","67.46","false","false","0.0062","0.0037","0.0164","2020-11-26T17:16:52.501+0000","{defaultclientid=iot-device-01, thingname=iot-device-01, thingid=983c2b68-f9a3-4e83-b3c6-9f6f8ad5431b, thingarn=arn:aws:iot:us-east-1:507441099951:thing/iot-device-01, thingtypename=null, attributes={installed=1594665292, latitude=37.4133144, longitude=-122.1513069}, version=1, billinggroupname=null}","2020-11-26 00:00:00.000"
"iot-device-02","1.5946356082660651E9","59.7","74.48","true","false","0.0073","0.0046","0.0193","2020-11-26T17:16:52.789+0000","{defaultclientid=iot-device-02, thingname=iot-device-02, thingid=4ae4927a-aefb-4584-a45a-fc4839feffd6, thingarn=arn:aws:iot:us-east-1:507441099951:thing/iot-device-02, thingtypename=null, attributes={installed=1593361211, latitude=32.8205865, longitude=-96.871627}, version=1, billinggroupname=null}","2020-11-26 00:00:00.000"
"iot-device-03","1.594635609416836E9","51.9","70.88","false","false","0.0078","0.0051","0.0208","2020-11-26T17:16:53.080+0000","{defaultclientid=iot-device-03, thingname=iot-device-03, thingid=877352b9-a35d-45d3-9c98-162d89965a13, thingarn=arn:aws:iot:us-east-1:507441099951:thing/iot-device-03, thingtypename=null, attributes={installed=1592562234, latitude=37.4133144, longitude=-122.1513069}, version=1, billinggroupname=null}","2020-11-26 00:00:00.000"
"iot-device-01","1.5946356125714192E9","76.1","67.46","false","false","0.0062","0.0037","0.0164","2020-11-26T17:16:53.437+0000","{defaultclientid=iot-device-01, thingname=iot-device-01, thingid=983c2b68-f9a3-4e83-b3c6-9f6f8ad5431b, thingarn=arn:aws:iot:us-east-1:507441099951:thing/iot-device-01, thingtypename=null, attributes={installed=1594665292, latitude=37.4133144, longitude=-122.1513069}, version=1, billinggroupname=null}","2020-11-26 00:00:00.000"
"iot-device-01","1.5946352572611036E9","75.8","67.46","false","false","0.0064","0.0039","0.0168","2020-11-26T17:16:44.831+0000","{defaultclientid=iot-device-01, thingname=iot-device-01, thingid=983c2b68-f9a3-4e83-b3c6-9f6f8ad5431b, thingarn=arn:aws:iot:us-east-1:507441099951:thing/iot-device-01, thingtypename=null, attributes={installed=1594665292, latitude=37.4133144, longitude=-122.1513069}, version=1, billinggroupname=null}","2020-11-26 00:00:00.000"
"iot-device-03","1.5946352592789755E9","51.9","71.06","false","false","0.0078","0.0051","0.0209","2020-11-26T17:16:45.118+0000","{defaultclientid=iot-device-03, thingname=iot-device-03, thingid=877352b9-a35d-45d3-9c98-162d89965a13, thingarn=arn:aws:iot:us-east-1:507441099951:thing/iot-device-03, thingtypename=null, attributes={installed=1592562234, latitude=37.4133144, longitude=-122.1513069}, version=1, billinggroupname=null}","2020-11-26 00:00:00.000"
"iot-device-03","1.5946352629780538E9","51.9","71.06","false","false","0.0078","0.0051","0.0209","2020-11-26T17:16:45.409+0000","{defaultclientid=iot-device-03, thingname=iot-device-03, thingid=877352b9-a35d-45d3-9c98-162d89965a13, thingarn=arn:aws:iot:us-east-1:507441099951:thing/iot-device-03, thingtypename=null, attributes={installed=1592562234, latitude=37.4133144, longitude=-122.1513069}, version=1, billinggroupname=null}","2020-11-26 00:00:00.000"
"iot-device-01","1.594635264298126E9","75.8","67.46","false","false","0.0063","0.0038","0.0167","2020-11-26T17:16:45.705+0000","{defaultclientid=iot-device-01, thingname=iot-device-01, thingid=983c2b68-f9a3-4e83-b3c6-9f6f8ad5431b, thingarn=arn:aws:iot:us-east-1:507441099951:thing/iot-device-01, thingtypename=null, attributes={installed=1594665292, latitude=37.4133144, longitude=-122.1513069}, version=1, billinggroupname=null}","2020-11-26 00:00:00.000"
"iot-device-03","1.5946352666657615E9","51.9","70.88","false","false","0.0078","0.0051","0.0209","2020-11-26T17:16:46.010+0000","{defaultclientid=iot-device-03, thingname=iot-device-03, thingid=877352b9-a35d-45d3-9c98-162d89965a13, thingarn=arn:aws:iot:us-east-1:507441099951:thing/iot-device-03, thingtypename=null, attributes={installed=1592562234, latitude=37.4133144, longitude=-122.1513069}, version=1, billinggroupname=null}","2020-11-26 00:00:00.000"
"iot-device-02","1.5946352680984294E9","59.7","74.48","true","false","0.0072","0.0046","0.0192","2020-11-26T17:16:46.319+0000","{defaultclientid=iot-device-02, thingname=iot-device-02, thingid=4ae4927a-aefb-4584-a45a-fc4839feffd6, thingarn=arn:aws:iot:us-east-1:507441099951:thing/iot-device-02, thingtypename=null, attributes={installed=1593361211, latitude=32.8205865, longitude=-96.871627}, version=1, billinggroupname=null}","2020-11-26 00:00:00.000"
"iot-device-03","1.5946352703533325E9","51.9","71.06","false","false","0.0078","0.0051","0.0208","2020-11-26T17:16:46.609+0000","{defaultclientid=iot-device-03, thingname=iot-device-03, thingid=877352b9-a35d-45d3-9c98-162d89965a13, thingarn=arn:aws:iot:us-east-1:507441099951:thing/iot-device-03, thingtypename=null, attributes={installed=1592562234, latitude=37.4133144, longitude=-122.1513069}, version=1, billinggroupname=null}","2020-11-26 00:00:00.000"
"iot-device-02","1.5946352735104964E9","59.7","74.48","true","false","0.0072","0.0046","0.0192","2020-11-26T17:16:46.899+0000","{defaultclientid=iot-device-02, thingname=iot-device-02, thingid=4ae4927a-aefb-4584-a45a-fc4839feffd6, thingarn=arn:aws:iot:us-east-1:507441099951:thing/iot-device-02, thingtypename=null, attributes={installed=1593361211, latitude=32.8205865, longitude=-96.871627}, version=1, billinggroupname=null}","2020-11-26 00:00:00.000"
"iot-device-03","1.5946352740407119E9","51.9","71.06","false","false","0.0078","0.0051","0.0209","2020-11-26T17:16:47.189+0000","{defaultclientid=iot-device-03, thingname=iot-device-03, thingid=877352b9-a35d-45d3-9c98-162d89965a13, thingarn=arn:aws:iot:us-east-1:507441099951:thing/iot-device-03, thingtypename=null, attributes={installed=1592562234, latitude=37.4133144, longitude=-122.1513069}, version=1, billinggroupname=null}","2020-11-26 00:00:00.000"
"iot-device-03","1.5946355799326243E9","52.0","71.06","false","false","0.0078","0.0051","0.0209","2020-11-26T17:16:47.481+0000","{defaultclientid=iot-device-03, thingname=iot-device-03, thingid=877352b9-a35d-45d3-9c98-162d89965a13, thingarn=arn:aws:iot:us-east-1:507441099951:thing/iot-device-03, thingtypename=null, attributes={installed=1592562234, latitude=37.4133144, longitude=-122.1513069}, version=1, billinggroupname=null}","2020-11-26 00:00:00.000"
"iot-device-01","1.5946044603515234E9","74.3","66.02","false","false","0.0103","0.0075","0.0282","2020-11-26T16:59:09.068+0000","{defaultclientid=iot-device-01, thingname=iot-device-01, thingid=983c2b68-f9a3-4e83-b3c6-9f6f8ad5431b, thingarn=arn:aws:iot:us-east-1:507441099951:thing/iot-device-01, thingtypename=null, attributes={installed=1594665292, latitude=37.4133144, longitude=-122.1513069}, version=1, billinggroupname=null}","2020-11-26 00:00:00.000"
"iot-device-03","1.5946044607840304E9","51.1","71.78","false","false","0.008","0.0053","0.0215","2020-11-26T16:59:09.351+0000","{defaultclientid=iot-device-03, thingname=iot-device-03, thingid=877352b9-a35d-45d3-9c98-162d89965a13, thingarn=arn:aws:iot:us-east-1:507441099951:thing/iot-device-03, thingtypename=null, attributes={installed=1592562234, latitude=37.4133144, longitude=-122.1513069}, version=1, billinggroupname=null}","2020-11-26 00:00:00.000"
"iot-device-02","1.5946044617622435E9","57.6","79.16","true","false","0.0072","0.0046","0.0192","2020-11-26T16:59:09.640+0000","{defaultclientid=iot-device-02, thingname=iot-device-02, thingid=4ae4927a-aefb-4584-a45a-fc4839feffd6, thingarn=arn:aws:iot:us-east-1:507441099951:thing/iot-device-02, thingtypename=null, attributes={installed=1593361211, latitude=32.8205865, longitude=-96.871627}, version=1, billinggroupname=null}","2020-11-26 00:00:00.000"
"iot-device-03","1.5946044644701035E9","51.0","71.78","false","false","0.008","0.0053","0.0215","2020-11-26T16:59:09.939+0000","{defaultclientid=iot-device-03, thingname=iot-device-03, thingid=877352b9-a35d-45d3-9c98-162d89965a13, thingarn=arn:aws:iot:us-east-1:507441099951:thing/iot-device-03, thingtypename=null, attributes={installed=1592562234, latitude=37.4133144, longitude=-122.1513069}, version=1, billinggroupname=null}","2020-11-26 00:00:00.000"
"iot-device-01","1.5946044657774756E9","74.4","66.2","false","false","0.0105","0.0077","0.0286","2020-11-26T16:59:10.232+0000","{defaultclientid=iot-device-01, thingname=iot-device-01, thingid=983c2b68-f9a3-4e83-b3c6-9f6f8ad5431b, thingarn=arn:aws:iot:us-east-1:507441099951:thing/iot-device-01, thingtypename=null, attributes={installed=1594665292, latitude=37.4133144, longitude=-122.1513069}, version=1, billinggroupname=null}","2020-11-26 00:00:00.000"
"iot-device-03","1.5946044681558735E9","51.0","71.78","false","false","0.0081","0.0053","0.0216","2020-11-26T16:59:10.527+0000","{defaultclientid=iot-device-03, thingname=iot-device-03, thingid=877352b9-a35d-45d3-9c98-162d89965a13, thingarn=arn:aws:iot:us-east-1:507441099951:thing/iot-device-03, thingtypename=null, attributes={installed=1592562234, latitude=37.4133144, longitude=-122.1513069}, version=1, billinggroupname=null}","2020-11-26 00:00:00.000"
"iot-device-02","1.594604469871675E9","57.9","79.16","true","false","0.0072","0.0046","0.0192","2020-11-26T16:59:10.829+0000","{defaultclientid=iot-device-02, thingname=iot-device-02, thingid=4ae4927a-aefb-4584-a45a-fc4839feffd6, thingarn=arn:aws:iot:us-east-1:507441099951:thing/iot-device-02, thingtypename=null, attributes={installed=1593361211, latitude=32.8205865, longitude=-96.871627}, version=1, billinggroupname=null}","2020-11-26 00:00:00.000"
"iot-device-03","1.5946050769272082E9","48.5","71.42","false","false","0.008","0.0053","0.0215","2020-11-26T16:59:11.129+0000","{defaultclientid=iot-device-03, thingname=iot-device-03, thingid=877352b9-a35d-45d3-9c98-162d89965a13, thingarn=arn:aws:iot:us-east-1:507441099951:thing/iot-device-03, thingtypename=null, attributes={installed=1592562234, latitude=37.4133144, longitude=-122.1513069}, version=1, billinggroupname=null}","2020-11-26 00:00:00.000"
"iot-device-02","1.5946050775953274E9","59.1","79.16","true","false","0.0072","0.0046","0.0191","2020-11-26T16:59:11.418+0000","{defaultclientid=iot-device-02, thingname=iot-device-02, thingid=4ae4927a-aefb-4584-a45a-fc4839feffd6, thingarn=arn:aws:iot:us-east-1:507441099951:thing/iot-device-02, thingtypename=null, attributes={installed=1593361211, latitude=32.8205865, longitude=-96.871627}, version=1, billinggroupname=null}","2020-11-26 00:00:00.000"
"iot-device-01","1.5946050793016524E9","73.8","66.02","false","false","0.0099","0.0071","0.0268","2020-11-26T16:59:11.746+0000","{defaultclientid=iot-device-01, thingname=iot-device-01, thingid=983c2b68-f9a3-4e83-b3c6-9f6f8ad5431b, thingarn=arn:aws:iot:us-east-1:507441099951:thing/iot-device-01, thingtypename=null, attributes={installed=1594665292, latitude=37.4133144, longitude=-122.1513069}, version=1, billinggroupname=null}","2020-11-26 00:00:00.000"
"iot-device-01","1.5946044391808789E9","74.4","66.2","false","false","0.0105","0.0077","0.0286","2020-11-26T16:59:05.941+0000","{defaultclientid=iot-device-01, thingname=iot-device-01, thingid=983c2b68-f9a3-4e83-b3c6-9f6f8ad5431b, thingarn=arn:aws:iot:us-east-1:507441099951:thing/iot-device-01, thingtypename=null, attributes={installed=1594665292, latitude=37.4133144, longitude=-122.1513069}, version=1, billinggroupname=null}","2020-11-26 00:00:00.000"
"iot-device-03","1.5946044423505235E9","51.2","71.78","false","false","0.008","0.0053","0.0215","2020-11-26T16:59:06.231+0000","{defaultclientid=iot-device-03, thingname=iot-device-03, thingid=877352b9-a35d-45d3-9c98-162d89965a13, thingarn=arn:aws:iot:us-east-1:507441099951:thing/iot-device-03, thingtypename=null, attributes={installed=1592562234, latitude=37.4133144, longitude=-122.1513069}, version=1, billinggroupname=null}","2020-11-26 00:00:00.000"
"iot-device-03","1.594604446038397E9","51.2","71.78","false","false","0.008","0.0053","0.0214","2020-11-26T16:59:06.521+0000","{defaultclientid=iot-device-03, thingname=iot-device-03, thingid=877352b9-a35d-45d3-9c98-162d89965a13, thingarn=arn:aws:iot:us-east-1:507441099951:thing/iot-device-03, thingtypename=null, attributes={installed=1592562234, latitude=37.4133144, longitude=-122.1513069}, version=1, billinggroupname=null}","2020-11-26 00:00:00.000"
"iot-device-01","1.5946044467561204E9","74.4","66.2","false","false","0.0107","0.0078","0.0291","2020-11-26T16:59:06.809+0000","{defaultclientid=iot-device-01, thingname=iot-device-01, thingid=983c2b68-f9a3-4e83-b3c6-9f6f8ad5431b, thingarn=arn:aws:iot:us-east-1:507441099951:thing/iot-device-01, thingtypename=null, attributes={installed=1594665292, latitude=37.4133144, longitude=-122.1513069}, version=1, billinggroupname=null}","2020-11-26 00:00:00.000"
"iot-device-02","1.5946044480667827E9","57.0","79.16","true","false","0.0072","0.0046","0.0192","2020-11-26T16:59:07.120+0000","{defaultclientid=iot-device-02, thingname=iot-device-02, thingid=4ae4927a-aefb-4584-a45a-fc4839feffd6, thingarn=arn:aws:iot:us-east-1:507441099951:thing/iot-device-02, thingtypename=null, attributes={installed=1593361211, latitude=32.8205865, longitude=-96.871627}, version=1, billinggroupname=null}","2020-11-26 00:00:00.000"
"iot-device-03","1.5946044497257488E9","51.1","71.78","false","false","0.008","0.0053","0.0215","2020-11-26T16:59:07.412+0000","{defaultclientid=iot-device-03, thingname=iot-device-03, thingid=877352b9-a35d-45d3-9c98-162d89965a13, thingarn=arn:aws:iot:us-east-1:507441099951:thing/iot-device-03, thingtypename=null, attributes={installed=1592562234, latitude=37.4133144, longitude=-122.1513069}, version=1, billinggroupname=null}","2020-11-26 00:00:00.000"
"iot-device-01","1.5946044511076832E9","74.4","66.2","false","false","0.0107","0.0078","0.0291","2020-11-26T16:59:07.709+0000","{defaultclientid=iot-device-01, thingname=iot-device-01, thingid=983c2b68-f9a3-4e83-b3c6-9f6f8ad5431b, thingarn=arn:aws:iot:us-east-1:507441099951:thing/iot-device-01, thingtypename=null, attributes={installed=1594665292, latitude=37.4133144, longitude=-122.1513069}, version=1, billinggroupname=null}","2020-11-26 00:00:00.000"
"iot-device-03","1.594604453411802E9","51.1","71.78","false","false","0.008","0.0053","0.0215","2020-11-26T16:59:08.000+0000","{defaultclientid=iot-device-03, thingname=iot-device-03, thingid=877352b9-a35d-45d3-9c98-162d89965a13, thingarn=arn:aws:iot:us-east-1:507441099951:thing/iot-device-03, thingtypename=null, attributes={installed=1592562234, latitude=37.4133144, longitude=-122.1513069}, version=1, billinggroupname=null}","2020-11-26 00:00:00.000"
"iot-device-01","1.5946044554609678E9","74.4","66.2","false","false","0.0107","0.0078","0.0291","2020-11-26T16:59:08.404+0000","{defaultclientid=iot-device-01, thingname=iot-device-01, thingid=983c2b68-f9a3-4e83-b3c6-9f6f8ad5431b, thingarn=arn:aws:iot:us-east-1:507441099951:thing/iot-device-01, thingtypename=null, attributes={installed=1594665292, latitude=37.4133144, longitude=-122.1513069}, version=1, billinggroupname=null}","2020-11-26 00:00:00.000"
"iot-device-03","1.5946044570976648E9","51.1","71.78","false","false","0.0081","0.0053","0.0216","2020-11-26T16:59:08.779+0000","{defaultclientid=iot-device-03, thingname=iot-device-03, thingid=877352b9-a35d-45d3-9c98-162d89965a13, thingarn=arn:aws:iot:us-east-1:507441099951:thing/iot-device-03, thingtypename=null, attributes={installed=1592562234, latitude=37.4133144, longitude=-122.1513069}, version=1, billinggroupname=null}","2020-11-26 00:00:00.000"
"iot-device-02","1.5946044219519207E9","59.7","79.16","true","false","0.0072","0.0046","0.0192","2020-11-26T16:59:02.999+0000","{defaultclientid=iot-device-02, thingname=iot-device-02, thingid=4ae4927a-aefb-4584-a45a-fc4839feffd6, thingarn=arn:aws:iot:us-east-1:507441099951:thing/iot-device-02, thingtypename=null, attributes={installed=1593361211, latitude=32.8205865, longitude=-96.871627}, version=1, billinggroupname=null}","2020-11-26 00:00:00.000"
"iot-device-03","1.59460442391823E9","51.1","71.6","false","false","0.008","0.0053","0.0215","2020-11-26T16:59:03.298+0000","{defaultclientid=iot-device-03, thingname=iot-device-03, thingid=877352b9-a35d-45d3-9c98-162d89965a13, thingarn=arn:aws:iot:us-east-1:507441099951:thing/iot-device-03, thingtypename=null, attributes={installed=1592562234, latitude=37.4133144, longitude=-122.1513069}, version=1, billinggroupname=null}","2020-11-26 00:00:00.000"
"iot-device-01","1.5946044250979266E9","74.3","66.02","false","false","0.0107","0.0078","0.0291","2020-11-26T16:59:03.607+0000","{defaultclientid=iot-device-01, thingname=iot-device-01, thingid=983c2b68-f9a3-4e83-b3c6-9f6f8ad5431b, thingarn=arn:aws:iot:us-east-1:507441099951:thing/iot-device-01, thingtypename=null, attributes={installed=1594665292, latitude=37.4133144, longitude=-122.1513069}, version=1, billinggroupname=null}","2020-11-26 00:00:00.000"
"iot-device-02","1.5946044268257332E9","59.2","79.16","true","true","0.0072","0.0046","0.0192","2020-11-26T16:59:03.900+0000","{defaultclientid=iot-device-02, thingname=iot-device-02, thingid=4ae4927a-aefb-4584-a45a-fc4839feffd6, thingarn=arn:aws:iot:us-east-1:507441099951:thing/iot-device-02, thingtypename=null, attributes={installed=1593361211, latitude=32.8205865, longitude=-96.871627}, version=1, billinggroupname=null}","2020-11-26 00:00:00.000"
"iot-device-03","1.5946044276043124E9","51.1","71.78","false","false","0.008","0.0053","0.0215","2020-11-26T16:59:04.190+0000","{defaultclientid=iot-device-03, thingname=iot-device-03, thingid=877352b9-a35d-45d3-9c98-162d89965a13, thingarn=arn:aws:iot:us-east-1:507441099951:thing/iot-device-03, thingtypename=null, attributes={installed=1592562234, latitude=37.4133144, longitude=-122.1513069}, version=1, billinggroupname=null}","2020-11-26 00:00:00.000"
"iot-device-01","1.5946044294534018E9","74.4","66.2","false","false","0.0107","0.0078","0.0291","2020-11-26T16:59:04.481+0000","{defaultclientid=iot-device-01, thingname=iot-device-01, thingid=983c2b68-f9a3-4e83-b3c6-9f6f8ad5431b, thingarn=arn:aws:iot:us-east-1:507441099951:thing/iot-device-01, thingtypename=null, attributes={installed=1594665292, latitude=37.4133144, longitude=-122.1513069}, version=1, billinggroupname=null}","2020-11-26 00:00:00.000"
"iot-device-03","1.5946044312904408E9","51.0","71.6","false","false","0.008","0.0053","0.0215","2020-11-26T16:59:04.773+0000","{defaultclientid=iot-device-03, thingname=iot-device-03, thingid=877352b9-a35d-45d3-9c98-162d89965a13, thingarn=arn:aws:iot:us-east-1:507441099951:thing/iot-device-03, thingtypename=null, attributes={installed=1592562234, latitude=37.4133144, longitude=-122.1513069}, version=1, billinggroupname=null}","2020-11-26 00:00:00.000"
"iot-device-02","1.5946044333074155E9","57.7","79.16","true","false","0.0072","0.0046","0.0192","2020-11-26T16:59:05.069+0000","{defaultclientid=iot-device-02, thingname=iot-device-02, thingid=4ae4927a-aefb-4584-a45a-fc4839feffd6, thingarn=arn:aws:iot:us-east-1:507441099951:thing/iot-device-02, thingtypename=null, attributes={installed=1593361211, latitude=32.8205865, longitude=-96.871627}, version=1, billinggroupname=null}","2020-11-26 00:00:00.000"
"iot-device-03","1.5946044349765756E9","51.1","71.78","false","false","0.008","0.0053","0.0215","2020-11-26T16:59:05.360+0000","{defaultclientid=iot-device-03, thingname=iot-device-03, thingid=877352b9-a35d-45d3-9c98-162d89965a13, thingarn=arn:aws:iot:us-east-1:507441099951:thing/iot-device-03, thingtypename=null, attributes={installed=1592562234, latitude=37.4133144, longitude=-122.1513069}, version=1, billinggroupname=null}","2020-11-26 00:00:00.000"
"iot-device-03","1.5946044386628568E9","51.1","71.78","false","false","0.008","0.0053","0.0215","2020-11-26T16:59:05.649+0000","{defaultclientid=iot-device-03, thingname=iot-device-03, thingid=877352b9-a35d-45d3-9c98-162d89965a13, thingarn=arn:aws:iot:us-east-1:507441099951:thing/iot-device-03, thingtypename=null, attributes={installed=1592562234, latitude=37.4133144, longitude=-122.1513069}, version=1, billinggroupname=null}","2020-11-26 00:00:00.000"
"iot-device-03","1.5946050806132464E9","48.5","71.42","false","false","0.008","0.0053","0.0215","2020-11-26T16:59:12.049+0000","{defaultclientid=iot-device-03, thingname=iot-device-03, thingid=877352b9-a35d-45d3-9c98-162d89965a13, thingarn=arn:aws:iot:us-east-1:507441099951:thing/iot-device-03, thingtypename=null, attributes={installed=1592562234, latitude=37.4133144, longitude=-122.1513069}, version=1, billinggroupname=null}","2020-11-26 00:00:00.000"
"iot-device-03","1.5946050842994869E9","48.6","71.42","false","false","0.008","0.0053","0.0214","2020-11-26T16:59:12.340+0000","{defaultclientid=iot-device-03, thingname=iot-device-03, thingid=877352b9-a35d-45d3-9c98-162d89965a13, thingarn=arn:aws:iot:us-east-1:507441099951:thing/iot-device-03, thingtypename=null, attributes={installed=1592562234, latitude=37.4133144, longitude=-122.1513069}, version=1, billinggroupname=null}","2020-11-26 00:00:00.000"
"iot-device-01","1.5946050847322874E9","73.9","66.02","false","false","0.01","0.0072","0.0273","2020-11-26T16:59:12.630+0000","{defaultclientid=iot-device-01, thingname=iot-device-01, thingid=983c2b68-f9a3-4e83-b3c6-9f6f8ad5431b, thingarn=arn:aws:iot:us-east-1:507441099951:thing/iot-device-01, thingtypename=null, attributes={installed=1594665292, latitude=37.4133144, longitude=-122.1513069}, version=1, billinggroupname=null}","2020-11-26 00:00:00.000"
"iot-device-03","1.594605087984592E9","48.6","71.42","false","false","0.008","0.0053","0.0214","2020-11-26T16:59:12.923+0000","{defaultclientid=iot-device-03, thingname=iot-device-03, thingid=877352b9-a35d-45d3-9c98-162d89965a13, thingarn=arn:aws:iot:us-east-1:507441099951:thing/iot-device-03, thingtypename=null, attributes={installed=1592562234, latitude=37.4133144, longitude=-122.1513069}, version=1, billinggroupname=null}","2020-11-26 00:00:00.000"
"iot-device-01","1.5946050912373185E9","73.6","66.02","false","false","0.0099","0.0071","0.0268","2020-11-26T16:59:13.209+0000","{defaultclientid=iot-device-01, thingname=iot-device-01, thingid=983c2b68-f9a3-4e83-b3c6-9f6f8ad5431b, thingarn=arn:aws:iot:us-east-1:507441099951:thing/iot-device-01, thingtypename=null, attributes={installed=1594665292, latitude=37.4133144, longitude=-122.1513069}, version=1, billinggroupname=null}","2020-11-26 00:00:00.000"
"iot-device-02","1.5946050912875946E9","58.9","79.16","true","false","0.0072","0.0046","0.0192","2020-11-26T16:59:13.499+0000","{defaultclientid=iot-device-02, thingname=iot-device-02, thingid=4ae4927a-aefb-4584-a45a-fc4839feffd6, thingarn=arn:aws:iot:us-east-1:507441099951:thing/iot-device-02, thingtypename=null, attributes={installed=1593361211, latitude=32.8205865, longitude=-96.871627}, version=1, billinggroupname=null}","2020-11-26 00:00:00.000"
"iot-device-03","1.594605091671577E9","48.6","71.42","false","false","0.008","0.0053","0.0215","2020-11-26T16:59:13.797+0000","{defaultclientid=iot-device-03, thingname=iot-device-03, thingid=877352b9-a35d-45d3-9c98-162d89965a13, thingarn=arn:aws:iot:us-east-1:507441099951:thing/iot-device-03, thingtypename=null, attributes={installed=1592562234, latitude=37.4133144, longitude=-122.1513069}, version=1, billinggroupname=null}","2020-11-26 00:00:00.000"
"iot-device-01","1.5946050950527635E9","73.6","66.02","false","false","0.0099","0.0071","0.0268","2020-11-26T16:59:14.102+0000","{defaultclientid=iot-device-01, thingname=iot-device-01, thingid=983c2b68-f9a3-4e83-b3c6-9f6f8ad5431b, thingarn=arn:aws:iot:us-east-1:507441099951:thing/iot-device-01, thingtypename=null, attributes={installed=1594665292, latitude=37.4133144, longitude=-122.1513069}, version=1, billinggroupname=null}","2020-11-26 00:00:00.000"
"iot-device-03","1.5946050953576612E9","48.6","71.42","false","false","0.008","0.0053","0.0214","2020-11-26T16:59:14.398+0000","{defaultclientid=iot-device-03, thingname=iot-device-03, thingid=877352b9-a35d-45d3-9c98-162d89965a13, thingarn=arn:aws:iot:us-east-1:507441099951:thing/iot-device-03, thingtypename=null, attributes={installed=1592562234, latitude=37.4133144, longitude=-122.1513069}, version=1, billinggroupname=null}","2020-11-26 00:00:00.000"
"iot-device-03","1.5946050990440354E9","48.6","71.42","false","false","0.008","0.0053","0.0215","2020-11-26T16:59:14.716+0000","{defaultclientid=iot-device-03, thingname=iot-device-03, thingid=877352b9-a35d-45d3-9c98-162d89965a13, thingarn=arn:aws:iot:us-east-1:507441099951:thing/iot-device-03, thingtypename=null, attributes={installed=1592562234, latitude=37.4133144, longitude=-122.1513069}, version=1, billinggroupname=null}","2020-11-26 00:00:00.000"
"iot-device-01","1.5946051655240064E9","73.5","66.02","false","false","0.0103","0.0075","0.0282","2020-11-26T16:59:27.200+0000","{defaultclientid=iot-device-01, thingname=iot-device-01, thingid=983c2b68-f9a3-4e83-b3c6-9f6f8ad5431b, thingarn=arn:aws:iot:us-east-1:507441099951:thing/iot-device-01, thingtypename=null, attributes={installed=1594665292, latitude=37.4133144, longitude=-122.1513069}, version=1, billinggroupname=null}","2020-11-26 00:00:00.000"
"iot-device-02","1.594605166495347E9","59.0","79.16","true","false","0.0072","0.0046","0.0192","2020-11-26T16:59:27.491+0000","{defaultclientid=iot-device-02, thingname=iot-device-02, thingid=4ae4927a-aefb-4584-a45a-fc4839feffd6, thingarn=arn:aws:iot:us-east-1:507441099951:thing/iot-device-02, thingtypename=null, attributes={installed=1593361211, latitude=32.8205865, longitude=-96.871627}, version=1, billinggroupname=null}","2020-11-26 00:00:00.000"
"iot-device-03","1.5946051690755706E9","48.4","71.06","false","false","0.008","0.0053","0.0215","2020-11-26T16:59:27.780+0000","{defaultclientid=iot-device-03, thingname=iot-device-03, thingid=877352b9-a35d-45d3-9c98-162d89965a13, thingarn=arn:aws:iot:us-east-1:507441099951:thing/iot-device-03, thingtypename=null, attributes={installed=1592562234, latitude=37.4133144, longitude=-122.1513069}, version=1, billinggroupname=null}","2020-11-26 00:00:00.000"
"iot-device-01","1.5946051704223528E9","73.4","65.84","false","false","0.0102","0.0074","0.0277","2020-11-26T16:59:28.070+0000","{defaultclientid=iot-device-01, thingname=iot-device-01, thingid=983c2b68-f9a3-4e83-b3c6-9f6f8ad5431b, thingarn=arn:aws:iot:us-east-1:507441099951:thing/iot-device-01, thingtypename=null, attributes={installed=1594665292, latitude=37.4133144, longitude=-122.1513069}, version=1, billinggroupname=null}","2020-11-26 00:00:00.000"
"iot-device-02","1.594605170836965E9","59.1","79.16","true","false","0.0072","0.0046","0.0192","2020-11-26T16:59:28.369+0000","{defaultclientid=iot-device-02, thingname=iot-device-02, thingid=4ae4927a-aefb-4584-a45a-fc4839feffd6, thingarn=arn:aws:iot:us-east-1:507441099951:thing/iot-device-02, thingtypename=null, attributes={installed=1593361211, latitude=32.8205865, longitude=-96.871627}, version=1, billinggroupname=null}","2020-11-26 00:00:00.000"
"iot-device-03","1.5946051727618144E9","48.5","71.24","false","false","0.008","0.0053","0.0215","2020-11-26T16:59:28.665+0000","{defaultclientid=iot-device-03, thingname=iot-device-03, thingid=877352b9-a35d-45d3-9c98-162d89965a13, thingarn=arn:aws:iot:us-east-1:507441099951:thing/iot-device-03, thingtypename=null, attributes={installed=1592562234, latitude=37.4133144, longitude=-122.1513069}, version=1, billinggroupname=null}","2020-11-26 00:00:00.000"
"iot-device-02","1.5946051762495267E9","59.1","79.16","true","false","0.0072","0.0046","0.0192","2020-11-26T16:59:28.959+0000","{defaultclientid=iot-device-02, thingname=iot-device-02, thingid=4ae4927a-aefb-4584-a45a-fc4839feffd6, thingarn=arn:aws:iot:us-east-1:507441099951:thing/iot-device-02, thingtypename=null, attributes={installed=1593361211, latitude=32.8205865, longitude=-96.871627}, version=1, billinggroupname=null}","2020-11-26 00:00:00.000"
"iot-device-03","1.5946051764478247E9","48.5","71.24","false","false","0.008","0.0053","0.0215","2020-11-26T16:59:29.249+0000","{defaultclientid=iot-device-03, thingname=iot-device-03, thingid=877352b9-a35d-45d3-9c98-162d89965a13, thingarn=arn:aws:iot:us-east-1:507441099951:thing/iot-device-03, thingtypename=null, attributes={installed=1592562234, latitude=37.4133144, longitude=-122.1513069}, version=1, billinggroupname=null}","2020-11-26 00:00:00.000"
"iot-device-01","1.594605176922146E9","73.4","65.84","false","false","0.0103","0.0075","0.0282","2020-11-26T16:59:29.540+0000","{defaultclientid=iot-device-01, thingname=iot-device-01, thingid=983c2b68-f9a3-4e83-b3c6-9f6f8ad5431b, thingarn=arn:aws:iot:us-east-1:507441099951:thing/iot-device-01, thingtypename=null, attributes={installed=1594665292, latitude=37.4133144, longitude=-122.1513069}, version=1, billinggroupname=null}","2020-11-26 00:00:00.000"
"iot-device-03","1.594605180133765E9","48.4","71.24","false","false","0.008","0.0053","0.0215","2020-11-26T16:59:29.828+0000","{defaultclientid=iot-device-03, thingname=iot-device-03, thingid=877352b9-a35d-45d3-9c98-162d89965a13, thingarn=arn:aws:iot:us-east-1:507441099951:thing/iot-device-03, thingtypename=null, attributes={installed=1592562234, latitude=37.4133144, longitude=-122.1513069}, version=1, billinggroupname=null}","2020-11-26 00:00:00.000"
"iot-device-01","1.5946050994035935E9","73.7","66.02","false","false","0.0101","0.0073","0.0276","2020-11-26T16:59:15.009+0000","{defaultclientid=iot-device-01, thingname=iot-device-01, thingid=983c2b68-f9a3-4e83-b3c6-9f6f8ad5431b, thingarn=arn:aws:iot:us-east-1:507441099951:thing/iot-device-01, thingtypename=null, attributes={installed=1594665292, latitude=37.4133144, longitude=-122.1513069}, version=1, billinggroupname=null}","2020-11-26 00:00:00.000"
"iot-device-02","1.5946050999124155E9","58.8","79.16","true","false","0.0072","0.0046","0.0192","2020-11-26T16:59:15.308+0000","{defaultclientid=iot-device-02, thingname=iot-device-02, thingid=4ae4927a-aefb-4584-a45a-fc4839feffd6, thingarn=arn:aws:iot:us-east-1:507441099951:thing/iot-device-02, thingtypename=null, attributes={installed=1593361211, latitude=32.8205865, longitude=-96.871627}, version=1, billinggroupname=null}","2020-11-26 00:00:00.000"
"iot-device-03","1.5946051027293632E9","48.6","71.42","false","false","0.008","0.0053","0.0215","2020-11-26T16:59:15.591+0000","{defaultclientid=iot-device-03, thingname=iot-device-03, thingid=877352b9-a35d-45d3-9c98-162d89965a13, thingarn=arn:aws:iot:us-east-1:507441099951:thing/iot-device-03, thingtypename=null, attributes={installed=1592562234, latitude=37.4133144, longitude=-122.1513069}, version=1, billinggroupname=null}","2020-11-26 00:00:00.000"
"iot-device-01","1.5946051042943873E9","73.8","66.02","false","false","0.0099","0.0071","0.0268","2020-11-26T16:59:15.882+0000","{defaultclientid=iot-device-01, thingname=iot-device-01, thingid=983c2b68-f9a3-4e83-b3c6-9f6f8ad5431b, thingarn=arn:aws:iot:us-east-1:507441099951:thing/iot-device-01, thingtypename=null, attributes={installed=1594665292, latitude=37.4133144, longitude=-122.1513069}, version=1, billinggroupname=null}","2020-11-26 00:00:00.000"
"iot-device-03","1.5946051064154205E9","48.5","71.24","false","false","0.008","0.0053","0.0215","2020-11-26T16:59:16.170+0000","{defaultclientid=iot-device-03, thingname=iot-device-03, thingid=877352b9-a35d-45d3-9c98-162d89965a13, thingarn=arn:aws:iot:us-east-1:507441099951:thing/iot-device-03, thingtypename=null, attributes={installed=1592562234, latitude=37.4133144, longitude=-122.1513069}, version=1, billinggroupname=null}","2020-11-26 00:00:00.000"
"iot-device-02","1.5946051085294163E9","58.9","79.16","true","false","0.0072","0.0046","0.0192","2020-11-26T16:59:16.460+0000","{defaultclientid=iot-device-02, thingname=iot-device-02, thingid=4ae4927a-aefb-4584-a45a-fc4839feffd6, thingarn=arn:aws:iot:us-east-1:507441099951:thing/iot-device-02, thingtypename=null, attributes={installed=1593361211, latitude=32.8205865, longitude=-96.871627}, version=1, billinggroupname=null}","2020-11-26 00:00:00.000"
"iot-device-03","1.5946051101016312E9","48.5","71.42","false","false","0.008","0.0053","0.0215","2020-11-26T16:59:16.756+0000","{defaultclientid=iot-device-03, thingname=iot-device-03, thingid=877352b9-a35d-45d3-9c98-162d89965a13, thingarn=arn:aws:iot:us-east-1:507441099951:thing/iot-device-03, thingtypename=null, attributes={installed=1592562234, latitude=37.4133144, longitude=-122.1513069}, version=1, billinggroupname=null}","2020-11-26 00:00:00.000"
"iot-device-01","1.5946051124016097E9","73.7","66.02","false","false","0.01","0.0072","0.0273","2020-11-26T16:59:17.038+0000","{defaultclientid=iot-device-01, thingname=iot-device-01, thingid=983c2b68-f9a3-4e83-b3c6-9f6f8ad5431b, thingarn=arn:aws:iot:us-east-1:507441099951:thing/iot-device-01, thingtypename=null, attributes={installed=1594665292, latitude=37.4133144, longitude=-122.1513069}, version=1, billinggroupname=null}","2020-11-26 00:00:00.000"
"iot-device-03","1.5946051137887685E9","48.5","71.42","false","false","0.008","0.0053","0.0214","2020-11-26T16:59:17.333+0000","{defaultclientid=iot-device-03, thingname=iot-device-03, thingid=877352b9-a35d-45d3-9c98-162d89965a13, thingarn=arn:aws:iot:us-east-1:507441099951:thing/iot-device-03, thingtypename=null, attributes={installed=1592562234, latitude=37.4133144, longitude=-122.1513069}, version=1, billinggroupname=null}","2020-11-26 00:00:00.000"
"iot-device-02","1.5946051139442258E9","58.9","79.16","true","false","0.0072","0.0046","0.0192","2020-11-26T16:59:17.622+0000","{defaultclientid=iot-device-02, thingname=iot-device-02, thingid=4ae4927a-aefb-4584-a45a-fc4839feffd6, thingarn=arn:aws:iot:us-east-1:507441099951:thing/iot-device-02, thingtypename=null, attributes={installed=1593361211, latitude=32.8205865, longitude=-96.871627}, version=1, billinggroupname=null}","2020-11-26 00:00:00.000"
"iot-device-03","1.5946051174724884E9","48.5","71.24","false","false","0.008","0.0053","0.0215","2020-11-26T16:59:17.919+0000","{defaultclientid=iot-device-03, thingname=iot-device-03, thingid=877352b9-a35d-45d3-9c98-162d89965a13, thingarn=arn:aws:iot:us-east-1:507441099951:thing/iot-device-03, thingtypename=null, attributes={installed=1592562234, latitude=37.4133144, longitude=-122.1513069}, version=1, billinggroupname=null}","2020-11-26 00:00:00.000"
"iot-device-02","1.59460511829066E9","58.9","79.16","true","false","0.0072","0.0046","0.0192","2020-11-26T16:59:18.212+0000","{defaultclientid=iot-device-02, thingname=iot-device-02, thingid=4ae4927a-aefb-4584-a45a-fc4839feffd6, thingarn=arn:aws:iot:us-east-1:507441099951:thing/iot-device-02, thingtypename=null, attributes={installed=1593361211, latitude=32.8205865, longitude=-96.871627}, version=1, billinggroupname=null}","2020-11-26 00:00:00.000"
"iot-device-01","1.5946051199742484E9","73.6","66.02","false","false","0.0103","0.0075","0.028","2020-11-26T16:59:18.498+0000","{defaultclientid=iot-device-01, thingname=iot-device-01, thingid=983c2b68-f9a3-4e83-b3c6-9f6f8ad5431b, thingarn=arn:aws:iot:us-east-1:507441099951:thing/iot-device-01, thingtypename=null, attributes={installed=1594665292, latitude=37.4133144, longitude=-122.1513069}, version=1, billinggroupname=null}","2020-11-26 00:00:00.000"
"iot-device-03","1.5946051211595886E9","48.5","71.42","false","false","0.008","0.0053","0.0214","2020-11-26T16:59:18.789+0000","{defaultclientid=iot-device-03, thingname=iot-device-03, thingid=877352b9-a35d-45d3-9c98-162d89965a13, thingarn=arn:aws:iot:us-east-1:507441099951:thing/iot-device-03, thingtypename=null, attributes={installed=1592562234, latitude=37.4133144, longitude=-122.1513069}, version=1, billinggroupname=null}","2020-11-26 00:00:00.000"
"iot-device-02","1.5946051221105382E9","58.9","79.16","true","false","0.0072","0.0046","0.0192","2020-11-26T16:59:19.136+0000","{defaultclientid=iot-device-02, thingname=iot-device-02, thingid=4ae4927a-aefb-4584-a45a-fc4839feffd6, thingarn=arn:aws:iot:us-east-1:507441099951:thing/iot-device-02, thingtypename=null, attributes={installed=1593361211, latitude=32.8205865, longitude=-96.871627}, version=1, billinggroupname=null}","2020-11-26 00:00:00.000"
"iot-device-03","1.5946051248455286E9","48.5","71.42","false","false","0.008","0.0053","0.0214","2020-11-26T16:59:19.900+0000","{defaultclientid=iot-device-03, thingname=iot-device-03, thingid=877352b9-a35d-45d3-9c98-162d89965a13, thingarn=arn:aws:iot:us-east-1:507441099951:thing/iot-device-03, thingtypename=null, attributes={installed=1592562234, latitude=37.4133144, longitude=-122.1513069}, version=1, billinggroupname=null}","2020-11-26 00:00:00.000"
"iot-device-02","1.5946051259247088E9","59.3","79.16","true","false","0.0072","0.0046","0.0192","2020-11-26T16:59:20.191+0000","{defaultclientid=iot-device-02, thingname=iot-device-02, thingid=4ae4927a-aefb-4584-a45a-fc4839feffd6, thingarn=arn:aws:iot:us-east-1:507441099951:thing/iot-device-02, thingtypename=null, attributes={installed=1593361211, latitude=32.8205865, longitude=-96.871627}, version=1, billinggroupname=null}","2020-11-26 00:00:00.000"
"iot-device-01","1.5946051270094244E9","73.6","66.02","false","false","0.01","0.0072","0.0273","2020-11-26T16:59:20.480+0000","{defaultclientid=iot-device-01, thingname=iot-device-01, thingid=983c2b68-f9a3-4e83-b3c6-9f6f8ad5431b, thingarn=arn:aws:iot:us-east-1:507441099951:thing/iot-device-01, thingtypename=null, attributes={installed=1594665292, latitude=37.4133144, longitude=-122.1513069}, version=1, billinggroupname=null}","2020-11-26 00:00:00.000"
"iot-device-03","1.5946051285315795E9","48.5","71.24","false","false","0.008","0.0053","0.0214","2020-11-26T16:59:20.771+0000","{defaultclientid=iot-device-03, thingname=iot-device-03, thingid=877352b9-a35d-45d3-9c98-162d89965a13, thingarn=arn:aws:iot:us-east-1:507441099951:thing/iot-device-03, thingtypename=null, attributes={installed=1592562234, latitude=37.4133144, longitude=-122.1513069}, version=1, billinggroupname=null}","2020-11-26 00:00:00.000"
"iot-device-02","1.5946051313344226E9","59.0","79.16","true","false","0.0072","0.0046","0.0192","2020-11-26T16:59:21.058+0000","{defaultclientid=iot-device-02, thingname=iot-device-02, thingid=4ae4927a-aefb-4584-a45a-fc4839feffd6, thingarn=arn:aws:iot:us-east-1:507441099951:thing/iot-device-02, thingtypename=null, attributes={installed=1593361211, latitude=32.8205865, longitude=-96.871627}, version=1, billinggroupname=null}","2020-11-26 00:00:00.000"
"iot-device-03","1.5946051322175145E9","48.4","71.24","false","false","0.008","0.0053","0.0214","2020-11-26T16:59:21.351+0000","{defaultclientid=iot-device-03, thingname=iot-device-03, thingid=877352b9-a35d-45d3-9c98-162d89965a13, thingarn=arn:aws:iot:us-east-1:507441099951:thing/iot-device-03, thingtypename=null, attributes={installed=1592562234, latitude=37.4133144, longitude=-122.1513069}, version=1, billinggroupname=null}","2020-11-26 00:00:00.000"
"iot-device-03","1.5946051359034767E9","48.4","71.24","false","false","0.008","0.0053","0.0215","2020-11-26T16:59:21.642+0000","{defaultclientid=iot-device-03, thingname=iot-device-03, thingid=877352b9-a35d-45d3-9c98-162d89965a13, thingarn=arn:aws:iot:us-east-1:507441099951:thing/iot-device-03, thingtypename=null, attributes={installed=1592562234, latitude=37.4133144, longitude=-122.1513069}, version=1, billinggroupname=null}","2020-11-26 00:00:00.000"
"iot-device-01","1.5946051373016114E9","73.9","66.02","false","false","0.0105","0.0077","0.0286","2020-11-26T16:59:21.946+0000","{defaultclientid=iot-device-01, thingname=iot-device-01, thingid=983c2b68-f9a3-4e83-b3c6-9f6f8ad5431b, thingarn=arn:aws:iot:us-east-1:507441099951:thing/iot-device-01, thingtypename=null, attributes={installed=1594665292, latitude=37.4133144, longitude=-122.1513069}, version=1, billinggroupname=null}","2020-11-26 00:00:00.000"
"iot-device-02","1.5946051383469455E9","59.0","79.16","true","false","0.0072","0.0046","0.0192","2020-11-26T16:59:22.236+0000","{defaultclientid=iot-device-02, thingname=iot-device-02, thingid=4ae4927a-aefb-4584-a45a-fc4839feffd6, thingarn=arn:aws:iot:us-east-1:507441099951:thing/iot-device-02, thingtypename=null, attributes={installed=1593361211, latitude=32.8205865, longitude=-96.871627}, version=1, billinggroupname=null}","2020-11-26 00:00:00.000"
"iot-device-03","1.5946051395885134E9","48.4","71.24","false","false","0.008","0.0053","0.0214","2020-11-26T16:59:22.528+0000","{defaultclientid=iot-device-03, thingname=iot-device-03, thingid=877352b9-a35d-45d3-9c98-162d89965a13, thingarn=arn:aws:iot:us-east-1:507441099951:thing/iot-device-03, thingtypename=null, attributes={installed=1592562234, latitude=37.4133144, longitude=-122.1513069}, version=1, billinggroupname=null}","2020-11-26 00:00:00.000"
"iot-device-02","1.5946051426896982E9","59.0","79.16","true","false","0.0072","0.0046","0.0192","2020-11-26T16:59:22.820+0000","{defaultclientid=iot-device-02, thingname=iot-device-02, thingid=4ae4927a-aefb-4584-a45a-fc4839feffd6, thingarn=arn:aws:iot:us-east-1:507441099951:thing/iot-device-02, thingtypename=null, attributes={installed=1593361211, latitude=32.8205865, longitude=-96.871627}, version=1, billinggroupname=null}","2020-11-26 00:00:00.000"
"iot-device-01","1.594605142726159E9","73.7","66.02","false","false","0.0105","0.0077","0.0286","2020-11-26T16:59:23.117+0000","{defaultclientid=iot-device-01, thingname=iot-device-01, thingid=983c2b68-f9a3-4e83-b3c6-9f6f8ad5431b, thingarn=arn:aws:iot:us-east-1:507441099951:thing/iot-device-01, thingtypename=null, attributes={installed=1594665292, latitude=37.4133144, longitude=-122.1513069}, version=1, billinggroupname=null}","2020-11-26 00:00:00.000"
"iot-device-03","1.5946051432734776E9","48.4","71.24","false","false","0.008","0.0053","0.0215","2020-11-26T16:59:23.409+0000","{defaultclientid=iot-device-03, thingname=iot-device-03, thingid=877352b9-a35d-45d3-9c98-162d89965a13, thingarn=arn:aws:iot:us-east-1:507441099951:thing/iot-device-03, thingtypename=null, attributes={installed=1592562234, latitude=37.4133144, longitude=-122.1513069}, version=1, billinggroupname=null}","2020-11-26 00:00:00.000"
"iot-device-03","1.5946051469593172E9","48.4","71.24","false","false","0.008","0.0053","0.0215","2020-11-26T16:59:23.700+0000","{defaultclientid=iot-device-03, thingname=iot-device-03, thingid=877352b9-a35d-45d3-9c98-162d89965a13, thingarn=arn:aws:iot:us-east-1:507441099951:thing/iot-device-03, thingtypename=null, attributes={installed=1592562234, latitude=37.4133144, longitude=-122.1513069}, version=1, billinggroupname=null}","2020-11-26 00:00:00.000"
"iot-device-01","1.5946051470760448E9","73.6","66.02","false","false","0.0102","0.0074","0.0277","2020-11-26T16:59:23.993+0000","{defaultclientid=iot-device-01, thingname=iot-device-01, thingid=983c2b68-f9a3-4e83-b3c6-9f6f8ad5431b, thingarn=arn:aws:iot:us-east-1:507441099951:thing/iot-device-01, thingtypename=null, attributes={installed=1594665292, latitude=37.4133144, longitude=-122.1513069}, version=1, billinggroupname=null}","2020-11-26 00:00:00.000"
"iot-device-02","1.5946051497044072E9","59.0","79.16","true","false","0.0072","0.0046","0.0192","2020-11-26T16:59:24.290+0000","{defaultclientid=iot-device-02, thingname=iot-device-02, thingid=4ae4927a-aefb-4584-a45a-fc4839feffd6, thingarn=arn:aws:iot:us-east-1:507441099951:thing/iot-device-02, thingtypename=null, attributes={installed=1593361211, latitude=32.8205865, longitude=-96.871627}, version=1, billinggroupname=null}","2020-11-26 00:00:00.000"
"iot-device-03","1.5946051506454208E9","48.4","71.24","false","false","0.008","0.0053","0.0214","2020-11-26T16:59:24.579+0000","{defaultclientid=iot-device-03, thingname=iot-device-03, thingid=877352b9-a35d-45d3-9c98-162d89965a13, thingarn=arn:aws:iot:us-east-1:507441099951:thing/iot-device-03, thingtypename=null, attributes={installed=1592562234, latitude=37.4133144, longitude=-122.1513069}, version=1, billinggroupname=null}","2020-11-26 00:00:00.000"
"iot-device-01","1.5946051508893185E9","73.6","66.02","false","false","0.0099","0.0071","0.0268","2020-11-26T16:59:24.869+0000","{defaultclientid=iot-device-01, thingname=iot-device-01, thingid=983c2b68-f9a3-4e83-b3c6-9f6f8ad5431b, thingarn=arn:aws:iot:us-east-1:507441099951:thing/iot-device-01, thingtypename=null, attributes={installed=1594665292, latitude=37.4133144, longitude=-122.1513069}, version=1, billinggroupname=null}","2020-11-26 00:00:00.000"
"iot-device-03","1.5946051543313446E9","48.4","71.24","false","false","0.008","0.0053","0.0214","2020-11-26T16:59:25.167+0000","{defaultclientid=iot-device-03, thingname=iot-device-03, thingid=877352b9-a35d-45d3-9c98-162d89965a13, thingarn=arn:aws:iot:us-east-1:507441099951:thing/iot-device-03, thingtypename=null, attributes={installed=1592562234, latitude=37.4133144, longitude=-122.1513069}, version=1, billinggroupname=null}","2020-11-26 00:00:00.000"
"iot-device-02","1.59460515673068E9","59.0","79.16","true","false","0.0072","0.0046","0.0192","2020-11-26T16:59:25.458+0000","{defaultclientid=iot-device-02, thingname=iot-device-02, thingid=4ae4927a-aefb-4584-a45a-fc4839feffd6, thingarn=arn:aws:iot:us-east-1:507441099951:thing/iot-device-02, thingtypename=null, attributes={installed=1593361211, latitude=32.8205865, longitude=-96.871627}, version=1, billinggroupname=null}","2020-11-26 00:00:00.000"
"iot-device-03","1.5946051580175836E9","48.5","71.24","false","false","0.008","0.0053","0.0215","2020-11-26T16:59:25.749+0000","{defaultclientid=iot-device-03, thingname=iot-device-03, thingid=877352b9-a35d-45d3-9c98-162d89965a13, thingarn=arn:aws:iot:us-east-1:507441099951:thing/iot-device-03, thingtypename=null, attributes={installed=1592562234, latitude=37.4133144, longitude=-122.1513069}, version=1, billinggroupname=null}","2020-11-26 00:00:00.000"
"iot-device-01","1.594605160091751E9","73.4","65.84","false","false","0.0103","0.0075","0.0282","2020-11-26T16:59:26.038+0000","{defaultclientid=iot-device-01, thingname=iot-device-01, thingid=983c2b68-f9a3-4e83-b3c6-9f6f8ad5431b, thingarn=arn:aws:iot:us-east-1:507441099951:thing/iot-device-01, thingtypename=null, attributes={installed=1594665292, latitude=37.4133144, longitude=-122.1513069}, version=1, billinggroupname=null}","2020-11-26 00:00:00.000"
"iot-device-02","1.5946051605362587E9","59.0","79.16","true","false","0.0072","0.0046","0.0192","2020-11-26T16:59:26.329+0000","{defaultclientid=iot-device-02, thingname=iot-device-02, thingid=4ae4927a-aefb-4584-a45a-fc4839feffd6, thingarn=arn:aws:iot:us-east-1:507441099951:thing/iot-device-02, thingtypename=null, attributes={installed=1593361211, latitude=32.8205865, longitude=-96.871627}, version=1, billinggroupname=null}","2020-11-26 00:00:00.000"
"iot-device-03","1.5946051617036505E9","48.4","71.06","false","false","0.008","0.0053","0.0214","2020-11-26T16:59:26.620+0000","{defaultclientid=iot-device-03, thingname=iot-device-03, thingid=877352b9-a35d-45d3-9c98-162d89965a13, thingarn=arn:aws:iot:us-east-1:507441099951:thing/iot-device-03, thingtypename=null, attributes={installed=1592562234, latitude=37.4133144, longitude=-122.1513069}, version=1, billinggroupname=null}","2020-11-26 00:00:00.000"
"iot-device-03","1.594605165389606E9","48.5","71.24","false","false","0.008","0.0053","0.0215","2020-11-26T16:59:26.912+0000","{defaultclientid=iot-device-03, thingname=iot-device-03, thingid=877352b9-a35d-45d3-9c98-162d89965a13, thingarn=arn:aws:iot:us-east-1:507441099951:thing/iot-device-03, thingtypename=null, attributes={installed=1592562234, latitude=37.4133144, longitude=-122.1513069}, version=1, billinggroupname=null}","2020-11-26 00:00:00.000"
"iot-device-01","1.5946044007476125E9","74.5","66.2","false","false","0.0103","0.0075","0.0282","2020-11-26T16:59:00.051+0000","{defaultclientid=iot-device-01, thingname=iot-device-01, thingid=983c2b68-f9a3-4e83-b3c6-9f6f8ad5431b, thingarn=arn:aws:iot:us-east-1:507441099951:thing/iot-device-01, thingtypename=null, attributes={installed=1594665292, latitude=37.4133144, longitude=-122.1513069}, version=1, billinggroupname=null}","2020-11-26 00:00:00.000"
"iot-device-03","1.5946044018017845E9","51.1","71.6","false","false","0.008","0.0053","0.0215","2020-11-26T16:59:00.341+0000","{defaultclientid=iot-device-03, thingname=iot-device-03, thingid=877352b9-a35d-45d3-9c98-162d89965a13, thingarn=arn:aws:iot:us-east-1:507441099951:thing/iot-device-03, thingtypename=null, attributes={installed=1592562234, latitude=37.4133144, longitude=-122.1513069}, version=1, billinggroupname=null}","2020-11-26 00:00:00.000"
"iot-device-02","1.5946044045162876E9","59.7","78.44","true","false","0.0072","0.0046","0.0192","2020-11-26T16:59:00.650+0000","{defaultclientid=iot-device-02, thingname=iot-device-02, thingid=4ae4927a-aefb-4584-a45a-fc4839feffd6, thingarn=arn:aws:iot:us-east-1:507441099951:thing/iot-device-02, thingtypename=null, attributes={installed=1593361211, latitude=32.8205865, longitude=-96.871627}, version=1, billinggroupname=null}","2020-11-26 00:00:00.000"
"iot-device-03","1.5946044054879894E9","51.1","71.6","false","false","0.008","0.0053","0.0215","2020-11-26T16:59:00.940+0000","{defaultclientid=iot-device-03, thingname=iot-device-03, thingid=877352b9-a35d-45d3-9c98-162d89965a13, thingarn=arn:aws:iot:us-east-1:507441099951:thing/iot-device-03, thingtypename=null, attributes={installed=1592562234, latitude=37.4133144, longitude=-122.1513069}, version=1, billinggroupname=null}","2020-11-26 00:00:00.000"
"iot-device-03","1.5946044091740973E9","51.1","71.6","false","false","0.008","0.0053","0.0215","2020-11-26T16:59:01.233+0000","{defaultclientid=iot-device-03, thingname=iot-device-03, thingid=877352b9-a35d-45d3-9c98-162d89965a13, thingarn=arn:aws:iot:us-east-1:507441099951:thing/iot-device-03, thingtypename=null, attributes={installed=1592562234, latitude=37.4133144, longitude=-122.1513069}, version=1, billinggroupname=null}","2020-11-26 00:00:00.000"
"iot-device-01","1.5946044099343483E9","74.5","66.2","false","false","0.0105","0.0077","0.0286","2020-11-26T16:59:01.533+0000","{defaultclientid=iot-device-01, thingname=iot-device-01, thingid=983c2b68-f9a3-4e83-b3c6-9f6f8ad5431b, thingarn=arn:aws:iot:us-east-1:507441099951:thing/iot-device-01, thingtypename=null, attributes={installed=1594665292, latitude=37.4133144, longitude=-122.1513069}, version=1, billinggroupname=null}","2020-11-26 00:00:00.000"
"iot-device-03","1.5946044128601825E9","51.1","71.6","false","false","0.008","0.0053","0.0215","2020-11-26T16:59:01.822+0000","{defaultclientid=iot-device-03, thingname=iot-device-03, thingid=877352b9-a35d-45d3-9c98-162d89965a13, thingarn=arn:aws:iot:us-east-1:507441099951:thing/iot-device-03, thingtypename=null, attributes={installed=1592562234, latitude=37.4133144, longitude=-122.1513069}, version=1, billinggroupname=null}","2020-11-26 00:00:00.000"
"iot-device-03","1.5946044165462437E9","51.1","71.6","false","false","0.008","0.0053","0.0214","2020-11-26T16:59:02.108+0000","{defaultclientid=iot-device-03, thingname=iot-device-03, thingid=877352b9-a35d-45d3-9c98-162d89965a13, thingarn=arn:aws:iot:us-east-1:507441099951:thing/iot-device-03, thingtypename=null, attributes={installed=1592562234, latitude=37.4133144, longitude=-122.1513069}, version=1, billinggroupname=null}","2020-11-26 00:00:00.000"
"iot-device-03","1.594604420232235E9","51.1","71.6","false","false","0.008","0.0053","0.0215","2020-11-26T16:59:02.422+0000","{defaultclientid=iot-device-03, thingname=iot-device-03, thingid=877352b9-a35d-45d3-9c98-162d89965a13, thingarn=arn:aws:iot:us-east-1:507441099951:thing/iot-device-03, thingtypename=null, attributes={installed=1592562234, latitude=37.4133144, longitude=-122.1513069}, version=1, billinggroupname=null}","2020-11-26 00:00:00.000"
"iot-device-01","1.5946044212835805E9","74.4","66.2","false","false","0.0107","0.0078","0.0291","2020-11-26T16:59:02.711+0000","{defaultclientid=iot-device-01, thingname=iot-device-01, thingid=983c2b68-f9a3-4e83-b3c6-9f6f8ad5431b, thingarn=arn:aws:iot:us-east-1:507441099951:thing/iot-device-01, thingtypename=null, attributes={installed=1594665292, latitude=37.4133144, longitude=-122.1513069}, version=1, billinggroupname=null}","2020-11-26 00:00:00.000"
"iot-device-02","1.5946376564404562E9","59.6","74.48","true","false","0.0072","0.0046","0.0191","2020-11-26T17:20:12.115+0000","{defaultclientid=iot-device-02, thingname=iot-device-02, thingid=4ae4927a-aefb-4584-a45a-fc4839feffd6, thingarn=arn:aws:iot:us-east-1:507441099951:thing/iot-device-02, thingtypename=null, attributes={installed=1593361211, latitude=32.8205865, longitude=-96.871627}, version=1, billinggroupname=null}","2020-11-26 00:00:00.000"
"iot-device-03","1.5946376565587153E9","51.5","70.88","false","false","0.0078","0.0051","0.0208","2020-11-26T17:20:12.399+0000","{defaultclientid=iot-device-03, thingname=iot-device-03, thingid=877352b9-a35d-45d3-9c98-162d89965a13, thingarn=arn:aws:iot:us-east-1:507441099951:thing/iot-device-03, thingtypename=null, attributes={installed=1592562234, latitude=37.4133144, longitude=-122.1513069}, version=1, billinggroupname=null}","2020-11-26 00:00:00.000"
"iot-device-01","1.5946376591778278E9","75.0","67.46","false","false","0.0063","0.0038","0.0167","2020-11-26T17:20:12.693+0000","{defaultclientid=iot-device-01, thingname=iot-device-01, thingid=983c2b68-f9a3-4e83-b3c6-9f6f8ad5431b, thingarn=arn:aws:iot:us-east-1:507441099951:thing/iot-device-01, thingtypename=null, attributes={installed=1594665292, latitude=37.4133144, longitude=-122.1513069}, version=1, billinggroupname=null}","2020-11-26 00:00:00.000"
"iot-device-03","1.5946376602447646E9","51.4","70.88","false","false","0.0078","0.0051","0.0209","2020-11-26T17:20:13.053+0000","{defaultclientid=iot-device-03, thingname=iot-device-03, thingid=877352b9-a35d-45d3-9c98-162d89965a13, thingarn=arn:aws:iot:us-east-1:507441099951:thing/iot-device-03, thingtypename=null, attributes={installed=1592562234, latitude=37.4133144, longitude=-122.1513069}, version=1, billinggroupname=null}","2020-11-26 00:00:00.000"
"iot-device-01","1.5946376629938936E9","75.0","67.46","false","false","0.0063","0.0038","0.0166","2020-11-26T17:20:13.346+0000","{defaultclientid=iot-device-01, thingname=iot-device-01, thingid=983c2b68-f9a3-4e83-b3c6-9f6f8ad5431b, thingarn=arn:aws:iot:us-east-1:507441099951:thing/iot-device-01, thingtypename=null, attributes={installed=1594665292, latitude=37.4133144, longitude=-122.1513069}, version=1, billinggroupname=null}","2020-11-26 00:00:00.000"
"iot-device-02","1.5946376634564257E9","59.7","74.48","true","false","0.0072","0.0045","0.019","2020-11-26T17:20:13.654+0000","{defaultclientid=iot-device-02, thingname=iot-device-02, thingid=4ae4927a-aefb-4584-a45a-fc4839feffd6, thingarn=arn:aws:iot:us-east-1:507441099951:thing/iot-device-02, thingtypename=null, attributes={installed=1593361211, latitude=32.8205865, longitude=-96.871627}, version=1, billinggroupname=null}","2020-11-26 00:00:00.000"
"iot-device-03","1.594637663930622E9","51.2","70.88","false","false","0.0078","0.0051","0.0208","2020-11-26T17:20:13.992+0000","{defaultclientid=iot-device-03, thingname=iot-device-03, thingid=877352b9-a35d-45d3-9c98-162d89965a13, thingarn=arn:aws:iot:us-east-1:507441099951:thing/iot-device-03, thingtypename=null, attributes={installed=1592562234, latitude=37.4133144, longitude=-122.1513069}, version=1, billinggroupname=null}","2020-11-26 00:00:00.000"
"iot-device-03","1.5946376676165302E9","51.2","70.88","false","false","0.0078","0.0051","0.0208","2020-11-26T17:20:14.279+0000","{defaultclientid=iot-device-03, thingname=iot-device-03, thingid=877352b9-a35d-45d3-9c98-162d89965a13, thingarn=arn:aws:iot:us-east-1:507441099951:thing/iot-device-03, thingtypename=null, attributes={installed=1592562234, latitude=37.4133144, longitude=-122.1513069}, version=1, billinggroupname=null}","2020-11-26 00:00:00.000"
"iot-device-01","1.594637668957084E9","75.1","67.46","false","false","0.0062","0.0037","0.0164","2020-11-26T17:20:14.571+0000","{defaultclientid=iot-device-01, thingname=iot-device-01, thingid=983c2b68-f9a3-4e83-b3c6-9f6f8ad5431b, thingarn=arn:aws:iot:us-east-1:507441099951:thing/iot-device-01, thingtypename=null, attributes={installed=1594665292, latitude=37.4133144, longitude=-122.1513069}, version=1, billinggroupname=null}","2020-11-26 00:00:00.000"
"iot-device-02","1.5946376694030526E9","59.7","74.48","true","false","0.0072","0.0045","0.019","2020-11-26T17:20:14.861+0000","{defaultclientid=iot-device-02, thingname=iot-device-02, thingid=4ae4927a-aefb-4584-a45a-fc4839feffd6, thingarn=arn:aws:iot:us-east-1:507441099951:thing/iot-device-02, thingtypename=null, attributes={installed=1593361211, latitude=32.8205865, longitude=-96.871627}, version=1, billinggroupname=null}","2020-11-26 00:00:00.000"
"iot-device-02","1.5946398141183093E9","60.0","74.48","true","false","0.0073","0.0046","0.0194","2020-11-26T17:20:21.039+0000","{defaultclientid=iot-device-02, thingname=iot-device-02, thingid=4ae4927a-aefb-4584-a45a-fc4839feffd6, thingarn=arn:aws:iot:us-east-1:507441099951:thing/iot-device-02, thingtypename=null, attributes={installed=1593361211, latitude=32.8205865, longitude=-96.871627}, version=1, billinggroupname=null}","2020-11-26 00:00:00.000"
"iot-device-03","1.594639816594311E9","52.2","70.88","false","false","0.0078","0.0051","0.0209","2020-11-26T17:20:21.329+0000","{defaultclientid=iot-device-03, thingname=iot-device-03, thingid=877352b9-a35d-45d3-9c98-162d89965a13, thingarn=arn:aws:iot:us-east-1:507441099951:thing/iot-device-03, thingtypename=null, attributes={installed=1592562234, latitude=37.4133144, longitude=-122.1513069}, version=1, billinggroupname=null}","2020-11-26 00:00:00.000"
"iot-device-01","1.5946398177764053E9","76.3","67.46","false","false","0.0062","0.0037","0.0164","2020-11-26T17:20:21.625+0000","{defaultclientid=iot-device-01, thingname=iot-device-01, thingid=983c2b68-f9a3-4e83-b3c6-9f6f8ad5431b, thingarn=arn:aws:iot:us-east-1:507441099951:thing/iot-device-01, thingtypename=null, attributes={installed=1594665292, latitude=37.4133144, longitude=-122.1513069}, version=1, billinggroupname=null}","2020-11-26 00:00:00.000"
"iot-device-03","1.5946398202801564E9","52.2","70.88","false","false","0.0078","0.0051","0.0209","2020-11-26T17:20:21.921+0000","{defaultclientid=iot-device-03, thingname=iot-device-03, thingid=877352b9-a35d-45d3-9c98-162d89965a13, thingarn=arn:aws:iot:us-east-1:507441099951:thing/iot-device-03, thingtypename=null, attributes={installed=1592562234, latitude=37.4133144, longitude=-122.1513069}, version=1, billinggroupname=null}","2020-11-26 00:00:00.000"
"iot-device-02","1.5946398216671312E9","59.8","74.48","true","false","0.0073","0.0046","0.0194","2020-11-26T17:20:22.210+0000","{defaultclientid=iot-device-02, thingname=iot-device-02, thingid=4ae4927a-aefb-4584-a45a-fc4839feffd6, thingarn=arn:aws:iot:us-east-1:507441099951:thing/iot-device-02, thingtypename=null, attributes={installed=1593361211, latitude=32.8205865, longitude=-96.871627}, version=1, billinggroupname=null}","2020-11-26 00:00:00.000"
"iot-device-03","1.5946398239663165E9","52.2","70.88","false","false","0.0078","0.0051","0.0209","2020-11-26T17:20:22.500+0000","{defaultclientid=iot-device-03, thingname=iot-device-03, thingid=877352b9-a35d-45d3-9c98-162d89965a13, thingarn=arn:aws:iot:us-east-1:507441099951:thing/iot-device-03, thingtypename=null, attributes={installed=1592562234, latitude=37.4133144, longitude=-122.1513069}, version=1, billinggroupname=null}","2020-11-26 00:00:00.000"
"iot-device-02","1.594639826006542E9","59.8","74.48","true","false","0.0073","0.0046","0.0194","2020-11-26T17:20:22.791+0000","{defaultclientid=iot-device-02, thingname=iot-device-02, thingid=4ae4927a-aefb-4584-a45a-fc4839feffd6, thingarn=arn:aws:iot:us-east-1:507441099951:thing/iot-device-02, thingtypename=null, attributes={installed=1593361211, latitude=32.8205865, longitude=-96.871627}, version=1, billinggroupname=null}","2020-11-26 00:00:00.000"
"iot-device-03","1.5946398276524231E9","52.2","70.88","false","false","0.0078","0.0051","0.0208","2020-11-26T17:20:23.081+0000","{defaultclientid=iot-device-03, thingname=iot-device-03, thingid=877352b9-a35d-45d3-9c98-162d89965a13, thingarn=arn:aws:iot:us-east-1:507441099951:thing/iot-device-03, thingtypename=null, attributes={installed=1592562234, latitude=37.4133144, longitude=-122.1513069}, version=1, billinggroupname=null}","2020-11-26 00:00:00.000"
"iot-device-01","1.5946398285812144E9","76.2","67.28","false","false","0.0062","0.0037","0.0164","2020-11-26T17:20:23.373+0000","{defaultclientid=iot-device-01, thingname=iot-device-01, thingid=983c2b68-f9a3-4e83-b3c6-9f6f8ad5431b, thingarn=arn:aws:iot:us-east-1:507441099951:thing/iot-device-01, thingtypename=null, attributes={installed=1594665292, latitude=37.4133144, longitude=-122.1513069}, version=1, billinggroupname=null}","2020-11-26 00:00:00.000"
"iot-device-03","1.5946398313385468E9","52.2","70.88","false","false","0.0078","0.0051","0.0208","2020-11-26T17:20:23.730+0000","{defaultclientid=iot-device-03, thingname=iot-device-03, thingid=877352b9-a35d-45d3-9c98-162d89965a13, thingarn=arn:aws:iot:us-east-1:507441099951:thing/iot-device-03, thingtypename=null, attributes={installed=1592562234, latitude=37.4133144, longitude=-122.1513069}, version=1, billinggroupname=null}","2020-11-26 00:00:00.000"
"iot-device-01","1.5946376863613267E9","75.1","67.46","false","false","0.0062","0.0037","0.0164","2020-11-26T17:20:18.062+0000","{defaultclientid=iot-device-01, thingname=iot-device-01, thingid=983c2b68-f9a3-4e83-b3c6-9f6f8ad5431b, thingarn=arn:aws:iot:us-east-1:507441099951:thing/iot-device-01, thingtypename=null, attributes={installed=1594665292, latitude=37.4133144, longitude=-122.1513069}, version=1, billinggroupname=null}","2020-11-26 00:00:00.000"
"iot-device-03","1.5946376897329235E9","50.8","70.88","false","false","0.0078","0.0051","0.0209","2020-11-26T17:20:18.384+0000","{defaultclientid=iot-device-03, thingname=iot-device-03, thingid=877352b9-a35d-45d3-9c98-162d89965a13, thingarn=arn:aws:iot:us-east-1:507441099951:thing/iot-device-03, thingtypename=null, attributes={installed=1592562234, latitude=37.4133144, longitude=-122.1513069}, version=1, billinggroupname=null}","2020-11-26 00:00:00.000"
"iot-device-02","1.5946376904450915E9","59.7","74.48","true","false","0.0072","0.0045","0.019","2020-11-26T17:20:18.669+0000","{defaultclientid=iot-device-02, thingname=iot-device-02, thingid=4ae4927a-aefb-4584-a45a-fc4839feffd6, thingarn=arn:aws:iot:us-east-1:507441099951:thing/iot-device-02, thingtypename=null, attributes={installed=1593361211, latitude=32.8205865, longitude=-96.871627}, version=1, billinggroupname=null}","2020-11-26 00:00:00.000"
"iot-device-01","1.594637691253084E9","75.0","67.46","false","false","0.0062","0.0037","0.0164","2020-11-26T17:20:18.975+0000","{defaultclientid=iot-device-01, thingname=iot-device-01, thingid=983c2b68-f9a3-4e83-b3c6-9f6f8ad5431b, thingarn=arn:aws:iot:us-east-1:507441099951:thing/iot-device-01, thingtypename=null, attributes={installed=1594665292, latitude=37.4133144, longitude=-122.1513069}, version=1, billinggroupname=null}","2020-11-26 00:00:00.000"
"iot-device-03","1.5946398055349329E9","52.3","70.88","false","false","0.0078","0.0051","0.0208","2020-11-26T17:20:19.269+0000","{defaultclientid=iot-device-03, thingname=iot-device-03, thingid=877352b9-a35d-45d3-9c98-162d89965a13, thingarn=arn:aws:iot:us-east-1:507441099951:thing/iot-device-03, thingtypename=null, attributes={installed=1592562234, latitude=37.4133144, longitude=-122.1513069}, version=1, billinggroupname=null}","2020-11-26 00:00:00.000"
"iot-device-01","1.5946398073739707E9","76.2","67.28","false","false","0.0062","0.0037","0.0164","2020-11-26T17:20:19.580+0000","{defaultclientid=iot-device-01, thingname=iot-device-01, thingid=983c2b68-f9a3-4e83-b3c6-9f6f8ad5431b, thingarn=arn:aws:iot:us-east-1:507441099951:thing/iot-device-01, thingtypename=null, attributes={installed=1594665292, latitude=37.4133144, longitude=-122.1513069}, version=1, billinggroupname=null}","2020-11-26 00:00:00.000"
"iot-device-03","1.5946398092222562E9","52.2","70.88","false","false","0.0078","0.0051","0.0209","2020-11-26T17:20:19.870+0000","{defaultclientid=iot-device-03, thingname=iot-device-03, thingid=877352b9-a35d-45d3-9c98-162d89965a13, thingarn=arn:aws:iot:us-east-1:507441099951:thing/iot-device-03, thingtypename=null, attributes={installed=1592562234, latitude=37.4133144, longitude=-122.1513069}, version=1, billinggroupname=null}","2020-11-26 00:00:00.000"
"iot-device-02","1.5946398103114002E9","59.8","74.48","true","false","0.0073","0.0046","0.0194","2020-11-26T17:20:20.172+0000","{defaultclientid=iot-device-02, thingname=iot-device-02, thingid=4ae4927a-aefb-4584-a45a-fc4839feffd6, thingarn=arn:aws:iot:us-east-1:507441099951:thing/iot-device-02, thingtypename=null, attributes={installed=1593361211, latitude=32.8205865, longitude=-96.871627}, version=1, billinggroupname=null}","2020-11-26 00:00:00.000"
"iot-device-03","1.594639812908208E9","52.2","70.88","false","false","0.0078","0.0051","0.0208","2020-11-26T17:20:20.457+0000","{defaultclientid=iot-device-03, thingname=iot-device-03, thingid=877352b9-a35d-45d3-9c98-162d89965a13, thingarn=arn:aws:iot:us-east-1:507441099951:thing/iot-device-03, thingtypename=null, attributes={installed=1592562234, latitude=37.4133144, longitude=-122.1513069}, version=1, billinggroupname=null}","2020-11-26 00:00:00.000"
"iot-device-01","1.5946398139536145E9","76.3","67.28","false","false","0.0062","0.0037","0.0164","2020-11-26T17:20:20.738+0000","{defaultclientid=iot-device-01, thingname=iot-device-01, thingid=983c2b68-f9a3-4e83-b3c6-9f6f8ad5431b, thingarn=arn:aws:iot:us-east-1:507441099951:thing/iot-device-01, thingtypename=null, attributes={installed=1594665292, latitude=37.4133144, longitude=-122.1513069}, version=1, billinggroupname=null}","2020-11-26 00:00:00.000"
"iot-device-03","1.5946376713023994E9","51.2","70.88","false","false","0.0078","0.0051","0.0209","2020-11-26T17:20:15.147+0000","{defaultclientid=iot-device-03, thingname=iot-device-03, thingid=877352b9-a35d-45d3-9c98-162d89965a13, thingarn=arn:aws:iot:us-east-1:507441099951:thing/iot-device-03, thingtypename=null, attributes={installed=1592562234, latitude=37.4133144, longitude=-122.1513069}, version=1, billinggroupname=null}","2020-11-26 00:00:00.000"
"iot-device-01","1.5946376727706766E9","75.3","67.46","false","false","0.0062","0.0037","0.0164","2020-11-26T17:20:15.437+0000","{defaultclientid=iot-device-01, thingname=iot-device-01, thingid=983c2b68-f9a3-4e83-b3c6-9f6f8ad5431b, thingarn=arn:aws:iot:us-east-1:507441099951:thing/iot-device-01, thingtypename=null, attributes={installed=1594665292, latitude=37.4133144, longitude=-122.1513069}, version=1, billinggroupname=null}","2020-11-26 00:00:00.000"
"iot-device-02","1.594637674276367E9","59.7","74.48","true","false","0.0072","0.0045","0.019","2020-11-26T17:20:15.732+0000","{defaultclientid=iot-device-02, thingname=iot-device-02, thingid=4ae4927a-aefb-4584-a45a-fc4839feffd6, thingarn=arn:aws:iot:us-east-1:507441099951:thing/iot-device-02, thingtypename=null, attributes={installed=1593361211, latitude=32.8205865, longitude=-96.871627}, version=1, billinggroupname=null}","2020-11-26 00:00:00.000"
"iot-device-03","1.594637674988401E9","51.1","70.88","false","false","0.0078","0.0051","0.0208","2020-11-26T17:20:16.019+0000","{defaultclientid=iot-device-03, thingname=iot-device-03, thingid=877352b9-a35d-45d3-9c98-162d89965a13, thingarn=arn:aws:iot:us-east-1:507441099951:thing/iot-device-03, thingtypename=null, attributes={installed=1592562234, latitude=37.4133144, longitude=-122.1513069}, version=1, billinggroupname=null}","2020-11-26 00:00:00.000"
"iot-device-01","1.594637677658123E9","75.1","67.46","false","false","0.0062","0.0037","0.0164","2020-11-26T17:20:16.312+0000","{defaultclientid=iot-device-01, thingname=iot-device-01, thingid=983c2b68-f9a3-4e83-b3c6-9f6f8ad5431b, thingarn=arn:aws:iot:us-east-1:507441099951:thing/iot-device-01, thingtypename=null, attributes={installed=1594665292, latitude=37.4133144, longitude=-122.1513069}, version=1, billinggroupname=null}","2020-11-26 00:00:00.000"
"iot-device-03","1.5946376786744215E9","51.1","70.88","false","false","0.0078","0.0051","0.0209","2020-11-26T17:20:16.601+0000","{defaultclientid=iot-device-03, thingname=iot-device-03, thingid=877352b9-a35d-45d3-9c98-162d89965a13, thingarn=arn:aws:iot:us-east-1:507441099951:thing/iot-device-03, thingtypename=null, attributes={installed=1592562234, latitude=37.4133144, longitude=-122.1513069}, version=1, billinggroupname=null}","2020-11-26 00:00:00.000"
"iot-device-01","1.594637681472191E9","75.1","67.46","false","false","0.0062","0.0037","0.0164","2020-11-26T17:20:16.902+0000","{defaultclientid=iot-device-01, thingname=iot-device-01, thingid=983c2b68-f9a3-4e83-b3c6-9f6f8ad5431b, thingarn=arn:aws:iot:us-east-1:507441099951:thing/iot-device-01, thingtypename=null, attributes={installed=1594665292, latitude=37.4133144, longitude=-122.1513069}, version=1, billinggroupname=null}","2020-11-26 00:00:00.000"
"iot-device-03","1.5946376823604107E9","51.0","70.88","false","false","0.0078","0.0051","0.0208","2020-11-26T17:20:17.189+0000","{defaultclientid=iot-device-03, thingname=iot-device-03, thingid=877352b9-a35d-45d3-9c98-162d89965a13, thingarn=arn:aws:iot:us-east-1:507441099951:thing/iot-device-03, thingtypename=null, attributes={installed=1592562234, latitude=37.4133144, longitude=-122.1513069}, version=1, billinggroupname=null}","2020-11-26 00:00:00.000"
"iot-device-02","1.5946376844941893E9","59.7","74.48","true","false","0.0072","0.0045","0.0191","2020-11-26T17:20:17.479+0000","{defaultclientid=iot-device-02, thingname=iot-device-02, thingid=4ae4927a-aefb-4584-a45a-fc4839feffd6, thingarn=arn:aws:iot:us-east-1:507441099951:thing/iot-device-02, thingtypename=null, attributes={installed=1593361211, latitude=32.8205865, longitude=-96.871627}, version=1, billinggroupname=null}","2020-11-26 00:00:00.000"
"iot-device-03","1.5946376860464056E9","50.9","70.88","false","false","0.0078","0.0051","0.0208","2020-11-26T17:20:17.774+0000","{defaultclientid=iot-device-03, thingname=iot-device-03, thingid=877352b9-a35d-45d3-9c98-162d89965a13, thingarn=arn:aws:iot:us-east-1:507441099951:thing/iot-device-03, thingtypename=null, attributes={installed=1592562234, latitude=37.4133144, longitude=-122.1513069}, version=1, billinggroupname=null}","2020-11-26 00:00:00.000"
"iot-device-01","1.594637602684752E9","75.4","67.46","false","false","0.0063","0.0038","0.0166","2020-11-26T17:20:03.157+0000","{defaultclientid=iot-device-01, thingname=iot-device-01, thingid=983c2b68-f9a3-4e83-b3c6-9f6f8ad5431b, thingarn=arn:aws:iot:us-east-1:507441099951:thing/iot-device-01, thingtypename=null, attributes={installed=1594665292, latitude=37.4133144, longitude=-122.1513069}, version=1, billinggroupname=null}","2020-11-26 00:00:00.000"
"iot-device-03","1.5946376049393318E9","52.2","71.06","false","false","0.0078","0.0051","0.0208","2020-11-26T17:20:03.451+0000","{defaultclientid=iot-device-03, thingname=iot-device-03, thingid=877352b9-a35d-45d3-9c98-162d89965a13, thingarn=arn:aws:iot:us-east-1:507441099951:thing/iot-device-03, thingtypename=null, attributes={installed=1592562234, latitude=37.4133144, longitude=-122.1513069}, version=1, billinggroupname=null}","2020-11-26 00:00:00.000"
"iot-device-01","1.5946376070371456E9","75.3","67.64","false","false","0.0063","0.0038","0.0166","2020-11-26T17:20:03.738+0000","{defaultclientid=iot-device-01, thingname=iot-device-01, thingid=983c2b68-f9a3-4e83-b3c6-9f6f8ad5431b, thingarn=arn:aws:iot:us-east-1:507441099951:thing/iot-device-01, thingtypename=null, attributes={installed=1594665292, latitude=37.4133144, longitude=-122.1513069}, version=1, billinggroupname=null}","2020-11-26 00:00:00.000"
"iot-device-03","1.5946376086268704E9","52.1","71.06","false","false","0.0078","0.0051","0.0209","2020-11-26T17:20:04.050+0000","{defaultclientid=iot-device-03, thingname=iot-device-03, thingid=877352b9-a35d-45d3-9c98-162d89965a13, thingarn=arn:aws:iot:us-east-1:507441099951:thing/iot-device-03, thingtypename=null, attributes={installed=1592562234, latitude=37.4133144, longitude=-122.1513069}, version=1, billinggroupname=null}","2020-11-26 00:00:00.000"
"iot-device-02","1.5946376097608225E9","59.7","74.48","true","false","0.0071","0.0045","0.0189","2020-11-26T17:20:04.350+0000","{defaultclientid=iot-device-02, thingname=iot-device-02, thingid=4ae4927a-aefb-4584-a45a-fc4839feffd6, thingarn=arn:aws:iot:us-east-1:507441099951:thing/iot-device-02, thingtypename=null, attributes={installed=1593361211, latitude=32.8205865, longitude=-96.871627}, version=1, billinggroupname=null}","2020-11-26 00:00:00.000"
"iot-device-01","1.5946376113902113E9","75.3","67.64","false","false","0.0062","0.0037","0.0164","2020-11-26T17:20:04.627+0000","{defaultclientid=iot-device-01, thingname=iot-device-01, thingid=983c2b68-f9a3-4e83-b3c6-9f6f8ad5431b, thingarn=arn:aws:iot:us-east-1:507441099951:thing/iot-device-01, thingtypename=null, attributes={installed=1594665292, latitude=37.4133144, longitude=-122.1513069}, version=1, billinggroupname=null}","2020-11-26 00:00:00.000"
"iot-device-03","1.594637612314768E9","52.1","71.06","false","false","0.0078","0.0051","0.0209","2020-11-26T17:20:04.925+0000","{defaultclientid=iot-device-03, thingname=iot-device-03, thingid=877352b9-a35d-45d3-9c98-162d89965a13, thingarn=arn:aws:iot:us-east-1:507441099951:thing/iot-device-03, thingtypename=null, attributes={installed=1592562234, latitude=37.4133144, longitude=-122.1513069}, version=1, billinggroupname=null}","2020-11-26 00:00:00.000"
"iot-device-02","1.594637615720335E9","59.8","74.48","true","false","0.0072","0.0045","0.019","2020-11-26T17:20:05.210+0000","{defaultclientid=iot-device-02, thingname=iot-device-02, thingid=4ae4927a-aefb-4584-a45a-fc4839feffd6, thingarn=arn:aws:iot:us-east-1:507441099951:thing/iot-device-02, thingtypename=null, attributes={installed=1593361211, latitude=32.8205865, longitude=-96.871627}, version=1, billinggroupname=null}","2020-11-26 00:00:00.000"
"iot-device-03","1.5946376160023813E9","52.1","71.06","false","false","0.0078","0.0051","0.0208","2020-11-26T17:20:05.502+0000","{defaultclientid=iot-device-03, thingname=iot-device-03, thingid=877352b9-a35d-45d3-9c98-162d89965a13, thingarn=arn:aws:iot:us-east-1:507441099951:thing/iot-device-03, thingtypename=null, attributes={installed=1592562234, latitude=37.4133144, longitude=-122.1513069}, version=1, billinggroupname=null}","2020-11-26 00:00:00.000"
"iot-device-01","1.5946376168263614E9","75.2","67.46","false","false","0.0063","0.0038","0.0166","2020-11-26T17:20:05.802+0000","{defaultclientid=iot-device-01, thingname=iot-device-01, thingid=983c2b68-f9a3-4e83-b3c6-9f6f8ad5431b, thingarn=arn:aws:iot:us-east-1:507441099951:thing/iot-device-01, thingtypename=null, attributes={installed=1594665292, latitude=37.4133144, longitude=-122.1513069}, version=1, billinggroupname=null}","2020-11-26 00:00:00.000"
"iot-device-03","1.5946376196905506E9","52.0","71.06","false","false","0.0078","0.0051","0.0208","2020-11-26T17:20:06.098+0000","{defaultclientid=iot-device-03, thingname=iot-device-03, thingid=877352b9-a35d-45d3-9c98-162d89965a13, thingarn=arn:aws:iot:us-east-1:507441099951:thing/iot-device-03, thingtypename=null, attributes={installed=1592562234, latitude=37.4133144, longitude=-122.1513069}, version=1, billinggroupname=null}","2020-11-26 00:00:00.000"
"iot-device-02","1.5946376205987036E9","59.7","74.48","true","false","0.0071","0.0045","0.0189","2020-11-26T17:20:06.404+0000","{defaultclientid=iot-device-02, thingname=iot-device-02, thingid=4ae4927a-aefb-4584-a45a-fc4839feffd6, thingarn=arn:aws:iot:us-east-1:507441099951:thing/iot-device-02, thingtypename=null, attributes={installed=1593361211, latitude=32.8205865, longitude=-96.871627}, version=1, billinggroupname=null}","2020-11-26 00:00:00.000"
"iot-device-01","1.5946376211772711E9","75.3","67.46","false","false","0.0062","0.0037","0.0164","2020-11-26T17:20:06.701+0000","{defaultclientid=iot-device-01, thingname=iot-device-01, thingid=983c2b68-f9a3-4e83-b3c6-9f6f8ad5431b, thingarn=arn:aws:iot:us-east-1:507441099951:thing/iot-device-01, thingtypename=null, attributes={installed=1594665292, latitude=37.4133144, longitude=-122.1513069}, version=1, billinggroupname=null}","2020-11-26 00:00:00.000"
"iot-device-03","1.594637623378185E9","51.9","70.88","false","false","0.0078","0.0051","0.0209","2020-11-26T17:20:06.989+0000","{defaultclientid=iot-device-03, thingname=iot-device-03, thingid=877352b9-a35d-45d3-9c98-162d89965a13, thingarn=arn:aws:iot:us-east-1:507441099951:thing/iot-device-03, thingtypename=null, attributes={installed=1592562234, latitude=37.4133144, longitude=-122.1513069}, version=1, billinggroupname=null}","2020-11-26 00:00:00.000"
"iot-device-01","1.594637624990756E9","75.3","67.46","false","false","0.0063","0.0038","0.0166","2020-11-26T17:20:07.287+0000","{defaultclientid=iot-device-01, thingname=iot-device-01, thingid=983c2b68-f9a3-4e83-b3c6-9f6f8ad5431b, thingarn=arn:aws:iot:us-east-1:507441099951:thing/iot-device-01, thingtypename=null, attributes={installed=1594665292, latitude=37.4133144, longitude=-122.1513069}, version=1, billinggroupname=null}","2020-11-26 00:00:00.000"
"iot-device-03","1.5946376270658965E9","51.8","71.06","false","false","0.0078","0.0051","0.0208","2020-11-26T17:20:07.579+0000","{defaultclientid=iot-device-03, thingname=iot-device-03, thingid=877352b9-a35d-45d3-9c98-162d89965a13, thingarn=arn:aws:iot:us-east-1:507441099951:thing/iot-device-03, thingtypename=null, attributes={installed=1592562234, latitude=37.4133144, longitude=-122.1513069}, version=1, billinggroupname=null}","2020-11-26 00:00:00.000"
"iot-device-03","1.5946376307536073E9","51.7","70.88","false","false","0.0078","0.0051","0.0208","2020-11-26T17:20:07.877+0000","{defaultclientid=iot-device-03, thingname=iot-device-03, thingid=877352b9-a35d-45d3-9c98-162d89965a13, thingarn=arn:aws:iot:us-east-1:507441099951:thing/iot-device-03, thingtypename=null, attributes={installed=1592562234, latitude=37.4133144, longitude=-122.1513069}, version=1, billinggroupname=null}","2020-11-26 00:00:00.000"
"iot-device-01","1.5946376309526973E9","75.2","67.46","false","false","0.0062","0.0037","0.0164","2020-11-26T17:20:08.169+0000","{defaultclientid=iot-device-01, thingname=iot-device-01, thingid=983c2b68-f9a3-4e83-b3c6-9f6f8ad5431b, thingarn=arn:aws:iot:us-east-1:507441099951:thing/iot-device-01, thingtypename=null, attributes={installed=1594665292, latitude=37.4133144, longitude=-122.1513069}, version=1, billinggroupname=null}","2020-11-26 00:00:00.000"
"iot-device-02","1.594637631884797E9","59.7","74.48","true","false","0.0071","0.0045","0.0189","2020-11-26T17:20:08.459+0000","{defaultclientid=iot-device-02, thingname=iot-device-02, thingid=4ae4927a-aefb-4584-a45a-fc4839feffd6, thingarn=arn:aws:iot:us-east-1:507441099951:thing/iot-device-02, thingtypename=null, attributes={installed=1593361211, latitude=32.8205865, longitude=-96.871627}, version=1, billinggroupname=null}","2020-11-26 00:00:00.000"
"iot-device-03","1.594637634441142E9","51.6","70.88","false","false","0.0078","0.0051","0.0209","2020-11-26T17:20:08.750+0000","{defaultclientid=iot-device-03, thingname=iot-device-03, thingid=877352b9-a35d-45d3-9c98-162d89965a13, thingarn=arn:aws:iot:us-east-1:507441099951:thing/iot-device-03, thingtypename=null, attributes={installed=1592562234, latitude=37.4133144, longitude=-122.1513069}, version=1, billinggroupname=null}","2020-11-26 00:00:00.000"
"iot-device-03","1.5946375865009506E9","52.2","71.06","false","false","0.0078","0.0051","0.0208","2020-11-26T17:20:00.210+0000","{defaultclientid=iot-device-03, thingname=iot-device-03, thingid=877352b9-a35d-45d3-9c98-162d89965a13, thingarn=arn:aws:iot:us-east-1:507441099951:thing/iot-device-03, thingtypename=null, attributes={installed=1592562234, latitude=37.4133144, longitude=-122.1513069}, version=1, billinggroupname=null}","2020-11-26 00:00:00.000"
"iot-device-01","1.5946375880192108E9","75.9","67.64","false","false","0.0062","0.0037","0.0164","2020-11-26T17:20:00.508+0000","{defaultclientid=iot-device-01, thingname=iot-device-01, thingid=983c2b68-f9a3-4e83-b3c6-9f6f8ad5431b, thingarn=arn:aws:iot:us-east-1:507441099951:thing/iot-device-01, thingtypename=null, attributes={installed=1594665292, latitude=37.4133144, longitude=-122.1513069}, version=1, billinggroupname=null}","2020-11-26 00:00:00.000"
"iot-device-02","1.5946375881798522E9","59.7","74.48","true","false","0.0071","0.0045","0.0189","2020-11-26T17:20:00.817+0000","{defaultclientid=iot-device-02, thingname=iot-device-02, thingid=4ae4927a-aefb-4584-a45a-fc4839feffd6, thingarn=arn:aws:iot:us-east-1:507441099951:thing/iot-device-02, thingtypename=null, attributes={installed=1593361211, latitude=32.8205865, longitude=-96.871627}, version=1, billinggroupname=null}","2020-11-26 00:00:00.000"
"iot-device-03","1.5946375901889286E9","52.2","71.06","false","false","0.0078","0.0051","0.0208","2020-11-26T17:20:01.101+0000","{defaultclientid=iot-device-03, thingname=iot-device-03, thingid=877352b9-a35d-45d3-9c98-162d89965a13, thingarn=arn:aws:iot:us-east-1:507441099951:thing/iot-device-03, thingtypename=null, attributes={installed=1592562234, latitude=37.4133144, longitude=-122.1513069}, version=1, billinggroupname=null}","2020-11-26 00:00:00.000"
"iot-device-03","1.5946375938765259E9","52.2","71.06","false","false","0.0078","0.0051","0.0208","2020-11-26T17:20:01.390+0000","{defaultclientid=iot-device-03, thingname=iot-device-03, thingid=877352b9-a35d-45d3-9c98-162d89965a13, thingarn=arn:aws:iot:us-east-1:507441099951:thing/iot-device-03, thingtypename=null, attributes={installed=1592562234, latitude=37.4133144, longitude=-122.1513069}, version=1, billinggroupname=null}","2020-11-26 00:00:00.000"
"iot-device-01","1.5946375940236225E9","75.6","67.46","false","false","0.0062","0.0037","0.0164","2020-11-26T17:20:01.685+0000","{defaultclientid=iot-device-01, thingname=iot-device-01, thingid=983c2b68-f9a3-4e83-b3c6-9f6f8ad5431b, thingarn=arn:aws:iot:us-east-1:507441099951:thing/iot-device-01, thingtypename=null, attributes={installed=1594665292, latitude=37.4133144, longitude=-122.1513069}, version=1, billinggroupname=null}","2020-11-26 00:00:00.000"
"iot-device-02","1.594637595730344E9","59.7","74.48","true","false","0.0071","0.0045","0.0189","2020-11-26T17:20:01.981+0000","{defaultclientid=iot-device-02, thingname=iot-device-02, thingid=4ae4927a-aefb-4584-a45a-fc4839feffd6, thingarn=arn:aws:iot:us-east-1:507441099951:thing/iot-device-02, thingtypename=null, attributes={installed=1593361211, latitude=32.8205865, longitude=-96.871627}, version=1, billinggroupname=null}","2020-11-26 00:00:00.000"
"iot-device-03","1.5946375975641122E9","52.2","71.06","false","false","0.0078","0.0051","0.0208","2020-11-26T17:20:02.269+0000","{defaultclientid=iot-device-03, thingname=iot-device-03, thingid=877352b9-a35d-45d3-9c98-162d89965a13, thingarn=arn:aws:iot:us-east-1:507441099951:thing/iot-device-03, thingtypename=null, attributes={installed=1592562234, latitude=37.4133144, longitude=-122.1513069}, version=1, billinggroupname=null}","2020-11-26 00:00:00.000"
"iot-device-03","1.5946376012516928E9","52.1","70.88","false","false","0.0078","0.0051","0.0209","2020-11-26T17:20:02.570+0000","{defaultclientid=iot-device-03, thingname=iot-device-03, thingid=877352b9-a35d-45d3-9c98-162d89965a13, thingarn=arn:aws:iot:us-east-1:507441099951:thing/iot-device-03, thingtypename=null, attributes={installed=1592562234, latitude=37.4133144, longitude=-122.1513069}, version=1, billinggroupname=null}","2020-11-26 00:00:00.000"
"iot-device-02","1.5946376022095351E9","59.7","74.48","true","false","0.0071","0.0045","0.0189","2020-11-26T17:20:02.861+0000","{defaultclientid=iot-device-02, thingname=iot-device-02, thingid=4ae4927a-aefb-4584-a45a-fc4839feffd6, thingarn=arn:aws:iot:us-east-1:507441099951:thing/iot-device-02, thingtypename=null, attributes={installed=1593361211, latitude=32.8205865, longitude=-96.871627}, version=1, billinggroupname=null}","2020-11-26 00:00:00.000"
"iot-device-03","1.5946398645167658E9","52.2","70.88","false","false","0.0078","0.0051","0.0209","2020-11-26T17:20:29.914+0000","{defaultclientid=iot-device-03, thingname=iot-device-03, thingid=877352b9-a35d-45d3-9c98-162d89965a13, thingarn=arn:aws:iot:us-east-1:507441099951:thing/iot-device-03, thingtypename=null, attributes={installed=1592562234, latitude=37.4133144, longitude=-122.1513069}, version=1, billinggroupname=null}","2020-11-26 00:00:00.000"
"iot-device-03","1.5946398460882206E9","52.2","70.88","false","false","0.0078","0.0051","0.0209","2020-11-26T17:20:26.960+0000","{defaultclientid=iot-device-03, thingname=iot-device-03, thingid=877352b9-a35d-45d3-9c98-162d89965a13, thingarn=arn:aws:iot:us-east-1:507441099951:thing/iot-device-03, thingtypename=null, attributes={installed=1592562234, latitude=37.4133144, longitude=-122.1513069}, version=1, billinggroupname=null}","2020-11-26 00:00:00.000"
"iot-device-03","1.5946398497746315E9","52.2","70.88","false","false","0.0078","0.0051","0.0208","2020-11-26T17:20:27.248+0000","{defaultclientid=iot-device-03, thingname=iot-device-03, thingid=877352b9-a35d-45d3-9c98-162d89965a13, thingarn=arn:aws:iot:us-east-1:507441099951:thing/iot-device-03, thingtypename=null, attributes={installed=1592562234, latitude=37.4133144, longitude=-122.1513069}, version=1, billinggroupname=null}","2020-11-26 00:00:00.000"
"iot-device-02","1.5946398503922858E9","59.8","74.3","true","false","0.0073","0.0046","0.0194","2020-11-26T17:20:27.541+0000","{defaultclientid=iot-device-02, thingname=iot-device-02, thingid=4ae4927a-aefb-4584-a45a-fc4839feffd6, thingarn=arn:aws:iot:us-east-1:507441099951:thing/iot-device-02, thingtypename=null, attributes={installed=1593361211, latitude=32.8205865, longitude=-96.871627}, version=1, billinggroupname=null}","2020-11-26 00:00:00.000"
"iot-device-01","1.5946398518905234E9","76.2","67.46","false","false","0.0062","0.0037","0.0164","2020-11-26T17:20:27.828+0000","{defaultclientid=iot-device-01, thingname=iot-device-01, thingid=983c2b68-f9a3-4e83-b3c6-9f6f8ad5431b, thingarn=arn:aws:iot:us-east-1:507441099951:thing/iot-device-01, thingtypename=null, attributes={installed=1594665292, latitude=37.4133144, longitude=-122.1513069}, version=1, billinggroupname=null}","2020-11-26 00:00:00.000"
"iot-device-03","1.5946398534611952E9","52.2","70.88","false","false","0.0078","0.0051","0.0208","2020-11-26T17:20:28.129+0000","{defaultclientid=iot-device-03, thingname=iot-device-03, thingid=877352b9-a35d-45d3-9c98-162d89965a13, thingarn=arn:aws:iot:us-east-1:507441099951:thing/iot-device-03, thingtypename=null, attributes={installed=1592562234, latitude=37.4133144, longitude=-122.1513069}, version=1, billinggroupname=null}","2020-11-26 00:00:00.000"
"iot-device-03","1.594639857145304E9","52.2","70.88","false","false","0.0078","0.0051","0.0209","2020-11-26T17:20:28.429+0000","{defaultclientid=iot-device-03, thingname=iot-device-03, thingid=877352b9-a35d-45d3-9c98-162d89965a13, thingarn=arn:aws:iot:us-east-1:507441099951:thing/iot-device-03, thingtypename=null, attributes={installed=1592562234, latitude=37.4133144, longitude=-122.1513069}, version=1, billinggroupname=null}","2020-11-26 00:00:00.000"
"iot-device-02","1.594639857421141E9","59.9","74.48","true","false","0.0073","0.0046","0.0194","2020-11-26T17:20:28.725+0000","{defaultclientid=iot-device-02, thingname=iot-device-02, thingid=4ae4927a-aefb-4584-a45a-fc4839feffd6, thingarn=arn:aws:iot:us-east-1:507441099951:thing/iot-device-02, thingtypename=null, attributes={installed=1593361211, latitude=32.8205865, longitude=-96.871627}, version=1, billinggroupname=null}","2020-11-26 00:00:00.000"
"iot-device-01","1.5946398583973932E9","76.2","67.28","false","false","0.0062","0.0037","0.0164","2020-11-26T17:20:29.020+0000","{defaultclientid=iot-device-01, thingname=iot-device-01, thingid=983c2b68-f9a3-4e83-b3c6-9f6f8ad5431b, thingarn=arn:aws:iot:us-east-1:507441099951:thing/iot-device-01, thingtypename=null, attributes={installed=1594665292, latitude=37.4133144, longitude=-122.1513069}, version=1, billinggroupname=null}","2020-11-26 00:00:00.000"
"iot-device-03","1.594639860829594E9","52.2","70.88","false","false","0.0078","0.0051","0.0209","2020-11-26T17:20:29.324+0000","{defaultclientid=iot-device-03, thingname=iot-device-03, thingid=877352b9-a35d-45d3-9c98-162d89965a13, thingarn=arn:aws:iot:us-east-1:507441099951:thing/iot-device-03, thingtypename=null, attributes={installed=1592562234, latitude=37.4133144, longitude=-122.1513069}, version=1, billinggroupname=null}","2020-11-26 00:00:00.000"
"iot-device-01","1.5946398632870178E9","76.2","67.28","false","false","0.0062","0.0037","0.0164","2020-11-26T17:20:29.609+0000","{defaultclientid=iot-device-01, thingname=iot-device-01, thingid=983c2b68-f9a3-4e83-b3c6-9f6f8ad5431b, thingarn=arn:aws:iot:us-east-1:507441099951:thing/iot-device-01, thingtypename=null, attributes={installed=1594665292, latitude=37.4133144, longitude=-122.1513069}, version=1, billinggroupname=null}","2020-11-26 00:00:00.000"
"iot-device-01","1.594637636388813E9","75.2","67.46","false","false","0.0062","0.0037","0.0164","2020-11-26T17:20:09.040+0000","{defaultclientid=iot-device-01, thingname=iot-device-01, thingid=983c2b68-f9a3-4e83-b3c6-9f6f8ad5431b, thingarn=arn:aws:iot:us-east-1:507441099951:thing/iot-device-01, thingtypename=null, attributes={installed=1594665292, latitude=37.4133144, longitude=-122.1513069}, version=1, billinggroupname=null}","2020-11-26 00:00:00.000"
"iot-device-03","1.5946376381291466E9","51.7","71.06","false","false","0.0078","0.0051","0.0209","2020-11-26T17:20:09.345+0000","{defaultclientid=iot-device-03, thingname=iot-device-03, thingid=877352b9-a35d-45d3-9c98-162d89965a13, thingarn=arn:aws:iot:us-east-1:507441099951:thing/iot-device-03, thingtypename=null, attributes={installed=1592562234, latitude=37.4133144, longitude=-122.1513069}, version=1, billinggroupname=null}","2020-11-26 00:00:00.000"
"iot-device-01","1.594637640744056E9","75.3","67.46","false","false","0.0062","0.0037","0.0164","2020-11-26T17:20:09.641+0000","{defaultclientid=iot-device-01, thingname=iot-device-01, thingid=983c2b68-f9a3-4e83-b3c6-9f6f8ad5431b, thingarn=arn:aws:iot:us-east-1:507441099951:thing/iot-device-01, thingtypename=null, attributes={installed=1594665292, latitude=37.4133144, longitude=-122.1513069}, version=1, billinggroupname=null}","2020-11-26 00:00:00.000"
"iot-device-03","1.5946376418141403E9","51.7","70.88","false","false","0.0078","0.0051","0.0209","2020-11-26T17:20:09.937+0000","{defaultclientid=iot-device-03, thingname=iot-device-03, thingid=877352b9-a35d-45d3-9c98-162d89965a13, thingarn=arn:aws:iot:us-east-1:507441099951:thing/iot-device-03, thingtypename=null, attributes={installed=1592562234, latitude=37.4133144, longitude=-122.1513069}, version=1, billinggroupname=null}","2020-11-26 00:00:00.000"
"iot-device-03","1.5946376455003345E9","51.6","70.88","false","false","0.0078","0.0051","0.0208","2020-11-26T17:20:10.230+0000","{defaultclientid=iot-device-03, thingname=iot-device-03, thingid=877352b9-a35d-45d3-9c98-162d89965a13, thingarn=arn:aws:iot:us-east-1:507441099951:thing/iot-device-03, thingtypename=null, attributes={installed=1592562234, latitude=37.4133144, longitude=-122.1513069}, version=1, billinggroupname=null}","2020-11-26 00:00:00.000"
"iot-device-01","1.5946376477802625E9","75.2","67.46","false","false","0.0062","0.0037","0.0164","2020-11-26T17:20:10.619+0000","{defaultclientid=iot-device-01, thingname=iot-device-01, thingid=983c2b68-f9a3-4e83-b3c6-9f6f8ad5431b, thingarn=arn:aws:iot:us-east-1:507441099951:thing/iot-device-01, thingtypename=null, attributes={installed=1594665292, latitude=37.4133144, longitude=-122.1513069}, version=1, billinggroupname=null}","2020-11-26 00:00:00.000"
"iot-device-02","1.5946376488239202E9","59.6","74.48","true","false","0.0072","0.0045","0.019","2020-11-26T17:20:10.940+0000","{defaultclientid=iot-device-02, thingname=iot-device-02, thingid=4ae4927a-aefb-4584-a45a-fc4839feffd6, thingarn=arn:aws:iot:us-east-1:507441099951:thing/iot-device-02, thingtypename=null, attributes={installed=1593361211, latitude=32.8205865, longitude=-96.871627}, version=1, billinggroupname=null}","2020-11-26 00:00:00.000"
"iot-device-03","1.5946376491864374E9","51.6","70.88","false","false","0.0078","0.0051","0.0208","2020-11-26T17:20:11.227+0000","{defaultclientid=iot-device-03, thingname=iot-device-03, thingid=877352b9-a35d-45d3-9c98-162d89965a13, thingarn=arn:aws:iot:us-east-1:507441099951:thing/iot-device-03, thingtypename=null, attributes={installed=1592562234, latitude=37.4133144, longitude=-122.1513069}, version=1, billinggroupname=null}","2020-11-26 00:00:00.000"
"iot-device-02","1.594637652631929E9","59.6","74.48","true","false","0.0072","0.0046","0.0191","2020-11-26T17:20:11.530+0000","{defaultclientid=iot-device-02, thingname=iot-device-02, thingid=4ae4927a-aefb-4584-a45a-fc4839feffd6, thingarn=arn:aws:iot:us-east-1:507441099951:thing/iot-device-02, thingtypename=null, attributes={installed=1593361211, latitude=32.8205865, longitude=-96.871627}, version=1, billinggroupname=null}","2020-11-26 00:00:00.000"
"iot-device-03","1.5946376528724122E9","51.6","70.88","false","false","0.0078","0.0051","0.0209","2020-11-26T17:20:11.820+0000","{defaultclientid=iot-device-03, thingname=iot-device-03, thingid=877352b9-a35d-45d3-9c98-162d89965a13, thingarn=arn:aws:iot:us-east-1:507441099951:thing/iot-device-03, thingtypename=null, attributes={installed=1592562234, latitude=37.4133144, longitude=-122.1513069}, version=1, billinggroupname=null}","2020-11-26 00:00:00.000"
"iot-device-02","1.5946398319516547E9","59.8","74.48","true","false","0.0073","0.0046","0.0194","2020-11-26T17:20:24.025+0000","{defaultclientid=iot-device-02, thingname=iot-device-02, thingid=4ae4927a-aefb-4584-a45a-fc4839feffd6, thingarn=arn:aws:iot:us-east-1:507441099951:thing/iot-device-02, thingtypename=null, attributes={installed=1593361211, latitude=32.8205865, longitude=-96.871627}, version=1, billinggroupname=null}","2020-11-26 00:00:00.000"
"iot-device-03","1.5946398350247948E9","52.2","70.88","false","false","0.0078","0.0051","0.0209","2020-11-26T17:20:24.318+0000","{defaultclientid=iot-device-03, thingname=iot-device-03, thingid=877352b9-a35d-45d3-9c98-162d89965a13, thingarn=arn:aws:iot:us-east-1:507441099951:thing/iot-device-03, thingtypename=null, attributes={installed=1592562234, latitude=37.4133144, longitude=-122.1513069}, version=1, billinggroupname=null}","2020-11-26 00:00:00.000"
"iot-device-02","1.5946398357601311E9","59.8","74.48","true","false","0.0073","0.0046","0.0193","2020-11-26T17:20:24.609+0000","{defaultclientid=iot-device-02, thingname=iot-device-02, thingid=4ae4927a-aefb-4584-a45a-fc4839feffd6, thingarn=arn:aws:iot:us-east-1:507441099951:thing/iot-device-02, thingtypename=null, attributes={installed=1593361211, latitude=32.8205865, longitude=-96.871627}, version=1, billinggroupname=null}","2020-11-26 00:00:00.000"
"iot-device-01","1.5946398361512654E9","76.2","67.28","false","false","0.0062","0.0037","0.0164","2020-11-26T17:20:24.910+0000","{defaultclientid=iot-device-01, thingname=iot-device-01, thingid=983c2b68-f9a3-4e83-b3c6-9f6f8ad5431b, thingarn=arn:aws:iot:us-east-1:507441099951:thing/iot-device-01, thingtypename=null, attributes={installed=1594665292, latitude=37.4133144, longitude=-122.1513069}, version=1, billinggroupname=null}","2020-11-26 00:00:00.000"
"iot-device-03","1.594639838712386E9","52.2","70.88","false","false","0.0078","0.0051","0.0208","2020-11-26T17:20:25.204+0000","{defaultclientid=iot-device-03, thingname=iot-device-03, thingid=877352b9-a35d-45d3-9c98-162d89965a13, thingarn=arn:aws:iot:us-east-1:507441099951:thing/iot-device-03, thingtypename=null, attributes={installed=1592562234, latitude=37.4133144, longitude=-122.1513069}, version=1, billinggroupname=null}","2020-11-26 00:00:00.000"
"iot-device-02","1.5946398395701818E9","59.8","74.48","true","false","0.0072","0.0046","0.0192","2020-11-26T17:20:25.501+0000","{defaultclientid=iot-device-02, thingname=iot-device-02, thingid=4ae4927a-aefb-4584-a45a-fc4839feffd6, thingarn=arn:aws:iot:us-east-1:507441099951:thing/iot-device-02, thingtypename=null, attributes={installed=1593361211, latitude=32.8205865, longitude=-96.871627}, version=1, billinggroupname=null}","2020-11-26 00:00:00.000"
"iot-device-01","1.59463984103857E9","76.2","67.46","false","false","0.0062","0.0037","0.0163","2020-11-26T17:20:25.790+0000","{defaultclientid=iot-device-01, thingname=iot-device-01, thingid=983c2b68-f9a3-4e83-b3c6-9f6f8ad5431b, thingarn=arn:aws:iot:us-east-1:507441099951:thing/iot-device-01, thingtypename=null, attributes={installed=1594665292, latitude=37.4133144, longitude=-122.1513069}, version=1, billinggroupname=null}","2020-11-26 00:00:00.000"
"iot-device-03","1.5946398424005435E9","52.2","70.88","false","false","0.0078","0.0051","0.0208","2020-11-26T17:20:26.079+0000","{defaultclientid=iot-device-03, thingname=iot-device-03, thingid=877352b9-a35d-45d3-9c98-162d89965a13, thingarn=arn:aws:iot:us-east-1:507441099951:thing/iot-device-03, thingtypename=null, attributes={installed=1592562234, latitude=37.4133144, longitude=-122.1513069}, version=1, billinggroupname=null}","2020-11-26 00:00:00.000"
"iot-device-02","1.594639844446259E9","59.8","74.48","true","false","0.0073","0.0046","0.0194","2020-11-26T17:20:26.369+0000","{defaultclientid=iot-device-02, thingname=iot-device-02, thingid=4ae4927a-aefb-4584-a45a-fc4839feffd6, thingarn=arn:aws:iot:us-east-1:507441099951:thing/iot-device-02, thingtypename=null, attributes={installed=1593361211, latitude=32.8205865, longitude=-96.871627}, version=1, billinggroupname=null}","2020-11-26 00:00:00.000"
"iot-device-01","1.5946398459285712E9","76.2","67.46","false","false","0.0062","0.0037","0.0163","2020-11-26T17:20:26.670+0000","{defaultclientid=iot-device-01, thingname=iot-device-01, thingid=983c2b68-f9a3-4e83-b3c6-9f6f8ad5431b, thingarn=arn:aws:iot:us-east-1:507441099951:thing/iot-device-01, thingtypename=null, attributes={installed=1594665292, latitude=37.4133144, longitude=-122.1513069}, version=1, billinggroupname=null}","2020-11-26 00:00:00.000"
"iot-device-03","1.5946018761895235E9","51.2","72.14","false","false","0.0081","0.0054","0.0217","2020-11-26T16:55:39.743+0000","{defaultclientid=iot-device-03, thingname=iot-device-03, thingid=877352b9-a35d-45d3-9c98-162d89965a13, thingarn=arn:aws:iot:us-east-1:507441099951:thing/iot-device-03, thingtypename=null, attributes={installed=1592562234, latitude=37.4133144, longitude=-122.1513069}, version=1, billinggroupname=null}","2020-11-26 00:00:00.000"
"iot-device-02","1.5946018773441222E9","59.9","79.34","true","false","0.0073","0.0046","0.0194","2020-11-26T16:55:40.063+0000","{defaultclientid=iot-device-02, thingname=iot-device-02, thingid=4ae4927a-aefb-4584-a45a-fc4839feffd6, thingarn=arn:aws:iot:us-east-1:507441099951:thing/iot-device-02, thingtypename=null, attributes={installed=1593361211, latitude=32.8205865, longitude=-96.871627}, version=1, billinggroupname=null}","2020-11-26 00:00:00.000"
"iot-device-01","1.594601879108263E9","74.4","66.2","false","false","0.0114","0.0086","0.0312","2020-11-26T16:55:40.382+0000","{defaultclientid=iot-device-01, thingname=iot-device-01, thingid=983c2b68-f9a3-4e83-b3c6-9f6f8ad5431b, thingarn=arn:aws:iot:us-east-1:507441099951:thing/iot-device-01, thingtypename=null, attributes={installed=1594665292, latitude=37.4133144, longitude=-122.1513069}, version=1, billinggroupname=null}","2020-11-26 00:00:00.000"
"iot-device-03","1.594601879875597E9","51.3","72.32","false","false","0.0081","0.0054","0.0217","2020-11-26T16:55:40.703+0000","{defaultclientid=iot-device-03, thingname=iot-device-03, thingid=877352b9-a35d-45d3-9c98-162d89965a13, thingarn=arn:aws:iot:us-east-1:507441099951:thing/iot-device-03, thingtypename=null, attributes={installed=1592562234, latitude=37.4133144, longitude=-122.1513069}, version=1, billinggroupname=null}","2020-11-26 00:00:00.000"
"iot-device-03","1.594601883557364E9","51.2","72.14","false","false","0.0081","0.0054","0.0217","2020-11-26T16:55:41.023+0000","{defaultclientid=iot-device-03, thingname=iot-device-03, thingid=877352b9-a35d-45d3-9c98-162d89965a13, thingarn=arn:aws:iot:us-east-1:507441099951:thing/iot-device-03, thingtypename=null, attributes={installed=1592562234, latitude=37.4133144, longitude=-122.1513069}, version=1, billinggroupname=null}","2020-11-26 00:00:00.000"
"iot-device-02","1.5946018844057784E9","60.0","79.34","true","false","0.0073","0.0046","0.0194","2020-11-26T16:55:41.352+0000","{defaultclientid=iot-device-02, thingname=iot-device-02, thingid=4ae4927a-aefb-4584-a45a-fc4839feffd6, thingarn=arn:aws:iot:us-east-1:507441099951:thing/iot-device-02, thingtypename=null, attributes={installed=1593361211, latitude=32.8205865, longitude=-96.871627}, version=1, billinggroupname=null}","2020-11-26 00:00:00.000"
"iot-device-03","1.5946018872380795E9","51.2","72.32","false","false","0.0081","0.0054","0.0218","2020-11-26T16:55:41.684+0000","{defaultclientid=iot-device-03, thingname=iot-device-03, thingid=877352b9-a35d-45d3-9c98-162d89965a13, thingarn=arn:aws:iot:us-east-1:507441099951:thing/iot-device-03, thingtypename=null, attributes={installed=1592562234, latitude=37.4133144, longitude=-122.1513069}, version=1, billinggroupname=null}","2020-11-26 00:00:00.000"
"iot-device-01","1.5946018883001387E9","74.4","66.38","false","false","0.0114","0.0086","0.0312","2020-11-26T16:55:41.999+0000","{defaultclientid=iot-device-01, thingname=iot-device-01, thingid=983c2b68-f9a3-4e83-b3c6-9f6f8ad5431b, thingarn=arn:aws:iot:us-east-1:507441099951:thing/iot-device-01, thingtypename=null, attributes={installed=1594665292, latitude=37.4133144, longitude=-122.1513069}, version=1, billinggroupname=null}","2020-11-26 00:00:00.000"
"iot-device-02","1.5946018903562515E9","59.8","79.34","true","false","0.0073","0.0046","0.0194","2020-11-26T16:55:42.339+0000","{defaultclientid=iot-device-02, thingname=iot-device-02, thingid=4ae4927a-aefb-4584-a45a-fc4839feffd6, thingarn=arn:aws:iot:us-east-1:507441099951:thing/iot-device-02, thingtypename=null, attributes={installed=1593361211, latitude=32.8205865, longitude=-96.871627}, version=1, billinggroupname=null}","2020-11-26 00:00:00.000"
"iot-device-03","1.5946018909214056E9","51.2","72.32","false","false","0.0081","0.0054","0.0217","2020-11-26T16:55:42.653+0000","{defaultclientid=iot-device-03, thingname=iot-device-03, thingid=877352b9-a35d-45d3-9c98-162d89965a13, thingarn=arn:aws:iot:us-east-1:507441099951:thing/iot-device-03, thingtypename=null, attributes={installed=1592562234, latitude=37.4133144, longitude=-122.1513069}, version=1, billinggroupname=null}","2020-11-26 00:00:00.000"
"iot-device-01","1.5946019398685884E9","74.4","66.2","false","false","0.0114","0.0086","0.0312","2020-11-26T16:55:52.782+0000","{defaultclientid=iot-device-01, thingname=iot-device-01, thingid=983c2b68-f9a3-4e83-b3c6-9f6f8ad5431b, thingarn=arn:aws:iot:us-east-1:507441099951:thing/iot-device-01, thingtypename=null, attributes={installed=1594665292, latitude=37.4133144, longitude=-122.1513069}, version=1, billinggroupname=null}","2020-11-26 00:00:00.000"
"iot-device-02","1.5946019412834013E9","60.0","79.34","true","false","0.0073","0.0046","0.0194","2020-11-26T16:55:53.098+0000","{defaultclientid=iot-device-02, thingname=iot-device-02, thingid=4ae4927a-aefb-4584-a45a-fc4839feffd6, thingarn=arn:aws:iot:us-east-1:507441099951:thing/iot-device-02, thingtypename=null, attributes={installed=1593361211, latitude=32.8205865, longitude=-96.871627}, version=1, billinggroupname=null}","2020-11-26 00:00:00.000"
"iot-device-03","1.5946019424274108E9","51.2","72.32","false","false","0.0081","0.0054","0.0217","2020-11-26T16:55:53.424+0000","{defaultclientid=iot-device-03, thingname=iot-device-03, thingid=877352b9-a35d-45d3-9c98-162d89965a13, thingarn=arn:aws:iot:us-east-1:507441099951:thing/iot-device-03, thingtypename=null, attributes={installed=1592562234, latitude=37.4133144, longitude=-122.1513069}, version=1, billinggroupname=null}","2020-11-26 00:00:00.000"
"iot-device-03","1.594601946111638E9","51.2","72.32","false","false","0.0081","0.0054","0.0217","2020-11-26T16:55:53.753+0000","{defaultclientid=iot-device-03, thingname=iot-device-03, thingid=877352b9-a35d-45d3-9c98-162d89965a13, thingarn=arn:aws:iot:us-east-1:507441099951:thing/iot-device-03, thingtypename=null, attributes={installed=1592562234, latitude=37.4133144, longitude=-122.1513069}, version=1, billinggroupname=null}","2020-11-26 00:00:00.000"
"iot-device-02","1.5946019461835525E9","60.0","79.34","true","false","0.0073","0.0046","0.0194","2020-11-26T16:55:54.082+0000","{defaultclientid=iot-device-02, thingname=iot-device-02, thingid=4ae4927a-aefb-4584-a45a-fc4839feffd6, thingarn=arn:aws:iot:us-east-1:507441099951:thing/iot-device-02, thingtypename=null, attributes={installed=1593361211, latitude=32.8205865, longitude=-96.871627}, version=1, billinggroupname=null}","2020-11-26 00:00:00.000"
"iot-device-01","1.594601947467774E9","74.4","66.38","false","false","0.0114","0.0086","0.0312","2020-11-26T16:55:54.413+0000","{defaultclientid=iot-device-01, thingname=iot-device-01, thingid=983c2b68-f9a3-4e83-b3c6-9f6f8ad5431b, thingarn=arn:aws:iot:us-east-1:507441099951:thing/iot-device-01, thingtypename=null, attributes={installed=1594665292, latitude=37.4133144, longitude=-122.1513069}, version=1, billinggroupname=null}","2020-11-26 00:00:00.000"
"iot-device-03","1.594601949796215E9","51.2","72.32","false","false","0.0081","0.0054","0.0217","2020-11-26T16:55:54.730+0000","{defaultclientid=iot-device-03, thingname=iot-device-03, thingid=877352b9-a35d-45d3-9c98-162d89965a13, thingarn=arn:aws:iot:us-east-1:507441099951:thing/iot-device-03, thingtypename=null, attributes={installed=1592562234, latitude=37.4133144, longitude=-122.1513069}, version=1, billinggroupname=null}","2020-11-26 00:00:00.000"
"iot-device-01","1.5946019524097435E9","74.4","66.2","false","false","0.0114","0.0086","0.0311","2020-11-26T16:55:55.040+0000","{defaultclientid=iot-device-01, thingname=iot-device-01, thingid=983c2b68-f9a3-4e83-b3c6-9f6f8ad5431b, thingarn=arn:aws:iot:us-east-1:507441099951:thing/iot-device-01, thingtypename=null, attributes={installed=1594665292, latitude=37.4133144, longitude=-122.1513069}, version=1, billinggroupname=null}","2020-11-26 00:00:00.000"
"iot-device-02","1.594601953213247E9","60.3","79.16","true","false","0.0073","0.0046","0.0194","2020-11-26T16:55:55.354+0000","{defaultclientid=iot-device-02, thingname=iot-device-02, thingid=4ae4927a-aefb-4584-a45a-fc4839feffd6, thingarn=arn:aws:iot:us-east-1:507441099951:thing/iot-device-02, thingtypename=null, attributes={installed=1593361211, latitude=32.8205865, longitude=-96.871627}, version=1, billinggroupname=null}","2020-11-26 00:00:00.000"
"iot-device-03","1.5946019534829051E9","51.2","72.32","false","false","0.0081","0.0053","0.0216","2020-11-26T16:55:55.661+0000","{defaultclientid=iot-device-03, thingname=iot-device-03, thingid=877352b9-a35d-45d3-9c98-162d89965a13, thingarn=arn:aws:iot:us-east-1:507441099951:thing/iot-device-03, thingtypename=null, attributes={installed=1592562234, latitude=37.4133144, longitude=-122.1513069}, version=1, billinggroupname=null}","2020-11-26 00:00:00.000"
"iot-device-03","1.5946019755989976E9","51.0","72.32","false","false","0.0081","0.0054","0.0217","2020-11-26T16:55:59.171+0000","{defaultclientid=iot-device-03, thingname=iot-device-03, thingid=877352b9-a35d-45d3-9c98-162d89965a13, thingarn=arn:aws:iot:us-east-1:507441099951:thing/iot-device-03, thingtypename=null, attributes={installed=1592562234, latitude=37.4133144, longitude=-122.1513069}, version=1, billinggroupname=null}","2020-11-26 00:00:00.000"
"iot-device-02","1.5946019759446108E9","60.4","79.34","true","false","0.0073","0.0046","0.0194","2020-11-26T16:55:59.482+0000","{defaultclientid=iot-device-02, thingname=iot-device-02, thingid=4ae4927a-aefb-4584-a45a-fc4839feffd6, thingarn=arn:aws:iot:us-east-1:507441099951:thing/iot-device-02, thingtypename=null, attributes={installed=1593361211, latitude=32.8205865, longitude=-96.871627}, version=1, billinggroupname=null}","2020-11-26 00:00:00.000"
"iot-device-03","1.5946019792850018E9","51.0","72.32","false","false","0.0081","0.0054","0.0217","2020-11-26T16:55:59.806+0000","{defaultclientid=iot-device-03, thingname=iot-device-03, thingid=877352b9-a35d-45d3-9c98-162d89965a13, thingarn=arn:aws:iot:us-east-1:507441099951:thing/iot-device-03, thingtypename=null, attributes={installed=1592562234, latitude=37.4133144, longitude=-122.1513069}, version=1, billinggroupname=null}","2020-11-26 00:00:00.000"
"iot-device-03","1.5946019571700506E9","51.2","72.32","false","false","0.0081","0.0054","0.0218","2020-11-26T16:55:55.983+0000","{defaultclientid=iot-device-03, thingname=iot-device-03, thingid=877352b9-a35d-45d3-9c98-162d89965a13, thingarn=arn:aws:iot:us-east-1:507441099951:thing/iot-device-03, thingtypename=null, attributes={installed=1592562234, latitude=37.4133144, longitude=-122.1513069}, version=1, billinggroupname=null}","2020-11-26 00:00:00.000"
"iot-device-02","1.5946019586289008E9","60.0","79.16","true","false","0.0073","0.0046","0.0194","2020-11-26T16:55:56.303+0000","{defaultclientid=iot-device-02, thingname=iot-device-02, thingid=4ae4927a-aefb-4584-a45a-fc4839feffd6, thingarn=arn:aws:iot:us-east-1:507441099951:thing/iot-device-02, thingtypename=null, attributes={installed=1593361211, latitude=32.8205865, longitude=-96.871627}, version=1, billinggroupname=null}","2020-11-26 00:00:00.000"
"iot-device-01","1.5946019594514122E9","74.4","66.2","false","false","0.0114","0.0086","0.0312","2020-11-26T16:55:56.630+0000","{defaultclientid=iot-device-01, thingname=iot-device-01, thingid=983c2b68-f9a3-4e83-b3c6-9f6f8ad5431b, thingarn=arn:aws:iot:us-east-1:507441099951:thing/iot-device-01, thingtypename=null, attributes={installed=1594665292, latitude=37.4133144, longitude=-122.1513069}, version=1, billinggroupname=null}","2020-11-26 00:00:00.000"
"iot-device-03","1.5946019608558972E9","51.2","72.32","false","false","0.0081","0.0054","0.0217","2020-11-26T16:55:56.951+0000","{defaultclientid=iot-device-03, thingname=iot-device-03, thingid=877352b9-a35d-45d3-9c98-162d89965a13, thingarn=arn:aws:iot:us-east-1:507441099951:thing/iot-device-03, thingtypename=null, attributes={installed=1592562234, latitude=37.4133144, longitude=-122.1513069}, version=1, billinggroupname=null}","2020-11-26 00:00:00.000"
"iot-device-02","1.5946019624374473E9","60.1","79.34","true","false","0.0073","0.0046","0.0194","2020-11-26T16:55:57.273+0000","{defaultclientid=iot-device-02, thingname=iot-device-02, thingid=4ae4927a-aefb-4584-a45a-fc4839feffd6, thingarn=arn:aws:iot:us-east-1:507441099951:thing/iot-device-02, thingtypename=null, attributes={installed=1593361211, latitude=32.8205865, longitude=-96.871627}, version=1, billinggroupname=null}","2020-11-26 00:00:00.000"
"iot-device-03","1.5946019645418391E9","51.1","72.32","false","false","0.0081","0.0053","0.0216","2020-11-26T16:55:57.589+0000","{defaultclientid=iot-device-03, thingname=iot-device-03, thingid=877352b9-a35d-45d3-9c98-162d89965a13, thingarn=arn:aws:iot:us-east-1:507441099951:thing/iot-device-03, thingtypename=null, attributes={installed=1592562234, latitude=37.4133144, longitude=-122.1513069}, version=1, billinggroupname=null}","2020-11-26 00:00:00.000"
"iot-device-02","1.5946019678588035E9","60.2","79.34","true","false","0.0073","0.0046","0.0194","2020-11-26T16:55:57.903+0000","{defaultclientid=iot-device-02, thingname=iot-device-02, thingid=4ae4927a-aefb-4584-a45a-fc4839feffd6, thingarn=arn:aws:iot:us-east-1:507441099951:thing/iot-device-02, thingtypename=null, attributes={installed=1593361211, latitude=32.8205865, longitude=-96.871627}, version=1, billinggroupname=null}","2020-11-26 00:00:00.000"
"iot-device-03","1.594601968226861E9","51.1","72.32","false","false","0.0081","0.0054","0.0217","2020-11-26T16:55:58.222+0000","{defaultclientid=iot-device-03, thingname=iot-device-03, thingid=877352b9-a35d-45d3-9c98-162d89965a13, thingarn=arn:aws:iot:us-east-1:507441099951:thing/iot-device-03, thingtypename=null, attributes={installed=1592562234, latitude=37.4133144, longitude=-122.1513069}, version=1, billinggroupname=null}","2020-11-26 00:00:00.000"
"iot-device-03","1.5946019719130707E9","51.1","72.32","false","false","0.0081","0.0054","0.0218","2020-11-26T16:55:58.544+0000","{defaultclientid=iot-device-03, thingname=iot-device-03, thingid=877352b9-a35d-45d3-9c98-162d89965a13, thingarn=arn:aws:iot:us-east-1:507441099951:thing/iot-device-03, thingtypename=null, attributes={installed=1592562234, latitude=37.4133144, longitude=-122.1513069}, version=1, billinggroupname=null}","2020-11-26 00:00:00.000"
"iot-device-01","1.59460197481503E9","74.3","66.38","false","false","0.0114","0.0086","0.0312","2020-11-26T16:55:58.864+0000","{defaultclientid=iot-device-01, thingname=iot-device-01, thingid=983c2b68-f9a3-4e83-b3c6-9f6f8ad5431b, thingarn=arn:aws:iot:us-east-1:507441099951:thing/iot-device-01, thingtypename=null, attributes={installed=1594665292, latitude=37.4133144, longitude=-122.1513069}, version=1, billinggroupname=null}","2020-11-26 00:00:00.000"
"iot-device-02","1.594601841126806E9","59.8","79.52","true","false","0.0072","0.0046","0.0192","2020-11-26T16:55:33.404+0000","{defaultclientid=iot-device-02, thingname=iot-device-02, thingid=4ae4927a-aefb-4584-a45a-fc4839feffd6, thingarn=arn:aws:iot:us-east-1:507441099951:thing/iot-device-02, thingtypename=null, attributes={installed=1593361211, latitude=32.8205865, longitude=-96.871627}, version=1, billinggroupname=null}","2020-11-26 00:00:00.000"
"iot-device-01","1.5946018422979162E9","74.4","66.2","false","false","0.0117","0.0089","0.0321","2020-11-26T16:55:33.733+0000","{defaultclientid=iot-device-01, thingname=iot-device-01, thingid=983c2b68-f9a3-4e83-b3c6-9f6f8ad5431b, thingarn=arn:aws:iot:us-east-1:507441099951:thing/iot-device-01, thingtypename=null, attributes={installed=1594665292, latitude=37.4133144, longitude=-122.1513069}, version=1, billinggroupname=null}","2020-11-26 00:00:00.000"
"iot-device-03","1.5946018430261712E9","51.3","72.14","false","false","0.0081","0.0054","0.0218","2020-11-26T16:55:34.053+0000","{defaultclientid=iot-device-03, thingname=iot-device-03, thingid=877352b9-a35d-45d3-9c98-162d89965a13, thingarn=arn:aws:iot:us-east-1:507441099951:thing/iot-device-03, thingtypename=null, attributes={installed=1592562234, latitude=37.4133144, longitude=-122.1513069}, version=1, billinggroupname=null}","2020-11-26 00:00:00.000"
"iot-device-03","1.5946018467098575E9","51.2","72.14","false","false","0.0081","0.0053","0.0216","2020-11-26T16:55:34.373+0000","{defaultclientid=iot-device-03, thingname=iot-device-03, thingid=877352b9-a35d-45d3-9c98-162d89965a13, thingarn=arn:aws:iot:us-east-1:507441099951:thing/iot-device-03, thingtypename=null, attributes={installed=1592562234, latitude=37.4133144, longitude=-122.1513069}, version=1, billinggroupname=null}","2020-11-26 00:00:00.000"
"iot-device-02","1.5946018476129274E9","59.8","79.34","true","false","0.0073","0.0046","0.0193","2020-11-26T16:55:34.682+0000","{defaultclientid=iot-device-02, thingname=iot-device-02, thingid=4ae4927a-aefb-4584-a45a-fc4839feffd6, thingarn=arn:aws:iot:us-east-1:507441099951:thing/iot-device-02, thingtypename=null, attributes={installed=1593361211, latitude=32.8205865, longitude=-96.871627}, version=1, billinggroupname=null}","2020-11-26 00:00:00.000"
"iot-device-03","1.594601850394772E9","51.2","72.14","false","false","0.0081","0.0053","0.0216","2020-11-26T16:55:34.997+0000","{defaultclientid=iot-device-03, thingname=iot-device-03, thingid=877352b9-a35d-45d3-9c98-162d89965a13, thingarn=arn:aws:iot:us-east-1:507441099951:thing/iot-device-03, thingtypename=null, attributes={installed=1592562234, latitude=37.4133144, longitude=-122.1513069}, version=1, billinggroupname=null}","2020-11-26 00:00:00.000"
"iot-device-01","1.5946018531034381E9","74.4","66.2","false","false","0.0114","0.0086","0.0312","2020-11-26T16:55:35.321+0000","{defaultclientid=iot-device-01, thingname=iot-device-01, thingid=983c2b68-f9a3-4e83-b3c6-9f6f8ad5431b, thingarn=arn:aws:iot:us-east-1:507441099951:thing/iot-device-01, thingtypename=null, attributes={installed=1594665292, latitude=37.4133144, longitude=-122.1513069}, version=1, billinggroupname=null}","2020-11-26 00:00:00.000"
"iot-device-03","1.5946018540808902E9","51.2","72.14","false","false","0.0081","0.0053","0.0216","2020-11-26T16:55:35.628+0000","{defaultclientid=iot-device-03, thingname=iot-device-03, thingid=877352b9-a35d-45d3-9c98-162d89965a13, thingarn=arn:aws:iot:us-east-1:507441099951:thing/iot-device-03, thingtypename=null, attributes={installed=1592562234, latitude=37.4133144, longitude=-122.1513069}, version=1, billinggroupname=null}","2020-11-26 00:00:00.000"
"iot-device-02","1.5946018540900614E9","59.8","79.34","true","false","0.0073","0.0046","0.0194","2020-11-26T16:55:35.942+0000","{defaultclientid=iot-device-02, thingname=iot-device-02, thingid=4ae4927a-aefb-4584-a45a-fc4839feffd6, thingarn=arn:aws:iot:us-east-1:507441099951:thing/iot-device-02, thingtypename=null, attributes={installed=1593361211, latitude=32.8205865, longitude=-96.871627}, version=1, billinggroupname=null}","2020-11-26 00:00:00.000"
"iot-device-03","1.5946018577660606E9","51.2","72.14","false","false","0.0081","0.0054","0.0217","2020-11-26T16:55:36.249+0000","{defaultclientid=iot-device-03, thingname=iot-device-03, thingid=877352b9-a35d-45d3-9c98-162d89965a13, thingarn=arn:aws:iot:us-east-1:507441099951:thing/iot-device-03, thingtypename=null, attributes={installed=1592562234, latitude=37.4133144, longitude=-122.1513069}, version=1, billinggroupname=null}","2020-11-26 00:00:00.000"
"iot-device-03","1.5946018246057014E9","51.3","72.14","false","false","0.0081","0.0054","0.0217","2020-11-26T16:55:30.182+0000","{defaultclientid=iot-device-03, thingname=iot-device-03, thingid=877352b9-a35d-45d3-9c98-162d89965a13, thingarn=arn:aws:iot:us-east-1:507441099951:thing/iot-device-03, thingtypename=null, attributes={installed=1592562234, latitude=37.4133144, longitude=-122.1513069}, version=1, billinggroupname=null}","2020-11-26 00:00:00.000"
"iot-device-01","1.5946018281557546E9","74.4","66.2","false","false","0.0114","0.0086","0.0311","2020-11-26T16:55:30.503+0000","{defaultclientid=iot-device-01, thingname=iot-device-01, thingid=983c2b68-f9a3-4e83-b3c6-9f6f8ad5431b, thingarn=arn:aws:iot:us-east-1:507441099951:thing/iot-device-01, thingtypename=null, attributes={installed=1594665292, latitude=37.4133144, longitude=-122.1513069}, version=1, billinggroupname=null}","2020-11-26 00:00:00.000"
"iot-device-02","1.5946018281689627E9","59.8","79.52","true","false","0.0073","0.0046","0.0194","2020-11-26T16:55:30.820+0000","{defaultclientid=iot-device-02, thingname=iot-device-02, thingid=4ae4927a-aefb-4584-a45a-fc4839feffd6, thingarn=arn:aws:iot:us-east-1:507441099951:thing/iot-device-02, thingtypename=null, attributes={installed=1593361211, latitude=32.8205865, longitude=-96.871627}, version=1, billinggroupname=null}","2020-11-26 00:00:00.000"
"iot-device-03","1.5946018282917745E9","51.3","72.14","false","false","0.0081","0.0053","0.0216","2020-11-26T16:55:31.143+0000","{defaultclientid=iot-device-03, thingname=iot-device-03, thingid=877352b9-a35d-45d3-9c98-162d89965a13, thingarn=arn:aws:iot:us-east-1:507441099951:thing/iot-device-03, thingtypename=null, attributes={installed=1592562234, latitude=37.4133144, longitude=-122.1513069}, version=1, billinggroupname=null}","2020-11-26 00:00:00.000"
"iot-device-03","1.5946018319757738E9","51.3","72.14","false","false","0.0081","0.0054","0.0217","2020-11-26T16:55:31.475+0000","{defaultclientid=iot-device-03, thingname=iot-device-03, thingid=877352b9-a35d-45d3-9c98-162d89965a13, thingarn=arn:aws:iot:us-east-1:507441099951:thing/iot-device-03, thingtypename=null, attributes={installed=1592562234, latitude=37.4133144, longitude=-122.1513069}, version=1, billinggroupname=null}","2020-11-26 00:00:00.000"
"iot-device-01","1.5946018330560913E9","74.4","66.2","false","false","0.0114","0.0086","0.0311","2020-11-26T16:55:31.791+0000","{defaultclientid=iot-device-01, thingname=iot-device-01, thingid=983c2b68-f9a3-4e83-b3c6-9f6f8ad5431b, thingarn=arn:aws:iot:us-east-1:507441099951:thing/iot-device-01, thingtypename=null, attributes={installed=1594665292, latitude=37.4133144, longitude=-122.1513069}, version=1, billinggroupname=null}","2020-11-26 00:00:00.000"
"iot-device-03","1.594601835660799E9","51.3","72.14","false","false","0.0081","0.0054","0.0217","2020-11-26T16:55:32.110+0000","{defaultclientid=iot-device-03, thingname=iot-device-03, thingid=877352b9-a35d-45d3-9c98-162d89965a13, thingarn=arn:aws:iot:us-east-1:507441099951:thing/iot-device-03, thingtypename=null, attributes={installed=1592562234, latitude=37.4133144, longitude=-122.1513069}, version=1, billinggroupname=null}","2020-11-26 00:00:00.000"
"iot-device-02","1.594601837319217E9","59.9","79.34","true","false","0.0073","0.0046","0.0193","2020-11-26T16:55:32.430+0000","{defaultclientid=iot-device-02, thingname=iot-device-02, thingid=4ae4927a-aefb-4584-a45a-fc4839feffd6, thingarn=arn:aws:iot:us-east-1:507441099951:thing/iot-device-02, thingtypename=null, attributes={installed=1593361211, latitude=32.8205865, longitude=-96.871627}, version=1, billinggroupname=null}","2020-11-26 00:00:00.000"
"iot-device-01","1.5946018374094176E9","74.4","66.2","false","false","0.0115","0.0087","0.0314","2020-11-26T16:55:32.742+0000","{defaultclientid=iot-device-01, thingname=iot-device-01, thingid=983c2b68-f9a3-4e83-b3c6-9f6f8ad5431b, thingarn=arn:aws:iot:us-east-1:507441099951:thing/iot-device-01, thingtypename=null, attributes={installed=1594665292, latitude=37.4133144, longitude=-122.1513069}, version=1, billinggroupname=null}","2020-11-26 00:00:00.000"
"iot-device-03","1.594601839342725E9","51.3","72.14","false","false","0.0081","0.0054","0.0217","2020-11-26T16:55:33.075+0000","{defaultclientid=iot-device-03, thingname=iot-device-03, thingid=877352b9-a35d-45d3-9c98-162d89965a13, thingarn=arn:aws:iot:us-east-1:507441099951:thing/iot-device-03, thingtypename=null, attributes={installed=1592562234, latitude=37.4133144, longitude=-122.1513069}, version=1, billinggroupname=null}","2020-11-26 00:00:00.000"
"iot-device-03","1.5946019240710733E9","51.3","72.32","false","false","0.0081","0.0053","0.0216","2020-11-26T16:55:49.468+0000","{defaultclientid=iot-device-03, thingname=iot-device-03, thingid=877352b9-a35d-45d3-9c98-162d89965a13, thingarn=arn:aws:iot:us-east-1:507441099951:thing/iot-device-03, thingtypename=null, attributes={installed=1592562234, latitude=37.4133144, longitude=-122.1513069}, version=1, billinggroupname=null}","2020-11-26 00:00:00.000"
"iot-device-02","1.594601926637726E9","60.2","79.34","true","false","0.0073","0.0046","0.0194","2020-11-26T16:55:49.791+0000","{defaultclientid=iot-device-02, thingname=iot-device-02, thingid=4ae4927a-aefb-4584-a45a-fc4839feffd6, thingarn=arn:aws:iot:us-east-1:507441099951:thing/iot-device-02, thingtypename=null, attributes={installed=1593361211, latitude=32.8205865, longitude=-96.871627}, version=1, billinggroupname=null}","2020-11-26 00:00:00.000"
"iot-device-03","1.5946019276859775E9","51.2","72.32","false","false","0.0081","0.0054","0.0217","2020-11-26T16:55:50.102+0000","{defaultclientid=iot-device-03, thingname=iot-device-03, thingid=877352b9-a35d-45d3-9c98-162d89965a13, thingarn=arn:aws:iot:us-east-1:507441099951:thing/iot-device-03, thingtypename=null, attributes={installed=1592562234, latitude=37.4133144, longitude=-122.1513069}, version=1, billinggroupname=null}","2020-11-26 00:00:00.000"
"iot-device-01","1.594601928478472E9","74.4","66.2","false","false","0.0114","0.0086","0.0312","2020-11-26T16:55:50.428+0000","{defaultclientid=iot-device-01, thingname=iot-device-01, thingid=983c2b68-f9a3-4e83-b3c6-9f6f8ad5431b, thingarn=arn:aws:iot:us-east-1:507441099951:thing/iot-device-01, thingtypename=null, attributes={installed=1594665292, latitude=37.4133144, longitude=-122.1513069}, version=1, billinggroupname=null}","2020-11-26 00:00:00.000"
"iot-device-03","1.5946019313702805E9","51.2","72.14","false","false","0.0081","0.0053","0.0216","2020-11-26T16:55:50.811+0000","{defaultclientid=iot-device-03, thingname=iot-device-03, thingid=877352b9-a35d-45d3-9c98-162d89965a13, thingarn=arn:aws:iot:us-east-1:507441099951:thing/iot-device-03, thingtypename=null, attributes={installed=1592562234, latitude=37.4133144, longitude=-122.1513069}, version=1, billinggroupname=null}","2020-11-26 00:00:00.000"
"iot-device-02","1.5946019315165248E9","60.0","79.34","true","false","0.0073","0.0046","0.0194","2020-11-26T16:55:51.180+0000","{defaultclientid=iot-device-02, thingname=iot-device-02, thingid=4ae4927a-aefb-4584-a45a-fc4839feffd6, thingarn=arn:aws:iot:us-east-1:507441099951:thing/iot-device-02, thingtypename=null, attributes={installed=1593361211, latitude=32.8205865, longitude=-96.871627}, version=1, billinggroupname=null}","2020-11-26 00:00:00.000"
"iot-device-01","1.5946019339033768E9","74.4","66.2","false","false","0.0114","0.0086","0.0311","2020-11-26T16:55:51.499+0000","{defaultclientid=iot-device-01, thingname=iot-device-01, thingid=983c2b68-f9a3-4e83-b3c6-9f6f8ad5431b, thingarn=arn:aws:iot:us-east-1:507441099951:thing/iot-device-01, thingtypename=null, attributes={installed=1594665292, latitude=37.4133144, longitude=-122.1513069}, version=1, billinggroupname=null}","2020-11-26 00:00:00.000"
"iot-device-03","1.5946019350551467E9","51.3","72.32","false","false","0.0081","0.0053","0.0216","2020-11-26T16:55:51.822+0000","{defaultclientid=iot-device-03, thingname=iot-device-03, thingid=877352b9-a35d-45d3-9c98-162d89965a13, thingarn=arn:aws:iot:us-east-1:507441099951:thing/iot-device-03, thingtypename=null, attributes={installed=1592562234, latitude=37.4133144, longitude=-122.1513069}, version=1, billinggroupname=null}","2020-11-26 00:00:00.000"
"iot-device-02","1.59460193746222E9","60.0","79.34","true","false","0.0073","0.0046","0.0194","2020-11-26T16:55:52.132+0000","{defaultclientid=iot-device-02, thingname=iot-device-02, thingid=4ae4927a-aefb-4584-a45a-fc4839feffd6, thingarn=arn:aws:iot:us-east-1:507441099951:thing/iot-device-02, thingtypename=null, attributes={installed=1593361211, latitude=32.8205865, longitude=-96.871627}, version=1, billinggroupname=null}","2020-11-26 00:00:00.000"
"iot-device-03","1.5946019387412822E9","51.2","72.14","false","false","0.0081","0.0053","0.0216","2020-11-26T16:55:52.450+0000","{defaultclientid=iot-device-03, thingname=iot-device-03, thingid=877352b9-a35d-45d3-9c98-162d89965a13, thingarn=arn:aws:iot:us-east-1:507441099951:thing/iot-device-03, thingtypename=null, attributes={installed=1592562234, latitude=37.4133144, longitude=-122.1513069}, version=1, billinggroupname=null}","2020-11-26 00:00:00.000"
"iot-device-01","1.5946018926631222E9","74.5","66.38","false","false","0.0114","0.0086","0.0311","2020-11-26T16:55:42.970+0000","{defaultclientid=iot-device-01, thingname=iot-device-01, thingid=983c2b68-f9a3-4e83-b3c6-9f6f8ad5431b, thingarn=arn:aws:iot:us-east-1:507441099951:thing/iot-device-01, thingtypename=null, attributes={installed=1594665292, latitude=37.4133144, longitude=-122.1513069}, version=1, billinggroupname=null}","2020-11-26 00:00:00.000"
"iot-device-03","1.5946018946049721E9","51.2","72.14","false","false","0.0081","0.0054","0.0217","2020-11-26T16:55:43.294+0000","{defaultclientid=iot-device-03, thingname=iot-device-03, thingid=877352b9-a35d-45d3-9c98-162d89965a13, thingarn=arn:aws:iot:us-east-1:507441099951:thing/iot-device-03, thingtypename=null, attributes={installed=1592562234, latitude=37.4133144, longitude=-122.1513069}, version=1, billinggroupname=null}","2020-11-26 00:00:00.000"
"iot-device-02","1.5946018946986644E9","59.8","79.34","true","false","0.0073","0.0046","0.0194","2020-11-26T16:55:43.605+0000","{defaultclientid=iot-device-02, thingname=iot-device-02, thingid=4ae4927a-aefb-4584-a45a-fc4839feffd6, thingarn=arn:aws:iot:us-east-1:507441099951:thing/iot-device-02, thingtypename=null, attributes={installed=1593361211, latitude=32.8205865, longitude=-96.871627}, version=1, billinggroupname=null}","2020-11-26 00:00:00.000"
"iot-device-03","1.594601898288986E9","51.2","72.14","false","false","0.0081","0.0053","0.0216","2020-11-26T16:55:43.943+0000","{defaultclientid=iot-device-03, thingname=iot-device-03, thingid=877352b9-a35d-45d3-9c98-162d89965a13, thingarn=arn:aws:iot:us-east-1:507441099951:thing/iot-device-03, thingtypename=null, attributes={installed=1592562234, latitude=37.4133144, longitude=-122.1513069}, version=1, billinggroupname=null}","2020-11-26 00:00:00.000"
"iot-device-01","1.5946018991719046E9","74.4","66.2","false","false","0.0114","0.0086","0.0311","2020-11-26T16:55:44.267+0000","{defaultclientid=iot-device-01, thingname=iot-device-01, thingid=983c2b68-f9a3-4e83-b3c6-9f6f8ad5431b, thingarn=arn:aws:iot:us-east-1:507441099951:thing/iot-device-01, thingtypename=null, attributes={installed=1594665292, latitude=37.4133144, longitude=-122.1513069}, version=1, billinggroupname=null}","2020-11-26 00:00:00.000"
"iot-device-02","1.5946019006428778E9","59.9","79.34","true","false","0.0073","0.0046","0.0193","2020-11-26T16:55:44.590+0000","{defaultclientid=iot-device-02, thingname=iot-device-02, thingid=4ae4927a-aefb-4584-a45a-fc4839feffd6, thingarn=arn:aws:iot:us-east-1:507441099951:thing/iot-device-02, thingtypename=null, attributes={installed=1593361211, latitude=32.8205865, longitude=-96.871627}, version=1, billinggroupname=null}","2020-11-26 00:00:00.000"
"iot-device-03","1.5946019019722874E9","51.2","72.32","false","false","0.0081","0.0053","0.0216","2020-11-26T16:55:44.935+0000","{defaultclientid=iot-device-03, thingname=iot-device-03, thingid=877352b9-a35d-45d3-9c98-162d89965a13, thingarn=arn:aws:iot:us-east-1:507441099951:thing/iot-device-03, thingtypename=null, attributes={installed=1592562234, latitude=37.4133144, longitude=-122.1513069}, version=1, billinggroupname=null}","2020-11-26 00:00:00.000"
"iot-device-01","1.5946019029879324E9","74.5","66.2","false","false","0.0114","0.0086","0.0312","2020-11-26T16:55:45.371+0000","{defaultclientid=iot-device-01, thingname=iot-device-01, thingid=983c2b68-f9a3-4e83-b3c6-9f6f8ad5431b, thingarn=arn:aws:iot:us-east-1:507441099951:thing/iot-device-01, thingtypename=null, attributes={installed=1594665292, latitude=37.4133144, longitude=-122.1513069}, version=1, billinggroupname=null}","2020-11-26 00:00:00.000"
"iot-device-02","1.5946019055225828E9","59.8","79.34","true","false","0.0073","0.0046","0.0194","2020-11-26T16:55:45.682+0000","{defaultclientid=iot-device-02, thingname=iot-device-02, thingid=4ae4927a-aefb-4584-a45a-fc4839feffd6, thingarn=arn:aws:iot:us-east-1:507441099951:thing/iot-device-02, thingtypename=null, attributes={installed=1593361211, latitude=32.8205865, longitude=-96.871627}, version=1, billinggroupname=null}","2020-11-26 00:00:00.000"
"iot-device-03","1.594601905656627E9","51.2","72.32","false","false","0.0081","0.0054","0.0218","2020-11-26T16:55:46.003+0000","{defaultclientid=iot-device-03, thingname=iot-device-03, thingid=877352b9-a35d-45d3-9c98-162d89965a13, thingarn=arn:aws:iot:us-east-1:507441099951:thing/iot-device-03, thingtypename=null, attributes={installed=1592562234, latitude=37.4133144, longitude=-122.1513069}, version=1, billinggroupname=null}","2020-11-26 00:00:00.000"
"iot-device-01","1.5946019073414314E9","74.5","66.38","false","false","0.0114","0.0086","0.0311","2020-11-26T16:55:46.323+0000","{defaultclientid=iot-device-01, thingname=iot-device-01, thingid=983c2b68-f9a3-4e83-b3c6-9f6f8ad5431b, thingarn=arn:aws:iot:us-east-1:507441099951:thing/iot-device-01, thingtypename=null, attributes={installed=1594665292, latitude=37.4133144, longitude=-122.1513069}, version=1, billinggroupname=null}","2020-11-26 00:00:00.000"
"iot-device-03","1.5946019093398206E9","51.2","72.32","false","false","0.0081","0.0054","0.0217","2020-11-26T16:55:46.650+0000","{defaultclientid=iot-device-03, thingname=iot-device-03, thingid=877352b9-a35d-45d3-9c98-162d89965a13, thingarn=arn:aws:iot:us-east-1:507441099951:thing/iot-device-03, thingtypename=null, attributes={installed=1592562234, latitude=37.4133144, longitude=-122.1513069}, version=1, billinggroupname=null}","2020-11-26 00:00:00.000"
"iot-device-03","1.5946019130264616E9","51.2","72.14","false","false","0.0081","0.0054","0.0217","2020-11-26T16:55:46.962+0000","{defaultclientid=iot-device-03, thingname=iot-device-03, thingid=877352b9-a35d-45d3-9c98-162d89965a13, thingarn=arn:aws:iot:us-east-1:507441099951:thing/iot-device-03, thingtypename=null, attributes={installed=1592562234, latitude=37.4133144, longitude=-122.1513069}, version=1, billinggroupname=null}","2020-11-26 00:00:00.000"
"iot-device-02","1.594601914674963E9","59.8","79.34","true","false","0.0073","0.0046","0.0194","2020-11-26T16:55:47.269+0000","{defaultclientid=iot-device-02, thingname=iot-device-02, thingid=4ae4927a-aefb-4584-a45a-fc4839feffd6, thingarn=arn:aws:iot:us-east-1:507441099951:thing/iot-device-02, thingtypename=null, attributes={installed=1593361211, latitude=32.8205865, longitude=-96.871627}, version=1, billinggroupname=null}","2020-11-26 00:00:00.000"
"iot-device-01","1.5946019165380778E9","74.5","66.38","false","false","0.0114","0.0086","0.0312","2020-11-26T16:55:47.594+0000","{defaultclientid=iot-device-01, thingname=iot-device-01, thingid=983c2b68-f9a3-4e83-b3c6-9f6f8ad5431b, thingarn=arn:aws:iot:us-east-1:507441099951:thing/iot-device-01, thingtypename=null, attributes={installed=1594665292, latitude=37.4133144, longitude=-122.1513069}, version=1, billinggroupname=null}","2020-11-26 00:00:00.000"
"iot-device-03","1.5946019167086966E9","51.2","72.32","false","false","0.0081","0.0054","0.0217","2020-11-26T16:55:47.902+0000","{defaultclientid=iot-device-03, thingname=iot-device-03, thingid=877352b9-a35d-45d3-9c98-162d89965a13, thingarn=arn:aws:iot:us-east-1:507441099951:thing/iot-device-03, thingtypename=null, attributes={installed=1592562234, latitude=37.4133144, longitude=-122.1513069}, version=1, billinggroupname=null}","2020-11-26 00:00:00.000"
"iot-device-02","1.5946019190183337E9","60.0","79.34","true","false","0.0073","0.0046","0.0193","2020-11-26T16:55:48.215+0000","{defaultclientid=iot-device-02, thingname=iot-device-02, thingid=4ae4927a-aefb-4584-a45a-fc4839feffd6, thingarn=arn:aws:iot:us-east-1:507441099951:thing/iot-device-02, thingtypename=null, attributes={installed=1593361211, latitude=32.8205865, longitude=-96.871627}, version=1, billinggroupname=null}","2020-11-26 00:00:00.000"
"iot-device-03","1.5946019203869808E9","51.2","72.14","false","false","0.0081","0.0053","0.0216","2020-11-26T16:55:48.523+0000","{defaultclientid=iot-device-03, thingname=iot-device-03, thingid=877352b9-a35d-45d3-9c98-162d89965a13, thingarn=arn:aws:iot:us-east-1:507441099951:thing/iot-device-03, thingtypename=null, attributes={installed=1592562234, latitude=37.4133144, longitude=-122.1513069}, version=1, billinggroupname=null}","2020-11-26 00:00:00.000"
"iot-device-01","1.5946019208926375E9","74.4","66.2","false","false","0.0114","0.0086","0.0312","2020-11-26T16:55:48.831+0000","{defaultclientid=iot-device-01, thingname=iot-device-01, thingid=983c2b68-f9a3-4e83-b3c6-9f6f8ad5431b, thingarn=arn:aws:iot:us-east-1:507441099951:thing/iot-device-01, thingtypename=null, attributes={installed=1594665292, latitude=37.4133144, longitude=-122.1513069}, version=1, billinggroupname=null}","2020-11-26 00:00:00.000"
"iot-device-02","1.5946019228263574E9","59.9","79.34","true","false","0.0073","0.0046","0.0194","2020-11-26T16:55:49.148+0000","{defaultclientid=iot-device-02, thingname=iot-device-02, thingid=4ae4927a-aefb-4584-a45a-fc4839feffd6, thingarn=arn:aws:iot:us-east-1:507441099951:thing/iot-device-02, thingtypename=null, attributes={installed=1593361211, latitude=32.8205865, longitude=-96.871627}, version=1, billinggroupname=null}","2020-11-26 00:00:00.000"
"iot-device-02","1.594601858433436E9","59.9","79.52","true","false","0.0072","0.0046","0.0192","2020-11-26T16:55:36.576+0000","{defaultclientid=iot-device-02, thingname=iot-device-02, thingid=4ae4927a-aefb-4584-a45a-fc4839feffd6, thingarn=arn:aws:iot:us-east-1:507441099951:thing/iot-device-02, thingtypename=null, attributes={installed=1593361211, latitude=32.8205865, longitude=-96.871627}, version=1, billinggroupname=null}","2020-11-26 00:00:00.000"
"iot-device-01","1.5946018606790972E9","74.4","66.2","false","false","0.0115","0.0087","0.0316","2020-11-26T16:55:36.903+0000","{defaultclientid=iot-device-01, thingname=iot-device-01, thingid=983c2b68-f9a3-4e83-b3c6-9f6f8ad5431b, thingarn=arn:aws:iot:us-east-1:507441099951:thing/iot-device-01, thingtypename=null, attributes={installed=1594665292, latitude=37.4133144, longitude=-122.1513069}, version=1, billinggroupname=null}","2020-11-26 00:00:00.000"
"iot-device-03","1.594601861449731E9","51.2","72.14","false","false","0.0081","0.0053","0.0216","2020-11-26T16:55:37.203+0000","{defaultclientid=iot-device-03, thingname=iot-device-03, thingid=877352b9-a35d-45d3-9c98-162d89965a13, thingarn=arn:aws:iot:us-east-1:507441099951:thing/iot-device-03, thingtypename=null, attributes={installed=1592562234, latitude=37.4133144, longitude=-122.1513069}, version=1, billinggroupname=null}","2020-11-26 00:00:00.000"
"iot-device-01","1.5946018650309873E9","74.4","66.2","false","false","0.0114","0.0086","0.0311","2020-11-26T16:55:37.512+0000","{defaultclientid=iot-device-01, thingname=iot-device-01, thingid=983c2b68-f9a3-4e83-b3c6-9f6f8ad5431b, thingarn=arn:aws:iot:us-east-1:507441099951:thing/iot-device-01, thingtypename=null, attributes={installed=1594665292, latitude=37.4133144, longitude=-122.1513069}, version=1, billinggroupname=null}","2020-11-26 00:00:00.000"
"iot-device-03","1.5946018651340985E9","51.2","72.14","false","false","0.0081","0.0053","0.0216","2020-11-26T16:55:37.815+0000","{defaultclientid=iot-device-03, thingname=iot-device-03, thingid=877352b9-a35d-45d3-9c98-162d89965a13, thingarn=arn:aws:iot:us-east-1:507441099951:thing/iot-device-03, thingtypename=null, attributes={installed=1592562234, latitude=37.4133144, longitude=-122.1513069}, version=1, billinggroupname=null}","2020-11-26 00:00:00.000"
"iot-device-02","1.594601866518273E9","59.8","79.34","true","false","0.0073","0.0046","0.0194","2020-11-26T16:55:38.122+0000","{defaultclientid=iot-device-02, thingname=iot-device-02, thingid=4ae4927a-aefb-4584-a45a-fc4839feffd6, thingarn=arn:aws:iot:us-east-1:507441099951:thing/iot-device-02, thingtypename=null, attributes={installed=1593361211, latitude=32.8205865, longitude=-96.871627}, version=1, billinggroupname=null}","2020-11-26 00:00:00.000"
"iot-device-03","1.5946018688188286E9","51.2","72.14","false","false","0.0081","0.0053","0.0216","2020-11-26T16:55:38.446+0000","{defaultclientid=iot-device-03, thingname=iot-device-03, thingid=877352b9-a35d-45d3-9c98-162d89965a13, thingarn=arn:aws:iot:us-east-1:507441099951:thing/iot-device-03, thingtypename=null, attributes={installed=1592562234, latitude=37.4133144, longitude=-122.1513069}, version=1, billinggroupname=null}","2020-11-26 00:00:00.000"
"iot-device-02","1.5946018713969455E9","59.9","79.34","true","false","0.0073","0.0046","0.0194","2020-11-26T16:55:38.760+0000","{defaultclientid=iot-device-02, thingname=iot-device-02, thingid=4ae4927a-aefb-4584-a45a-fc4839feffd6, thingarn=arn:aws:iot:us-east-1:507441099951:thing/iot-device-02, thingtypename=null, attributes={installed=1593361211, latitude=32.8205865, longitude=-96.871627}, version=1, billinggroupname=null}","2020-11-26 00:00:00.000"
"iot-device-03","1.5946018725052588E9","51.2","72.14","false","false","0.0081","0.0054","0.0217","2020-11-26T16:55:39.070+0000","{defaultclientid=iot-device-03, thingname=iot-device-03, thingid=877352b9-a35d-45d3-9c98-162d89965a13, thingarn=arn:aws:iot:us-east-1:507441099951:thing/iot-device-03, thingtypename=null, attributes={installed=1592562234, latitude=37.4133144, longitude=-122.1513069}, version=1, billinggroupname=null}","2020-11-26 00:00:00.000"
"iot-device-01","1.5946018736820905E9","74.4","66.2","false","false","0.0114","0.0086","0.0312","2020-11-26T16:55:39.407+0000","{defaultclientid=iot-device-01, thingname=iot-device-01, thingid=983c2b68-f9a3-4e83-b3c6-9f6f8ad5431b, thingarn=arn:aws:iot:us-east-1:507441099951:thing/iot-device-01, thingtypename=null, attributes={installed=1594665292, latitude=37.4133144, longitude=-122.1513069}, version=1, billinggroupname=null}","2020-11-26 00:00:00.000"
"iot-device-03","1.5946105297395132E9","50.4","72.14","false","false","0.0078","0.005","0.0207","2020-11-26T17:03:41.762+0000","{defaultclientid=iot-device-03, thingname=iot-device-03, thingid=877352b9-a35d-45d3-9c98-162d89965a13, thingarn=arn:aws:iot:us-east-1:507441099951:thing/iot-device-03, thingtypename=null, attributes={installed=1592562234, latitude=37.4133144, longitude=-122.1513069}, version=1, billinggroupname=null}","2020-11-26 00:00:00.000"
"iot-device-01","1.5946105312010994E9","74.1","66.74","false","false","0.008","0.0053","0.0215","2020-11-26T17:03:42.052+0000","{defaultclientid=iot-device-01, thingname=iot-device-01, thingid=983c2b68-f9a3-4e83-b3c6-9f6f8ad5431b, thingarn=arn:aws:iot:us-east-1:507441099951:thing/iot-device-01, thingtypename=null, attributes={installed=1594665292, latitude=37.4133144, longitude=-122.1513069}, version=1, billinggroupname=null}","2020-11-26 00:00:00.000"
"iot-device-02","1.59461053140815E9","59.6","78.08","true","false","0.0072","0.0045","0.019","2020-11-26T17:03:42.337+0000","{defaultclientid=iot-device-02, thingname=iot-device-02, thingid=4ae4927a-aefb-4584-a45a-fc4839feffd6, thingarn=arn:aws:iot:us-east-1:507441099951:thing/iot-device-02, thingtypename=null, attributes={installed=1593361211, latitude=32.8205865, longitude=-96.871627}, version=1, billinggroupname=null}","2020-11-26 00:00:00.000"
"iot-device-03","1.5946105334382832E9","50.4","72.14","false","false","0.0077","0.005","0.0206","2020-11-26T17:03:42.621+0000","{defaultclientid=iot-device-03, thingname=iot-device-03, thingid=877352b9-a35d-45d3-9c98-162d89965a13, thingarn=arn:aws:iot:us-east-1:507441099951:thing/iot-device-03, thingtypename=null, attributes={installed=1592562234, latitude=37.4133144, longitude=-122.1513069}, version=1, billinggroupname=null}","2020-11-26 00:00:00.000"
"iot-device-02","1.5946105352183022E9","59.6","78.08","true","false","0.0072","0.0045","0.0191","2020-11-26T17:03:42.917+0000","{defaultclientid=iot-device-02, thingname=iot-device-02, thingid=4ae4927a-aefb-4584-a45a-fc4839feffd6, thingarn=arn:aws:iot:us-east-1:507441099951:thing/iot-device-02, thingtypename=null, attributes={installed=1593361211, latitude=32.8205865, longitude=-96.871627}, version=1, billinggroupname=null}","2020-11-26 00:00:00.000"
"iot-device-01","1.594610536086908E9","73.9","66.74","false","false","0.008","0.0053","0.0215","2020-11-26T17:03:43.226+0000","{defaultclientid=iot-device-01, thingname=iot-device-01, thingid=983c2b68-f9a3-4e83-b3c6-9f6f8ad5431b, thingarn=arn:aws:iot:us-east-1:507441099951:thing/iot-device-01, thingtypename=null, attributes={installed=1594665292, latitude=37.4133144, longitude=-122.1513069}, version=1, billinggroupname=null}","2020-11-26 00:00:00.000"
"iot-device-03","1.594610537124581E9","50.4","72.14","false","false","0.0078","0.005","0.0207","2020-11-26T17:03:43.531+0000","{defaultclientid=iot-device-03, thingname=iot-device-03, thingid=877352b9-a35d-45d3-9c98-162d89965a13, thingarn=arn:aws:iot:us-east-1:507441099951:thing/iot-device-03, thingtypename=null, attributes={installed=1592562234, latitude=37.4133144, longitude=-122.1513069}, version=1, billinggroupname=null}","2020-11-26 00:00:00.000"
"iot-device-02","1.5946105395598E9","59.6","78.26","true","false","0.0072","0.0045","0.0191","2020-11-26T17:03:43.832+0000","{defaultclientid=iot-device-02, thingname=iot-device-02, thingid=4ae4927a-aefb-4584-a45a-fc4839feffd6, thingarn=arn:aws:iot:us-east-1:507441099951:thing/iot-device-02, thingtypename=null, attributes={installed=1593361211, latitude=32.8205865, longitude=-96.871627}, version=1, billinggroupname=null}","2020-11-26 00:00:00.000"
"iot-device-03","1.5946105408082442E9","50.4","72.14","false","false","0.0077","0.005","0.0207","2020-11-26T17:03:44.121+0000","{defaultclientid=iot-device-03, thingname=iot-device-03, thingid=877352b9-a35d-45d3-9c98-162d89965a13, thingarn=arn:aws:iot:us-east-1:507441099951:thing/iot-device-03, thingtypename=null, attributes={installed=1592562234, latitude=37.4133144, longitude=-122.1513069}, version=1, billinggroupname=null}","2020-11-26 00:00:00.000"
"iot-device-01","1.594610540977271E9","73.9","66.74","false","false","0.0083","0.0055","0.0221","2020-11-26T17:03:44.410+0000","{defaultclientid=iot-device-01, thingname=iot-device-01, thingid=983c2b68-f9a3-4e83-b3c6-9f6f8ad5431b, thingarn=arn:aws:iot:us-east-1:507441099951:thing/iot-device-01, thingtypename=null, attributes={installed=1594665292, latitude=37.4133144, longitude=-122.1513069}, version=1, billinggroupname=null}","2020-11-26 00:00:00.000"
"iot-device-02","1.59461054336805E9","59.6","78.26","true","false","0.0071","0.0045","0.0189","2020-11-26T17:03:44.699+0000","{defaultclientid=iot-device-02, thingname=iot-device-02, thingid=4ae4927a-aefb-4584-a45a-fc4839feffd6, thingarn=arn:aws:iot:us-east-1:507441099951:thing/iot-device-02, thingtypename=null, attributes={installed=1593361211, latitude=32.8205865, longitude=-96.871627}, version=1, billinggroupname=null}","2020-11-26 00:00:00.000"
"iot-device-03","1.5946105444944685E9","50.4","72.14","false","false","0.0078","0.0051","0.0208","2020-11-26T17:03:44.976+0000","{defaultclientid=iot-device-03, thingname=iot-device-03, thingid=877352b9-a35d-45d3-9c98-162d89965a13, thingarn=arn:aws:iot:us-east-1:507441099951:thing/iot-device-03, thingtypename=null, attributes={installed=1592562234, latitude=37.4133144, longitude=-122.1513069}, version=1, billinggroupname=null}","2020-11-26 00:00:00.000"
"iot-device-03","1.5946105481786182E9","50.4","72.14","false","false","0.0078","0.005","0.0207","2020-11-26T17:03:45.266+0000","{defaultclientid=iot-device-03, thingname=iot-device-03, thingid=877352b9-a35d-45d3-9c98-162d89965a13, thingarn=arn:aws:iot:us-east-1:507441099951:thing/iot-device-03, thingtypename=null, attributes={installed=1592562234, latitude=37.4133144, longitude=-122.1513069}, version=1, billinggroupname=null}","2020-11-26 00:00:00.000"
"iot-device-01","1.5946105496252596E9","73.8","66.56","false","false","0.0085","0.0057","0.0228","2020-11-26T17:03:45.562+0000","{defaultclientid=iot-device-01, thingname=iot-device-01, thingid=983c2b68-f9a3-4e83-b3c6-9f6f8ad5431b, thingarn=arn:aws:iot:us-east-1:507441099951:thing/iot-device-01, thingtypename=null, attributes={installed=1594665292, latitude=37.4133144, longitude=-122.1513069}, version=1, billinggroupname=null}","2020-11-26 00:00:00.000"
"iot-device-02","1.5946105503842976E9","59.6","78.26","true","false","0.0072","0.0045","0.019","2020-11-26T17:03:45.849+0000","{defaultclientid=iot-device-02, thingname=iot-device-02, thingid=4ae4927a-aefb-4584-a45a-fc4839feffd6, thingarn=arn:aws:iot:us-east-1:507441099951:thing/iot-device-02, thingtypename=null, attributes={installed=1593361211, latitude=32.8205865, longitude=-96.871627}, version=1, billinggroupname=null}","2020-11-26 00:00:00.000"
"iot-device-03","1.5946105518647294E9","50.2","72.14","false","false","0.0078","0.005","0.0207","2020-11-26T17:03:46.133+0000","{defaultclientid=iot-device-03, thingname=iot-device-03, thingid=877352b9-a35d-45d3-9c98-162d89965a13, thingarn=arn:aws:iot:us-east-1:507441099951:thing/iot-device-03, thingtypename=null, attributes={installed=1592562234, latitude=37.4133144, longitude=-122.1513069}, version=1, billinggroupname=null}","2020-11-26 00:00:00.000"
"iot-device-01","1.5946105534389718E9","73.9","66.74","false","false","0.0083","0.0055","0.0221","2020-11-26T17:03:46.419+0000","{defaultclientid=iot-device-01, thingname=iot-device-01, thingid=983c2b68-f9a3-4e83-b3c6-9f6f8ad5431b, thingarn=arn:aws:iot:us-east-1:507441099951:thing/iot-device-01, thingtypename=null, attributes={installed=1594665292, latitude=37.4133144, longitude=-122.1513069}, version=1, billinggroupname=null}","2020-11-26 00:00:00.000"
"iot-device-02","1.5946105547275734E9","59.6","78.26","true","false","0.0072","0.0045","0.019","2020-11-26T17:03:46.710+0000","{defaultclientid=iot-device-02, thingname=iot-device-02, thingid=4ae4927a-aefb-4584-a45a-fc4839feffd6, thingarn=arn:aws:iot:us-east-1:507441099951:thing/iot-device-02, thingtypename=null, attributes={installed=1593361211, latitude=32.8205865, longitude=-96.871627}, version=1, billinggroupname=null}","2020-11-26 00:00:00.000"
"iot-device-03","1.594610555552011E9","50.2","72.14","false","false","0.0078","0.0051","0.0207","2020-11-26T17:03:47.004+0000","{defaultclientid=iot-device-03, thingname=iot-device-03, thingid=877352b9-a35d-45d3-9c98-162d89965a13, thingarn=arn:aws:iot:us-east-1:507441099951:thing/iot-device-03, thingtypename=null, attributes={installed=1592562234, latitude=37.4133144, longitude=-122.1513069}, version=1, billinggroupname=null}","2020-11-26 00:00:00.000"
"iot-device-02","1.5946105585349731E9","59.6","78.26","true","false","0.0072","0.0045","0.019","2020-11-26T17:03:47.291+0000","{defaultclientid=iot-device-02, thingname=iot-device-02, thingid=4ae4927a-aefb-4584-a45a-fc4839feffd6, thingarn=arn:aws:iot:us-east-1:507441099951:thing/iot-device-02, thingtypename=null, attributes={installed=1593361211, latitude=32.8205865, longitude=-96.871627}, version=1, billinggroupname=null}","2020-11-26 00:00:00.000"
"iot-device-03","1.594608955536979E9","50.1","71.42","false","false","0.0078","0.0051","0.021","2020-11-26T17:03:30.029+0000","{defaultclientid=iot-device-03, thingname=iot-device-03, thingid=877352b9-a35d-45d3-9c98-162d89965a13, thingarn=arn:aws:iot:us-east-1:507441099951:thing/iot-device-03, thingtypename=null, attributes={installed=1592562234, latitude=37.4133144, longitude=-122.1513069}, version=1, billinggroupname=null}","2020-11-26 00:00:00.000"
"iot-device-01","1.594608957510128E9","74.1","66.02","false","false","0.0091","0.0063","0.0244","2020-11-26T17:03:30.338+0000","{defaultclientid=iot-device-01, thingname=iot-device-01, thingid=983c2b68-f9a3-4e83-b3c6-9f6f8ad5431b, thingarn=arn:aws:iot:us-east-1:507441099951:thing/iot-device-01, thingtypename=null, attributes={installed=1594665292, latitude=37.4133144, longitude=-122.1513069}, version=1, billinggroupname=null}","2020-11-26 00:00:00.000"
"iot-device-02","1.5946089581471336E9","59.3","78.44","true","false","0.0072","0.0046","0.0192","2020-11-26T17:03:30.617+0000","{defaultclientid=iot-device-02, thingname=iot-device-02, thingid=4ae4927a-aefb-4584-a45a-fc4839feffd6, thingarn=arn:aws:iot:us-east-1:507441099951:thing/iot-device-02, thingtypename=null, attributes={installed=1593361211, latitude=32.8205865, longitude=-96.871627}, version=1, billinggroupname=null}","2020-11-26 00:00:00.000"
"iot-device-03","1.5946089592283595E9","50.1","71.42","false","false","0.0078","0.0051","0.0209","2020-11-26T17:03:30.910+0000","{defaultclientid=iot-device-03, thingname=iot-device-03, thingid=877352b9-a35d-45d3-9c98-162d89965a13, thingarn=arn:aws:iot:us-east-1:507441099951:thing/iot-device-03, thingtypename=null, attributes={installed=1592562234, latitude=37.4133144, longitude=-122.1513069}, version=1, billinggroupname=null}","2020-11-26 00:00:00.000"
"iot-device-01","1.5946089613390064E9","74.1","66.02","false","false","0.0091","0.0063","0.0244","2020-11-26T17:03:31.197+0000","{defaultclientid=iot-device-01, thingname=iot-device-01, thingid=983c2b68-f9a3-4e83-b3c6-9f6f8ad5431b, thingarn=arn:aws:iot:us-east-1:507441099951:thing/iot-device-01, thingtypename=null, attributes={installed=1594665292, latitude=37.4133144, longitude=-122.1513069}, version=1, billinggroupname=null}","2020-11-26 00:00:00.000"
"iot-device-03","1.5946089629140987E9","50.1","71.24","false","false","0.0078","0.0051","0.0209","2020-11-26T17:03:31.492+0000","{defaultclientid=iot-device-03, thingname=iot-device-03, thingid=877352b9-a35d-45d3-9c98-162d89965a13, thingarn=arn:aws:iot:us-east-1:507441099951:thing/iot-device-03, thingtypename=null, attributes={installed=1592562234, latitude=37.4133144, longitude=-122.1513069}, version=1, billinggroupname=null}","2020-11-26 00:00:00.000"
"iot-device-02","1.5946089657674966E9","59.3","78.44","true","false","0.0072","0.0045","0.019","2020-11-26T17:03:31.790+0000","{defaultclientid=iot-device-02, thingname=iot-device-02, thingid=4ae4927a-aefb-4584-a45a-fc4839feffd6, thingarn=arn:aws:iot:us-east-1:507441099951:thing/iot-device-02, thingtypename=null, attributes={installed=1593361211, latitude=32.8205865, longitude=-96.871627}, version=1, billinggroupname=null}","2020-11-26 00:00:00.000"
"iot-device-03","1.594608966600322E9","50.1","71.42","false","false","0.0078","0.0051","0.0209","2020-11-26T17:03:32.075+0000","{defaultclientid=iot-device-03, thingname=iot-device-03, thingid=877352b9-a35d-45d3-9c98-162d89965a13, thingarn=arn:aws:iot:us-east-1:507441099951:thing/iot-device-03, thingtypename=null, attributes={installed=1592562234, latitude=37.4133144, longitude=-122.1513069}, version=1, billinggroupname=null}","2020-11-26 00:00:00.000"
"iot-device-01","1.594608967837977E9","74.2","66.2","false","false","0.0089","0.0061","0.0239","2020-11-26T17:03:32.368+0000","{defaultclientid=iot-device-01, thingname=iot-device-01, thingid=983c2b68-f9a3-4e83-b3c6-9f6f8ad5431b, thingarn=arn:aws:iot:us-east-1:507441099951:thing/iot-device-01, thingtypename=null, attributes={installed=1594665292, latitude=37.4133144, longitude=-122.1513069}, version=1, billinggroupname=null}","2020-11-26 00:00:00.000"
"iot-device-03","1.5946089702862422E9","50.1","71.42","false","false","0.0078","0.0051","0.0209","2020-11-26T17:03:32.660+0000","{defaultclientid=iot-device-03, thingname=iot-device-03, thingid=877352b9-a35d-45d3-9c98-162d89965a13, thingarn=arn:aws:iot:us-east-1:507441099951:thing/iot-device-03, thingtypename=null, attributes={installed=1592562234, latitude=37.4133144, longitude=-122.1513069}, version=1, billinggroupname=null}","2020-11-26 00:00:00.000"
"iot-device-03","1.594610588692026E9","49.2","71.96","false","false","0.0077","0.005","0.0207","2020-11-26T17:03:53.418+0000","{defaultclientid=iot-device-03, thingname=iot-device-03, thingid=877352b9-a35d-45d3-9c98-162d89965a13, thingarn=arn:aws:iot:us-east-1:507441099951:thing/iot-device-03, thingtypename=null, attributes={installed=1592562234, latitude=37.4133144, longitude=-122.1513069}, version=1, billinggroupname=null}","2020-11-26 00:00:00.000"
"iot-device-02","1.5946105921667495E9","59.9","78.08","true","false","0.0071","0.0045","0.0189","2020-11-26T17:03:53.711+0000","{defaultclientid=iot-device-02, thingname=iot-device-02, thingid=4ae4927a-aefb-4584-a45a-fc4839feffd6, thingarn=arn:aws:iot:us-east-1:507441099951:thing/iot-device-02, thingtypename=null, attributes={installed=1593361211, latitude=32.8205865, longitude=-96.871627}, version=1, billinggroupname=null}","2020-11-26 00:00:00.000"
"iot-device-03","1.594610592378059E9","49.2","71.96","false","false","0.0078","0.0051","0.0208","2020-11-26T17:03:53.998+0000","{defaultclientid=iot-device-03, thingname=iot-device-03, thingid=877352b9-a35d-45d3-9c98-162d89965a13, thingarn=arn:aws:iot:us-east-1:507441099951:thing/iot-device-03, thingtypename=null, attributes={installed=1592562234, latitude=37.4133144, longitude=-122.1513069}, version=1, billinggroupname=null}","2020-11-26 00:00:00.000"
"iot-device-01","1.5946105941348145E9","73.8","66.56","false","false","0.0086","0.0058","0.0232","2020-11-26T17:03:54.292+0000","{defaultclientid=iot-device-01, thingname=iot-device-01, thingid=983c2b68-f9a3-4e83-b3c6-9f6f8ad5431b, thingarn=arn:aws:iot:us-east-1:507441099951:thing/iot-device-01, thingtypename=null, attributes={installed=1594665292, latitude=37.4133144, longitude=-122.1513069}, version=1, billinggroupname=null}","2020-11-26 00:00:00.000"
"iot-device-02","1.5946105959744716E9","59.6","78.08","true","false","0.0071","0.0045","0.0189","2020-11-26T17:03:54.587+0000","{defaultclientid=iot-device-02, thingname=iot-device-02, thingid=4ae4927a-aefb-4584-a45a-fc4839feffd6, thingarn=arn:aws:iot:us-east-1:507441099951:thing/iot-device-02, thingtypename=null, attributes={installed=1593361211, latitude=32.8205865, longitude=-96.871627}, version=1, billinggroupname=null}","2020-11-26 00:00:00.000"
"iot-device-03","1.594610596064036E9","49.2","71.96","false","false","0.0078","0.0051","0.0207","2020-11-26T17:03:54.894+0000","{defaultclientid=iot-device-03, thingname=iot-device-03, thingid=877352b9-a35d-45d3-9c98-162d89965a13, thingarn=arn:aws:iot:us-east-1:507441099951:thing/iot-device-03, thingtypename=null, attributes={installed=1592562234, latitude=37.4133144, longitude=-122.1513069}, version=1, billinggroupname=null}","2020-11-26 00:00:00.000"
"iot-device-03","1.5946105997500947E9","49.1","71.96","false","false","0.0078","0.0051","0.0207","2020-11-26T17:03:55.194+0000","{defaultclientid=iot-device-03, thingname=iot-device-03, thingid=877352b9-a35d-45d3-9c98-162d89965a13, thingarn=arn:aws:iot:us-east-1:507441099951:thing/iot-device-03, thingtypename=null, attributes={installed=1592562234, latitude=37.4133144, longitude=-122.1513069}, version=1, billinggroupname=null}","2020-11-26 00:00:00.000"
"iot-device-02","1.5946106019195805E9","59.7","78.08","true","false","0.0071","0.0045","0.0189","2020-11-26T17:03:55.478+0000","{defaultclientid=iot-device-02, thingname=iot-device-02, thingid=4ae4927a-aefb-4584-a45a-fc4839feffd6, thingarn=arn:aws:iot:us-east-1:507441099951:thing/iot-device-02, thingtypename=null, attributes={installed=1593361211, latitude=32.8205865, longitude=-96.871627}, version=1, billinggroupname=null}","2020-11-26 00:00:00.000"
"iot-device-01","1.594610602248412E9","73.9","66.56","false","false","0.0086","0.0058","0.0232","2020-11-26T17:03:55.769+0000","{defaultclientid=iot-device-01, thingname=iot-device-01, thingid=983c2b68-f9a3-4e83-b3c6-9f6f8ad5431b, thingarn=arn:aws:iot:us-east-1:507441099951:thing/iot-device-01, thingtypename=null, attributes={installed=1594665292, latitude=37.4133144, longitude=-122.1513069}, version=1, billinggroupname=null}","2020-11-26 00:00:00.000"
"iot-device-03","1.5946106034339795E9","49.2","71.96","false","false","0.0077","0.005","0.0207","2020-11-26T17:03:56.087+0000","{defaultclientid=iot-device-03, thingname=iot-device-03, thingid=877352b9-a35d-45d3-9c98-162d89965a13, thingarn=arn:aws:iot:us-east-1:507441099951:thing/iot-device-03, thingtypename=null, attributes={installed=1592562234, latitude=37.4133144, longitude=-122.1513069}, version=1, billinggroupname=null}","2020-11-26 00:00:00.000"
"iot-device-03","1.5946106071213586E9","49.1","71.96","false","false","0.0077","0.005","0.0207","2020-11-26T17:03:56.377+0000","{defaultclientid=iot-device-03, thingname=iot-device-03, thingid=877352b9-a35d-45d3-9c98-162d89965a13, thingarn=arn:aws:iot:us-east-1:507441099951:thing/iot-device-03, thingtypename=null, attributes={installed=1592562234, latitude=37.4133144, longitude=-122.1513069}, version=1, billinggroupname=null}","2020-11-26 00:00:00.000"
"iot-device-01","1.594610607137063E9","73.8","66.56","false","false","0.0084","0.0056","0.0225","2020-11-26T17:03:56.657+0000","{defaultclientid=iot-device-01, thingname=iot-device-01, thingid=983c2b68-f9a3-4e83-b3c6-9f6f8ad5431b, thingarn=arn:aws:iot:us-east-1:507441099951:thing/iot-device-01, thingtypename=null, attributes={installed=1594665292, latitude=37.4133144, longitude=-122.1513069}, version=1, billinggroupname=null}","2020-11-26 00:00:00.000"
"iot-device-02","1.594610608397597E9","59.7","78.08","true","false","0.0072","0.0045","0.019","2020-11-26T17:03:56.946+0000","{defaultclientid=iot-device-02, thingname=iot-device-02, thingid=4ae4927a-aefb-4584-a45a-fc4839feffd6, thingarn=arn:aws:iot:us-east-1:507441099951:thing/iot-device-02, thingtypename=null, attributes={installed=1593361211, latitude=32.8205865, longitude=-96.871627}, version=1, billinggroupname=null}","2020-11-26 00:00:00.000"
"iot-device-03","1.5946106108072586E9","48.9","71.96","false","false","0.0078","0.0051","0.0207","2020-11-26T17:03:57.235+0000","{defaultclientid=iot-device-03, thingname=iot-device-03, thingid=877352b9-a35d-45d3-9c98-162d89965a13, thingarn=arn:aws:iot:us-east-1:507441099951:thing/iot-device-03, thingtypename=null, attributes={installed=1592562234, latitude=37.4133144, longitude=-122.1513069}, version=1, billinggroupname=null}","2020-11-26 00:00:00.000"
"iot-device-01","1.5946106109507687E9","73.8","66.56","false","false","0.0084","0.0056","0.0225","2020-11-26T17:03:57.542+0000","{defaultclientid=iot-device-01, thingname=iot-device-01, thingid=983c2b68-f9a3-4e83-b3c6-9f6f8ad5431b, thingarn=arn:aws:iot:us-east-1:507441099951:thing/iot-device-01, thingtypename=null, attributes={installed=1594665292, latitude=37.4133144, longitude=-122.1513069}, version=1, billinggroupname=null}","2020-11-26 00:00:00.000"
"iot-device-02","1.5946106127406552E9","59.6","78.08","true","false","0.0071","0.0045","0.0189","2020-11-26T17:03:57.838+0000","{defaultclientid=iot-device-02, thingname=iot-device-02, thingid=4ae4927a-aefb-4584-a45a-fc4839feffd6, thingarn=arn:aws:iot:us-east-1:507441099951:thing/iot-device-02, thingtypename=null, attributes={installed=1593361211, latitude=32.8205865, longitude=-96.871627}, version=1, billinggroupname=null}","2020-11-26 00:00:00.000"
"iot-device-03","1.5946106144931092E9","48.9","71.96","false","false","0.0078","0.0051","0.0207","2020-11-26T17:03:58.133+0000","{defaultclientid=iot-device-03, thingname=iot-device-03, thingid=877352b9-a35d-45d3-9c98-162d89965a13, thingarn=arn:aws:iot:us-east-1:507441099951:thing/iot-device-03, thingtypename=null, attributes={installed=1592562234, latitude=37.4133144, longitude=-122.1513069}, version=1, billinggroupname=null}","2020-11-26 00:00:00.000"
"iot-device-01","1.594610616376382E9","73.8","66.56","false","false","0.0084","0.0056","0.0225","2020-11-26T17:03:58.418+0000","{defaultclientid=iot-device-01, thingname=iot-device-01, thingid=983c2b68-f9a3-4e83-b3c6-9f6f8ad5431b, thingarn=arn:aws:iot:us-east-1:507441099951:thing/iot-device-01, thingtypename=null, attributes={installed=1594665292, latitude=37.4133144, longitude=-122.1513069}, version=1, billinggroupname=null}","2020-11-26 00:00:00.000"
"iot-device-02","1.5946106170814672E9","59.6","78.08","true","false","0.0071","0.0045","0.0189","2020-11-26T17:03:58.719+0000","{defaultclientid=iot-device-02, thingname=iot-device-02, thingid=4ae4927a-aefb-4584-a45a-fc4839feffd6, thingarn=arn:aws:iot:us-east-1:507441099951:thing/iot-device-02, thingtypename=null, attributes={installed=1593361211, latitude=32.8205865, longitude=-96.871627}, version=1, billinggroupname=null}","2020-11-26 00:00:00.000"
"iot-device-03","1.5946106181780715E9","48.8","71.96","false","false","0.0078","0.0051","0.0207","2020-11-26T17:03:59.025+0000","{defaultclientid=iot-device-03, thingname=iot-device-03, thingid=877352b9-a35d-45d3-9c98-162d89965a13, thingarn=arn:aws:iot:us-east-1:507441099951:thing/iot-device-03, thingtypename=null, attributes={installed=1592562234, latitude=37.4133144, longitude=-122.1513069}, version=1, billinggroupname=null}","2020-11-26 00:00:00.000"
"iot-device-01","1.5946105740783596E9","74.0","66.56","false","false","0.0084","0.0056","0.0225","2020-11-26T17:03:50.507+0000","{defaultclientid=iot-device-01, thingname=iot-device-01, thingid=983c2b68-f9a3-4e83-b3c6-9f6f8ad5431b, thingarn=arn:aws:iot:us-east-1:507441099951:thing/iot-device-01, thingtypename=null, attributes={installed=1594665292, latitude=37.4133144, longitude=-122.1513069}, version=1, billinggroupname=null}","2020-11-26 00:00:00.000"
"iot-device-02","1.59461057530073E9","59.7","78.26","true","false","0.0072","0.0045","0.019","2020-11-26T17:03:50.800+0000","{defaultclientid=iot-device-02, thingname=iot-device-02, thingid=4ae4927a-aefb-4584-a45a-fc4839feffd6, thingarn=arn:aws:iot:us-east-1:507441099951:thing/iot-device-02, thingtypename=null, attributes={installed=1593361211, latitude=32.8205865, longitude=-96.871627}, version=1, billinggroupname=null}","2020-11-26 00:00:00.000"
"iot-device-03","1.5946105776616275E9","49.7","71.96","false","false","0.0078","0.0051","0.0208","2020-11-26T17:03:51.090+0000","{defaultclientid=iot-device-03, thingname=iot-device-03, thingid=877352b9-a35d-45d3-9c98-162d89965a13, thingarn=arn:aws:iot:us-east-1:507441099951:thing/iot-device-03, thingtypename=null, attributes={installed=1592562234, latitude=37.4133144, longitude=-122.1513069}, version=1, billinggroupname=null}","2020-11-26 00:00:00.000"
"iot-device-02","1.5946105791083422E9","59.6","78.08","true","false","0.0072","0.0045","0.019","2020-11-26T17:03:51.376+0000","{defaultclientid=iot-device-02, thingname=iot-device-02, thingid=4ae4927a-aefb-4584-a45a-fc4839feffd6, thingarn=arn:aws:iot:us-east-1:507441099951:thing/iot-device-02, thingtypename=null, attributes={installed=1593361211, latitude=32.8205865, longitude=-96.871627}, version=1, billinggroupname=null}","2020-11-26 00:00:00.000"
"iot-device-01","1.5946105795026696E9","73.9","66.56","false","false","0.0084","0.0056","0.0225","2020-11-26T17:03:51.671+0000","{defaultclientid=iot-device-01, thingname=iot-device-01, thingid=983c2b68-f9a3-4e83-b3c6-9f6f8ad5431b, thingarn=arn:aws:iot:us-east-1:507441099951:thing/iot-device-01, thingtypename=null, attributes={installed=1594665292, latitude=37.4133144, longitude=-122.1513069}, version=1, billinggroupname=null}","2020-11-26 00:00:00.000"
"iot-device-03","1.5946105813120944E9","49.6","72.14","false","false","0.0078","0.0051","0.0208","2020-11-26T17:03:51.968+0000","{defaultclientid=iot-device-03, thingname=iot-device-03, thingid=877352b9-a35d-45d3-9c98-162d89965a13, thingarn=arn:aws:iot:us-east-1:507441099951:thing/iot-device-03, thingtypename=null, attributes={installed=1592562234, latitude=37.4133144, longitude=-122.1513069}, version=1, billinggroupname=null}","2020-11-26 00:00:00.000"
"iot-device-02","1.5946105829183776E9","59.7","78.26","true","false","0.0072","0.0045","0.019","2020-11-26T17:03:52.261+0000","{defaultclientid=iot-device-02, thingname=iot-device-02, thingid=4ae4927a-aefb-4584-a45a-fc4839feffd6, thingarn=arn:aws:iot:us-east-1:507441099951:thing/iot-device-02, thingtypename=null, attributes={installed=1593361211, latitude=32.8205865, longitude=-96.871627}, version=1, billinggroupname=null}","2020-11-26 00:00:00.000"
"iot-device-01","1.5946105849342544E9","74.1","66.56","false","false","0.0084","0.0056","0.0225","2020-11-26T17:03:52.540+0000","{defaultclientid=iot-device-01, thingname=iot-device-01, thingid=983c2b68-f9a3-4e83-b3c6-9f6f8ad5431b, thingarn=arn:aws:iot:us-east-1:507441099951:thing/iot-device-01, thingtypename=null, attributes={installed=1594665292, latitude=37.4133144, longitude=-122.1513069}, version=1, billinggroupname=null}","2020-11-26 00:00:00.000"
"iot-device-03","1.5946105850060782E9","49.4","71.96","false","false","0.0078","0.0051","0.0208","2020-11-26T17:03:52.837+0000","{defaultclientid=iot-device-03, thingname=iot-device-03, thingid=877352b9-a35d-45d3-9c98-162d89965a13, thingarn=arn:aws:iot:us-east-1:507441099951:thing/iot-device-03, thingtypename=null, attributes={installed=1592562234, latitude=37.4133144, longitude=-122.1513069}, version=1, billinggroupname=null}","2020-11-26 00:00:00.000"
"iot-device-02","1.5946105883571017E9","60.6","78.08","true","false","0.0071","0.0045","0.0189","2020-11-26T17:03:53.120+0000","{defaultclientid=iot-device-02, thingname=iot-device-02, thingid=4ae4927a-aefb-4584-a45a-fc4839feffd6, thingarn=arn:aws:iot:us-east-1:507441099951:thing/iot-device-02, thingtypename=null, attributes={installed=1593361211, latitude=32.8205865, longitude=-96.871627}, version=1, billinggroupname=null}","2020-11-26 00:00:00.000"
"iot-device-01","1.5946106212704172E9","73.9","66.56","false","false","0.0084","0.0056","0.0225","2020-11-26T17:03:59.321+0000","{defaultclientid=iot-device-01, thingname=iot-device-01, thingid=983c2b68-f9a3-4e83-b3c6-9f6f8ad5431b, thingarn=arn:aws:iot:us-east-1:507441099951:thing/iot-device-01, thingtypename=null, attributes={installed=1594665292, latitude=37.4133144, longitude=-122.1513069}, version=1, billinggroupname=null}","2020-11-26 00:00:00.000"
"iot-device-03","1.5946106218528955E9","48.7","71.78","false","false","0.0078","0.0051","0.0207","2020-11-26T17:03:59.619+0000","{defaultclientid=iot-device-03, thingname=iot-device-03, thingid=877352b9-a35d-45d3-9c98-162d89965a13, thingarn=arn:aws:iot:us-east-1:507441099951:thing/iot-device-03, thingtypename=null, attributes={installed=1592562234, latitude=37.4133144, longitude=-122.1513069}, version=1, billinggroupname=null}","2020-11-26 00:00:00.000"
"iot-device-02","1.5946106251673536E9","59.6","78.08","true","false","0.0072","0.0045","0.019","2020-11-26T17:03:59.918+0000","{defaultclientid=iot-device-02, thingname=iot-device-02, thingid=4ae4927a-aefb-4584-a45a-fc4839feffd6, thingarn=arn:aws:iot:us-east-1:507441099951:thing/iot-device-02, thingtypename=null, attributes={installed=1593361211, latitude=32.8205865, longitude=-96.871627}, version=1, billinggroupname=null}","2020-11-26 00:00:00.000"
"iot-device-01","1.5946090010021167E9","74.4","66.2","false","false","0.0091","0.0063","0.0244","2020-11-26T17:03:38.810+0000","{defaultclientid=iot-device-01, thingname=iot-device-01, thingid=983c2b68-f9a3-4e83-b3c6-9f6f8ad5431b, thingarn=arn:aws:iot:us-east-1:507441099951:thing/iot-device-01, thingtypename=null, attributes={installed=1594665292, latitude=37.4133144, longitude=-122.1513069}, version=1, billinggroupname=null}","2020-11-26 00:00:00.000"
"iot-device-03","1.594609003450192E9","49.9","71.42","false","false","0.0078","0.0051","0.0208","2020-11-26T17:03:39.093+0000","{defaultclientid=iot-device-03, thingname=iot-device-03, thingid=877352b9-a35d-45d3-9c98-162d89965a13, thingarn=arn:aws:iot:us-east-1:507441099951:thing/iot-device-03, thingtypename=null, attributes={installed=1592562234, latitude=37.4133144, longitude=-122.1513069}, version=1, billinggroupname=null}","2020-11-26 00:00:00.000"
"iot-device-01","1.5946090048159044E9","74.3","66.2","false","false","0.0088","0.006","0.0237","2020-11-26T17:03:39.380+0000","{defaultclientid=iot-device-01, thingname=iot-device-01, thingid=983c2b68-f9a3-4e83-b3c6-9f6f8ad5431b, thingarn=arn:aws:iot:us-east-1:507441099951:thing/iot-device-01, thingtypename=null, attributes={installed=1594665292, latitude=37.4133144, longitude=-122.1513069}, version=1, billinggroupname=null}","2020-11-26 00:00:00.000"
"iot-device-01","1.5946105181108847E9","74.1","66.74","false","false","0.0085","0.0057","0.0228","2020-11-26T17:03:39.669+0000","{defaultclientid=iot-device-01, thingname=iot-device-01, thingid=983c2b68-f9a3-4e83-b3c6-9f6f8ad5431b, thingarn=arn:aws:iot:us-east-1:507441099951:thing/iot-device-01, thingtypename=null, attributes={installed=1594665292, latitude=37.4133144, longitude=-122.1513069}, version=1, billinggroupname=null}","2020-11-26 00:00:00.000"
"iot-device-03","1.594610518723515E9","50.4","72.14","false","false","0.0078","0.0051","0.0208","2020-11-26T17:03:39.957+0000","{defaultclientid=iot-device-03, thingname=iot-device-03, thingid=877352b9-a35d-45d3-9c98-162d89965a13, thingarn=arn:aws:iot:us-east-1:507441099951:thing/iot-device-03, thingtypename=null, attributes={installed=1592562234, latitude=37.4133144, longitude=-122.1513069}, version=1, billinggroupname=null}","2020-11-26 00:00:00.000"
"iot-device-02","1.594610520620352E9","59.6","78.08","true","false","0.0072","0.0045","0.019","2020-11-26T17:03:40.310+0000","{defaultclientid=iot-device-02, thingname=iot-device-02, thingid=4ae4927a-aefb-4584-a45a-fc4839feffd6, thingarn=arn:aws:iot:us-east-1:507441099951:thing/iot-device-02, thingtypename=null, attributes={installed=1593361211, latitude=32.8205865, longitude=-96.871627}, version=1, billinggroupname=null}","2020-11-26 00:00:00.000"
"iot-device-03","1.594610522362247E9","50.3","72.14","false","false","0.0078","0.0051","0.0207","2020-11-26T17:03:40.599+0000","{defaultclientid=iot-device-03, thingname=iot-device-03, thingid=877352b9-a35d-45d3-9c98-162d89965a13, thingarn=arn:aws:iot:us-east-1:507441099951:thing/iot-device-03, thingtypename=null, attributes={installed=1592562234, latitude=37.4133144, longitude=-122.1513069}, version=1, billinggroupname=null}","2020-11-26 00:00:00.000"
"iot-device-01","1.5946105224662135E9","74.2","66.74","false","false","0.0084","0.0056","0.0225","2020-11-26T17:03:40.887+0000","{defaultclientid=iot-device-01, thingname=iot-device-01, thingid=983c2b68-f9a3-4e83-b3c6-9f6f8ad5431b, thingarn=arn:aws:iot:us-east-1:507441099951:thing/iot-device-01, thingtypename=null, attributes={installed=1594665292, latitude=37.4133144, longitude=-122.1513069}, version=1, billinggroupname=null}","2020-11-26 00:00:00.000"
"iot-device-03","1.5946105260539994E9","50.3","72.14","false","false","0.0078","0.0051","0.0207","2020-11-26T17:03:41.182+0000","{defaultclientid=iot-device-03, thingname=iot-device-03, thingid=877352b9-a35d-45d3-9c98-162d89965a13, thingarn=arn:aws:iot:us-east-1:507441099951:thing/iot-device-03, thingtypename=null, attributes={installed=1592562234, latitude=37.4133144, longitude=-122.1513069}, version=1, billinggroupname=null}","2020-11-26 00:00:00.000"
"iot-device-01","1.594610526283898E9","74.4","66.74","false","false","0.008","0.0053","0.0215","2020-11-26T17:03:41.475+0000","{defaultclientid=iot-device-01, thingname=iot-device-01, thingid=983c2b68-f9a3-4e83-b3c6-9f6f8ad5431b, thingarn=arn:aws:iot:us-east-1:507441099951:thing/iot-device-01, thingtypename=null, attributes={installed=1594665292, latitude=37.4133144, longitude=-122.1513069}, version=1, billinggroupname=null}","2020-11-26 00:00:00.000"
"iot-device-01","1.5946089879355984E9","74.5","66.2","false","false","0.0091","0.0063","0.0244","2020-11-26T17:03:35.870+0000","{defaultclientid=iot-device-01, thingname=iot-device-01, thingid=983c2b68-f9a3-4e83-b3c6-9f6f8ad5431b, thingarn=arn:aws:iot:us-east-1:507441099951:thing/iot-device-01, thingtypename=null, attributes={installed=1594665292, latitude=37.4133144, longitude=-122.1513069}, version=1, billinggroupname=null}","2020-11-26 00:00:00.000"
"iot-device-03","1.5946089887151394E9","50.0","71.42","false","false","0.0078","0.0051","0.0209","2020-11-26T17:03:36.167+0000","{defaultclientid=iot-device-03, thingname=iot-device-03, thingid=877352b9-a35d-45d3-9c98-162d89965a13, thingarn=arn:aws:iot:us-east-1:507441099951:thing/iot-device-03, thingtypename=null, attributes={installed=1592562234, latitude=37.4133144, longitude=-122.1513069}, version=1, billinggroupname=null}","2020-11-26 00:00:00.000"
"iot-device-02","1.5946089890223858E9","59.3","78.44","true","false","0.0072","0.0045","0.019","2020-11-26T17:03:36.449+0000","{defaultclientid=iot-device-02, thingname=iot-device-02, thingid=4ae4927a-aefb-4584-a45a-fc4839feffd6, thingarn=arn:aws:iot:us-east-1:507441099951:thing/iot-device-02, thingtypename=null, attributes={installed=1593361211, latitude=32.8205865, longitude=-96.871627}, version=1, billinggroupname=null}","2020-11-26 00:00:00.000"
"iot-device-01","1.5946089922949555E9","74.3","66.2","false","false","0.0088","0.006","0.0237","2020-11-26T17:03:36.741+0000","{defaultclientid=iot-device-01, thingname=iot-device-01, thingid=983c2b68-f9a3-4e83-b3c6-9f6f8ad5431b, thingarn=arn:aws:iot:us-east-1:507441099951:thing/iot-device-01, thingtypename=null, attributes={installed=1594665292, latitude=37.4133144, longitude=-122.1513069}, version=1, billinggroupname=null}","2020-11-26 00:00:00.000"
"iot-device-03","1.5946089923998563E9","50.0","71.42","false","false","0.0078","0.0051","0.0209","2020-11-26T17:03:37.039+0000","{defaultclientid=iot-device-03, thingname=iot-device-03, thingid=877352b9-a35d-45d3-9c98-162d89965a13, thingarn=arn:aws:iot:us-east-1:507441099951:thing/iot-device-03, thingtypename=null, attributes={installed=1592562234, latitude=37.4133144, longitude=-122.1513069}, version=1, billinggroupname=null}","2020-11-26 00:00:00.000"
"iot-device-02","1.5946089949670153E9","59.3","78.44","true","false","0.0072","0.0045","0.019","2020-11-26T17:03:37.345+0000","{defaultclientid=iot-device-02, thingname=iot-device-02, thingid=4ae4927a-aefb-4584-a45a-fc4839feffd6, thingarn=arn:aws:iot:us-east-1:507441099951:thing/iot-device-02, thingtypename=null, attributes={installed=1593361211, latitude=32.8205865, longitude=-96.871627}, version=1, billinggroupname=null}","2020-11-26 00:00:00.000"
"iot-device-03","1.5946089960832913E9","50.0","71.42","false","false","0.0078","0.0051","0.0209","2020-11-26T17:03:37.639+0000","{defaultclientid=iot-device-03, thingname=iot-device-03, thingid=877352b9-a35d-45d3-9c98-162d89965a13, thingarn=arn:aws:iot:us-east-1:507441099951:thing/iot-device-03, thingtypename=null, attributes={installed=1592562234, latitude=37.4133144, longitude=-122.1513069}, version=1, billinggroupname=null}","2020-11-26 00:00:00.000"
"iot-device-01","1.5946089966474738E9","74.3","60.44","false","false","0.009","0.0062","0.0242","2020-11-26T17:03:37.932+0000","{defaultclientid=iot-device-01, thingname=iot-device-01, thingid=983c2b68-f9a3-4e83-b3c6-9f6f8ad5431b, thingarn=arn:aws:iot:us-east-1:507441099951:thing/iot-device-01, thingtypename=null, attributes={installed=1594665292, latitude=37.4133144, longitude=-122.1513069}, version=1, billinggroupname=null}","2020-11-26 00:00:00.000"
"iot-device-03","1.5946089997661648E9","50.0","71.42","false","false","0.0078","0.0051","0.0209","2020-11-26T17:03:38.230+0000","{defaultclientid=iot-device-03, thingname=iot-device-03, thingid=877352b9-a35d-45d3-9c98-162d89965a13, thingarn=arn:aws:iot:us-east-1:507441099951:thing/iot-device-03, thingtypename=null, attributes={installed=1592562234, latitude=37.4133144, longitude=-122.1513069}, version=1, billinggroupname=null}","2020-11-26 00:00:00.000"
"iot-device-02","1.5946090009110918E9","59.3","78.44","true","false","0.0072","0.0046","0.0191","2020-11-26T17:03:38.520+0000","{defaultclientid=iot-device-02, thingname=iot-device-02, thingid=4ae4927a-aefb-4584-a45a-fc4839feffd6, thingarn=arn:aws:iot:us-east-1:507441099951:thing/iot-device-02, thingtypename=null, attributes={installed=1593361211, latitude=32.8205865, longitude=-96.871627}, version=1, billinggroupname=null}","2020-11-26 00:00:00.000"
"iot-device-02","1.5946089711753714E9","59.3","78.44","true","false","0.0072","0.0046","0.0192","2020-11-26T17:03:32.954+0000","{defaultclientid=iot-device-02, thingname=iot-device-02, thingid=4ae4927a-aefb-4584-a45a-fc4839feffd6, thingarn=arn:aws:iot:us-east-1:507441099951:thing/iot-device-02, thingtypename=null, attributes={installed=1593361211, latitude=32.8205865, longitude=-96.871627}, version=1, billinggroupname=null}","2020-11-26 00:00:00.000"
"iot-device-01","1.594608971654419E9","74.2","66.2","false","false","0.009","0.0062","0.0242","2020-11-26T17:03:33.255+0000","{defaultclientid=iot-device-01, thingname=iot-device-01, thingid=983c2b68-f9a3-4e83-b3c6-9f6f8ad5431b, thingarn=arn:aws:iot:us-east-1:507441099951:thing/iot-device-01, thingtypename=null, attributes={installed=1594665292, latitude=37.4133144, longitude=-122.1513069}, version=1, billinggroupname=null}","2020-11-26 00:00:00.000"
"iot-device-03","1.594608973972214E9","50.1","71.42","false","false","0.0078","0.0051","0.0209","2020-11-26T17:03:33.543+0000","{defaultclientid=iot-device-03, thingname=iot-device-03, thingid=877352b9-a35d-45d3-9c98-162d89965a13, thingarn=arn:aws:iot:us-east-1:507441099951:thing/iot-device-03, thingtypename=null, attributes={installed=1592562234, latitude=37.4133144, longitude=-122.1513069}, version=1, billinggroupname=null}","2020-11-26 00:00:00.000"
"iot-device-02","1.594608976590036E9","59.3","78.44","true","false","0.0072","0.0045","0.019","2020-11-26T17:03:33.846+0000","{defaultclientid=iot-device-02, thingname=iot-device-02, thingid=4ae4927a-aefb-4584-a45a-fc4839feffd6, thingarn=arn:aws:iot:us-east-1:507441099951:thing/iot-device-02, thingtypename=null, attributes={installed=1593361211, latitude=32.8205865, longitude=-96.871627}, version=1, billinggroupname=null}","2020-11-26 00:00:00.000"
"iot-device-03","1.594608977657613E9","50.1","71.42","false","false","0.0078","0.0051","0.0209","2020-11-26T17:03:34.132+0000","{defaultclientid=iot-device-03, thingname=iot-device-03, thingid=877352b9-a35d-45d3-9c98-162d89965a13, thingarn=arn:aws:iot:us-east-1:507441099951:thing/iot-device-03, thingtypename=null, attributes={installed=1592562234, latitude=37.4133144, longitude=-122.1513069}, version=1, billinggroupname=null}","2020-11-26 00:00:00.000"
"iot-device-01","1.5946089786946125E9","74.7","66.2","false","false","0.0091","0.0063","0.0244","2020-11-26T17:03:34.424+0000","{defaultclientid=iot-device-01, thingname=iot-device-01, thingid=983c2b68-f9a3-4e83-b3c6-9f6f8ad5431b, thingarn=arn:aws:iot:us-east-1:507441099951:thing/iot-device-01, thingtypename=null, attributes={installed=1594665292, latitude=37.4133144, longitude=-122.1513069}, version=1, billinggroupname=null}","2020-11-26 00:00:00.000"
"iot-device-03","1.5946089813442955E9","50.0","71.42","false","false","0.0078","0.0051","0.0208","2020-11-26T17:03:34.709+0000","{defaultclientid=iot-device-03, thingname=iot-device-03, thingid=877352b9-a35d-45d3-9c98-162d89965a13, thingarn=arn:aws:iot:us-east-1:507441099951:thing/iot-device-03, thingtypename=null, attributes={installed=1592562234, latitude=37.4133144, longitude=-122.1513069}, version=1, billinggroupname=null}","2020-11-26 00:00:00.000"
"iot-device-02","1.5946089820076473E9","59.3","78.44","true","false","0.0072","0.0045","0.019","2020-11-26T17:03:34.999+0000","{defaultclientid=iot-device-02, thingname=iot-device-02, thingid=4ae4927a-aefb-4584-a45a-fc4839feffd6, thingarn=arn:aws:iot:us-east-1:507441099951:thing/iot-device-02, thingtypename=null, attributes={installed=1593361211, latitude=32.8205865, longitude=-96.871627}, version=1, billinggroupname=null}","2020-11-26 00:00:00.000"
"iot-device-01","1.5946089830468302E9","74.3","66.2","false","false","0.0089","0.0061","0.0239","2020-11-26T17:03:35.288+0000","{defaultclientid=iot-device-01, thingname=iot-device-01, thingid=983c2b68-f9a3-4e83-b3c6-9f6f8ad5431b, thingarn=arn:aws:iot:us-east-1:507441099951:thing/iot-device-01, thingtypename=null, attributes={installed=1594665292, latitude=37.4133144, longitude=-122.1513069}, version=1, billinggroupname=null}","2020-11-26 00:00:00.000"
"iot-device-03","1.5946089850278318E9","50.0","71.42","false","false","0.0078","0.0051","0.0209","2020-11-26T17:03:35.579+0000","{defaultclientid=iot-device-03, thingname=iot-device-03, thingid=877352b9-a35d-45d3-9c98-162d89965a13, thingarn=arn:aws:iot:us-east-1:507441099951:thing/iot-device-03, thingtypename=null, attributes={installed=1592562234, latitude=37.4133144, longitude=-122.1513069}, version=1, billinggroupname=null}","2020-11-26 00:00:00.000"
"iot-device-03","1.5946105592379234E9","50.1","72.14","false","false","0.0078","0.005","0.0207","2020-11-26T17:03:47.584+0000","{defaultclientid=iot-device-03, thingname=iot-device-03, thingid=877352b9-a35d-45d3-9c98-162d89965a13, thingarn=arn:aws:iot:us-east-1:507441099951:thing/iot-device-03, thingtypename=null, attributes={installed=1592562234, latitude=37.4133144, longitude=-122.1513069}, version=1, billinggroupname=null}","2020-11-26 00:00:00.000"
"iot-device-01","1.5946105604903474E9","73.9","66.56","false","false","0.0086","0.0058","0.0232","2020-11-26T17:03:47.882+0000","{defaultclientid=iot-device-01, thingname=iot-device-01, thingid=983c2b68-f9a3-4e83-b3c6-9f6f8ad5431b, thingarn=arn:aws:iot:us-east-1:507441099951:thing/iot-device-01, thingtypename=null, attributes={installed=1594665292, latitude=37.4133144, longitude=-122.1513069}, version=1, billinggroupname=null}","2020-11-26 00:00:00.000"
"iot-device-03","1.5946105629217222E9","50.1","72.14","false","false","0.0078","0.0051","0.0208","2020-11-26T17:03:48.168+0000","{defaultclientid=iot-device-03, thingname=iot-device-03, thingid=877352b9-a35d-45d3-9c98-162d89965a13, thingarn=arn:aws:iot:us-east-1:507441099951:thing/iot-device-03, thingtypename=null, attributes={installed=1592562234, latitude=37.4133144, longitude=-122.1513069}, version=1, billinggroupname=null}","2020-11-26 00:00:00.000"
"iot-device-02","1.5946105639477088E9","59.6","78.26","true","false","0.0072","0.0046","0.0191","2020-11-26T17:03:48.450+0000","{defaultclientid=iot-device-02, thingname=iot-device-02, thingid=4ae4927a-aefb-4584-a45a-fc4839feffd6, thingarn=arn:aws:iot:us-east-1:507441099951:thing/iot-device-02, thingtypename=null, attributes={installed=1593361211, latitude=32.8205865, longitude=-96.871627}, version=1, billinggroupname=null}","2020-11-26 00:00:00.000"
"iot-device-01","1.5946105643033247E9","74.0","66.74","false","false","0.0084","0.0056","0.0225","2020-11-26T17:03:48.754+0000","{defaultclientid=iot-device-01, thingname=iot-device-01, thingid=983c2b68-f9a3-4e83-b3c6-9f6f8ad5431b, thingarn=arn:aws:iot:us-east-1:507441099951:thing/iot-device-01, thingtypename=null, attributes={installed=1594665292, latitude=37.4133144, longitude=-122.1513069}, version=1, billinggroupname=null}","2020-11-26 00:00:00.000"
"iot-device-03","1.5946105666076221E9","50.0","72.14","false","false","0.0078","0.0051","0.0207","2020-11-26T17:03:49.035+0000","{defaultclientid=iot-device-03, thingname=iot-device-03, thingid=877352b9-a35d-45d3-9c98-162d89965a13, thingarn=arn:aws:iot:us-east-1:507441099951:thing/iot-device-03, thingtypename=null, attributes={installed=1592562234, latitude=37.4133144, longitude=-122.1513069}, version=1, billinggroupname=null}","2020-11-26 00:00:00.000"
"iot-device-01","1.5946105691911476E9","74.0","66.74","false","false","0.0086","0.0058","0.0232","2020-11-26T17:03:49.330+0000","{defaultclientid=iot-device-01, thingname=iot-device-01, thingid=983c2b68-f9a3-4e83-b3c6-9f6f8ad5431b, thingarn=arn:aws:iot:us-east-1:507441099951:thing/iot-device-01, thingtypename=null, attributes={installed=1594665292, latitude=37.4133144, longitude=-122.1513069}, version=1, billinggroupname=null}","2020-11-26 00:00:00.000"
"iot-device-03","1.5946105702909722E9","50.0","72.14","false","false","0.0078","0.0051","0.0207","2020-11-26T17:03:49.626+0000","{defaultclientid=iot-device-03, thingname=iot-device-03, thingid=877352b9-a35d-45d3-9c98-162d89965a13, thingarn=arn:aws:iot:us-east-1:507441099951:thing/iot-device-03, thingtypename=null, attributes={installed=1592562234, latitude=37.4133144, longitude=-122.1513069}, version=1, billinggroupname=null}","2020-11-26 00:00:00.000"
"iot-device-02","1.5946105709570332E9","59.6","78.08","true","false","0.0072","0.0045","0.019","2020-11-26T17:03:49.923+0000","{defaultclientid=iot-device-02, thingname=iot-device-02, thingid=4ae4927a-aefb-4584-a45a-fc4839feffd6, thingarn=arn:aws:iot:us-east-1:507441099951:thing/iot-device-02, thingtypename=null, attributes={installed=1593361211, latitude=32.8205865, longitude=-96.871627}, version=1, billinggroupname=null}","2020-11-26 00:00:00.000"
"iot-device-03","1.5946105739762714E9","49.8","72.14","false","false","0.0078","0.0051","0.0207","2020-11-26T17:03:50.220+0000","{defaultclientid=iot-device-03, thingname=iot-device-03, thingid=877352b9-a35d-45d3-9c98-162d89965a13, thingarn=arn:aws:iot:us-east-1:507441099951:thing/iot-device-03, thingtypename=null, attributes={installed=1592562234, latitude=37.4133144, longitude=-122.1513069}, version=1, billinggroupname=null}","2020-11-26 00:00:00.000"
"iot-device-02","1.5946519139069116E9","61.7","74.66","true","false","0.0069","0.0043","0.0183","2020-11-26T17:25:39.057+0000","{defaultclientid=iot-device-02, thingname=iot-device-02, thingid=4ae4927a-aefb-4584-a45a-fc4839feffd6, thingarn=arn:aws:iot:us-east-1:507441099951:thing/iot-device-02, thingtypename=null, attributes={installed=1593361211, latitude=32.8205865, longitude=-96.871627}, version=1, billinggroupname=null}","2020-11-26 00:00:00.000"
"iot-device-01","1.594651914783276E9","75.0","67.1","false","false","0.0065","0.0039","0.017","2020-11-26T17:25:39.350+0000","{defaultclientid=iot-device-01, thingname=iot-device-01, thingid=983c2b68-f9a3-4e83-b3c6-9f6f8ad5431b, thingarn=arn:aws:iot:us-east-1:507441099951:thing/iot-device-01, thingtypename=null, attributes={installed=1594665292, latitude=37.4133144, longitude=-122.1513069}, version=1, billinggroupname=null}","2020-11-26 00:00:00.000"
"iot-device-03","1.5946519170469995E9","51.7","71.78","false","false","0.0079","0.0052","0.0212","2020-11-26T17:25:39.639+0000","{defaultclientid=iot-device-03, thingname=iot-device-03, thingid=877352b9-a35d-45d3-9c98-162d89965a13, thingarn=arn:aws:iot:us-east-1:507441099951:thing/iot-device-03, thingtypename=null, attributes={installed=1592562234, latitude=37.4133144, longitude=-122.1513069}, version=1, billinggroupname=null}","2020-11-26 00:00:00.000"
"iot-device-02","1.5946519177185411E9","61.7","74.66","true","false","0.0069","0.0043","0.0183","2020-11-26T17:25:39.941+0000","{defaultclientid=iot-device-02, thingname=iot-device-02, thingid=4ae4927a-aefb-4584-a45a-fc4839feffd6, thingarn=arn:aws:iot:us-east-1:507441099951:thing/iot-device-02, thingtypename=null, attributes={installed=1593361211, latitude=32.8205865, longitude=-96.871627}, version=1, billinggroupname=null}","2020-11-26 00:00:00.000"
"iot-device-03","1.5946519207147806E9","51.7","71.78","false","false","0.0078","0.0051","0.021","2020-11-26T17:25:40.230+0000","{defaultclientid=iot-device-03, thingname=iot-device-03, thingid=877352b9-a35d-45d3-9c98-162d89965a13, thingarn=arn:aws:iot:us-east-1:507441099951:thing/iot-device-03, thingtypename=null, attributes={installed=1592562234, latitude=37.4133144, longitude=-122.1513069}, version=1, billinggroupname=null}","2020-11-26 00:00:00.000"
"iot-device-01","1.5946519212947233E9","75.0","67.1","false","false","0.0064","0.0039","0.0169","2020-11-26T17:25:40.523+0000","{defaultclientid=iot-device-01, thingname=iot-device-01, thingid=983c2b68-f9a3-4e83-b3c6-9f6f8ad5431b, thingarn=arn:aws:iot:us-east-1:507441099951:thing/iot-device-01, thingtypename=null, attributes={installed=1594665292, latitude=37.4133144, longitude=-122.1513069}, version=1, billinggroupname=null}","2020-11-26 00:00:00.000"
"iot-device-03","1.5946519244007688E9","51.7","71.78","false","false","0.0078","0.0051","0.0209","2020-11-26T17:25:40.822+0000","{defaultclientid=iot-device-03, thingname=iot-device-03, thingid=877352b9-a35d-45d3-9c98-162d89965a13, thingarn=arn:aws:iot:us-east-1:507441099951:thing/iot-device-03, thingtypename=null, attributes={installed=1592562234, latitude=37.4133144, longitude=-122.1513069}, version=1, billinggroupname=null}","2020-11-26 00:00:00.000"
"iot-device-01","1.5946519261839874E9","75.0","67.1","false","false","0.0065","0.0039","0.017","2020-11-26T17:25:41.135+0000","{defaultclientid=iot-device-01, thingname=iot-device-01, thingid=983c2b68-f9a3-4e83-b3c6-9f6f8ad5431b, thingarn=arn:aws:iot:us-east-1:507441099951:thing/iot-device-01, thingtypename=null, attributes={installed=1594665292, latitude=37.4133144, longitude=-122.1513069}, version=1, billinggroupname=null}","2020-11-26 00:00:00.000"
"iot-device-03","1.594651928086666E9","51.6","71.78","false","false","0.0079","0.0052","0.0211","2020-11-26T17:25:41.419+0000","{defaultclientid=iot-device-03, thingname=iot-device-03, thingid=877352b9-a35d-45d3-9c98-162d89965a13, thingarn=arn:aws:iot:us-east-1:507441099951:thing/iot-device-03, thingtypename=null, attributes={installed=1592562234, latitude=37.4133144, longitude=-122.1513069}, version=1, billinggroupname=null}","2020-11-26 00:00:00.000"
"iot-device-02","1.5946519285209305E9","61.8","74.66","true","false","0.0069","0.0043","0.0183","2020-11-26T17:25:41.724+0000","{defaultclientid=iot-device-02, thingname=iot-device-02, thingid=4ae4927a-aefb-4584-a45a-fc4839feffd6, thingarn=arn:aws:iot:us-east-1:507441099951:thing/iot-device-02, thingtypename=null, attributes={installed=1593361211, latitude=32.8205865, longitude=-96.871627}, version=1, billinggroupname=null}","2020-11-26 00:00:00.000"
"iot-device-01","1.594650659843703E9","73.9","66.74","false","false","0.0065","0.004","0.0172","2020-11-26T17:25:30.018+0000","{defaultclientid=iot-device-01, thingname=iot-device-01, thingid=983c2b68-f9a3-4e83-b3c6-9f6f8ad5431b, thingarn=arn:aws:iot:us-east-1:507441099951:thing/iot-device-01, thingtypename=null, attributes={installed=1594665292, latitude=37.4133144, longitude=-122.1513069}, version=1, billinggroupname=null}","2020-11-26 00:00:00.000"
"iot-device-02","1.5946506603464684E9","61.8","74.48","true","false","0.007","0.0043","0.0184","2020-11-26T17:25:30.312+0000","{defaultclientid=iot-device-02, thingname=iot-device-02, thingid=4ae4927a-aefb-4584-a45a-fc4839feffd6, thingarn=arn:aws:iot:us-east-1:507441099951:thing/iot-device-02, thingtypename=null, attributes={installed=1593361211, latitude=32.8205865, longitude=-96.871627}, version=1, billinggroupname=null}","2020-11-26 00:00:00.000"
"iot-device-03","1.594650660992955E9","49.2","70.7","false","false","0.0078","0.0051","0.0209","2020-11-26T17:25:30.609+0000","{defaultclientid=iot-device-03, thingname=iot-device-03, thingid=877352b9-a35d-45d3-9c98-162d89965a13, thingarn=arn:aws:iot:us-east-1:507441099951:thing/iot-device-03, thingtypename=null, attributes={installed=1592562234, latitude=37.4133144, longitude=-122.1513069}, version=1, billinggroupname=null}","2020-11-26 00:00:00.000"
"iot-device-03","1.594650664680351E9","49.2","70.7","false","false","0.0078","0.0051","0.0209","2020-11-26T17:25:30.912+0000","{defaultclientid=iot-device-03, thingname=iot-device-03, thingid=877352b9-a35d-45d3-9c98-162d89965a13, thingarn=arn:aws:iot:us-east-1:507441099951:thing/iot-device-03, thingtypename=null, attributes={installed=1592562234, latitude=37.4133144, longitude=-122.1513069}, version=1, billinggroupname=null}","2020-11-26 00:00:00.000"
"iot-device-01","1.5946506647302818E9","73.7","66.56","false","false","0.0065","0.0039","0.017","2020-11-26T17:25:31.220+0000","{defaultclientid=iot-device-01, thingname=iot-device-01, thingid=983c2b68-f9a3-4e83-b3c6-9f6f8ad5431b, thingarn=arn:aws:iot:us-east-1:507441099951:thing/iot-device-01, thingtypename=null, attributes={installed=1594665292, latitude=37.4133144, longitude=-122.1513069}, version=1, billinggroupname=null}","2020-11-26 00:00:00.000"
"iot-device-03","1.5946506683677714E9","49.2","70.7","false","false","0.0079","0.0051","0.021","2020-11-26T17:25:31.508+0000","{defaultclientid=iot-device-03, thingname=iot-device-03, thingid=877352b9-a35d-45d3-9c98-162d89965a13, thingarn=arn:aws:iot:us-east-1:507441099951:thing/iot-device-03, thingtypename=null, attributes={installed=1592562234, latitude=37.4133144, longitude=-122.1513069}, version=1, billinggroupname=null}","2020-11-26 00:00:00.000"
"iot-device-02","1.5946506690406694E9","61.9","74.48","true","false","0.007","0.0043","0.0185","2020-11-26T17:25:31.801+0000","{defaultclientid=iot-device-02, thingname=iot-device-02, thingid=4ae4927a-aefb-4584-a45a-fc4839feffd6, thingarn=arn:aws:iot:us-east-1:507441099951:thing/iot-device-02, thingtypename=null, attributes={installed=1593361211, latitude=32.8205865, longitude=-96.871627}, version=1, billinggroupname=null}","2020-11-26 00:00:00.000"
"iot-device-02","1.5946518766003435E9","61.6","74.66","true","false","0.007","0.0043","0.0184","2020-11-26T17:25:32.091+0000","{defaultclientid=iot-device-02, thingname=iot-device-02, thingid=4ae4927a-aefb-4584-a45a-fc4839feffd6, thingarn=arn:aws:iot:us-east-1:507441099951:thing/iot-device-02, thingtypename=null, attributes={installed=1593361211, latitude=32.8205865, longitude=-96.871627}, version=1, billinggroupname=null}","2020-11-26 00:00:00.000"
"iot-device-03","1.5946518766063313E9","51.5","71.78","false","false","0.0079","0.0052","0.0211","2020-11-26T17:25:32.384+0000","{defaultclientid=iot-device-03, thingname=iot-device-03, thingid=877352b9-a35d-45d3-9c98-162d89965a13, thingarn=arn:aws:iot:us-east-1:507441099951:thing/iot-device-03, thingtypename=null, attributes={installed=1592562234, latitude=37.4133144, longitude=-122.1513069}, version=1, billinggroupname=null}","2020-11-26 00:00:00.000"
"iot-device-01","1.5946518778902466E9","75.0","67.1","false","false","0.0065","0.004","0.0172","2020-11-26T17:25:32.681+0000","{defaultclientid=iot-device-01, thingname=iot-device-01, thingid=983c2b68-f9a3-4e83-b3c6-9f6f8ad5431b, thingarn=arn:aws:iot:us-east-1:507441099951:thing/iot-device-01, thingtypename=null, attributes={installed=1594665292, latitude=37.4133144, longitude=-122.1513069}, version=1, billinggroupname=null}","2020-11-26 00:00:00.000"
"iot-device-03","1.5946519980866175E9","51.6","71.78","false","false","0.0079","0.0052","0.021","2020-11-26T17:25:53.828+0000","{defaultclientid=iot-device-03, thingname=iot-device-03, thingid=877352b9-a35d-45d3-9c98-162d89965a13, thingarn=arn:aws:iot:us-east-1:507441099951:thing/iot-device-03, thingtypename=null, attributes={installed=1592562234, latitude=37.4133144, longitude=-122.1513069}, version=1, billinggroupname=null}","2020-11-26 00:00:00.000"
"iot-device-01","1.594652001316735E9","75.0","66.92","false","false","0.0065","0.0039","0.017","2020-11-26T17:25:54.131+0000","{defaultclientid=iot-device-01, thingname=iot-device-01, thingid=983c2b68-f9a3-4e83-b3c6-9f6f8ad5431b, thingarn=arn:aws:iot:us-east-1:507441099951:thing/iot-device-01, thingtypename=null, attributes={installed=1594665292, latitude=37.4133144, longitude=-122.1513069}, version=1, billinggroupname=null}","2020-11-26 00:00:00.000"
"iot-device-03","1.5946520017720015E9","51.6","71.78","false","false","0.0079","0.0052","0.0211","2020-11-26T17:25:54.418+0000","{defaultclientid=iot-device-03, thingname=iot-device-03, thingid=877352b9-a35d-45d3-9c98-162d89965a13, thingarn=arn:aws:iot:us-east-1:507441099951:thing/iot-device-03, thingtypename=null, attributes={installed=1592562234, latitude=37.4133144, longitude=-122.1513069}, version=1, billinggroupname=null}","2020-11-26 00:00:00.000"
"iot-device-03","1.5946520054123087E9","51.6","71.78","false","false","0.0079","0.0052","0.021","2020-11-26T17:25:54.720+0000","{defaultclientid=iot-device-03, thingname=iot-device-03, thingid=877352b9-a35d-45d3-9c98-162d89965a13, thingarn=arn:aws:iot:us-east-1:507441099951:thing/iot-device-03, thingtypename=null, attributes={installed=1592562234, latitude=37.4133144, longitude=-122.1513069}, version=1, billinggroupname=null}","2020-11-26 00:00:00.000"
"iot-device-02","1.5946520074417865E9","61.7","74.66","true","false","0.0069","0.0043","0.0183","2020-11-26T17:25:55.007+0000","{defaultclientid=iot-device-02, thingname=iot-device-02, thingid=4ae4927a-aefb-4584-a45a-fc4839feffd6, thingarn=arn:aws:iot:us-east-1:507441099951:thing/iot-device-02, thingtypename=null, attributes={installed=1593361211, latitude=32.8205865, longitude=-96.871627}, version=1, billinggroupname=null}","2020-11-26 00:00:00.000"
"iot-device-01","1.5946520088991005E9","75.0","67.1","false","false","0.0065","0.0039","0.017","2020-11-26T17:25:55.301+0000","{defaultclientid=iot-device-01, thingname=iot-device-01, thingid=983c2b68-f9a3-4e83-b3c6-9f6f8ad5431b, thingarn=arn:aws:iot:us-east-1:507441099951:thing/iot-device-01, thingtypename=null, attributes={installed=1594665292, latitude=37.4133144, longitude=-122.1513069}, version=1, billinggroupname=null}","2020-11-26 00:00:00.000"
"iot-device-03","1.594652009099656E9","51.6","71.78","false","false","0.0079","0.0051","0.021","2020-11-26T17:25:55.590+0000","{defaultclientid=iot-device-03, thingname=iot-device-03, thingid=877352b9-a35d-45d3-9c98-162d89965a13, thingarn=arn:aws:iot:us-east-1:507441099951:thing/iot-device-03, thingtypename=null, attributes={installed=1592562234, latitude=37.4133144, longitude=-122.1513069}, version=1, billinggroupname=null}","2020-11-26 00:00:00.000"
"iot-device-02","1.5946520112511392E9","61.7","74.66","true","false","0.0069","0.0043","0.0184","2020-11-26T17:25:55.894+0000","{defaultclientid=iot-device-02, thingname=iot-device-02, thingid=4ae4927a-aefb-4584-a45a-fc4839feffd6, thingarn=arn:aws:iot:us-east-1:507441099951:thing/iot-device-02, thingtypename=null, attributes={installed=1593361211, latitude=32.8205865, longitude=-96.871627}, version=1, billinggroupname=null}","2020-11-26 00:00:00.000"
"iot-device-03","1.5946520127582018E9","51.6","71.78","false","false","0.0079","0.0052","0.0211","2020-11-26T17:25:56.189+0000","{defaultclientid=iot-device-03, thingname=iot-device-03, thingid=877352b9-a35d-45d3-9c98-162d89965a13, thingarn=arn:aws:iot:us-east-1:507441099951:thing/iot-device-03, thingtypename=null, attributes={installed=1592562234, latitude=37.4133144, longitude=-122.1513069}, version=1, billinggroupname=null}","2020-11-26 00:00:00.000"
"iot-device-02","1.5946520150576358E9","61.8","74.66","true","false","0.007","0.0043","0.0184","2020-11-26T17:25:56.481+0000","{defaultclientid=iot-device-02, thingname=iot-device-02, thingid=4ae4927a-aefb-4584-a45a-fc4839feffd6, thingarn=arn:aws:iot:us-east-1:507441099951:thing/iot-device-02, thingtypename=null, attributes={installed=1593361211, latitude=32.8205865, longitude=-96.871627}, version=1, billinggroupname=null}","2020-11-26 00:00:00.000"
"iot-device-01","1.5946518973994818E9","75.0","67.1","false","false","0.0065","0.004","0.0172","2020-11-26T17:25:35.930+0000","{defaultclientid=iot-device-01, thingname=iot-device-01, thingid=983c2b68-f9a3-4e83-b3c6-9f6f8ad5431b, thingarn=arn:aws:iot:us-east-1:507441099951:thing/iot-device-01, thingtypename=null, attributes={installed=1594665292, latitude=37.4133144, longitude=-122.1513069}, version=1, billinggroupname=null}","2020-11-26 00:00:00.000"
"iot-device-03","1.5946518987188516E9","51.6","71.78","false","false","0.0078","0.0051","0.021","2020-11-26T17:25:36.219+0000","{defaultclientid=iot-device-03, thingname=iot-device-03, thingid=877352b9-a35d-45d3-9c98-162d89965a13, thingarn=arn:aws:iot:us-east-1:507441099951:thing/iot-device-03, thingtypename=null, attributes={installed=1592562234, latitude=37.4133144, longitude=-122.1513069}, version=1, billinggroupname=null}","2020-11-26 00:00:00.000"
"iot-device-02","1.5946518998581564E9","61.7","74.66","true","false","0.0069","0.0043","0.0183","2020-11-26T17:25:36.510+0000","{defaultclientid=iot-device-02, thingname=iot-device-02, thingid=4ae4927a-aefb-4584-a45a-fc4839feffd6, thingarn=arn:aws:iot:us-east-1:507441099951:thing/iot-device-02, thingtypename=null, attributes={installed=1593361211, latitude=32.8205865, longitude=-96.871627}, version=1, billinggroupname=null}","2020-11-26 00:00:00.000"
"iot-device-03","1.5946519023018415E9","51.7","71.78","false","false","0.0079","0.0052","0.0211","2020-11-26T17:25:36.804+0000","{defaultclientid=iot-device-03, thingname=iot-device-03, thingid=877352b9-a35d-45d3-9c98-162d89965a13, thingarn=arn:aws:iot:us-east-1:507441099951:thing/iot-device-03, thingtypename=null, attributes={installed=1592562234, latitude=37.4133144, longitude=-122.1513069}, version=1, billinggroupname=null}","2020-11-26 00:00:00.000"
"iot-device-02","1.59465190581148E9","61.7","74.66","true","false","0.0069","0.0043","0.0183","2020-11-26T17:25:37.088+0000","{defaultclientid=iot-device-02, thingname=iot-device-02, thingid=4ae4927a-aefb-4584-a45a-fc4839feffd6, thingarn=arn:aws:iot:us-east-1:507441099951:thing/iot-device-02, thingtypename=null, attributes={installed=1593361211, latitude=32.8205865, longitude=-96.871627}, version=1, billinggroupname=null}","2020-11-26 00:00:00.000"
"iot-device-03","1.594651905989369E9","51.7","71.78","false","false","0.0079","0.0052","0.021","2020-11-26T17:25:37.396+0000","{defaultclientid=iot-device-03, thingname=iot-device-03, thingid=877352b9-a35d-45d3-9c98-162d89965a13, thingarn=arn:aws:iot:us-east-1:507441099951:thing/iot-device-03, thingtypename=null, attributes={installed=1592562234, latitude=37.4133144, longitude=-122.1513069}, version=1, billinggroupname=null}","2020-11-26 00:00:00.000"
"iot-device-01","1.594651906616214E9","75.0","67.1","false","false","0.0065","0.0039","0.017","2020-11-26T17:25:37.683+0000","{defaultclientid=iot-device-01, thingname=iot-device-01, thingid=983c2b68-f9a3-4e83-b3c6-9f6f8ad5431b, thingarn=arn:aws:iot:us-east-1:507441099951:thing/iot-device-01, thingtypename=null, attributes={installed=1594665292, latitude=37.4133144, longitude=-122.1513069}, version=1, billinggroupname=null}","2020-11-26 00:00:00.000"
"iot-device-03","1.5946519096751356E9","51.7","71.78","false","false","0.0079","0.0052","0.021","2020-11-26T17:25:37.988+0000","{defaultclientid=iot-device-03, thingname=iot-device-03, thingid=877352b9-a35d-45d3-9c98-162d89965a13, thingarn=arn:aws:iot:us-east-1:507441099951:thing/iot-device-03, thingtypename=null, attributes={installed=1592562234, latitude=37.4133144, longitude=-122.1513069}, version=1, billinggroupname=null}","2020-11-26 00:00:00.000"
"iot-device-01","1.5946519109682062E9","75.0","67.1","false","false","0.0065","0.0039","0.017","2020-11-26T17:25:38.282+0000","{defaultclientid=iot-device-01, thingname=iot-device-01, thingid=983c2b68-f9a3-4e83-b3c6-9f6f8ad5431b, thingarn=arn:aws:iot:us-east-1:507441099951:thing/iot-device-01, thingtypename=null, attributes={installed=1594665292, latitude=37.4133144, longitude=-122.1513069}, version=1, billinggroupname=null}","2020-11-26 00:00:00.000"
"iot-device-03","1.5946519133610132E9","51.7","71.78","false","false","0.0079","0.0052","0.0212","2020-11-26T17:25:38.572+0000","{defaultclientid=iot-device-03, thingname=iot-device-03, thingid=877352b9-a35d-45d3-9c98-162d89965a13, thingarn=arn:aws:iot:us-east-1:507441099951:thing/iot-device-03, thingtypename=null, attributes={installed=1592562234, latitude=37.4133144, longitude=-122.1513069}, version=1, billinggroupname=null}","2020-11-26 00:00:00.000"
"iot-device-01","1.594652032219808E9","75.1","67.1","false","false","0.0064","0.0039","0.0169","2020-11-26T17:25:59.799+0000","{defaultclientid=iot-device-01, thingname=iot-device-01, thingid=983c2b68-f9a3-4e83-b3c6-9f6f8ad5431b, thingarn=arn:aws:iot:us-east-1:507441099951:thing/iot-device-01, thingtypename=null, attributes={installed=1594665292, latitude=37.4133144, longitude=-122.1513069}, version=1, billinggroupname=null}","2020-11-26 00:00:00.000"
"iot-device-03","1.5946519649457948E9","51.6","71.78","false","false","0.0079","0.0052","0.0211","2020-11-26T17:25:47.943+0000","{defaultclientid=iot-device-03, thingname=iot-device-03, thingid=877352b9-a35d-45d3-9c98-162d89965a13, thingarn=arn:aws:iot:us-east-1:507441099951:thing/iot-device-03, thingtypename=null, attributes={installed=1592562234, latitude=37.4133144, longitude=-122.1513069}, version=1, billinggroupname=null}","2020-11-26 00:00:00.000"
"iot-device-01","1.5946519665581946E9","75.0","67.1","false","false","0.0064","0.0039","0.0169","2020-11-26T17:25:48.232+0000","{defaultclientid=iot-device-01, thingname=iot-device-01, thingid=983c2b68-f9a3-4e83-b3c6-9f6f8ad5431b, thingarn=arn:aws:iot:us-east-1:507441099951:thing/iot-device-01, thingtypename=null, attributes={installed=1594665292, latitude=37.4133144, longitude=-122.1513069}, version=1, billinggroupname=null}","2020-11-26 00:00:00.000"
"iot-device-03","1.5946519686233141E9","51.6","71.78","false","false","0.0079","0.0052","0.0211","2020-11-26T17:25:48.539+0000","{defaultclientid=iot-device-03, thingname=iot-device-03, thingid=877352b9-a35d-45d3-9c98-162d89965a13, thingarn=arn:aws:iot:us-east-1:507441099951:thing/iot-device-03, thingtypename=null, attributes={installed=1592562234, latitude=37.4133144, longitude=-122.1513069}, version=1, billinggroupname=null}","2020-11-26 00:00:00.000"
"iot-device-01","1.594651970910944E9","75.0","67.1","false","false","0.0064","0.0039","0.0169","2020-11-26T17:25:48.844+0000","{defaultclientid=iot-device-01, thingname=iot-device-01, thingid=983c2b68-f9a3-4e83-b3c6-9f6f8ad5431b, thingarn=arn:aws:iot:us-east-1:507441099951:thing/iot-device-01, thingtypename=null, attributes={installed=1594665292, latitude=37.4133144, longitude=-122.1513069}, version=1, billinggroupname=null}","2020-11-26 00:00:00.000"
"iot-device-02","1.5946519712403462E9","61.8","74.66","true","false","0.0069","0.0043","0.0183","2020-11-26T17:25:49.139+0000","{defaultclientid=iot-device-02, thingname=iot-device-02, thingid=4ae4927a-aefb-4584-a45a-fc4839feffd6, thingarn=arn:aws:iot:us-east-1:507441099951:thing/iot-device-02, thingtypename=null, attributes={installed=1593361211, latitude=32.8205865, longitude=-96.871627}, version=1, billinggroupname=null}","2020-11-26 00:00:00.000"
"iot-device-03","1.5946519723099418E9","51.6","71.78","false","false","0.0079","0.0052","0.0212","2020-11-26T17:25:49.431+0000","{defaultclientid=iot-device-03, thingname=iot-device-03, thingid=877352b9-a35d-45d3-9c98-162d89965a13, thingarn=arn:aws:iot:us-east-1:507441099951:thing/iot-device-03, thingtypename=null, attributes={installed=1592562234, latitude=37.4133144, longitude=-122.1513069}, version=1, billinggroupname=null}","2020-11-26 00:00:00.000"
"iot-device-01","1.5946519757990322E9","75.1","67.1","false","false","0.0064","0.0038","0.0168","2020-11-26T17:25:49.719+0000","{defaultclientid=iot-device-01, thingname=iot-device-01, thingid=983c2b68-f9a3-4e83-b3c6-9f6f8ad5431b, thingarn=arn:aws:iot:us-east-1:507441099951:thing/iot-device-01, thingtypename=null, attributes={installed=1594665292, latitude=37.4133144, longitude=-122.1513069}, version=1, billinggroupname=null}","2020-11-26 00:00:00.000"
"iot-device-03","1.5946519759884114E9","51.7","71.78","false","false","0.0079","0.0052","0.0211","2020-11-26T17:25:50.011+0000","{defaultclientid=iot-device-03, thingname=iot-device-03, thingid=877352b9-a35d-45d3-9c98-162d89965a13, thingarn=arn:aws:iot:us-east-1:507441099951:thing/iot-device-03, thingtypename=null, attributes={installed=1592562234, latitude=37.4133144, longitude=-122.1513069}, version=1, billinggroupname=null}","2020-11-26 00:00:00.000"
"iot-device-02","1.5946519761229837E9","61.7","74.66","true","false","0.0069","0.0043","0.0183","2020-11-26T17:25:50.303+0000","{defaultclientid=iot-device-02, thingname=iot-device-02, thingid=4ae4927a-aefb-4584-a45a-fc4839feffd6, thingarn=arn:aws:iot:us-east-1:507441099951:thing/iot-device-02, thingtypename=null, attributes={installed=1593361211, latitude=32.8205865, longitude=-96.871627}, version=1, billinggroupname=null}","2020-11-26 00:00:00.000"
"iot-device-03","1.594651979673228E9","51.7","71.78","false","false","0.0079","0.0052","0.0211","2020-11-26T17:25:50.590+0000","{defaultclientid=iot-device-03, thingname=iot-device-03, thingid=877352b9-a35d-45d3-9c98-162d89965a13, thingarn=arn:aws:iot:us-east-1:507441099951:thing/iot-device-03, thingtypename=null, attributes={installed=1592562234, latitude=37.4133144, longitude=-122.1513069}, version=1, billinggroupname=null}","2020-11-26 00:00:00.000"
"iot-device-01","1.5946520154016404E9","75.0","67.1","false","false","0.0064","0.0039","0.0169","2020-11-26T17:25:56.769+0000","{defaultclientid=iot-device-01, thingname=iot-device-01, thingid=983c2b68-f9a3-4e83-b3c6-9f6f8ad5431b, thingarn=arn:aws:iot:us-east-1:507441099951:thing/iot-device-01, thingtypename=null, attributes={installed=1594665292, latitude=37.4133144, longitude=-122.1513069}, version=1, billinggroupname=null}","2020-11-26 00:00:00.000"
"iot-device-03","1.5946520164579613E9","51.6","71.78","false","false","0.0079","0.0052","0.0211","2020-11-26T17:25:57.062+0000","{defaultclientid=iot-device-03, thingname=iot-device-03, thingid=877352b9-a35d-45d3-9c98-162d89965a13, thingarn=arn:aws:iot:us-east-1:507441099951:thing/iot-device-03, thingtypename=null, attributes={installed=1592562234, latitude=37.4133144, longitude=-122.1513069}, version=1, billinggroupname=null}","2020-11-26 00:00:00.000"
"iot-device-02","1.5946520194017868E9","61.8","74.66","true","false","0.0069","0.0043","0.0183","2020-11-26T17:25:57.359+0000","{defaultclientid=iot-device-02, thingname=iot-device-02, thingid=4ae4927a-aefb-4584-a45a-fc4839feffd6, thingarn=arn:aws:iot:us-east-1:507441099951:thing/iot-device-02, thingtypename=null, attributes={installed=1593361211, latitude=32.8205865, longitude=-96.871627}, version=1, billinggroupname=null}","2020-11-26 00:00:00.000"
"iot-device-03","1.59465202014549E9","51.6","71.78","false","false","0.0079","0.0052","0.0211","2020-11-26T17:25:57.650+0000","{defaultclientid=iot-device-03, thingname=iot-device-03, thingid=877352b9-a35d-45d3-9c98-162d89965a13, thingarn=arn:aws:iot:us-east-1:507441099951:thing/iot-device-03, thingtypename=null, attributes={installed=1592562234, latitude=37.4133144, longitude=-122.1513069}, version=1, billinggroupname=null}","2020-11-26 00:00:00.000"
"iot-device-01","1.5946520235170329E9","75.0","67.1","false","false","0.0065","0.0039","0.017","2020-11-26T17:25:57.937+0000","{defaultclientid=iot-device-01, thingname=iot-device-01, thingid=983c2b68-f9a3-4e83-b3c6-9f6f8ad5431b, thingarn=arn:aws:iot:us-east-1:507441099951:thing/iot-device-01, thingtypename=null, attributes={installed=1594665292, latitude=37.4133144, longitude=-122.1513069}, version=1, billinggroupname=null}","2020-11-26 00:00:00.000"
"iot-device-03","1.5946520238336635E9","51.6","71.78","false","false","0.0079","0.0052","0.0211","2020-11-26T17:25:58.228+0000","{defaultclientid=iot-device-03, thingname=iot-device-03, thingid=877352b9-a35d-45d3-9c98-162d89965a13, thingarn=arn:aws:iot:us-east-1:507441099951:thing/iot-device-03, thingtypename=null, attributes={installed=1592562234, latitude=37.4133144, longitude=-122.1513069}, version=1, billinggroupname=null}","2020-11-26 00:00:00.000"
"iot-device-02","1.594652024280712E9","61.8","74.66","true","false","0.0069","0.0043","0.0183","2020-11-26T17:25:58.518+0000","{defaultclientid=iot-device-02, thingname=iot-device-02, thingid=4ae4927a-aefb-4584-a45a-fc4839feffd6, thingarn=arn:aws:iot:us-east-1:507441099951:thing/iot-device-02, thingtypename=null, attributes={installed=1593361211, latitude=32.8205865, longitude=-96.871627}, version=1, billinggroupname=null}","2020-11-26 00:00:00.000"
"iot-device-03","1.5946520275212686E9","51.6","71.78","false","false","0.0079","0.0051","0.021","2020-11-26T17:25:58.822+0000","{defaultclientid=iot-device-03, thingname=iot-device-03, thingid=877352b9-a35d-45d3-9c98-162d89965a13, thingarn=arn:aws:iot:us-east-1:507441099951:thing/iot-device-03, thingtypename=null, attributes={installed=1592562234, latitude=37.4133144, longitude=-122.1513069}, version=1, billinggroupname=null}","2020-11-26 00:00:00.000"
"iot-device-01","1.5946520278673365E9","75.0","67.1","false","false","0.0065","0.0039","0.017","2020-11-26T17:25:59.218+0000","{defaultclientid=iot-device-01, thingname=iot-device-01, thingid=983c2b68-f9a3-4e83-b3c6-9f6f8ad5431b, thingarn=arn:aws:iot:us-east-1:507441099951:thing/iot-device-01, thingtypename=null, attributes={installed=1594665292, latitude=37.4133144, longitude=-122.1513069}, version=1, billinggroupname=null}","2020-11-26 00:00:00.000"
"iot-device-03","1.5946520312072785E9","51.6","71.78","false","false","0.0079","0.0051","0.021","2020-11-26T17:25:59.509+0000","{defaultclientid=iot-device-03, thingname=iot-device-03, thingid=877352b9-a35d-45d3-9c98-162d89965a13, thingarn=arn:aws:iot:us-east-1:507441099951:thing/iot-device-03, thingtypename=null, attributes={installed=1592562234, latitude=37.4133144, longitude=-122.1513069}, version=1, billinggroupname=null}","2020-11-26 00:00:00.000"
"iot-device-03","1.5946519833597386E9","51.7","71.78","false","false","0.0079","0.0052","0.0211","2020-11-26T17:25:50.876+0000","{defaultclientid=iot-device-03, thingname=iot-device-03, thingid=877352b9-a35d-45d3-9c98-162d89965a13, thingarn=arn:aws:iot:us-east-1:507441099951:thing/iot-device-03, thingtypename=null, attributes={installed=1592562234, latitude=37.4133144, longitude=-122.1513069}, version=1, billinggroupname=null}","2020-11-26 00:00:00.000"
"iot-device-01","1.5946519839111214E9","75.0","67.1","false","false","0.0065","0.0039","0.017","2020-11-26T17:25:51.176+0000","{defaultclientid=iot-device-01, thingname=iot-device-01, thingid=983c2b68-f9a3-4e83-b3c6-9f6f8ad5431b, thingarn=arn:aws:iot:us-east-1:507441099951:thing/iot-device-01, thingtypename=null, attributes={installed=1594665292, latitude=37.4133144, longitude=-122.1513069}, version=1, billinggroupname=null}","2020-11-26 00:00:00.000"
"iot-device-03","1.5946519870455275E9","51.7","71.78","false","false","0.0079","0.0052","0.0211","2020-11-26T17:25:51.476+0000","{defaultclientid=iot-device-03, thingname=iot-device-03, thingid=877352b9-a35d-45d3-9c98-162d89965a13, thingarn=arn:aws:iot:us-east-1:507441099951:thing/iot-device-03, thingtypename=null, attributes={installed=1592562234, latitude=37.4133144, longitude=-122.1513069}, version=1, billinggroupname=null}","2020-11-26 00:00:00.000"
"iot-device-02","1.5946519874568179E9","62.1","74.66","true","false","0.0069","0.0043","0.0183","2020-11-26T17:25:51.770+0000","{defaultclientid=iot-device-02, thingname=iot-device-02, thingid=4ae4927a-aefb-4584-a45a-fc4839feffd6, thingarn=arn:aws:iot:us-east-1:507441099951:thing/iot-device-02, thingtypename=null, attributes={installed=1593361211, latitude=32.8205865, longitude=-96.871627}, version=1, billinggroupname=null}","2020-11-26 00:00:00.000"
"iot-device-03","1.594651990731348E9","51.7","71.78","false","false","0.0079","0.0052","0.0211","2020-11-26T17:25:52.068+0000","{defaultclientid=iot-device-03, thingname=iot-device-03, thingid=877352b9-a35d-45d3-9c98-162d89965a13, thingarn=arn:aws:iot:us-east-1:507441099951:thing/iot-device-03, thingtypename=null, attributes={installed=1592562234, latitude=37.4133144, longitude=-122.1513069}, version=1, billinggroupname=null}","2020-11-26 00:00:00.000"
"iot-device-02","1.594651991265057E9","61.7","74.66","true","false","0.0069","0.0043","0.0183","2020-11-26T17:25:52.359+0000","{defaultclientid=iot-device-02, thingname=iot-device-02, thingid=4ae4927a-aefb-4584-a45a-fc4839feffd6, thingarn=arn:aws:iot:us-east-1:507441099951:thing/iot-device-02, thingtypename=null, attributes={installed=1593361211, latitude=32.8205865, longitude=-96.871627}, version=1, billinggroupname=null}","2020-11-26 00:00:00.000"
"iot-device-01","1.5946519915117044E9","75.2","66.92","false","false","0.0065","0.0039","0.017","2020-11-26T17:25:52.651+0000","{defaultclientid=iot-device-01, thingname=iot-device-01, thingid=983c2b68-f9a3-4e83-b3c6-9f6f8ad5431b, thingarn=arn:aws:iot:us-east-1:507441099951:thing/iot-device-01, thingtypename=null, attributes={installed=1594665292, latitude=37.4133144, longitude=-122.1513069}, version=1, billinggroupname=null}","2020-11-26 00:00:00.000"
"iot-device-03","1.5946519943897107E9","51.7","71.78","false","false","0.0079","0.0051","0.021","2020-11-26T17:25:52.945+0000","{defaultclientid=iot-device-03, thingname=iot-device-03, thingid=877352b9-a35d-45d3-9c98-162d89965a13, thingarn=arn:aws:iot:us-east-1:507441099951:thing/iot-device-03, thingtypename=null, attributes={installed=1592562234, latitude=37.4133144, longitude=-122.1513069}, version=1, billinggroupname=null}","2020-11-26 00:00:00.000"
"iot-device-01","1.5946519975025258E9","75.1","67.1","false","false","0.0065","0.0039","0.017","2020-11-26T17:25:53.239+0000","{defaultclientid=iot-device-01, thingname=iot-device-01, thingid=983c2b68-f9a3-4e83-b3c6-9f6f8ad5431b, thingarn=arn:aws:iot:us-east-1:507441099951:thing/iot-device-01, thingtypename=null, attributes={installed=1594665292, latitude=37.4133144, longitude=-122.1513069}, version=1, billinggroupname=null}","2020-11-26 00:00:00.000"
"iot-device-02","1.5946519977498226E9","61.7","74.66","true","false","0.0069","0.0043","0.0183","2020-11-26T17:25:53.535+0000","{defaultclientid=iot-device-02, thingname=iot-device-02, thingid=4ae4927a-aefb-4584-a45a-fc4839feffd6, thingarn=arn:aws:iot:us-east-1:507441099951:thing/iot-device-02, thingtypename=null, attributes={installed=1593361211, latitude=32.8205865, longitude=-96.871627}, version=1, billinggroupname=null}","2020-11-26 00:00:00.000"
"iot-device-01","1.5946519299980767E9","75.2","67.1","false","false","0.0064","0.0038","0.0168","2020-11-26T17:25:42.018+0000","{defaultclientid=iot-device-01, thingname=iot-device-01, thingid=983c2b68-f9a3-4e83-b3c6-9f6f8ad5431b, thingarn=arn:aws:iot:us-east-1:507441099951:thing/iot-device-01, thingtypename=null, attributes={installed=1594665292, latitude=37.4133144, longitude=-122.1513069}, version=1, billinggroupname=null}","2020-11-26 00:00:00.000"
"iot-device-03","1.5946519317726307E9","51.5","71.78","false","false","0.0079","0.0052","0.021","2020-11-26T17:25:42.308+0000","{defaultclientid=iot-device-03, thingname=iot-device-03, thingid=877352b9-a35d-45d3-9c98-162d89965a13, thingarn=arn:aws:iot:us-east-1:507441099951:thing/iot-device-03, thingtypename=null, attributes={installed=1592562234, latitude=37.4133144, longitude=-122.1513069}, version=1, billinggroupname=null}","2020-11-26 00:00:00.000"
"iot-device-02","1.594651932328243E9","61.7","74.66","true","false","0.0069","0.0043","0.0183","2020-11-26T17:25:42.601+0000","{defaultclientid=iot-device-02, thingname=iot-device-02, thingid=4ae4927a-aefb-4584-a45a-fc4839feffd6, thingarn=arn:aws:iot:us-east-1:507441099951:thing/iot-device-02, thingtypename=null, attributes={installed=1593361211, latitude=32.8205865, longitude=-96.871627}, version=1, billinggroupname=null}","2020-11-26 00:00:00.000"
"iot-device-03","1.59465193545865E9","51.5","71.78","false","false","0.0079","0.0052","0.0211","2020-11-26T17:25:42.899+0000","{defaultclientid=iot-device-03, thingname=iot-device-03, thingid=877352b9-a35d-45d3-9c98-162d89965a13, thingarn=arn:aws:iot:us-east-1:507441099951:thing/iot-device-03, thingtypename=null, attributes={installed=1592562234, latitude=37.4133144, longitude=-122.1513069}, version=1, billinggroupname=null}","2020-11-26 00:00:00.000"
"iot-device-02","1.5946519372070775E9","61.7","74.66","true","false","0.0069","0.0043","0.0182","2020-11-26T17:25:43.189+0000","{defaultclientid=iot-device-02, thingname=iot-device-02, thingid=4ae4927a-aefb-4584-a45a-fc4839feffd6, thingarn=arn:aws:iot:us-east-1:507441099951:thing/iot-device-02, thingtypename=null, attributes={installed=1593361211, latitude=32.8205865, longitude=-96.871627}, version=1, billinggroupname=null}","2020-11-26 00:00:00.000"
"iot-device-03","1.5946519391446905E9","51.4","71.78","false","false","0.0079","0.0051","0.021","2020-11-26T17:25:43.477+0000","{defaultclientid=iot-device-03, thingname=iot-device-03, thingid=877352b9-a35d-45d3-9c98-162d89965a13, thingarn=arn:aws:iot:us-east-1:507441099951:thing/iot-device-03, thingtypename=null, attributes={installed=1592562234, latitude=37.4133144, longitude=-122.1513069}, version=1, billinggroupname=null}","2020-11-26 00:00:00.000"
"iot-device-03","1.5946519428307538E9","51.4","71.78","false","false","0.0079","0.0052","0.021","2020-11-26T17:25:43.771+0000","{defaultclientid=iot-device-03, thingname=iot-device-03, thingid=877352b9-a35d-45d3-9c98-162d89965a13, thingarn=arn:aws:iot:us-east-1:507441099951:thing/iot-device-03, thingtypename=null, attributes={installed=1592562234, latitude=37.4133144, longitude=-122.1513069}, version=1, billinggroupname=null}","2020-11-26 00:00:00.000"
"iot-device-01","1.5946519459188564E9","75.0","67.1","false","false","0.0065","0.0039","0.017","2020-11-26T17:25:44.059+0000","{defaultclientid=iot-device-01, thingname=iot-device-01, thingid=983c2b68-f9a3-4e83-b3c6-9f6f8ad5431b, thingarn=arn:aws:iot:us-east-1:507441099951:thing/iot-device-01, thingtypename=null, attributes={installed=1594665292, latitude=37.4133144, longitude=-122.1513069}, version=1, billinggroupname=null}","2020-11-26 00:00:00.000"
"iot-device-03","1.5946519465209644E9","51.5","71.78","false","false","0.0079","0.0052","0.0211","2020-11-26T17:25:44.351+0000","{defaultclientid=iot-device-03, thingname=iot-device-03, thingid=877352b9-a35d-45d3-9c98-162d89965a13, thingarn=arn:aws:iot:us-east-1:507441099951:thing/iot-device-03, thingtypename=null, attributes={installed=1592562234, latitude=37.4133144, longitude=-122.1513069}, version=1, billinggroupname=null}","2020-11-26 00:00:00.000"
"iot-device-02","1.5946519474313474E9","61.7","74.66","true","false","0.0069","0.0043","0.0183","2020-11-26T17:25:44.649+0000","{defaultclientid=iot-device-02, thingname=iot-device-02, thingid=4ae4927a-aefb-4584-a45a-fc4839feffd6, thingarn=arn:aws:iot:us-east-1:507441099951:thing/iot-device-02, thingtypename=null, attributes={installed=1593361211, latitude=32.8205865, longitude=-96.871627}, version=1, billinggroupname=null}","2020-11-26 00:00:00.000"
"iot-device-03","1.5946519502069805E9","51.5","71.78","false","false","0.0079","0.0052","0.0211","2020-11-26T17:25:44.950+0000","{defaultclientid=iot-device-03, thingname=iot-device-03, thingid=877352b9-a35d-45d3-9c98-162d89965a13, thingarn=arn:aws:iot:us-east-1:507441099951:thing/iot-device-03, thingtypename=null, attributes={installed=1592562234, latitude=37.4133144, longitude=-122.1513069}, version=1, billinggroupname=null}","2020-11-26 00:00:00.000"
"iot-device-01","1.5946519508070061E9","75.0","67.1","false","false","0.0064","0.0039","0.0169","2020-11-26T17:25:45.238+0000","{defaultclientid=iot-device-01, thingname=iot-device-01, thingid=983c2b68-f9a3-4e83-b3c6-9f6f8ad5431b, thingarn=arn:aws:iot:us-east-1:507441099951:thing/iot-device-01, thingtypename=null, attributes={installed=1594665292, latitude=37.4133144, longitude=-122.1513069}, version=1, billinggroupname=null}","2020-11-26 00:00:00.000"
"iot-device-02","1.5946519523198838E9","61.8","74.66","true","false","0.0069","0.0043","0.0183","2020-11-26T17:25:45.530+0000","{defaultclientid=iot-device-02, thingname=iot-device-02, thingid=4ae4927a-aefb-4584-a45a-fc4839feffd6, thingarn=arn:aws:iot:us-east-1:507441099951:thing/iot-device-02, thingtypename=null, attributes={installed=1593361211, latitude=32.8205865, longitude=-96.871627}, version=1, billinggroupname=null}","2020-11-26 00:00:00.000"
"iot-device-03","1.5946519538930824E9","51.5","71.78","false","false","0.0079","0.0052","0.0211","2020-11-26T17:25:45.829+0000","{defaultclientid=iot-device-03, thingname=iot-device-03, thingid=877352b9-a35d-45d3-9c98-162d89965a13, thingarn=arn:aws:iot:us-east-1:507441099951:thing/iot-device-03, thingtypename=null, attributes={installed=1592562234, latitude=37.4133144, longitude=-122.1513069}, version=1, billinggroupname=null}","2020-11-26 00:00:00.000"
"iot-device-01","1.5946519567708972E9","75.0","67.1","false","false","0.0064","0.0038","0.0168","2020-11-26T17:25:46.124+0000","{defaultclientid=iot-device-01, thingname=iot-device-01, thingid=983c2b68-f9a3-4e83-b3c6-9f6f8ad5431b, thingarn=arn:aws:iot:us-east-1:507441099951:thing/iot-device-01, thingtypename=null, attributes={installed=1594665292, latitude=37.4133144, longitude=-122.1513069}, version=1, billinggroupname=null}","2020-11-26 00:00:00.000"
"iot-device-03","1.5946519575789375E9","51.5","71.78","false","false","0.0079","0.0052","0.0211","2020-11-26T17:25:46.423+0000","{defaultclientid=iot-device-03, thingname=iot-device-03, thingid=877352b9-a35d-45d3-9c98-162d89965a13, thingarn=arn:aws:iot:us-east-1:507441099951:thing/iot-device-03, thingtypename=null, attributes={installed=1592562234, latitude=37.4133144, longitude=-122.1513069}, version=1, billinggroupname=null}","2020-11-26 00:00:00.000"
"iot-device-02","1.594651958267336E9","61.7","74.66","true","false","0.0069","0.0043","0.0182","2020-11-26T17:25:46.715+0000","{defaultclientid=iot-device-02, thingname=iot-device-02, thingid=4ae4927a-aefb-4584-a45a-fc4839feffd6, thingarn=arn:aws:iot:us-east-1:507441099951:thing/iot-device-02, thingtypename=null, attributes={installed=1593361211, latitude=32.8205865, longitude=-96.871627}, version=1, billinggroupname=null}","2020-11-26 00:00:00.000"
"iot-device-03","1.5946519612625332E9","51.6","71.78","false","false","0.0079","0.0052","0.0211","2020-11-26T17:25:47.001+0000","{defaultclientid=iot-device-03, thingname=iot-device-03, thingid=877352b9-a35d-45d3-9c98-162d89965a13, thingarn=arn:aws:iot:us-east-1:507441099951:thing/iot-device-03, thingtypename=null, attributes={installed=1592562234, latitude=37.4133144, longitude=-122.1513069}, version=1, billinggroupname=null}","2020-11-26 00:00:00.000"
"iot-device-01","1.5946519621995285E9","75.0","67.1","false","false","0.0064","0.0039","0.0169","2020-11-26T17:25:47.289+0000","{defaultclientid=iot-device-01, thingname=iot-device-01, thingid=983c2b68-f9a3-4e83-b3c6-9f6f8ad5431b, thingarn=arn:aws:iot:us-east-1:507441099951:thing/iot-device-01, thingtypename=null, attributes={installed=1594665292, latitude=37.4133144, longitude=-122.1513069}, version=1, billinggroupname=null}","2020-11-26 00:00:00.000"
"iot-device-02","1.594651962614648E9","61.8","74.66","true","false","0.0069","0.0043","0.0183","2020-11-26T17:25:47.638+0000","{defaultclientid=iot-device-02, thingname=iot-device-02, thingid=4ae4927a-aefb-4584-a45a-fc4839feffd6, thingarn=arn:aws:iot:us-east-1:507441099951:thing/iot-device-02, thingtypename=null, attributes={installed=1593361211, latitude=32.8205865, longitude=-96.871627}, version=1, billinggroupname=null}","2020-11-26 00:00:00.000"
"iot-device-03","1.5946518802896907E9","51.4","71.78","false","false","0.0079","0.0052","0.021","2020-11-26T17:25:32.994+0000","{defaultclientid=iot-device-03, thingname=iot-device-03, thingid=877352b9-a35d-45d3-9c98-162d89965a13, thingarn=arn:aws:iot:us-east-1:507441099951:thing/iot-device-03, thingtypename=null, attributes={installed=1592562234, latitude=37.4133144, longitude=-122.1513069}, version=1, billinggroupname=null}","2020-11-26 00:00:00.000"
"iot-device-02","1.594651880407239E9","61.6","74.66","true","false","0.007","0.0043","0.0184","2020-11-26T17:25:33.290+0000","{defaultclientid=iot-device-02, thingname=iot-device-02, thingid=4ae4927a-aefb-4584-a45a-fc4839feffd6, thingarn=arn:aws:iot:us-east-1:507441099951:thing/iot-device-02, thingtypename=null, attributes={installed=1593361211, latitude=32.8205865, longitude=-96.871627}, version=1, billinggroupname=null}","2020-11-26 00:00:00.000"
"iot-device-01","1.594651881709534E9","75.0","67.1","false","false","0.0064","0.0039","0.0169","2020-11-26T17:25:33.579+0000","{defaultclientid=iot-device-01, thingname=iot-device-01, thingid=983c2b68-f9a3-4e83-b3c6-9f6f8ad5431b, thingarn=arn:aws:iot:us-east-1:507441099951:thing/iot-device-01, thingtypename=null, attributes={installed=1594665292, latitude=37.4133144, longitude=-122.1513069}, version=1, billinggroupname=null}","2020-11-26 00:00:00.000"
"iot-device-03","1.594651883973606E9","51.4","71.78","false","false","0.0079","0.0052","0.0211","2020-11-26T17:25:33.870+0000","{defaultclientid=iot-device-03, thingname=iot-device-03, thingid=877352b9-a35d-45d3-9c98-162d89965a13, thingarn=arn:aws:iot:us-east-1:507441099951:thing/iot-device-03, thingtypename=null, attributes={installed=1592562234, latitude=37.4133144, longitude=-122.1513069}, version=1, billinggroupname=null}","2020-11-26 00:00:00.000"
"iot-device-02","1.594651886899566E9","61.6","74.66","true","false","0.007","0.0043","0.0184","2020-11-26T17:25:34.158+0000","{defaultclientid=iot-device-02, thingname=iot-device-02, thingid=4ae4927a-aefb-4584-a45a-fc4839feffd6, thingarn=arn:aws:iot:us-east-1:507441099951:thing/iot-device-02, thingtypename=null, attributes={installed=1593361211, latitude=32.8205865, longitude=-96.871627}, version=1, billinggroupname=null}","2020-11-26 00:00:00.000"
"iot-device-03","1.5946518876595495E9","51.5","71.78","false","false","0.0079","0.0052","0.0211","2020-11-26T17:25:34.449+0000","{defaultclientid=iot-device-03, thingname=iot-device-03, thingid=877352b9-a35d-45d3-9c98-162d89965a13, thingarn=arn:aws:iot:us-east-1:507441099951:thing/iot-device-03, thingtypename=null, attributes={installed=1592562234, latitude=37.4133144, longitude=-122.1513069}, version=1, billinggroupname=null}","2020-11-26 00:00:00.000"
"iot-device-01","1.5946518898186345E9","74.9","66.92","false","false","0.0065","0.004","0.0172","2020-11-26T17:25:34.753+0000","{defaultclientid=iot-device-01, thingname=iot-device-01, thingid=983c2b68-f9a3-4e83-b3c6-9f6f8ad5431b, thingarn=arn:aws:iot:us-east-1:507441099951:thing/iot-device-01, thingtypename=null, attributes={installed=1594665292, latitude=37.4133144, longitude=-122.1513069}, version=1, billinggroupname=null}","2020-11-26 00:00:00.000"
"iot-device-03","1.5946518913472805E9","51.5","71.78","false","false","0.0079","0.0052","0.0211","2020-11-26T17:25:35.050+0000","{defaultclientid=iot-device-03, thingname=iot-device-03, thingid=877352b9-a35d-45d3-9c98-162d89965a13, thingarn=arn:aws:iot:us-east-1:507441099951:thing/iot-device-03, thingtypename=null, attributes={installed=1592562234, latitude=37.4133144, longitude=-122.1513069}, version=1, billinggroupname=null}","2020-11-26 00:00:00.000"
"iot-device-02","1.5946518923097222E9","61.7","74.66","true","false","0.0069","0.0043","0.0184","2020-11-26T17:25:35.340+0000","{defaultclientid=iot-device-02, thingname=iot-device-02, thingid=4ae4927a-aefb-4584-a45a-fc4839feffd6, thingarn=arn:aws:iot:us-east-1:507441099951:thing/iot-device-02, thingtypename=null, attributes={installed=1593361211, latitude=32.8205865, longitude=-96.871627}, version=1, billinggroupname=null}","2020-11-26 00:00:00.000"
"iot-device-03","1.5946518950330086E9","51.5","71.78","false","false","0.0079","0.0052","0.0211","2020-11-26T17:25:35.630+0000","{defaultclientid=iot-device-03, thingname=iot-device-03, thingid=877352b9-a35d-45d3-9c98-162d89965a13, thingarn=arn:aws:iot:us-east-1:507441099951:thing/iot-device-03, thingtypename=null, attributes={installed=1592562234, latitude=37.4133144, longitude=-122.1513069}, version=1, billinggroupname=null}","2020-11-26 00:00:00.000"
"iot-device-03","1.5946316223205268E9","51.7","71.24","false","false","0.0078","0.0051","0.0209","2020-11-26T17:13:15.150+0000","{defaultclientid=iot-device-03, thingname=iot-device-03, thingid=877352b9-a35d-45d3-9c98-162d89965a13, thingarn=arn:aws:iot:us-east-1:507441099951:thing/iot-device-03, thingtypename=null, attributes={installed=1592562234, latitude=37.4133144, longitude=-122.1513069}, version=1, billinggroupname=null}","2020-11-26 00:00:00.000"
"iot-device-02","1.5946316256382635E9","59.5","75.02","true","false","0.0072","0.0046","0.0191","2020-11-26T17:13:15.450+0000","{defaultclientid=iot-device-02, thingname=iot-device-02, thingid=4ae4927a-aefb-4584-a45a-fc4839feffd6, thingarn=arn:aws:iot:us-east-1:507441099951:thing/iot-device-02, thingtypename=null, attributes={installed=1593361211, latitude=32.8205865, longitude=-96.871627}, version=1, billinggroupname=null}","2020-11-26 00:00:00.000"
"iot-device-01","1.594631625838483E9","76.1","67.46","false","false","0.0063","0.0038","0.0167","2020-11-26T17:13:15.738+0000","{defaultclientid=iot-device-01, thingname=iot-device-01, thingid=983c2b68-f9a3-4e83-b3c6-9f6f8ad5431b, thingarn=arn:aws:iot:us-east-1:507441099951:thing/iot-device-01, thingtypename=null, attributes={installed=1594665292, latitude=37.4133144, longitude=-122.1513069}, version=1, billinggroupname=null}","2020-11-26 00:00:00.000"
"iot-device-03","1.5946316260067868E9","51.7","71.24","false","false","0.0078","0.0051","0.021","2020-11-26T17:13:16.028+0000","{defaultclientid=iot-device-03, thingname=iot-device-03, thingid=877352b9-a35d-45d3-9c98-162d89965a13, thingarn=arn:aws:iot:us-east-1:507441099951:thing/iot-device-03, thingtypename=null, attributes={installed=1592562234, latitude=37.4133144, longitude=-122.1513069}, version=1, billinggroupname=null}","2020-11-26 00:00:00.000"
"iot-device-03","1.5946316296909964E9","51.6","71.24","false","false","0.0078","0.0051","0.0209","2020-11-26T17:13:16.340+0000","{defaultclientid=iot-device-03, thingname=iot-device-03, thingid=877352b9-a35d-45d3-9c98-162d89965a13, thingarn=arn:aws:iot:us-east-1:507441099951:thing/iot-device-03, thingtypename=null, attributes={installed=1592562234, latitude=37.4133144, longitude=-122.1513069}, version=1, billinggroupname=null}","2020-11-26 00:00:00.000"
"iot-device-02","1.5946316305188324E9","59.5","75.02","true","false","0.0073","0.0046","0.0194","2020-11-26T17:13:16.631+0000","{defaultclientid=iot-device-02, thingname=iot-device-02, thingid=4ae4927a-aefb-4584-a45a-fc4839feffd6, thingarn=arn:aws:iot:us-east-1:507441099951:thing/iot-device-02, thingtypename=null, attributes={installed=1593361211, latitude=32.8205865, longitude=-96.871627}, version=1, billinggroupname=null}","2020-11-26 00:00:00.000"
"iot-device-01","1.5946316312593045E9","76.1","67.46","false","false","0.0064","0.0039","0.0169","2020-11-26T17:13:16.930+0000","{defaultclientid=iot-device-01, thingname=iot-device-01, thingid=983c2b68-f9a3-4e83-b3c6-9f6f8ad5431b, thingarn=arn:aws:iot:us-east-1:507441099951:thing/iot-device-01, thingtypename=null, attributes={installed=1594665292, latitude=37.4133144, longitude=-122.1513069}, version=1, billinggroupname=null}","2020-11-26 00:00:00.000"
"iot-device-03","1.5946316333768525E9","51.7","71.24","false","false","0.0078","0.0051","0.0209","2020-11-26T17:13:17.228+0000","{defaultclientid=iot-device-03, thingname=iot-device-03, thingid=877352b9-a35d-45d3-9c98-162d89965a13, thingarn=arn:aws:iot:us-east-1:507441099951:thing/iot-device-03, thingtypename=null, attributes={installed=1592562234, latitude=37.4133144, longitude=-122.1513069}, version=1, billinggroupname=null}","2020-11-26 00:00:00.000"
"iot-device-02","1.5946316343265636E9","59.5","75.02","true","false","0.0073","0.0046","0.0194","2020-11-26T17:13:17.528+0000","{defaultclientid=iot-device-02, thingname=iot-device-02, thingid=4ae4927a-aefb-4584-a45a-fc4839feffd6, thingarn=arn:aws:iot:us-east-1:507441099951:thing/iot-device-02, thingtypename=null, attributes={installed=1593361211, latitude=32.8205865, longitude=-96.871627}, version=1, billinggroupname=null}","2020-11-26 00:00:00.000"
"iot-device-01","1.5946316350734186E9","76.1","67.46","false","false","0.0063","0.0038","0.0166","2020-11-26T17:13:17.829+0000","{defaultclientid=iot-device-01, thingname=iot-device-01, thingid=983c2b68-f9a3-4e83-b3c6-9f6f8ad5431b, thingarn=arn:aws:iot:us-east-1:507441099951:thing/iot-device-01, thingtypename=null, attributes={installed=1594665292, latitude=37.4133144, longitude=-122.1513069}, version=1, billinggroupname=null}","2020-11-26 00:00:00.000"
"iot-device-01","1.594631591629552E9","76.2","67.46","false","false","0.0065","0.0039","0.0171","2020-11-26T17:13:09.149+0000","{defaultclientid=iot-device-01, thingname=iot-device-01, thingid=983c2b68-f9a3-4e83-b3c6-9f6f8ad5431b, thingarn=arn:aws:iot:us-east-1:507441099951:thing/iot-device-01, thingtypename=null, attributes={installed=1594665292, latitude=37.4133144, longitude=-122.1513069}, version=1, billinggroupname=null}","2020-11-26 00:00:00.000"
"iot-device-03","1.594631592858859E9","51.7","71.24","false","false","0.0078","0.0051","0.0209","2020-11-26T17:13:09.440+0000","{defaultclientid=iot-device-03, thingname=iot-device-03, thingid=877352b9-a35d-45d3-9c98-162d89965a13, thingarn=arn:aws:iot:us-east-1:507441099951:thing/iot-device-03, thingtypename=null, attributes={installed=1592562234, latitude=37.4133144, longitude=-122.1513069}, version=1, billinggroupname=null}","2020-11-26 00:00:00.000"
"iot-device-02","1.5946315932312126E9","59.6","75.02","true","false","0.0073","0.0046","0.0193","2020-11-26T17:13:09.788+0000","{defaultclientid=iot-device-02, thingname=iot-device-02, thingid=4ae4927a-aefb-4584-a45a-fc4839feffd6, thingarn=arn:aws:iot:us-east-1:507441099951:thing/iot-device-02, thingtypename=null, attributes={installed=1593361211, latitude=32.8205865, longitude=-96.871627}, version=1, billinggroupname=null}","2020-11-26 00:00:00.000"
"iot-device-03","1.5946315965447211E9","51.7","71.24","false","false","0.0078","0.0051","0.0209","2020-11-26T17:13:10.079+0000","{defaultclientid=iot-device-03, thingname=iot-device-03, thingid=877352b9-a35d-45d3-9c98-162d89965a13, thingarn=arn:aws:iot:us-east-1:507441099951:thing/iot-device-03, thingtypename=null, attributes={installed=1592562234, latitude=37.4133144, longitude=-122.1513069}, version=1, billinggroupname=null}","2020-11-26 00:00:00.000"
"iot-device-01","1.5946315992003794E9","76.0","67.46","false","false","0.0064","0.0039","0.0169","2020-11-26T17:13:10.371+0000","{defaultclientid=iot-device-01, thingname=iot-device-01, thingid=983c2b68-f9a3-4e83-b3c6-9f6f8ad5431b, thingarn=arn:aws:iot:us-east-1:507441099951:thing/iot-device-01, thingtypename=null, attributes={installed=1594665292, latitude=37.4133144, longitude=-122.1513069}, version=1, billinggroupname=null}","2020-11-26 00:00:00.000"
"iot-device-02","1.5946315997131472E9","59.5","75.02","true","false","0.0073","0.0046","0.0194","2020-11-26T17:13:10.665+0000","{defaultclientid=iot-device-02, thingname=iot-device-02, thingid=4ae4927a-aefb-4584-a45a-fc4839feffd6, thingarn=arn:aws:iot:us-east-1:507441099951:thing/iot-device-02, thingtypename=null, attributes={installed=1593361211, latitude=32.8205865, longitude=-96.871627}, version=1, billinggroupname=null}","2020-11-26 00:00:00.000"
"iot-device-03","1.5946316002193015E9","51.7","71.24","false","false","0.0078","0.0051","0.021","2020-11-26T17:13:10.960+0000","{defaultclientid=iot-device-03, thingname=iot-device-03, thingid=877352b9-a35d-45d3-9c98-162d89965a13, thingarn=arn:aws:iot:us-east-1:507441099951:thing/iot-device-03, thingtypename=null, attributes={installed=1592562234, latitude=37.4133144, longitude=-122.1513069}, version=1, billinggroupname=null}","2020-11-26 00:00:00.000"
"iot-device-02","1.5946316035206628E9","59.5","75.02","true","false","0.0073","0.0046","0.0194","2020-11-26T17:13:11.260+0000","{defaultclientid=iot-device-02, thingname=iot-device-02, thingid=4ae4927a-aefb-4584-a45a-fc4839feffd6, thingarn=arn:aws:iot:us-east-1:507441099951:thing/iot-device-02, thingtypename=null, attributes={installed=1593361211, latitude=32.8205865, longitude=-96.871627}, version=1, billinggroupname=null}","2020-11-26 00:00:00.000"
"iot-device-01","1.5946316035527198E9","76.0","67.46","false","false","0.0065","0.0039","0.017","2020-11-26T17:13:11.553+0000","{defaultclientid=iot-device-01, thingname=iot-device-01, thingid=983c2b68-f9a3-4e83-b3c6-9f6f8ad5431b, thingarn=arn:aws:iot:us-east-1:507441099951:thing/iot-device-01, thingtypename=null, attributes={installed=1594665292, latitude=37.4133144, longitude=-122.1513069}, version=1, billinggroupname=null}","2020-11-26 00:00:00.000"
"iot-device-03","1.5946316039051876E9","51.7","71.24","false","false","0.0078","0.0051","0.0209","2020-11-26T17:13:11.839+0000","{defaultclientid=iot-device-03, thingname=iot-device-03, thingid=877352b9-a35d-45d3-9c98-162d89965a13, thingarn=arn:aws:iot:us-east-1:507441099951:thing/iot-device-03, thingtypename=null, attributes={installed=1592562234, latitude=37.4133144, longitude=-122.1513069}, version=1, billinggroupname=null}","2020-11-26 00:00:00.000"
"iot-device-03","1.5946322937066727E9","51.9","71.06","false","false","0.0078","0.0051","0.0208","2020-11-26T17:13:26.688+0000","{defaultclientid=iot-device-03, thingname=iot-device-03, thingid=877352b9-a35d-45d3-9c98-162d89965a13, thingarn=arn:aws:iot:us-east-1:507441099951:thing/iot-device-03, thingtypename=null, attributes={installed=1592562234, latitude=37.4133144, longitude=-122.1513069}, version=1, billinggroupname=null}","2020-11-26 00:00:00.000"
"iot-device-02","1.5946322964554436E9","59.6","74.84","true","false","0.0074","0.0047","0.0197","2020-11-26T17:13:26.981+0000","{defaultclientid=iot-device-02, thingname=iot-device-02, thingid=4ae4927a-aefb-4584-a45a-fc4839feffd6, thingarn=arn:aws:iot:us-east-1:507441099951:thing/iot-device-02, thingtypename=null, attributes={installed=1593361211, latitude=32.8205865, longitude=-96.871627}, version=1, billinggroupname=null}","2020-11-26 00:00:00.000"
"iot-device-01","1.5946322969803221E9","75.2","67.46","false","false","0.0064","0.0039","0.0169","2020-11-26T17:13:27.280+0000","{defaultclientid=iot-device-01, thingname=iot-device-01, thingid=983c2b68-f9a3-4e83-b3c6-9f6f8ad5431b, thingarn=arn:aws:iot:us-east-1:507441099951:thing/iot-device-01, thingtypename=null, attributes={installed=1594665292, latitude=37.4133144, longitude=-122.1513069}, version=1, billinggroupname=null}","2020-11-26 00:00:00.000"
"iot-device-03","1.5946322973946116E9","51.9","71.24","false","false","0.0078","0.0051","0.0209","2020-11-26T17:13:27.570+0000","{defaultclientid=iot-device-03, thingname=iot-device-03, thingid=877352b9-a35d-45d3-9c98-162d89965a13, thingarn=arn:aws:iot:us-east-1:507441099951:thing/iot-device-03, thingtypename=null, attributes={installed=1592562234, latitude=37.4133144, longitude=-122.1513069}, version=1, billinggroupname=null}","2020-11-26 00:00:00.000"
"iot-device-02","1.5946323002630699E9","59.8","74.84","true","false","0.0074","0.0047","0.0196","2020-11-26T17:13:27.863+0000","{defaultclientid=iot-device-02, thingname=iot-device-02, thingid=4ae4927a-aefb-4584-a45a-fc4839feffd6, thingarn=arn:aws:iot:us-east-1:507441099951:thing/iot-device-02, thingtypename=null, attributes={installed=1593361211, latitude=32.8205865, longitude=-96.871627}, version=1, billinggroupname=null}","2020-11-26 00:00:00.000"
"iot-device-03","1.594632301082942E9","51.9","71.06","false","false","0.0078","0.0051","0.0209","2020-11-26T17:13:28.168+0000","{defaultclientid=iot-device-03, thingname=iot-device-03, thingid=877352b9-a35d-45d3-9c98-162d89965a13, thingarn=arn:aws:iot:us-east-1:507441099951:thing/iot-device-03, thingtypename=null, attributes={installed=1592562234, latitude=37.4133144, longitude=-122.1513069}, version=1, billinggroupname=null}","2020-11-26 00:00:00.000"
"iot-device-01","1.5946323045629716E9","75.3","67.46","false","false","0.0065","0.0039","0.017","2020-11-26T17:13:28.470+0000","{defaultclientid=iot-device-01, thingname=iot-device-01, thingid=983c2b68-f9a3-4e83-b3c6-9f6f8ad5431b, thingarn=arn:aws:iot:us-east-1:507441099951:thing/iot-device-01, thingtypename=null, attributes={installed=1594665292, latitude=37.4133144, longitude=-122.1513069}, version=1, billinggroupname=null}","2020-11-26 00:00:00.000"
"iot-device-03","1.5946323047705648E9","51.9","71.24","false","false","0.0078","0.0051","0.0209","2020-11-26T17:13:28.758+0000","{defaultclientid=iot-device-03, thingname=iot-device-03, thingid=877352b9-a35d-45d3-9c98-162d89965a13, thingarn=arn:aws:iot:us-east-1:507441099951:thing/iot-device-03, thingtypename=null, attributes={installed=1592562234, latitude=37.4133144, longitude=-122.1513069}, version=1, billinggroupname=null}","2020-11-26 00:00:00.000"
"iot-device-02","1.5946323057454882E9","59.6","74.84","true","false","0.0074","0.0047","0.0196","2020-11-26T17:13:29.050+0000","{defaultclientid=iot-device-02, thingname=iot-device-02, thingid=4ae4927a-aefb-4584-a45a-fc4839feffd6, thingarn=arn:aws:iot:us-east-1:507441099951:thing/iot-device-02, thingtypename=null, attributes={installed=1593361211, latitude=32.8205865, longitude=-96.871627}, version=1, billinggroupname=null}","2020-11-26 00:00:00.000"
"iot-device-01","1.594632308376875E9","75.2","67.46","false","false","0.0063","0.0038","0.0166","2020-11-26T17:13:29.339+0000","{defaultclientid=iot-device-01, thingname=iot-device-01, thingid=983c2b68-f9a3-4e83-b3c6-9f6f8ad5431b, thingarn=arn:aws:iot:us-east-1:507441099951:thing/iot-device-01, thingtypename=null, attributes={installed=1594665292, latitude=37.4133144, longitude=-122.1513069}, version=1, billinggroupname=null}","2020-11-26 00:00:00.000"
"iot-device-03","1.594632275016271E9","51.9","71.24","false","false","0.0078","0.0051","0.0209","2020-11-26T17:13:23.741+0000","{defaultclientid=iot-device-03, thingname=iot-device-03, thingid=877352b9-a35d-45d3-9c98-162d89965a13, thingarn=arn:aws:iot:us-east-1:507441099951:thing/iot-device-03, thingtypename=null, attributes={installed=1592562234, latitude=37.4133144, longitude=-122.1513069}, version=1, billinggroupname=null}","2020-11-26 00:00:00.000"
"iot-device-01","1.5946322769325733E9","75.1","67.46","false","false","0.0064","0.0039","0.0169","2020-11-26T17:13:24.040+0000","{defaultclientid=iot-device-01, thingname=iot-device-01, thingid=983c2b68-f9a3-4e83-b3c6-9f6f8ad5431b, thingarn=arn:aws:iot:us-east-1:507441099951:thing/iot-device-01, thingtypename=null, attributes={installed=1594665292, latitude=37.4133144, longitude=-122.1513069}, version=1, billinggroupname=null}","2020-11-26 00:00:00.000"
"iot-device-02","1.5946322778821409E9","59.6","74.84","true","false","0.0073","0.0047","0.0195","2020-11-26T17:13:24.340+0000","{defaultclientid=iot-device-02, thingname=iot-device-02, thingid=4ae4927a-aefb-4584-a45a-fc4839feffd6, thingarn=arn:aws:iot:us-east-1:507441099951:thing/iot-device-02, thingtypename=null, attributes={installed=1593361211, latitude=32.8205865, longitude=-96.871627}, version=1, billinggroupname=null}","2020-11-26 00:00:00.000"
"iot-device-03","1.5946322789569552E9","51.9","71.24","false","false","0.0078","0.0051","0.0209","2020-11-26T17:13:24.630+0000","{defaultclientid=iot-device-03, thingname=iot-device-03, thingid=877352b9-a35d-45d3-9c98-162d89965a13, thingarn=arn:aws:iot:us-east-1:507441099951:thing/iot-device-03, thingtypename=null, attributes={installed=1592562234, latitude=37.4133144, longitude=-122.1513069}, version=1, billinggroupname=null}","2020-11-26 00:00:00.000"
"iot-device-01","1.5946322823583279E9","75.1","67.46","false","false","0.0065","0.0039","0.017","2020-11-26T17:13:24.933+0000","{defaultclientid=iot-device-01, thingname=iot-device-01, thingid=983c2b68-f9a3-4e83-b3c6-9f6f8ad5431b, thingarn=arn:aws:iot:us-east-1:507441099951:thing/iot-device-01, thingtypename=null, attributes={installed=1594665292, latitude=37.4133144, longitude=-122.1513069}, version=1, billinggroupname=null}","2020-11-26 00:00:00.000"
"iot-device-03","1.5946322826433728E9","51.9","71.24","false","false","0.0078","0.0051","0.021","2020-11-26T17:13:25.220+0000","{defaultclientid=iot-device-03, thingname=iot-device-03, thingid=877352b9-a35d-45d3-9c98-162d89965a13, thingarn=arn:aws:iot:us-east-1:507441099951:thing/iot-device-03, thingtypename=null, attributes={installed=1592562234, latitude=37.4133144, longitude=-122.1513069}, version=1, billinggroupname=null}","2020-11-26 00:00:00.000"
"iot-device-02","1.5946322827564394E9","59.7","74.84","true","false","0.0073","0.0047","0.0195","2020-11-26T17:13:25.507+0000","{defaultclientid=iot-device-02, thingname=iot-device-02, thingid=4ae4927a-aefb-4584-a45a-fc4839feffd6, thingarn=arn:aws:iot:us-east-1:507441099951:thing/iot-device-02, thingtypename=null, attributes={installed=1593361211, latitude=32.8205865, longitude=-96.871627}, version=1, billinggroupname=null}","2020-11-26 00:00:00.000"
"iot-device-03","1.5946322863310766E9","52.0","71.24","false","false","0.0078","0.0051","0.0208","2020-11-26T17:13:25.800+0000","{defaultclientid=iot-device-03, thingname=iot-device-03, thingid=877352b9-a35d-45d3-9c98-162d89965a13, thingarn=arn:aws:iot:us-east-1:507441099951:thing/iot-device-03, thingtypename=null, attributes={installed=1592562234, latitude=37.4133144, longitude=-122.1513069}, version=1, billinggroupname=null}","2020-11-26 00:00:00.000"
"iot-device-03","1.5946322900187025E9","51.9","71.24","false","false","0.0078","0.0051","0.0208","2020-11-26T17:13:26.095+0000","{defaultclientid=iot-device-03, thingname=iot-device-03, thingid=877352b9-a35d-45d3-9c98-162d89965a13, thingarn=arn:aws:iot:us-east-1:507441099951:thing/iot-device-03, thingtypename=null, attributes={installed=1592562234, latitude=37.4133144, longitude=-122.1513069}, version=1, billinggroupname=null}","2020-11-26 00:00:00.000"
"iot-device-01","1.5946322926247206E9","75.1","67.46","false","false","0.0064","0.0039","0.0169","2020-11-26T17:13:26.391+0000","{defaultclientid=iot-device-01, thingname=iot-device-01, thingid=983c2b68-f9a3-4e83-b3c6-9f6f8ad5431b, thingarn=arn:aws:iot:us-east-1:507441099951:thing/iot-device-01, thingtypename=null, attributes={installed=1594665292, latitude=37.4133144, longitude=-122.1513069}, version=1, billinggroupname=null}","2020-11-26 00:00:00.000"
"iot-device-03","1.5946316370631304E9","51.7","71.24","false","false","0.0078","0.0051","0.0209","2020-11-26T17:13:18.120+0000","{defaultclientid=iot-device-03, thingname=iot-device-03, thingid=877352b9-a35d-45d3-9c98-162d89965a13, thingarn=arn:aws:iot:us-east-1:507441099951:thing/iot-device-03, thingtypename=null, attributes={installed=1592562234, latitude=37.4133144, longitude=-122.1513069}, version=1, billinggroupname=null}","2020-11-26 00:00:00.000"
"iot-device-02","1.5946316386708534E9","59.6","75.02","true","false","0.0073","0.0047","0.0195","2020-11-26T17:13:18.419+0000","{defaultclientid=iot-device-02, thingname=iot-device-02, thingid=4ae4927a-aefb-4584-a45a-fc4839feffd6, thingarn=arn:aws:iot:us-east-1:507441099951:thing/iot-device-02, thingtypename=null, attributes={installed=1593361211, latitude=32.8205865, longitude=-96.871627}, version=1, billinggroupname=null}","2020-11-26 00:00:00.000"
"iot-device-03","1.5946316407492352E9","51.7","71.24","false","false","0.0078","0.0051","0.0208","2020-11-26T17:13:18.708+0000","{defaultclientid=iot-device-03, thingname=iot-device-03, thingid=877352b9-a35d-45d3-9c98-162d89965a13, thingarn=arn:aws:iot:us-east-1:507441099951:thing/iot-device-03, thingtypename=null, attributes={installed=1592562234, latitude=37.4133144, longitude=-122.1513069}, version=1, billinggroupname=null}","2020-11-26 00:00:00.000"
"iot-device-03","1.5946316444351509E9","51.7","71.24","false","false","0.0078","0.0051","0.0209","2020-11-26T17:13:18.998+0000","{defaultclientid=iot-device-03, thingname=iot-device-03, thingid=877352b9-a35d-45d3-9c98-162d89965a13, thingarn=arn:aws:iot:us-east-1:507441099951:thing/iot-device-03, thingtypename=null, attributes={installed=1592562234, latitude=37.4133144, longitude=-122.1513069}, version=1, billinggroupname=null}","2020-11-26 00:00:00.000"
"iot-device-02","1.5946316457446547E9","59.6","75.02","true","false","0.0073","0.0046","0.0194","2020-11-26T17:13:19.295+0000","{defaultclientid=iot-device-02, thingname=iot-device-02, thingid=4ae4927a-aefb-4584-a45a-fc4839feffd6, thingarn=arn:aws:iot:us-east-1:507441099951:thing/iot-device-02, thingtypename=null, attributes={installed=1593361211, latitude=32.8205865, longitude=-96.871627}, version=1, billinggroupname=null}","2020-11-26 00:00:00.000"
"iot-device-01","1.5946316458860893E9","76.1","67.46","false","false","0.0065","0.0039","0.017","2020-11-26T17:13:19.591+0000","{defaultclientid=iot-device-01, thingname=iot-device-01, thingid=983c2b68-f9a3-4e83-b3c6-9f6f8ad5431b, thingarn=arn:aws:iot:us-east-1:507441099951:thing/iot-device-01, thingtypename=null, attributes={installed=1594665292, latitude=37.4133144, longitude=-122.1513069}, version=1, billinggroupname=null}","2020-11-26 00:00:00.000"
"iot-device-03","1.5946316481210525E9","51.7","71.24","false","false","0.0078","0.0051","0.021","2020-11-26T17:13:19.879+0000","{defaultclientid=iot-device-03, thingname=iot-device-03, thingid=877352b9-a35d-45d3-9c98-162d89965a13, thingarn=arn:aws:iot:us-east-1:507441099951:thing/iot-device-03, thingtypename=null, attributes={installed=1592562234, latitude=37.4133144, longitude=-122.1513069}, version=1, billinggroupname=null}","2020-11-26 00:00:00.000"
"iot-device-02","1.594631479903789E9","59.5","75.02","true","false","0.0072","0.0046","0.0191","2020-11-26T17:12:50.099+0000","{defaultclientid=iot-device-02, thingname=iot-device-02, thingid=4ae4927a-aefb-4584-a45a-fc4839feffd6, thingarn=arn:aws:iot:us-east-1:507441099951:thing/iot-device-02, thingtypename=null, attributes={installed=1593361211, latitude=32.8205865, longitude=-96.871627}, version=1, billinggroupname=null}","2020-11-26 00:00:00.000"
"iot-device-03","1.5946316518071034E9","51.7","71.24","false","false","0.0078","0.0051","0.0208","2020-11-26T17:13:20.187+0000","{defaultclientid=iot-device-03, thingname=iot-device-03, thingid=877352b9-a35d-45d3-9c98-162d89965a13, thingarn=arn:aws:iot:us-east-1:507441099951:thing/iot-device-03, thingtypename=null, attributes={installed=1592562234, latitude=37.4133144, longitude=-122.1513069}, version=1, billinggroupname=null}","2020-11-26 00:00:00.000"
"iot-device-02","1.5946316538294427E9","59.6","75.02","true","false","0.0072","0.0046","0.0191","2020-11-26T17:13:20.481+0000","{defaultclientid=iot-device-02, thingname=iot-device-02, thingid=4ae4927a-aefb-4584-a45a-fc4839feffd6, thingarn=arn:aws:iot:us-east-1:507441099951:thing/iot-device-02, thingtypename=null, attributes={installed=1593361211, latitude=32.8205865, longitude=-96.871627}, version=1, billinggroupname=null}","2020-11-26 00:00:00.000"
"iot-device-01","1.5946315547178342E9","76.0","67.46","false","false","0.0064","0.0039","0.0169","2020-11-26T17:13:03.108+0000","{defaultclientid=iot-device-01, thingname=iot-device-01, thingid=983c2b68-f9a3-4e83-b3c6-9f6f8ad5431b, thingarn=arn:aws:iot:us-east-1:507441099951:thing/iot-device-01, thingtypename=null, attributes={installed=1594665292, latitude=37.4133144, longitude=-122.1513069}, version=1, billinggroupname=null}","2020-11-26 00:00:00.000"
"iot-device-03","1.5946315559989796E9","51.6","71.06","false","false","0.0078","0.0051","0.0209","2020-11-26T17:13:03.400+0000","{defaultclientid=iot-device-03, thingname=iot-device-03, thingid=877352b9-a35d-45d3-9c98-162d89965a13, thingarn=arn:aws:iot:us-east-1:507441099951:thing/iot-device-03, thingtypename=null, attributes={installed=1592562234, latitude=37.4133144, longitude=-122.1513069}, version=1, billinggroupname=null}","2020-11-26 00:00:00.000"
"iot-device-02","1.5946315574125884E9","59.5","75.02","true","false","0.0072","0.0045","0.0191","2020-11-26T17:13:03.690+0000","{defaultclientid=iot-device-02, thingname=iot-device-02, thingid=4ae4927a-aefb-4584-a45a-fc4839feffd6, thingarn=arn:aws:iot:us-east-1:507441099951:thing/iot-device-02, thingtypename=null, attributes={installed=1593361211, latitude=32.8205865, longitude=-96.871627}, version=1, billinggroupname=null}","2020-11-26 00:00:00.000"
"iot-device-03","1.5946315596848164E9","51.7","71.06","false","false","0.0078","0.0051","0.0209","2020-11-26T17:13:03.990+0000","{defaultclientid=iot-device-03, thingname=iot-device-03, thingid=877352b9-a35d-45d3-9c98-162d89965a13, thingarn=arn:aws:iot:us-east-1:507441099951:thing/iot-device-03, thingtypename=null, attributes={installed=1592562234, latitude=37.4133144, longitude=-122.1513069}, version=1, billinggroupname=null}","2020-11-26 00:00:00.000"
"iot-device-01","1.594631561218654E9","76.1","67.46","false","false","0.0064","0.0038","0.0168","2020-11-26T17:13:04.281+0000","{defaultclientid=iot-device-01, thingname=iot-device-01, thingid=983c2b68-f9a3-4e83-b3c6-9f6f8ad5431b, thingarn=arn:aws:iot:us-east-1:507441099951:thing/iot-device-01, thingtypename=null, attributes={installed=1594665292, latitude=37.4133144, longitude=-122.1513069}, version=1, billinggroupname=null}","2020-11-26 00:00:00.000"
"iot-device-03","1.5946315633712926E9","51.7","71.06","false","false","0.0079","0.0051","0.021","2020-11-26T17:13:04.580+0000","{defaultclientid=iot-device-03, thingname=iot-device-03, thingid=877352b9-a35d-45d3-9c98-162d89965a13, thingarn=arn:aws:iot:us-east-1:507441099951:thing/iot-device-03, thingtypename=null, attributes={installed=1592562234, latitude=37.4133144, longitude=-122.1513069}, version=1, billinggroupname=null}","2020-11-26 00:00:00.000"
"iot-device-03","1.5946315670572715E9","51.7","71.24","false","false","0.0078","0.0051","0.0209","2020-11-26T17:13:04.895+0000","{defaultclientid=iot-device-03, thingname=iot-device-03, thingid=877352b9-a35d-45d3-9c98-162d89965a13, thingarn=arn:aws:iot:us-east-1:507441099951:thing/iot-device-03, thingtypename=null, attributes={installed=1592562234, latitude=37.4133144, longitude=-122.1513069}, version=1, billinggroupname=null}","2020-11-26 00:00:00.000"
"iot-device-01","1.5946315677289195E9","76.1","67.46","false","false","0.0065","0.0039","0.017","2020-11-26T17:13:05.202+0000","{defaultclientid=iot-device-01, thingname=iot-device-01, thingid=983c2b68-f9a3-4e83-b3c6-9f6f8ad5431b, thingarn=arn:aws:iot:us-east-1:507441099951:thing/iot-device-01, thingtypename=null, attributes={installed=1594665292, latitude=37.4133144, longitude=-122.1513069}, version=1, billinggroupname=null}","2020-11-26 00:00:00.000"
"iot-device-02","1.5946315700313678E9","59.5","75.02","true","false","0.0071","0.0045","0.0189","2020-11-26T17:13:05.548+0000","{defaultclientid=iot-device-02, thingname=iot-device-02, thingid=4ae4927a-aefb-4584-a45a-fc4839feffd6, thingarn=arn:aws:iot:us-east-1:507441099951:thing/iot-device-02, thingtypename=null, attributes={installed=1593361211, latitude=32.8205865, longitude=-96.871627}, version=1, billinggroupname=null}","2020-11-26 00:00:00.000"
"iot-device-03","1.5946315707434325E9","51.7","71.24","false","false","0.0078","0.0051","0.0209","2020-11-26T17:13:05.848+0000","{defaultclientid=iot-device-03, thingname=iot-device-03, thingid=877352b9-a35d-45d3-9c98-162d89965a13, thingarn=arn:aws:iot:us-east-1:507441099951:thing/iot-device-03, thingtypename=null, attributes={installed=1592562234, latitude=37.4133144, longitude=-122.1513069}, version=1, billinggroupname=null}","2020-11-26 00:00:00.000"
"iot-device-01","1.5946316073690178E9","76.0","67.46","false","false","0.0063","0.0038","0.0167","2020-11-26T17:13:12.130+0000","{defaultclientid=iot-device-01, thingname=iot-device-01, thingid=983c2b68-f9a3-4e83-b3c6-9f6f8ad5431b, thingarn=arn:aws:iot:us-east-1:507441099951:thing/iot-device-01, thingtypename=null, attributes={installed=1594665292, latitude=37.4133144, longitude=-122.1513069}, version=1, billinggroupname=null}","2020-11-26 00:00:00.000"
"iot-device-03","1.5946316075773213E9","51.6","71.06","false","false","0.0078","0.0051","0.0209","2020-11-26T17:13:12.420+0000","{defaultclientid=iot-device-03, thingname=iot-device-03, thingid=877352b9-a35d-45d3-9c98-162d89965a13, thingarn=arn:aws:iot:us-east-1:507441099951:thing/iot-device-03, thingtypename=null, attributes={installed=1592562234, latitude=37.4133144, longitude=-122.1513069}, version=1, billinggroupname=null}","2020-11-26 00:00:00.000"
"iot-device-02","1.5946316078647268E9","59.5","75.02","true","false","0.0073","0.0047","0.0195","2020-11-26T17:13:12.744+0000","{defaultclientid=iot-device-02, thingname=iot-device-02, thingid=4ae4927a-aefb-4584-a45a-fc4839feffd6, thingarn=arn:aws:iot:us-east-1:507441099951:thing/iot-device-02, thingtypename=null, attributes={installed=1593361211, latitude=32.8205865, longitude=-96.871627}, version=1, billinggroupname=null}","2020-11-26 00:00:00.000"
"iot-device-03","1.5946316112632551E9","51.6","71.06","false","false","0.0078","0.0051","0.0209","2020-11-26T17:13:13.088+0000","{defaultclientid=iot-device-03, thingname=iot-device-03, thingid=877352b9-a35d-45d3-9c98-162d89965a13, thingarn=arn:aws:iot:us-east-1:507441099951:thing/iot-device-03, thingtypename=null, attributes={installed=1592562234, latitude=37.4133144, longitude=-122.1513069}, version=1, billinggroupname=null}","2020-11-26 00:00:00.000"
"iot-device-01","1.5946316133222938E9","76.0","67.28","false","false","0.0064","0.0039","0.0169","2020-11-26T17:13:13.389+0000","{defaultclientid=iot-device-01, thingname=iot-device-01, thingid=983c2b68-f9a3-4e83-b3c6-9f6f8ad5431b, thingarn=arn:aws:iot:us-east-1:507441099951:thing/iot-device-01, thingtypename=null, attributes={installed=1594665292, latitude=37.4133144, longitude=-122.1513069}, version=1, billinggroupname=null}","2020-11-26 00:00:00.000"
"iot-device-02","1.5946316143503742E9","59.7","75.02","true","false","0.0073","0.0047","0.0195","2020-11-26T17:13:13.681+0000","{defaultclientid=iot-device-02, thingname=iot-device-02, thingid=4ae4927a-aefb-4584-a45a-fc4839feffd6, thingarn=arn:aws:iot:us-east-1:507441099951:thing/iot-device-02, thingtypename=null, attributes={installed=1593361211, latitude=32.8205865, longitude=-96.871627}, version=1, billinggroupname=null}","2020-11-26 00:00:00.000"
"iot-device-03","1.5946316149492984E9","50.7","71.24","false","false","0.0078","0.0051","0.0209","2020-11-26T17:13:13.980+0000","{defaultclientid=iot-device-03, thingname=iot-device-03, thingid=877352b9-a35d-45d3-9c98-162d89965a13, thingarn=arn:aws:iot:us-east-1:507441099951:thing/iot-device-03, thingtypename=null, attributes={installed=1592562234, latitude=37.4133144, longitude=-122.1513069}, version=1, billinggroupname=null}","2020-11-26 00:00:00.000"
"iot-device-01","1.5946316171362119E9","76.0","67.46","false","false","0.0064","0.0038","0.0168","2020-11-26T17:13:14.269+0000","{defaultclientid=iot-device-01, thingname=iot-device-01, thingid=983c2b68-f9a3-4e83-b3c6-9f6f8ad5431b, thingarn=arn:aws:iot:us-east-1:507441099951:thing/iot-device-01, thingtypename=null, attributes={installed=1594665292, latitude=37.4133144, longitude=-122.1513069}, version=1, billinggroupname=null}","2020-11-26 00:00:00.000"
"iot-device-03","1.594631618635249E9","51.6","71.06","false","false","0.0078","0.0051","0.0208","2020-11-26T17:13:14.559+0000","{defaultclientid=iot-device-03, thingname=iot-device-03, thingid=877352b9-a35d-45d3-9c98-162d89965a13, thingarn=arn:aws:iot:us-east-1:507441099951:thing/iot-device-03, thingtypename=null, attributes={installed=1592562234, latitude=37.4133144, longitude=-122.1513069}, version=1, billinggroupname=null}","2020-11-26 00:00:00.000"
"iot-device-01","1.594631621487165E9","76.1","67.46","false","false","0.0063","0.0038","0.0167","2020-11-26T17:13:14.852+0000","{defaultclientid=iot-device-01, thingname=iot-device-01, thingid=983c2b68-f9a3-4e83-b3c6-9f6f8ad5431b, thingarn=arn:aws:iot:us-east-1:507441099951:thing/iot-device-01, thingtypename=null, attributes={installed=1594665292, latitude=37.4133144, longitude=-122.1513069}, version=1, billinggroupname=null}","2020-11-26 00:00:00.000"
"iot-device-03","1.5946323084588447E9","51.9","71.24","false","false","0.0078","0.0051","0.0209","2020-11-26T17:13:29.647+0000","{defaultclientid=iot-device-03, thingname=iot-device-03, thingid=877352b9-a35d-45d3-9c98-162d89965a13, thingarn=arn:aws:iot:us-east-1:507441099951:thing/iot-device-03, thingtypename=null, attributes={installed=1592562234, latitude=37.4133144, longitude=-122.1513069}, version=1, billinggroupname=null}","2020-11-26 00:00:00.000"
"iot-device-03","1.5946315375618472E9","51.7","71.24","false","false","0.0079","0.0051","0.021","2020-11-26T17:13:00.153+0000","{defaultclientid=iot-device-03, thingname=iot-device-03, thingid=877352b9-a35d-45d3-9c98-162d89965a13, thingarn=arn:aws:iot:us-east-1:507441099951:thing/iot-device-03, thingtypename=null, attributes={installed=1592562234, latitude=37.4133144, longitude=-122.1513069}, version=1, billinggroupname=null}","2020-11-26 00:00:00.000"
"iot-device-01","1.5946315384980881E9","76.0","67.46","false","false","0.0063","0.0038","0.0167","2020-11-26T17:13:00.450+0000","{defaultclientid=iot-device-01, thingname=iot-device-01, thingid=983c2b68-f9a3-4e83-b3c6-9f6f8ad5431b, thingarn=arn:aws:iot:us-east-1:507441099951:thing/iot-device-01, thingtypename=null, attributes={installed=1594665292, latitude=37.4133144, longitude=-122.1513069}, version=1, billinggroupname=null}","2020-11-26 00:00:00.000"
"iot-device-03","1.5946315412496624E9","51.7","71.24","false","false","0.0078","0.0051","0.0209","2020-11-26T17:13:00.751+0000","{defaultclientid=iot-device-03, thingname=iot-device-03, thingid=877352b9-a35d-45d3-9c98-162d89965a13, thingarn=arn:aws:iot:us-east-1:507441099951:thing/iot-device-03, thingtypename=null, attributes={installed=1592562234, latitude=37.4133144, longitude=-122.1513069}, version=1, billinggroupname=null}","2020-11-26 00:00:00.000"
"iot-device-02","1.5946315422282913E9","59.5","75.02","true","false","0.0071","0.0045","0.0189","2020-11-26T17:13:01.053+0000","{defaultclientid=iot-device-02, thingname=iot-device-02, thingid=4ae4927a-aefb-4584-a45a-fc4839feffd6, thingarn=arn:aws:iot:us-east-1:507441099951:thing/iot-device-02, thingtypename=null, attributes={installed=1593361211, latitude=32.8205865, longitude=-96.871627}, version=1, billinggroupname=null}","2020-11-26 00:00:00.000"
"iot-device-03","1.5946315449375598E9","51.6","71.06","false","false","0.0078","0.0051","0.0209","2020-11-26T17:13:01.341+0000","{defaultclientid=iot-device-03, thingname=iot-device-03, thingid=877352b9-a35d-45d3-9c98-162d89965a13, thingarn=arn:aws:iot:us-east-1:507441099951:thing/iot-device-03, thingtypename=null, attributes={installed=1592562234, latitude=37.4133144, longitude=-122.1513069}, version=1, billinggroupname=null}","2020-11-26 00:00:00.000"
"iot-device-02","1.5946315476480758E9","59.5","75.02","true","false","0.0071","0.0045","0.0189","2020-11-26T17:13:01.634+0000","{defaultclientid=iot-device-02, thingname=iot-device-02, thingid=4ae4927a-aefb-4584-a45a-fc4839feffd6, thingarn=arn:aws:iot:us-east-1:507441099951:thing/iot-device-02, thingtypename=null, attributes={installed=1593361211, latitude=32.8205865, longitude=-96.871627}, version=1, billinggroupname=null}","2020-11-26 00:00:00.000"
"iot-device-01","1.5946315482221894E9","76.0","67.46","false","false","0.0065","0.0039","0.017","2020-11-26T17:13:01.926+0000","{defaultclientid=iot-device-01, thingname=iot-device-01, thingid=983c2b68-f9a3-4e83-b3c6-9f6f8ad5431b, thingarn=arn:aws:iot:us-east-1:507441099951:thing/iot-device-01, thingtypename=null, attributes={installed=1594665292, latitude=37.4133144, longitude=-122.1513069}, version=1, billinggroupname=null}","2020-11-26 00:00:00.000"
"iot-device-03","1.5946315486253538E9","51.7","71.24","false","false","0.0079","0.0051","0.021","2020-11-26T17:13:02.224+0000","{defaultclientid=iot-device-03, thingname=iot-device-03, thingid=877352b9-a35d-45d3-9c98-162d89965a13, thingarn=arn:aws:iot:us-east-1:507441099951:thing/iot-device-03, thingtypename=null, attributes={installed=1592562234, latitude=37.4133144, longitude=-122.1513069}, version=1, billinggroupname=null}","2020-11-26 00:00:00.000"
"iot-device-03","1.5946315523131983E9","51.7","71.24","false","false","0.0078","0.0051","0.0209","2020-11-26T17:13:02.510+0000","{defaultclientid=iot-device-03, thingname=iot-device-03, thingid=877352b9-a35d-45d3-9c98-162d89965a13, thingarn=arn:aws:iot:us-east-1:507441099951:thing/iot-device-03, thingtypename=null, attributes={installed=1592562234, latitude=37.4133144, longitude=-122.1513069}, version=1, billinggroupname=null}","2020-11-26 00:00:00.000"
"iot-device-02","1.5946315535986035E9","59.5","75.02","true","false","0.0072","0.0045","0.019","2020-11-26T17:13:02.809+0000","{defaultclientid=iot-device-02, thingname=iot-device-02, thingid=4ae4927a-aefb-4584-a45a-fc4839feffd6, thingarn=arn:aws:iot:us-east-1:507441099951:thing/iot-device-02, thingtypename=null, attributes={installed=1593361211, latitude=32.8205865, longitude=-96.871627}, version=1, billinggroupname=null}","2020-11-26 00:00:00.000"
"iot-device-03","1.5946322602720768E9","51.9","71.24","false","false","0.0078","0.0051","0.0209","2020-11-26T17:13:20.780+0000","{defaultclientid=iot-device-03, thingname=iot-device-03, thingid=877352b9-a35d-45d3-9c98-162d89965a13, thingarn=arn:aws:iot:us-east-1:507441099951:thing/iot-device-03, thingtypename=null, attributes={installed=1592562234, latitude=37.4133144, longitude=-122.1513069}, version=1, billinggroupname=null}","2020-11-26 00:00:00.000"
"iot-device-02","1.5946322637809682E9","59.6","75.02","true","false","0.0073","0.0047","0.0195","2020-11-26T17:13:21.069+0000","{defaultclientid=iot-device-02, thingname=iot-device-02, thingid=4ae4927a-aefb-4584-a45a-fc4839feffd6, thingarn=arn:aws:iot:us-east-1:507441099951:thing/iot-device-02, thingtypename=null, attributes={installed=1593361211, latitude=32.8205865, longitude=-96.871627}, version=1, billinggroupname=null}","2020-11-26 00:00:00.000"
"iot-device-01","1.5946322638704267E9","75.2","67.46","false","false","0.0064","0.0038","0.0168","2020-11-26T17:13:21.358+0000","{defaultclientid=iot-device-01, thingname=iot-device-01, thingid=983c2b68-f9a3-4e83-b3c6-9f6f8ad5431b, thingarn=arn:aws:iot:us-east-1:507441099951:thing/iot-device-01, thingtypename=null, attributes={installed=1594665292, latitude=37.4133144, longitude=-122.1513069}, version=1, billinggroupname=null}","2020-11-26 00:00:00.000"
"iot-device-03","1.5946322639581053E9","51.9","71.24","false","false","0.0078","0.0051","0.0209","2020-11-26T17:13:21.662+0000","{defaultclientid=iot-device-03, thingname=iot-device-03, thingid=877352b9-a35d-45d3-9c98-162d89965a13, thingarn=arn:aws:iot:us-east-1:507441099951:thing/iot-device-03, thingtypename=null, attributes={installed=1592562234, latitude=37.4133144, longitude=-122.1513069}, version=1, billinggroupname=null}","2020-11-26 00:00:00.000"
"iot-device-02","1.594632267590587E9","59.6","74.84","true","false","0.0073","0.0047","0.0195","2020-11-26T17:13:21.960+0000","{defaultclientid=iot-device-02, thingname=iot-device-02, thingid=4ae4927a-aefb-4584-a45a-fc4839feffd6, thingarn=arn:aws:iot:us-east-1:507441099951:thing/iot-device-02, thingtypename=null, attributes={installed=1593361211, latitude=32.8205865, longitude=-96.871627}, version=1, billinggroupname=null}","2020-11-26 00:00:00.000"
"iot-device-03","1.5946322676440618E9","51.9","71.06","false","false","0.0078","0.0051","0.0208","2020-11-26T17:13:22.256+0000","{defaultclientid=iot-device-03, thingname=iot-device-03, thingid=877352b9-a35d-45d3-9c98-162d89965a13, thingarn=arn:aws:iot:us-east-1:507441099951:thing/iot-device-03, thingtypename=null, attributes={installed=1592562234, latitude=37.4133144, longitude=-122.1513069}, version=1, billinggroupname=null}","2020-11-26 00:00:00.000"
"iot-device-01","1.5946322687620625E9","75.1","67.46","false","false","0.0064","0.0039","0.0169","2020-11-26T17:13:22.548+0000","{defaultclientid=iot-device-01, thingname=iot-device-01, thingid=983c2b68-f9a3-4e83-b3c6-9f6f8ad5431b, thingarn=arn:aws:iot:us-east-1:507441099951:thing/iot-device-01, thingtypename=null, attributes={installed=1594665292, latitude=37.4133144, longitude=-122.1513069}, version=1, billinggroupname=null}","2020-11-26 00:00:00.000"
"iot-device-03","1.594632271330141E9","51.9","71.24","false","false","0.0078","0.0051","0.0208","2020-11-26T17:13:22.839+0000","{defaultclientid=iot-device-03, thingname=iot-device-03, thingid=877352b9-a35d-45d3-9c98-162d89965a13, thingarn=arn:aws:iot:us-east-1:507441099951:thing/iot-device-03, thingtypename=null, attributes={installed=1592562234, latitude=37.4133144, longitude=-122.1513069}, version=1, billinggroupname=null}","2020-11-26 00:00:00.000"
"iot-device-01","1.5946322725769575E9","75.0","67.46","false","false","0.0064","0.0039","0.0169","2020-11-26T17:13:23.154+0000","{defaultclientid=iot-device-01, thingname=iot-device-01, thingid=983c2b68-f9a3-4e83-b3c6-9f6f8ad5431b, thingarn=arn:aws:iot:us-east-1:507441099951:thing/iot-device-01, thingtypename=null, attributes={installed=1594665292, latitude=37.4133144, longitude=-122.1513069}, version=1, billinggroupname=null}","2020-11-26 00:00:00.000"
"iot-device-02","1.5946322735371873E9","59.7","75.02","true","false","0.0073","0.0047","0.0195","2020-11-26T17:13:23.449+0000","{defaultclientid=iot-device-02, thingname=iot-device-02, thingid=4ae4927a-aefb-4584-a45a-fc4839feffd6, thingarn=arn:aws:iot:us-east-1:507441099951:thing/iot-device-02, thingtypename=null, attributes={installed=1593361211, latitude=32.8205865, longitude=-96.871627}, version=1, billinggroupname=null}","2020-11-26 00:00:00.000"
"iot-device-01","1.5946315720801144E9","76.1","67.46","false","false","0.0065","0.0039","0.017","2020-11-26T17:13:06.150+0000","{defaultclientid=iot-device-01, thingname=iot-device-01, thingid=983c2b68-f9a3-4e83-b3c6-9f6f8ad5431b, thingarn=arn:aws:iot:us-east-1:507441099951:thing/iot-device-01, thingtypename=null, attributes={installed=1594665292, latitude=37.4133144, longitude=-122.1513069}, version=1, billinggroupname=null}","2020-11-26 00:00:00.000"
"iot-device-03","1.594631574429333E9","51.7","71.24","false","false","0.0078","0.0051","0.0209","2020-11-26T17:13:06.452+0000","{defaultclientid=iot-device-03, thingname=iot-device-03, thingid=877352b9-a35d-45d3-9c98-162d89965a13, thingarn=arn:aws:iot:us-east-1:507441099951:thing/iot-device-03, thingtypename=null, attributes={installed=1592562234, latitude=37.4133144, longitude=-122.1513069}, version=1, billinggroupname=null}","2020-11-26 00:00:00.000"
"iot-device-01","1.5946315764348018E9","76.1","67.46","false","false","0.0064","0.0039","0.0169","2020-11-26T17:13:06.741+0000","{defaultclientid=iot-device-01, thingname=iot-device-01, thingid=983c2b68-f9a3-4e83-b3c6-9f6f8ad5431b, thingarn=arn:aws:iot:us-east-1:507441099951:thing/iot-device-01, thingtypename=null, attributes={installed=1594665292, latitude=37.4133144, longitude=-122.1513069}, version=1, billinggroupname=null}","2020-11-26 00:00:00.000"
"iot-device-02","1.5946315775795622E9","59.5","75.02","true","false","0.0072","0.0045","0.019","2020-11-26T17:13:07.053+0000","{defaultclientid=iot-device-02, thingname=iot-device-02, thingid=4ae4927a-aefb-4584-a45a-fc4839feffd6, thingarn=arn:aws:iot:us-east-1:507441099951:thing/iot-device-02, thingtypename=null, attributes={installed=1593361211, latitude=32.8205865, longitude=-96.871627}, version=1, billinggroupname=null}","2020-11-26 00:00:00.000"
"iot-device-03","1.5946315781151571E9","51.7","71.24","false","false","0.0078","0.0051","0.0209","2020-11-26T17:13:07.340+0000","{defaultclientid=iot-device-03, thingname=iot-device-03, thingid=877352b9-a35d-45d3-9c98-162d89965a13, thingarn=arn:aws:iot:us-east-1:507441099951:thing/iot-device-03, thingtypename=null, attributes={installed=1592562234, latitude=37.4133144, longitude=-122.1513069}, version=1, billinggroupname=null}","2020-11-26 00:00:00.000"
"iot-device-03","1.5946315818018684E9","51.7","71.24","false","false","0.0079","0.0051","0.021","2020-11-26T17:13:07.641+0000","{defaultclientid=iot-device-03, thingname=iot-device-03, thingid=877352b9-a35d-45d3-9c98-162d89965a13, thingarn=arn:aws:iot:us-east-1:507441099951:thing/iot-device-03, thingtypename=null, attributes={installed=1592562234, latitude=37.4133144, longitude=-122.1513069}, version=1, billinggroupname=null}","2020-11-26 00:00:00.000"
"iot-device-01","1.594631581884826E9","76.1","67.46","false","false","0.0065","0.0039","0.017","2020-11-26T17:13:07.940+0000","{defaultclientid=iot-device-01, thingname=iot-device-01, thingid=983c2b68-f9a3-4e83-b3c6-9f6f8ad5431b, thingarn=arn:aws:iot:us-east-1:507441099951:thing/iot-device-01, thingtypename=null, attributes={installed=1594665292, latitude=37.4133144, longitude=-122.1513069}, version=1, billinggroupname=null}","2020-11-26 00:00:00.000"
"iot-device-03","1.5946315854879146E9","51.7","71.24","false","false","0.0078","0.0051","0.0209","2020-11-26T17:13:08.237+0000","{defaultclientid=iot-device-03, thingname=iot-device-03, thingid=877352b9-a35d-45d3-9c98-162d89965a13, thingarn=arn:aws:iot:us-east-1:507441099951:thing/iot-device-03, thingtypename=null, attributes={installed=1592562234, latitude=37.4133144, longitude=-122.1513069}, version=1, billinggroupname=null}","2020-11-26 00:00:00.000"
"iot-device-02","1.594631587286429E9","59.5","75.02","true","false","0.0073","0.0046","0.0194","2020-11-26T17:13:08.558+0000","{defaultclientid=iot-device-02, thingname=iot-device-02, thingid=4ae4927a-aefb-4584-a45a-fc4839feffd6, thingarn=arn:aws:iot:us-east-1:507441099951:thing/iot-device-02, thingtypename=null, attributes={installed=1593361211, latitude=32.8205865, longitude=-96.871627}, version=1, billinggroupname=null}","2020-11-26 00:00:00.000"
"iot-device-03","1.5946315891728249E9","51.7","71.24","false","false","0.0078","0.0051","0.0209","2020-11-26T17:13:08.856+0000","{defaultclientid=iot-device-03, thingname=iot-device-03, thingid=877352b9-a35d-45d3-9c98-162d89965a13, thingarn=arn:aws:iot:us-east-1:507441099951:thing/iot-device-03, thingtypename=null, attributes={installed=1592562234, latitude=37.4133144, longitude=-122.1513069}, version=1, billinggroupname=null}","2020-11-26 00:00:00.000"
"iot-device-02","1.5946259008296533E9","59.5","75.56","true","false","0.0072","0.0046","0.0192","2020-11-26T17:07:59.991+0000","{defaultclientid=iot-device-02, thingname=iot-device-02, thingid=4ae4927a-aefb-4584-a45a-fc4839feffd6, thingarn=arn:aws:iot:us-east-1:507441099951:thing/iot-device-02, thingtypename=null, attributes={installed=1593361211, latitude=32.8205865, longitude=-96.871627}, version=1, billinggroupname=null}","2020-11-26 00:00:00.000"
"iot-device-03","1.5946259035441582E9","51.2","70.7","false","false","0.0079","0.0051","0.021","2020-11-26T17:08:00.276+0000","{defaultclientid=iot-device-03, thingname=iot-device-03, thingid=877352b9-a35d-45d3-9c98-162d89965a13, thingarn=arn:aws:iot:us-east-1:507441099951:thing/iot-device-03, thingtypename=null, attributes={installed=1592562234, latitude=37.4133144, longitude=-122.1513069}, version=1, billinggroupname=null}","2020-11-26 00:00:00.000"
"iot-device-02","1.594625904635893E9","59.5","75.56","true","false","0.0073","0.0046","0.0194","2020-11-26T17:08:00.578+0000","{defaultclientid=iot-device-02, thingname=iot-device-02, thingid=4ae4927a-aefb-4584-a45a-fc4839feffd6, thingarn=arn:aws:iot:us-east-1:507441099951:thing/iot-device-02, thingtypename=null, attributes={installed=1593361211, latitude=32.8205865, longitude=-96.871627}, version=1, billinggroupname=null}","2020-11-26 00:00:00.000"
"iot-device-01","1.5946259046552458E9","74.7","66.74","false","false","0.0067","0.0042","0.0179","2020-11-26T17:08:00.864+0000","{defaultclientid=iot-device-01, thingname=iot-device-01, thingid=983c2b68-f9a3-4e83-b3c6-9f6f8ad5431b, thingarn=arn:aws:iot:us-east-1:507441099951:thing/iot-device-01, thingtypename=null, attributes={installed=1594665292, latitude=37.4133144, longitude=-122.1513069}, version=1, billinggroupname=null}","2020-11-26 00:00:00.000"
"iot-device-03","1.5946259072320845E9","51.2","70.7","false","false","0.0078","0.0051","0.0209","2020-11-26T17:08:01.156+0000","{defaultclientid=iot-device-03, thingname=iot-device-03, thingid=877352b9-a35d-45d3-9c98-162d89965a13, thingarn=arn:aws:iot:us-east-1:507441099951:thing/iot-device-03, thingtypename=null, attributes={installed=1592562234, latitude=37.4133144, longitude=-122.1513069}, version=1, billinggroupname=null}","2020-11-26 00:00:00.000"
"iot-device-02","1.594625908978413E9","59.6","75.56","true","false","0.0073","0.0046","0.0194","2020-11-26T17:08:01.461+0000","{defaultclientid=iot-device-02, thingname=iot-device-02, thingid=4ae4927a-aefb-4584-a45a-fc4839feffd6, thingarn=arn:aws:iot:us-east-1:507441099951:thing/iot-device-02, thingtypename=null, attributes={installed=1593361211, latitude=32.8205865, longitude=-96.871627}, version=1, billinggroupname=null}","2020-11-26 00:00:00.000"
"iot-device-01","1.5946259090095258E9","74.8","66.74","false","false","0.0067","0.0042","0.0179","2020-11-26T17:08:01.749+0000","{defaultclientid=iot-device-01, thingname=iot-device-01, thingid=983c2b68-f9a3-4e83-b3c6-9f6f8ad5431b, thingarn=arn:aws:iot:us-east-1:507441099951:thing/iot-device-01, thingtypename=null, attributes={installed=1594665292, latitude=37.4133144, longitude=-122.1513069}, version=1, billinggroupname=null}","2020-11-26 00:00:00.000"
"iot-device-03","1.5946259109184592E9","51.2","70.7","false","false","0.0078","0.0051","0.021","2020-11-26T17:08:02.041+0000","{defaultclientid=iot-device-03, thingname=iot-device-03, thingid=877352b9-a35d-45d3-9c98-162d89965a13, thingarn=arn:aws:iot:us-east-1:507441099951:thing/iot-device-03, thingtypename=null, attributes={installed=1592562234, latitude=37.4133144, longitude=-122.1513069}, version=1, billinggroupname=null}","2020-11-26 00:00:00.000"
"iot-device-03","1.59462591459294E9","51.3","70.7","false","false","0.0078","0.0051","0.021","2020-11-26T17:08:02.339+0000","{defaultclientid=iot-device-03, thingname=iot-device-03, thingid=877352b9-a35d-45d3-9c98-162d89965a13, thingarn=arn:aws:iot:us-east-1:507441099951:thing/iot-device-03, thingtypename=null, attributes={installed=1592562234, latitude=37.4133144, longitude=-122.1513069}, version=1, billinggroupname=null}","2020-11-26 00:00:00.000"
"iot-device-01","1.5946259149690046E9","75.0","66.92","false","false","0.0067","0.0042","0.0179","2020-11-26T17:08:02.636+0000","{defaultclientid=iot-device-01, thingname=iot-device-01, thingid=983c2b68-f9a3-4e83-b3c6-9f6f8ad5431b, thingarn=arn:aws:iot:us-east-1:507441099951:thing/iot-device-01, thingtypename=null, attributes={installed=1594665292, latitude=37.4133144, longitude=-122.1513069}, version=1, billinggroupname=null}","2020-11-26 00:00:00.000"
"iot-device-01","1.5946263168985074E9","75.5","66.92","false","false","0.0067","0.0041","0.0177","2020-11-26T17:08:22.069+0000","{defaultclientid=iot-device-01, thingname=iot-device-01, thingid=983c2b68-f9a3-4e83-b3c6-9f6f8ad5431b, thingarn=arn:aws:iot:us-east-1:507441099951:thing/iot-device-01, thingtypename=null, attributes={installed=1594665292, latitude=37.4133144, longitude=-122.1513069}, version=1, billinggroupname=null}","2020-11-26 00:00:00.000"
"iot-device-03","1.5946263170570366E9","51.6","71.24","false","false","0.0079","0.0052","0.0211","2020-11-26T17:08:22.363+0000","{defaultclientid=iot-device-03, thingname=iot-device-03, thingid=877352b9-a35d-45d3-9c98-162d89965a13, thingarn=arn:aws:iot:us-east-1:507441099951:thing/iot-device-03, thingtypename=null, attributes={installed=1592562234, latitude=37.4133144, longitude=-122.1513069}, version=1, billinggroupname=null}","2020-11-26 00:00:00.000"
"iot-device-02","1.5946263170794413E9","59.7","75.38","true","false","0.0072","0.0046","0.0192","2020-11-26T17:08:22.650+0000","{defaultclientid=iot-device-02, thingname=iot-device-02, thingid=4ae4927a-aefb-4584-a45a-fc4839feffd6, thingarn=arn:aws:iot:us-east-1:507441099951:thing/iot-device-02, thingtypename=null, attributes={installed=1593361211, latitude=32.8205865, longitude=-96.871627}, version=1, billinggroupname=null}","2020-11-26 00:00:00.000"
"iot-device-01","1.594626320711893E9","76.3","66.74","false","false","0.0066","0.004","0.0173","2020-11-26T17:08:22.935+0000","{defaultclientid=iot-device-01, thingname=iot-device-01, thingid=983c2b68-f9a3-4e83-b3c6-9f6f8ad5431b, thingarn=arn:aws:iot:us-east-1:507441099951:thing/iot-device-01, thingtypename=null, attributes={installed=1594665292, latitude=37.4133144, longitude=-122.1513069}, version=1, billinggroupname=null}","2020-11-26 00:00:00.000"
"iot-device-03","1.594626320744593E9","51.6","71.24","false","false","0.0078","0.0051","0.021","2020-11-26T17:08:23.225+0000","{defaultclientid=iot-device-03, thingname=iot-device-03, thingid=877352b9-a35d-45d3-9c98-162d89965a13, thingarn=arn:aws:iot:us-east-1:507441099951:thing/iot-device-03, thingtypename=null, attributes={installed=1592562234, latitude=37.4133144, longitude=-122.1513069}, version=1, billinggroupname=null}","2020-11-26 00:00:00.000"
"iot-device-02","1.5946263224915864E9","59.6","75.56","true","false","0.0072","0.0046","0.0192","2020-11-26T17:08:23.521+0000","{defaultclientid=iot-device-02, thingname=iot-device-02, thingid=4ae4927a-aefb-4584-a45a-fc4839feffd6, thingarn=arn:aws:iot:us-east-1:507441099951:thing/iot-device-02, thingtypename=null, attributes={installed=1593361211, latitude=32.8205865, longitude=-96.871627}, version=1, billinggroupname=null}","2020-11-26 00:00:00.000"
"iot-device-03","1.5946263244321814E9","51.6","71.24","false","false","0.0079","0.0051","0.021","2020-11-26T17:08:23.806+0000","{defaultclientid=iot-device-03, thingname=iot-device-03, thingid=877352b9-a35d-45d3-9c98-162d89965a13, thingarn=arn:aws:iot:us-east-1:507441099951:thing/iot-device-03, thingtypename=null, attributes={installed=1592562234, latitude=37.4133144, longitude=-122.1513069}, version=1, billinggroupname=null}","2020-11-26 00:00:00.000"
"iot-device-03","1.5946263281197538E9","51.6","71.06","false","false","0.0079","0.0051","0.021","2020-11-26T17:08:24.106+0000","{defaultclientid=iot-device-03, thingname=iot-device-03, thingid=877352b9-a35d-45d3-9c98-162d89965a13, thingarn=arn:aws:iot:us-east-1:507441099951:thing/iot-device-03, thingtypename=null, attributes={installed=1592562234, latitude=37.4133144, longitude=-122.1513069}, version=1, billinggroupname=null}","2020-11-26 00:00:00.000"
"iot-device-03","1.5946263318073971E9","51.7","71.24","false","false","0.0079","0.0051","0.021","2020-11-26T17:08:24.387+0000","{defaultclientid=iot-device-03, thingname=iot-device-03, thingid=877352b9-a35d-45d3-9c98-162d89965a13, thingarn=arn:aws:iot:us-east-1:507441099951:thing/iot-device-03, thingtypename=null, attributes={installed=1592562234, latitude=37.4133144, longitude=-122.1513069}, version=1, billinggroupname=null}","2020-11-26 00:00:00.000"
"iot-device-02","1.5946263337895956E9","59.6","75.38","true","false","0.0073","0.0046","0.0193","2020-11-26T17:08:24.703+0000","{defaultclientid=iot-device-02, thingname=iot-device-02, thingid=4ae4927a-aefb-4584-a45a-fc4839feffd6, thingarn=arn:aws:iot:us-east-1:507441099951:thing/iot-device-02, thingtypename=null, attributes={installed=1593361211, latitude=32.8205865, longitude=-96.871627}, version=1, billinggroupname=null}","2020-11-26 00:00:00.000"
"iot-device-01","1.5946262988923972E9","75.4","66.74","false","false","0.0067","0.0042","0.0179","2020-11-26T17:08:19.050+0000","{defaultclientid=iot-device-01, thingname=iot-device-01, thingid=983c2b68-f9a3-4e83-b3c6-9f6f8ad5431b, thingarn=arn:aws:iot:us-east-1:507441099951:thing/iot-device-01, thingtypename=null, attributes={installed=1594665292, latitude=37.4133144, longitude=-122.1513069}, version=1, billinggroupname=null}","2020-11-26 00:00:00.000"
"iot-device-03","1.5946263023059292E9","51.6","71.06","false","false","0.0078","0.0051","0.021","2020-11-26T17:08:19.353+0000","{defaultclientid=iot-device-03, thingname=iot-device-03, thingid=877352b9-a35d-45d3-9c98-162d89965a13, thingarn=arn:aws:iot:us-east-1:507441099951:thing/iot-device-03, thingtypename=null, attributes={installed=1592562234, latitude=37.4133144, longitude=-122.1513069}, version=1, billinggroupname=null}","2020-11-26 00:00:00.000"
"iot-device-01","1.594626302708612E9","75.3","66.74","false","false","0.0066","0.0041","0.0175","2020-11-26T17:08:19.660+0000","{defaultclientid=iot-device-01, thingname=iot-device-01, thingid=983c2b68-f9a3-4e83-b3c6-9f6f8ad5431b, thingarn=arn:aws:iot:us-east-1:507441099951:thing/iot-device-01, thingtypename=null, attributes={installed=1594665292, latitude=37.4133144, longitude=-122.1513069}, version=1, billinggroupname=null}","2020-11-26 00:00:00.000"
"iot-device-02","1.5946263030383089E9","59.7","75.56","true","false","0.0073","0.0047","0.0195","2020-11-26T17:08:19.950+0000","{defaultclientid=iot-device-02, thingname=iot-device-02, thingid=4ae4927a-aefb-4584-a45a-fc4839feffd6, thingarn=arn:aws:iot:us-east-1:507441099951:thing/iot-device-02, thingtypename=null, attributes={installed=1593361211, latitude=32.8205865, longitude=-96.871627}, version=1, billinggroupname=null}","2020-11-26 00:00:00.000"
"iot-device-03","1.5946263059938302E9","51.7","71.24","false","false","0.0078","0.0051","0.021","2020-11-26T17:08:20.239+0000","{defaultclientid=iot-device-03, thingname=iot-device-03, thingid=877352b9-a35d-45d3-9c98-162d89965a13, thingarn=arn:aws:iot:us-east-1:507441099951:thing/iot-device-03, thingtypename=null, attributes={installed=1592562234, latitude=37.4133144, longitude=-122.1513069}, version=1, billinggroupname=null}","2020-11-26 00:00:00.000"
"iot-device-02","1.5946263079266381E9","59.7","75.56","true","false","0.0072","0.0046","0.0192","2020-11-26T17:08:20.539+0000","{defaultclientid=iot-device-02, thingname=iot-device-02, thingid=4ae4927a-aefb-4584-a45a-fc4839feffd6, thingarn=arn:aws:iot:us-east-1:507441099951:thing/iot-device-02, thingtypename=null, attributes={installed=1593361211, latitude=32.8205865, longitude=-96.871627}, version=1, billinggroupname=null}","2020-11-26 00:00:00.000"
"iot-device-01","1.594626308136451E9","75.4","66.74","false","false","0.0066","0.0041","0.0175","2020-11-26T17:08:20.834+0000","{defaultclientid=iot-device-01, thingname=iot-device-01, thingid=983c2b68-f9a3-4e83-b3c6-9f6f8ad5431b, thingarn=arn:aws:iot:us-east-1:507441099951:thing/iot-device-01, thingtypename=null, attributes={installed=1594665292, latitude=37.4133144, longitude=-122.1513069}, version=1, billinggroupname=null}","2020-11-26 00:00:00.000"
"iot-device-03","1.5946263096813052E9","51.6","71.06","false","false","0.0079","0.0052","0.021","2020-11-26T17:08:21.140+0000","{defaultclientid=iot-device-03, thingname=iot-device-03, thingid=877352b9-a35d-45d3-9c98-162d89965a13, thingarn=arn:aws:iot:us-east-1:507441099951:thing/iot-device-03, thingtypename=null, attributes={installed=1592562234, latitude=37.4133144, longitude=-122.1513069}, version=1, billinggroupname=null}","2020-11-26 00:00:00.000"
"iot-device-01","1.594626312533996E9","75.4","66.92","false","false","0.0067","0.0041","0.0177","2020-11-26T17:08:21.439+0000","{defaultclientid=iot-device-01, thingname=iot-device-01, thingid=983c2b68-f9a3-4e83-b3c6-9f6f8ad5431b, thingarn=arn:aws:iot:us-east-1:507441099951:thing/iot-device-01, thingtypename=null, attributes={installed=1594665292, latitude=37.4133144, longitude=-122.1513069}, version=1, billinggroupname=null}","2020-11-26 00:00:00.000"
"iot-device-03","1.5946263133693426E9","51.6","71.24","false","false","0.0079","0.0051","0.021","2020-11-26T17:08:21.781+0000","{defaultclientid=iot-device-03, thingname=iot-device-03, thingid=877352b9-a35d-45d3-9c98-162d89965a13, thingarn=arn:aws:iot:us-east-1:507441099951:thing/iot-device-03, thingtypename=null, attributes={installed=1592562234, latitude=37.4133144, longitude=-122.1513069}, version=1, billinggroupname=null}","2020-11-26 00:00:00.000"
"iot-device-01","1.5946263349997175E9","75.4","66.92","false","false","0.0067","0.0042","0.0179","2020-11-26T17:08:25.052+0000","{defaultclientid=iot-device-01, thingname=iot-device-01, thingid=983c2b68-f9a3-4e83-b3c6-9f6f8ad5431b, thingarn=arn:aws:iot:us-east-1:507441099951:thing/iot-device-01, thingtypename=null, attributes={installed=1594665292, latitude=37.4133144, longitude=-122.1513069}, version=1, billinggroupname=null}","2020-11-26 00:00:00.000"
"iot-device-03","1.5946263354936745E9","51.7","71.24","false","false","0.0078","0.0051","0.0209","2020-11-26T17:08:25.364+0000","{defaultclientid=iot-device-03, thingname=iot-device-03, thingid=877352b9-a35d-45d3-9c98-162d89965a13, thingarn=arn:aws:iot:us-east-1:507441099951:thing/iot-device-03, thingtypename=null, attributes={installed=1592562234, latitude=37.4133144, longitude=-122.1513069}, version=1, billinggroupname=null}","2020-11-26 00:00:00.000"
"iot-device-02","1.5946263375958126E9","59.6","75.38","true","false","0.0073","0.0046","0.0194","2020-11-26T17:08:25.659+0000","{defaultclientid=iot-device-02, thingname=iot-device-02, thingid=4ae4927a-aefb-4584-a45a-fc4839feffd6, thingarn=arn:aws:iot:us-east-1:507441099951:thing/iot-device-02, thingtypename=null, attributes={installed=1593361211, latitude=32.8205865, longitude=-96.871627}, version=1, billinggroupname=null}","2020-11-26 00:00:00.000"
"iot-device-01","1.594626338812925E9","75.3","66.92","false","false","0.0067","0.0042","0.0179","2020-11-26T17:08:25.948+0000","{defaultclientid=iot-device-01, thingname=iot-device-01, thingid=983c2b68-f9a3-4e83-b3c6-9f6f8ad5431b, thingarn=arn:aws:iot:us-east-1:507441099951:thing/iot-device-01, thingtypename=null, attributes={installed=1594665292, latitude=37.4133144, longitude=-122.1513069}, version=1, billinggroupname=null}","2020-11-26 00:00:00.000"
"iot-device-03","1.5946263391796627E9","51.7","71.24","false","false","0.0079","0.0051","0.021","2020-11-26T17:08:26.247+0000","{defaultclientid=iot-device-03, thingname=iot-device-03, thingid=877352b9-a35d-45d3-9c98-162d89965a13, thingarn=arn:aws:iot:us-east-1:507441099951:thing/iot-device-03, thingtypename=null, attributes={installed=1592562234, latitude=37.4133144, longitude=-122.1513069}, version=1, billinggroupname=null}","2020-11-26 00:00:00.000"
"iot-device-02","1.5946263419343169E9","59.7","75.56","true","false","0.0073","0.0047","0.0195","2020-11-26T17:08:26.532+0000","{defaultclientid=iot-device-02, thingname=iot-device-02, thingid=4ae4927a-aefb-4584-a45a-fc4839feffd6, thingarn=arn:aws:iot:us-east-1:507441099951:thing/iot-device-02, thingtypename=null, attributes={installed=1593361211, latitude=32.8205865, longitude=-96.871627}, version=1, billinggroupname=null}","2020-11-26 00:00:00.000"
"iot-device-03","1.5946263428637671E9","51.7","71.24","false","false","0.0079","0.0052","0.021","2020-11-26T17:08:26.816+0000","{defaultclientid=iot-device-03, thingname=iot-device-03, thingid=877352b9-a35d-45d3-9c98-162d89965a13, thingarn=arn:aws:iot:us-east-1:507441099951:thing/iot-device-03, thingtypename=null, attributes={installed=1592562234, latitude=37.4133144, longitude=-122.1513069}, version=1, billinggroupname=null}","2020-11-26 00:00:00.000"
"iot-device-01","1.5946263431639993E9","75.3","66.74","false","false","0.0067","0.0042","0.0179","2020-11-26T17:08:27.100+0000","{defaultclientid=iot-device-01, thingname=iot-device-01, thingid=983c2b68-f9a3-4e83-b3c6-9f6f8ad5431b, thingarn=arn:aws:iot:us-east-1:507441099951:thing/iot-device-01, thingtypename=null, attributes={installed=1594665292, latitude=37.4133144, longitude=-122.1513069}, version=1, billinggroupname=null}","2020-11-26 00:00:00.000"
"iot-device-03","1.594626346549875E9","51.6","71.06","false","false","0.0079","0.0051","0.021","2020-11-26T17:08:27.398+0000","{defaultclientid=iot-device-03, thingname=iot-device-03, thingid=877352b9-a35d-45d3-9c98-162d89965a13, thingarn=arn:aws:iot:us-east-1:507441099951:thing/iot-device-03, thingtypename=null, attributes={installed=1592562234, latitude=37.4133144, longitude=-122.1513069}, version=1, billinggroupname=null}","2020-11-26 00:00:00.000"
"iot-device-02","1.5946263489506733E9","59.7","75.56","true","false","0.0072","0.0046","0.0192","2020-11-26T17:08:27.681+0000","{defaultclientid=iot-device-02, thingname=iot-device-02, thingid=4ae4927a-aefb-4584-a45a-fc4839feffd6, thingarn=arn:aws:iot:us-east-1:507441099951:thing/iot-device-02, thingtypename=null, attributes={installed=1593361211, latitude=32.8205865, longitude=-96.871627}, version=1, billinggroupname=null}","2020-11-26 00:00:00.000"
"iot-device-03","1.594626283862187E9","51.7","71.24","false","false","0.0078","0.0051","0.021","2020-11-26T17:08:16.089+0000","{defaultclientid=iot-device-03, thingname=iot-device-03, thingid=877352b9-a35d-45d3-9c98-162d89965a13, thingarn=arn:aws:iot:us-east-1:507441099951:thing/iot-device-03, thingtypename=null, attributes={installed=1592562234, latitude=37.4133144, longitude=-122.1513069}, version=1, billinggroupname=null}","2020-11-26 00:00:00.000"
"iot-device-01","1.594626284226744E9","75.3","66.74","false","false","0.0067","0.0042","0.0179","2020-11-26T17:08:16.411+0000","{defaultclientid=iot-device-01, thingname=iot-device-01, thingid=983c2b68-f9a3-4e83-b3c6-9f6f8ad5431b, thingarn=arn:aws:iot:us-east-1:507441099951:thing/iot-device-01, thingtypename=null, attributes={installed=1594665292, latitude=37.4133144, longitude=-122.1513069}, version=1, billinggroupname=null}","2020-11-26 00:00:00.000"
"iot-device-03","1.5946262875473845E9","51.6","71.06","false","false","0.0079","0.0052","0.021","2020-11-26T17:08:16.692+0000","{defaultclientid=iot-device-03, thingname=iot-device-03, thingid=877352b9-a35d-45d3-9c98-162d89965a13, thingarn=arn:aws:iot:us-east-1:507441099951:thing/iot-device-03, thingtypename=null, attributes={installed=1592562234, latitude=37.4133144, longitude=-122.1513069}, version=1, billinggroupname=null}","2020-11-26 00:00:00.000"
"iot-device-02","1.5946262879336047E9","59.7","75.56","true","false","0.0073","0.0046","0.0194","2020-11-26T17:08:16.998+0000","{defaultclientid=iot-device-02, thingname=iot-device-02, thingid=4ae4927a-aefb-4584-a45a-fc4839feffd6, thingarn=arn:aws:iot:us-east-1:507441099951:thing/iot-device-02, thingtypename=null, attributes={installed=1593361211, latitude=32.8205865, longitude=-96.871627}, version=1, billinggroupname=null}","2020-11-26 00:00:00.000"
"iot-device-01","1.594626289115119E9","75.4","66.74","false","false","0.0067","0.0041","0.0177","2020-11-26T17:08:17.289+0000","{defaultclientid=iot-device-01, thingname=iot-device-01, thingid=983c2b68-f9a3-4e83-b3c6-9f6f8ad5431b, thingarn=arn:aws:iot:us-east-1:507441099951:thing/iot-device-01, thingtypename=null, attributes={installed=1594665292, latitude=37.4133144, longitude=-122.1513069}, version=1, billinggroupname=null}","2020-11-26 00:00:00.000"
"iot-device-03","1.5946262912333589E9","51.6","71.06","false","false","0.0079","0.0051","0.021","2020-11-26T17:08:17.578+0000","{defaultclientid=iot-device-03, thingname=iot-device-03, thingid=877352b9-a35d-45d3-9c98-162d89965a13, thingarn=arn:aws:iot:us-east-1:507441099951:thing/iot-device-03, thingtypename=null, attributes={installed=1592562234, latitude=37.4133144, longitude=-122.1513069}, version=1, billinggroupname=null}","2020-11-26 00:00:00.000"
"iot-device-02","1.5946262933475854E9","59.7","75.56","true","false","0.0072","0.0045","0.019","2020-11-26T17:08:17.864+0000","{defaultclientid=iot-device-02, thingname=iot-device-02, thingid=4ae4927a-aefb-4584-a45a-fc4839feffd6, thingarn=arn:aws:iot:us-east-1:507441099951:thing/iot-device-02, thingtypename=null, attributes={installed=1593361211, latitude=32.8205865, longitude=-96.871627}, version=1, billinggroupname=null}","2020-11-26 00:00:00.000"
"iot-device-01","1.5946262945381913E9","75.3","66.74","false","false","0.0066","0.004","0.0173","2020-11-26T17:08:18.152+0000","{defaultclientid=iot-device-01, thingname=iot-device-01, thingid=983c2b68-f9a3-4e83-b3c6-9f6f8ad5431b, thingarn=arn:aws:iot:us-east-1:507441099951:thing/iot-device-01, thingtypename=null, attributes={installed=1594665292, latitude=37.4133144, longitude=-122.1513069}, version=1, billinggroupname=null}","2020-11-26 00:00:00.000"
"iot-device-03","1.594626294916836E9","51.6","71.06","false","false","0.0078","0.0051","0.021","2020-11-26T17:08:18.449+0000","{defaultclientid=iot-device-03, thingname=iot-device-03, thingid=877352b9-a35d-45d3-9c98-162d89965a13, thingarn=arn:aws:iot:us-east-1:507441099951:thing/iot-device-03, thingtypename=null, attributes={installed=1592562234, latitude=37.4133144, longitude=-122.1513069}, version=1, billinggroupname=null}","2020-11-26 00:00:00.000"
"iot-device-03","1.59462629861813E9","51.7","71.24","false","false","0.0079","0.0052","0.021","2020-11-26T17:08:18.746+0000","{defaultclientid=iot-device-03, thingname=iot-device-03, thingid=877352b9-a35d-45d3-9c98-162d89965a13, thingarn=arn:aws:iot:us-east-1:507441099951:thing/iot-device-03, thingtypename=null, attributes={installed=1592562234, latitude=37.4133144, longitude=-122.1513069}, version=1, billinggroupname=null}","2020-11-26 00:00:00.000"
"iot-device-02","1.5946259170697846E9","59.6","75.56","true","false","0.0073","0.0046","0.0194","2020-11-26T17:08:02.917+0000","{defaultclientid=iot-device-02, thingname=iot-device-02, thingid=4ae4927a-aefb-4584-a45a-fc4839feffd6, thingarn=arn:aws:iot:us-east-1:507441099951:thing/iot-device-02, thingtypename=null, attributes={installed=1593361211, latitude=32.8205865, longitude=-96.871627}, version=1, billinggroupname=null}","2020-11-26 00:00:00.000"
"iot-device-03","1.5946259182882774E9","51.3","70.7","false","false","0.0078","0.0051","0.0209","2020-11-26T17:08:03.207+0000","{defaultclientid=iot-device-03, thingname=iot-device-03, thingid=877352b9-a35d-45d3-9c98-162d89965a13, thingarn=arn:aws:iot:us-east-1:507441099951:thing/iot-device-03, thingtypename=null, attributes={installed=1592562234, latitude=37.4133144, longitude=-122.1513069}, version=1, billinggroupname=null}","2020-11-26 00:00:00.000"
"iot-device-01","1.5946259187843158E9","74.9","66.74","false","false","0.0067","0.0042","0.0179","2020-11-26T17:08:03.565+0000","{defaultclientid=iot-device-01, thingname=iot-device-01, thingid=983c2b68-f9a3-4e83-b3c6-9f6f8ad5431b, thingarn=arn:aws:iot:us-east-1:507441099951:thing/iot-device-01, thingtypename=null, attributes={installed=1594665292, latitude=37.4133144, longitude=-122.1513069}, version=1, billinggroupname=null}","2020-11-26 00:00:00.000"
"iot-device-02","1.5946262246153634E9","59.6","75.38","true","false","0.0073","0.0046","0.0194","2020-11-26T17:08:03.864+0000","{defaultclientid=iot-device-02, thingname=iot-device-02, thingid=4ae4927a-aefb-4584-a45a-fc4839feffd6, thingarn=arn:aws:iot:us-east-1:507441099951:thing/iot-device-02, thingtypename=null, attributes={installed=1593361211, latitude=32.8205865, longitude=-96.871627}, version=1, billinggroupname=null}","2020-11-26 00:00:00.000"
"iot-device-03","1.5946262249751618E9","51.6","71.06","false","false","0.0078","0.0051","0.021","2020-11-26T17:08:04.149+0000","{defaultclientid=iot-device-03, thingname=iot-device-03, thingid=877352b9-a35d-45d3-9c98-162d89965a13, thingarn=arn:aws:iot:us-east-1:507441099951:thing/iot-device-03, thingtypename=null, attributes={installed=1592562234, latitude=37.4133144, longitude=-122.1513069}, version=1, billinggroupname=null}","2020-11-26 00:00:00.000"
"iot-device-03","1.5946262286629465E9","51.6","71.06","false","false","0.0079","0.0052","0.0211","2020-11-26T17:08:04.442+0000","{defaultclientid=iot-device-03, thingname=iot-device-03, thingid=877352b9-a35d-45d3-9c98-162d89965a13, thingarn=arn:aws:iot:us-east-1:507441099951:thing/iot-device-03, thingtypename=null, attributes={installed=1592562234, latitude=37.4133144, longitude=-122.1513069}, version=1, billinggroupname=null}","2020-11-26 00:00:00.000"
"iot-device-01","1.5946262288277745E9","75.3","66.74","false","false","0.0067","0.0042","0.0179","2020-11-26T17:08:04.734+0000","{defaultclientid=iot-device-01, thingname=iot-device-01, thingid=983c2b68-f9a3-4e83-b3c6-9f6f8ad5431b, thingarn=arn:aws:iot:us-east-1:507441099951:thing/iot-device-01, thingtypename=null, attributes={installed=1594665292, latitude=37.4133144, longitude=-122.1513069}, version=1, billinggroupname=null}","2020-11-26 00:00:00.000"
"iot-device-02","1.5946262294994106E9","59.7","75.56","true","false","0.0072","0.0046","0.0192","2020-11-26T17:08:05.029+0000","{defaultclientid=iot-device-02, thingname=iot-device-02, thingid=4ae4927a-aefb-4584-a45a-fc4839feffd6, thingarn=arn:aws:iot:us-east-1:507441099951:thing/iot-device-02, thingtypename=null, attributes={installed=1593361211, latitude=32.8205865, longitude=-96.871627}, version=1, billinggroupname=null}","2020-11-26 00:00:00.000"
"iot-device-03","1.5946262323505366E9","51.6","71.06","false","false","0.0079","0.0051","0.021","2020-11-26T17:08:05.444+0000","{defaultclientid=iot-device-03, thingname=iot-device-03, thingid=877352b9-a35d-45d3-9c98-162d89965a13, thingarn=arn:aws:iot:us-east-1:507441099951:thing/iot-device-03, thingtypename=null, attributes={installed=1592562234, latitude=37.4133144, longitude=-122.1513069}, version=1, billinggroupname=null}","2020-11-26 00:00:00.000"
"iot-device-01","1.5946262347893608E9","75.3","66.74","false","false","0.0067","0.0042","0.0179","2020-11-26T17:08:05.796+0000","{defaultclientid=iot-device-01, thingname=iot-device-01, thingid=983c2b68-f9a3-4e83-b3c6-9f6f8ad5431b, thingarn=arn:aws:iot:us-east-1:507441099951:thing/iot-device-01, thingtypename=null, attributes={installed=1594665292, latitude=37.4133144, longitude=-122.1513069}, version=1, billinggroupname=null}","2020-11-26 00:00:00.000"
"iot-device-03","1.5946263502359672E9","51.6","71.06","false","false","0.0078","0.0051","0.0209","2020-11-26T17:08:27.982+0000","{defaultclientid=iot-device-03, thingname=iot-device-03, thingid=877352b9-a35d-45d3-9c98-162d89965a13, thingarn=arn:aws:iot:us-east-1:507441099951:thing/iot-device-03, thingtypename=null, attributes={installed=1592562234, latitude=37.4133144, longitude=-122.1513069}, version=1, billinggroupname=null}","2020-11-26 00:00:00.000"
"iot-device-02","1.594626352760299E9","59.7","75.56","true","false","0.0073","0.0046","0.0193","2020-11-26T17:08:28.270+0000","{defaultclientid=iot-device-02, thingname=iot-device-02, thingid=4ae4927a-aefb-4584-a45a-fc4839feffd6, thingarn=arn:aws:iot:us-east-1:507441099951:thing/iot-device-02, thingtypename=null, attributes={installed=1593361211, latitude=32.8205865, longitude=-96.871627}, version=1, billinggroupname=null}","2020-11-26 00:00:00.000"
"iot-device-03","1.5946263539225767E9","51.7","71.24","false","false","0.0078","0.0051","0.021","2020-11-26T17:08:28.581+0000","{defaultclientid=iot-device-03, thingname=iot-device-03, thingid=877352b9-a35d-45d3-9c98-162d89965a13, thingarn=arn:aws:iot:us-east-1:507441099951:thing/iot-device-03, thingtypename=null, attributes={installed=1592562234, latitude=37.4133144, longitude=-122.1513069}, version=1, billinggroupname=null}","2020-11-26 00:00:00.000"
"iot-device-03","1.5946263576050358E9","51.6","71.06","false","false","0.0078","0.0051","0.0209","2020-11-26T17:08:28.867+0000","{defaultclientid=iot-device-03, thingname=iot-device-03, thingid=877352b9-a35d-45d3-9c98-162d89965a13, thingarn=arn:aws:iot:us-east-1:507441099951:thing/iot-device-03, thingtypename=null, attributes={installed=1592562234, latitude=37.4133144, longitude=-122.1513069}, version=1, billinggroupname=null}","2020-11-26 00:00:00.000"
"iot-device-01","1.5946263579854898E9","75.2","66.74","false","false","0.0067","0.0042","0.0179","2020-11-26T17:08:29.160+0000","{defaultclientid=iot-device-01, thingname=iot-device-01, thingid=983c2b68-f9a3-4e83-b3c6-9f6f8ad5431b, thingarn=arn:aws:iot:us-east-1:507441099951:thing/iot-device-01, thingtypename=null, attributes={installed=1594665292, latitude=37.4133144, longitude=-122.1513069}, version=1, billinggroupname=null}","2020-11-26 00:00:00.000"
"iot-device-02","1.5946263587051485E9","59.7","75.38","true","false","0.0072","0.0046","0.0192","2020-11-26T17:08:29.449+0000","{defaultclientid=iot-device-02, thingname=iot-device-02, thingid=4ae4927a-aefb-4584-a45a-fc4839feffd6, thingarn=arn:aws:iot:us-east-1:507441099951:thing/iot-device-02, thingtypename=null, attributes={installed=1593361211, latitude=32.8205865, longitude=-96.871627}, version=1, billinggroupname=null}","2020-11-26 00:00:00.000"
"iot-device-03","1.594626361288816E9","51.7","71.24","false","false","0.0079","0.0052","0.0211","2020-11-26T17:08:29.756+0000","{defaultclientid=iot-device-03, thingname=iot-device-03, thingid=877352b9-a35d-45d3-9c98-162d89965a13, thingarn=arn:aws:iot:us-east-1:507441099951:thing/iot-device-03, thingtypename=null, attributes={installed=1592562234, latitude=37.4133144, longitude=-122.1513069}, version=1, billinggroupname=null}","2020-11-26 00:00:00.000"
"iot-device-03","1.5946262360370612E9","51.7","71.24","false","false","0.0079","0.0051","0.021","2020-11-26T17:08:06.319+0000","{defaultclientid=iot-device-03, thingname=iot-device-03, thingid=877352b9-a35d-45d3-9c98-162d89965a13, thingarn=arn:aws:iot:us-east-1:507441099951:thing/iot-device-03, thingtypename=null, attributes={installed=1592562234, latitude=37.4133144, longitude=-122.1513069}, version=1, billinggroupname=null}","2020-11-26 00:00:00.000"
"iot-device-01","1.5946262391408868E9","75.4","66.74","false","false","0.0068","0.0042","0.0181","2020-11-26T17:08:06.615+0000","{defaultclientid=iot-device-01, thingname=iot-device-01, thingid=983c2b68-f9a3-4e83-b3c6-9f6f8ad5431b, thingarn=arn:aws:iot:us-east-1:507441099951:thing/iot-device-01, thingtypename=null, attributes={installed=1594665292, latitude=37.4133144, longitude=-122.1513069}, version=1, billinggroupname=null}","2020-11-26 00:00:00.000"
"iot-device-03","1.5946262397234654E9","51.6","71.06","false","false","0.0078","0.0051","0.0209","2020-11-26T17:08:06.966+0000","{defaultclientid=iot-device-03, thingname=iot-device-03, thingid=877352b9-a35d-45d3-9c98-162d89965a13, thingarn=arn:aws:iot:us-east-1:507441099951:thing/iot-device-03, thingtypename=null, attributes={installed=1592562234, latitude=37.4133144, longitude=-122.1513069}, version=1, billinggroupname=null}","2020-11-26 00:00:00.000"
"iot-device-02","1.594626240263604E9","59.7","75.56","true","false","0.0072","0.0046","0.0192","2020-11-26T17:08:07.494+0000","{defaultclientid=iot-device-02, thingname=iot-device-02, thingid=4ae4927a-aefb-4584-a45a-fc4839feffd6, thingarn=arn:aws:iot:us-east-1:507441099951:thing/iot-device-02, thingtypename=null, attributes={installed=1593361211, latitude=32.8205865, longitude=-96.871627}, version=1, billinggroupname=null}","2020-11-26 00:00:00.000"
"iot-device-03","1.5946262434069133E9","51.6","71.06","false","false","0.0078","0.0051","0.021","2020-11-26T17:08:07.875+0000","{defaultclientid=iot-device-03, thingname=iot-device-03, thingid=877352b9-a35d-45d3-9c98-162d89965a13, thingarn=arn:aws:iot:us-east-1:507441099951:thing/iot-device-03, thingtypename=null, attributes={installed=1592562234, latitude=37.4133144, longitude=-122.1513069}, version=1, billinggroupname=null}","2020-11-26 00:00:00.000"
"iot-device-02","1.5946262446370578E9","59.7","75.56","true","false","0.0072","0.0046","0.0192","2020-11-26T17:08:08.174+0000","{defaultclientid=iot-device-02, thingname=iot-device-02, thingid=4ae4927a-aefb-4584-a45a-fc4839feffd6, thingarn=arn:aws:iot:us-east-1:507441099951:thing/iot-device-02, thingtypename=null, attributes={installed=1593361211, latitude=32.8205865, longitude=-96.871627}, version=1, billinggroupname=null}","2020-11-26 00:00:00.000"
"iot-device-01","1.5946262467172973E9","75.3","66.74","false","false","0.0067","0.0042","0.0179","2020-11-26T17:08:08.502+0000","{defaultclientid=iot-device-01, thingname=iot-device-01, thingid=983c2b68-f9a3-4e83-b3c6-9f6f8ad5431b, thingarn=arn:aws:iot:us-east-1:507441099951:thing/iot-device-01, thingtypename=null, attributes={installed=1594665292, latitude=37.4133144, longitude=-122.1513069}, version=1, billinggroupname=null}","2020-11-26 00:00:00.000"
"iot-device-03","1.594626247094726E9","51.6","71.06","false","false","0.0079","0.0051","0.021","2020-11-26T17:08:08.801+0000","{defaultclientid=iot-device-03, thingname=iot-device-03, thingid=877352b9-a35d-45d3-9c98-162d89965a13, thingarn=arn:aws:iot:us-east-1:507441099951:thing/iot-device-03, thingtypename=null, attributes={installed=1592562234, latitude=37.4133144, longitude=-122.1513069}, version=1, billinggroupname=null}","2020-11-26 00:00:00.000"
"iot-device-03","1.5946262507824025E9","51.6","71.06","false","false","0.0079","0.0051","0.021","2020-11-26T17:08:09.190+0000","{defaultclientid=iot-device-03, thingname=iot-device-03, thingid=877352b9-a35d-45d3-9c98-162d89965a13, thingarn=arn:aws:iot:us-east-1:507441099951:thing/iot-device-03, thingtypename=null, attributes={installed=1592562234, latitude=37.4133144, longitude=-122.1513069}, version=1, billinggroupname=null}","2020-11-26 00:00:00.000"
"iot-device-02","1.594626251119798E9","59.7","75.56","true","false","0.0073","0.0046","0.0193","2020-11-26T17:08:09.800+0000","{defaultclientid=iot-device-02, thingname=iot-device-02, thingid=4ae4927a-aefb-4584-a45a-fc4839feffd6, thingarn=arn:aws:iot:us-east-1:507441099951:thing/iot-device-02, thingtypename=null, attributes={installed=1593361211, latitude=32.8205865, longitude=-96.871627}, version=1, billinggroupname=null}","2020-11-26 00:00:00.000"
"iot-device-01","1.594626252751108E9","75.3","66.74","false","false","0.0067","0.0041","0.0177","2020-11-26T17:08:10.085+0000","{defaultclientid=iot-device-01, thingname=iot-device-01, thingid=983c2b68-f9a3-4e83-b3c6-9f6f8ad5431b, thingarn=arn:aws:iot:us-east-1:507441099951:thing/iot-device-01, thingtypename=null, attributes={installed=1594665292, latitude=37.4133144, longitude=-122.1513069}, version=1, billinggroupname=null}","2020-11-26 00:00:00.000"
"iot-device-03","1.5946262544679468E9","51.6","71.06","false","false","0.0079","0.0051","0.021","2020-11-26T17:08:10.373+0000","{defaultclientid=iot-device-03, thingname=iot-device-03, thingid=877352b9-a35d-45d3-9c98-162d89965a13, thingarn=arn:aws:iot:us-east-1:507441099951:thing/iot-device-03, thingtypename=null, attributes={installed=1592562234, latitude=37.4133144, longitude=-122.1513069}, version=1, billinggroupname=null}","2020-11-26 00:00:00.000"
"iot-device-02","1.5946262559970114E9","59.7","75.56","true","false","0.0073","0.0046","0.0193","2020-11-26T17:08:10.675+0000","{defaultclientid=iot-device-02, thingname=iot-device-02, thingid=4ae4927a-aefb-4584-a45a-fc4839feffd6, thingarn=arn:aws:iot:us-east-1:507441099951:thing/iot-device-02, thingtypename=null, attributes={installed=1593361211, latitude=32.8205865, longitude=-96.871627}, version=1, billinggroupname=null}","2020-11-26 00:00:00.000"
"iot-device-01","1.5946262571020038E9","75.4","66.74","false","false","0.0067","0.0042","0.0179","2020-11-26T17:08:10.969+0000","{defaultclientid=iot-device-01, thingname=iot-device-01, thingid=983c2b68-f9a3-4e83-b3c6-9f6f8ad5431b, thingarn=arn:aws:iot:us-east-1:507441099951:thing/iot-device-01, thingtypename=null, attributes={installed=1594665292, latitude=37.4133144, longitude=-122.1513069}, version=1, billinggroupname=null}","2020-11-26 00:00:00.000"
"iot-device-03","1.5946262581542425E9","51.6","71.06","false","false","0.0079","0.0052","0.021","2020-11-26T17:08:11.257+0000","{defaultclientid=iot-device-03, thingname=iot-device-03, thingid=877352b9-a35d-45d3-9c98-162d89965a13, thingarn=arn:aws:iot:us-east-1:507441099951:thing/iot-device-03, thingtypename=null, attributes={installed=1592562234, latitude=37.4133144, longitude=-122.1513069}, version=1, billinggroupname=null}","2020-11-26 00:00:00.000"
"iot-device-01","1.5946262614546325E9","75.4","66.92","false","false","0.0067","0.0041","0.0177","2020-11-26T17:08:11.551+0000","{defaultclientid=iot-device-01, thingname=iot-device-01, thingid=983c2b68-f9a3-4e83-b3c6-9f6f8ad5431b, thingarn=arn:aws:iot:us-east-1:507441099951:thing/iot-device-01, thingtypename=null, attributes={installed=1594665292, latitude=37.4133144, longitude=-122.1513069}, version=1, billinggroupname=null}","2020-11-26 00:00:00.000"
"iot-device-03","1.5946262618402016E9","51.7","71.06","false","false","0.0079","0.0052","0.0211","2020-11-26T17:08:11.872+0000","{defaultclientid=iot-device-03, thingname=iot-device-03, thingid=877352b9-a35d-45d3-9c98-162d89965a13, thingarn=arn:aws:iot:us-east-1:507441099951:thing/iot-device-03, thingtypename=null, attributes={installed=1592562234, latitude=37.4133144, longitude=-122.1513069}, version=1, billinggroupname=null}","2020-11-26 00:00:00.000"
"iot-device-02","1.594626263012677E9","59.7","75.56","true","false","0.0073","0.0046","0.0193","2020-11-26T17:08:12.167+0000","{defaultclientid=iot-device-02, thingname=iot-device-02, thingid=4ae4927a-aefb-4584-a45a-fc4839feffd6, thingarn=arn:aws:iot:us-east-1:507441099951:thing/iot-device-02, thingtypename=null, attributes={installed=1593361211, latitude=32.8205865, longitude=-96.871627}, version=1, billinggroupname=null}","2020-11-26 00:00:00.000"
"iot-device-01","1.5946262652759519E9","75.3","66.74","false","false","0.0067","0.0041","0.0178","2020-11-26T17:08:12.474+0000","{defaultclientid=iot-device-01, thingname=iot-device-01, thingid=983c2b68-f9a3-4e83-b3c6-9f6f8ad5431b, thingarn=arn:aws:iot:us-east-1:507441099951:thing/iot-device-01, thingtypename=null, attributes={installed=1594665292, latitude=37.4133144, longitude=-122.1513069}, version=1, billinggroupname=null}","2020-11-26 00:00:00.000"
"iot-device-03","1.5946262655264769E9","51.7","71.06","false","false","0.0079","0.0051","0.021","2020-11-26T17:08:12.815+0000","{defaultclientid=iot-device-03, thingname=iot-device-03, thingid=877352b9-a35d-45d3-9c98-162d89965a13, thingarn=arn:aws:iot:us-east-1:507441099951:thing/iot-device-03, thingtypename=null, attributes={installed=1592562234, latitude=37.4133144, longitude=-122.1513069}, version=1, billinggroupname=null}","2020-11-26 00:00:00.000"
"iot-device-03","1.5946262692125304E9","51.7","71.06","false","false","0.0078","0.0051","0.021","2020-11-26T17:08:13.098+0000","{defaultclientid=iot-device-03, thingname=iot-device-03, thingid=877352b9-a35d-45d3-9c98-162d89965a13, thingarn=arn:aws:iot:us-east-1:507441099951:thing/iot-device-03, thingtypename=null, attributes={installed=1592562234, latitude=37.4133144, longitude=-122.1513069}, version=1, billinggroupname=null}","2020-11-26 00:00:00.000"
"iot-device-02","1.5946262700252266E9","59.7","75.56","true","false","0.0073","0.0046","0.0194","2020-11-26T17:08:13.411+0000","{defaultclientid=iot-device-02, thingname=iot-device-02, thingid=4ae4927a-aefb-4584-a45a-fc4839feffd6, thingarn=arn:aws:iot:us-east-1:507441099951:thing/iot-device-02, thingtypename=null, attributes={installed=1593361211, latitude=32.8205865, longitude=-96.871627}, version=1, billinggroupname=null}","2020-11-26 00:00:00.000"
"iot-device-01","1.5946262706998744E9","75.4","66.74","false","false","0.0066","0.0041","0.0175","2020-11-26T17:08:13.695+0000","{defaultclientid=iot-device-01, thingname=iot-device-01, thingid=983c2b68-f9a3-4e83-b3c6-9f6f8ad5431b, thingarn=arn:aws:iot:us-east-1:507441099951:thing/iot-device-01, thingtypename=null, attributes={installed=1594665292, latitude=37.4133144, longitude=-122.1513069}, version=1, billinggroupname=null}","2020-11-26 00:00:00.000"
"iot-device-03","1.5946262727908835E9","51.7","71.06","false","false","0.0078","0.0051","0.0209","2020-11-26T17:08:14.026+0000","{defaultclientid=iot-device-03, thingname=iot-device-03, thingid=877352b9-a35d-45d3-9c98-162d89965a13, thingarn=arn:aws:iot:us-east-1:507441099951:thing/iot-device-03, thingtypename=null, attributes={installed=1592562234, latitude=37.4133144, longitude=-122.1513069}, version=1, billinggroupname=null}","2020-11-26 00:00:00.000"
"iot-device-02","1.5946262743679945E9","59.7","75.56","true","false","0.0072","0.0046","0.0192","2020-11-26T17:08:14.322+0000","{defaultclientid=iot-device-02, thingname=iot-device-02, thingid=4ae4927a-aefb-4584-a45a-fc4839feffd6, thingarn=arn:aws:iot:us-east-1:507441099951:thing/iot-device-02, thingtypename=null, attributes={installed=1593361211, latitude=32.8205865, longitude=-96.871627}, version=1, billinggroupname=null}","2020-11-26 00:00:00.000"
"iot-device-03","1.5946262764886894E9","51.7","71.06","false","false","0.0079","0.0051","0.021","2020-11-26T17:08:14.608+0000","{defaultclientid=iot-device-03, thingname=iot-device-03, thingid=877352b9-a35d-45d3-9c98-162d89965a13, thingarn=arn:aws:iot:us-east-1:507441099951:thing/iot-device-03, thingtypename=null, attributes={installed=1592562234, latitude=37.4133144, longitude=-122.1513069}, version=1, billinggroupname=null}","2020-11-26 00:00:00.000"
"iot-device-02","1.59462627817744E9","59.7","75.56","true","false","0.0072","0.0046","0.0192","2020-11-26T17:08:14.896+0000","{defaultclientid=iot-device-02, thingname=iot-device-02, thingid=4ae4927a-aefb-4584-a45a-fc4839feffd6, thingarn=arn:aws:iot:us-east-1:507441099951:thing/iot-device-02, thingtypename=null, attributes={installed=1593361211, latitude=32.8205865, longitude=-96.871627}, version=1, billinggroupname=null}","2020-11-26 00:00:00.000"
"iot-device-03","1.5946262801762762E9","51.7","71.06","false","false","0.0079","0.0052","0.0211","2020-11-26T17:08:15.189+0000","{defaultclientid=iot-device-03, thingname=iot-device-03, thingid=877352b9-a35d-45d3-9c98-162d89965a13, thingarn=arn:aws:iot:us-east-1:507441099951:thing/iot-device-03, thingtypename=null, attributes={installed=1592562234, latitude=37.4133144, longitude=-122.1513069}, version=1, billinggroupname=null}","2020-11-26 00:00:00.000"
"iot-device-01","1.5946262804124944E9","75.3","66.74","false","false","0.0067","0.0042","0.0179","2020-11-26T17:08:15.487+0000","{defaultclientid=iot-device-01, thingname=iot-device-01, thingid=983c2b68-f9a3-4e83-b3c6-9f6f8ad5431b, thingarn=arn:aws:iot:us-east-1:507441099951:thing/iot-device-01, thingtypename=null, attributes={installed=1594665292, latitude=37.4133144, longitude=-122.1513069}, version=1, billinggroupname=null}","2020-11-26 00:00:00.000"
"iot-device-02","1.5946262835912688E9","59.7","75.56","true","false","0.0073","0.0046","0.0193","2020-11-26T17:08:15.795+0000","{defaultclientid=iot-device-02, thingname=iot-device-02, thingid=4ae4927a-aefb-4584-a45a-fc4839feffd6, thingarn=arn:aws:iot:us-east-1:507441099951:thing/iot-device-02, thingtypename=null, attributes={installed=1593361211, latitude=32.8205865, longitude=-96.871627}, version=1, billinggroupname=null}","2020-11-26 00:00:00.000"
"iot-device-01","1.5946306413806827E9","75.9","67.28","false","false","0.0065","0.0039","0.017","2020-11-26T17:12:09.089+0000","{defaultclientid=iot-device-01, thingname=iot-device-01, thingid=983c2b68-f9a3-4e83-b3c6-9f6f8ad5431b, thingarn=arn:aws:iot:us-east-1:507441099951:thing/iot-device-01, thingtypename=null, attributes={installed=1594665292, latitude=37.4133144, longitude=-122.1513069}, version=1, billinggroupname=null}","2020-11-26 00:00:00.000"
"iot-device-02","1.594630643256747E9","59.5","75.02","true","false","0.0074","0.0047","0.0197","2020-11-26T17:12:09.379+0000","{defaultclientid=iot-device-02, thingname=iot-device-02, thingid=4ae4927a-aefb-4584-a45a-fc4839feffd6, thingarn=arn:aws:iot:us-east-1:507441099951:thing/iot-device-02, thingtypename=null, attributes={installed=1593361211, latitude=32.8205865, longitude=-96.871627}, version=1, billinggroupname=null}","2020-11-26 00:00:00.000"
"iot-device-03","1.5946306446861904E9","51.7","71.24","false","false","0.0078","0.0051","0.0209","2020-11-26T17:12:09.671+0000","{defaultclientid=iot-device-03, thingname=iot-device-03, thingid=877352b9-a35d-45d3-9c98-162d89965a13, thingarn=arn:aws:iot:us-east-1:507441099951:thing/iot-device-03, thingtypename=null, attributes={installed=1592562234, latitude=37.4133144, longitude=-122.1513069}, version=1, billinggroupname=null}","2020-11-26 00:00:00.000"
"iot-device-01","1.5946306457327733E9","75.9","67.28","false","false","0.0064","0.0038","0.0168","2020-11-26T17:12:09.969+0000","{defaultclientid=iot-device-01, thingname=iot-device-01, thingid=983c2b68-f9a3-4e83-b3c6-9f6f8ad5431b, thingarn=arn:aws:iot:us-east-1:507441099951:thing/iot-device-01, thingtypename=null, attributes={installed=1594665292, latitude=37.4133144, longitude=-122.1513069}, version=1, billinggroupname=null}","2020-11-26 00:00:00.000"
"iot-device-02","1.5946306470628116E9","59.5","75.02","true","false","0.0073","0.0047","0.0195","2020-11-26T17:12:10.286+0000","{defaultclientid=iot-device-02, thingname=iot-device-02, thingid=4ae4927a-aefb-4584-a45a-fc4839feffd6, thingarn=arn:aws:iot:us-east-1:507441099951:thing/iot-device-02, thingtypename=null, attributes={installed=1593361211, latitude=32.8205865, longitude=-96.871627}, version=1, billinggroupname=null}","2020-11-26 00:00:00.000"
"iot-device-03","1.5946306483691642E9","51.7","71.24","false","false","0.0078","0.0051","0.0209","2020-11-26T17:12:10.579+0000","{defaultclientid=iot-device-03, thingname=iot-device-03, thingid=877352b9-a35d-45d3-9c98-162d89965a13, thingarn=arn:aws:iot:us-east-1:507441099951:thing/iot-device-03, thingtypename=null, attributes={installed=1592562234, latitude=37.4133144, longitude=-122.1513069}, version=1, billinggroupname=null}","2020-11-26 00:00:00.000"
"iot-device-01","1.5946306506186E9","75.9","67.28","false","false","0.0064","0.0038","0.0168","2020-11-26T17:12:10.880+0000","{defaultclientid=iot-device-01, thingname=iot-device-01, thingid=983c2b68-f9a3-4e83-b3c6-9f6f8ad5431b, thingarn=arn:aws:iot:us-east-1:507441099951:thing/iot-device-01, thingtypename=null, attributes={installed=1594665292, latitude=37.4133144, longitude=-122.1513069}, version=1, billinggroupname=null}","2020-11-26 00:00:00.000"
"iot-device-02","1.5946306519378972E9","59.6","75.02","true","false","0.0073","0.0047","0.0195","2020-11-26T17:12:11.177+0000","{defaultclientid=iot-device-02, thingname=iot-device-02, thingid=4ae4927a-aefb-4584-a45a-fc4839feffd6, thingarn=arn:aws:iot:us-east-1:507441099951:thing/iot-device-02, thingtypename=null, attributes={installed=1593361211, latitude=32.8205865, longitude=-96.871627}, version=1, billinggroupname=null}","2020-11-26 00:00:00.000"
"iot-device-03","1.5946306520520434E9","51.6","71.06","false","false","0.0078","0.0051","0.0209","2020-11-26T17:12:11.469+0000","{defaultclientid=iot-device-03, thingname=iot-device-03, thingid=877352b9-a35d-45d3-9c98-162d89965a13, thingarn=arn:aws:iot:us-east-1:507441099951:thing/iot-device-03, thingtypename=null, attributes={installed=1592562234, latitude=37.4133144, longitude=-122.1513069}, version=1, billinggroupname=null}","2020-11-26 00:00:00.000"
"iot-device-03","1.5946306557361367E9","51.7","71.24","false","false","0.0078","0.0051","0.021","2020-11-26T17:12:11.759+0000","{defaultclientid=iot-device-03, thingname=iot-device-03, thingid=877352b9-a35d-45d3-9c98-162d89965a13, thingarn=arn:aws:iot:us-east-1:507441099951:thing/iot-device-03, thingtypename=null, attributes={installed=1592562234, latitude=37.4133144, longitude=-122.1513069}, version=1, billinggroupname=null}","2020-11-26 00:00:00.000"
"iot-device-01","1.594630656061463E9","75.9","67.28","false","false","0.0065","0.0039","0.017","2020-11-26T17:12:12.058+0000","{defaultclientid=iot-device-01, thingname=iot-device-01, thingid=983c2b68-f9a3-4e83-b3c6-9f6f8ad5431b, thingarn=arn:aws:iot:us-east-1:507441099951:thing/iot-device-01, thingtypename=null, attributes={installed=1594665292, latitude=37.4133144, longitude=-122.1513069}, version=1, billinggroupname=null}","2020-11-26 00:00:00.000"
"iot-device-02","1.5946306573564026E9","59.7","75.02","true","false","0.0074","0.0047","0.0197","2020-11-26T17:12:12.356+0000","{defaultclientid=iot-device-02, thingname=iot-device-02, thingid=4ae4927a-aefb-4584-a45a-fc4839feffd6, thingarn=arn:aws:iot:us-east-1:507441099951:thing/iot-device-02, thingtypename=null, attributes={installed=1593361211, latitude=32.8205865, longitude=-96.871627}, version=1, billinggroupname=null}","2020-11-26 00:00:00.000"
"iot-device-03","1.594630659422331E9","51.6","71.06","false","false","0.0078","0.0051","0.0209","2020-11-26T17:12:12.730+0000","{defaultclientid=iot-device-03, thingname=iot-device-03, thingid=877352b9-a35d-45d3-9c98-162d89965a13, thingarn=arn:aws:iot:us-east-1:507441099951:thing/iot-device-03, thingtypename=null, attributes={installed=1592562234, latitude=37.4133144, longitude=-122.1513069}, version=1, billinggroupname=null}","2020-11-26 00:00:00.000"
"iot-device-02","1.5946306611695027E9","59.6","75.02","true","false","0.0073","0.0047","0.0195","2020-11-26T17:12:13.019+0000","{defaultclientid=iot-device-02, thingname=iot-device-02, thingid=4ae4927a-aefb-4584-a45a-fc4839feffd6, thingarn=arn:aws:iot:us-east-1:507441099951:thing/iot-device-02, thingtypename=null, attributes={installed=1593361211, latitude=32.8205865, longitude=-96.871627}, version=1, billinggroupname=null}","2020-11-26 00:00:00.000"
"iot-device-03","1.5946306631098635E9","51.7","71.24","false","false","0.0078","0.0051","0.021","2020-11-26T17:12:13.316+0000","{defaultclientid=iot-device-03, thingname=iot-device-03, thingid=877352b9-a35d-45d3-9c98-162d89965a13, thingarn=arn:aws:iot:us-east-1:507441099951:thing/iot-device-03, thingtypename=null, attributes={installed=1592562234, latitude=37.4133144, longitude=-122.1513069}, version=1, billinggroupname=null}","2020-11-26 00:00:00.000"
"iot-device-02","1.5946306649785182E9","59.7","75.02","true","false","0.0074","0.0047","0.0196","2020-11-26T17:12:13.601+0000","{defaultclientid=iot-device-02, thingname=iot-device-02, thingid=4ae4927a-aefb-4584-a45a-fc4839feffd6, thingarn=arn:aws:iot:us-east-1:507441099951:thing/iot-device-02, thingtypename=null, attributes={installed=1593361211, latitude=32.8205865, longitude=-96.871627}, version=1, billinggroupname=null}","2020-11-26 00:00:00.000"
"iot-device-01","1.5946306657801235E9","75.9","67.28","false","false","0.0065","0.0039","0.017","2020-11-26T17:12:13.890+0000","{defaultclientid=iot-device-01, thingname=iot-device-01, thingid=983c2b68-f9a3-4e83-b3c6-9f6f8ad5431b, thingarn=arn:aws:iot:us-east-1:507441099951:thing/iot-device-01, thingtypename=null, attributes={installed=1594665292, latitude=37.4133144, longitude=-122.1513069}, version=1, billinggroupname=null}","2020-11-26 00:00:00.000"
"iot-device-03","1.5946306667955914E9","51.7","71.24","false","false","0.0078","0.0051","0.021","2020-11-26T17:12:14.180+0000","{defaultclientid=iot-device-03, thingname=iot-device-03, thingid=877352b9-a35d-45d3-9c98-162d89965a13, thingarn=arn:aws:iot:us-east-1:507441099951:thing/iot-device-03, thingtypename=null, attributes={installed=1592562234, latitude=37.4133144, longitude=-122.1513069}, version=1, billinggroupname=null}","2020-11-26 00:00:00.000"
"iot-device-03","1.5946306704813516E9","51.7","71.24","false","false","0.0078","0.0051","0.0209","2020-11-26T17:12:14.476+0000","{defaultclientid=iot-device-03, thingname=iot-device-03, thingid=877352b9-a35d-45d3-9c98-162d89965a13, thingarn=arn:aws:iot:us-east-1:507441099951:thing/iot-device-03, thingtypename=null, attributes={installed=1592562234, latitude=37.4133144, longitude=-122.1513069}, version=1, billinggroupname=null}","2020-11-26 00:00:00.000"
"iot-device-01","1.5946306738886404E9","75.8","67.28","false","false","0.0065","0.0039","0.017","2020-11-26T17:12:14.770+0000","{defaultclientid=iot-device-01, thingname=iot-device-01, thingid=983c2b68-f9a3-4e83-b3c6-9f6f8ad5431b, thingarn=arn:aws:iot:us-east-1:507441099951:thing/iot-device-01, thingtypename=null, attributes={installed=1594665292, latitude=37.4133144, longitude=-122.1513069}, version=1, billinggroupname=null}","2020-11-26 00:00:00.000"
"iot-device-03","1.5946306262618976E9","51.7","71.24","false","false","0.0078","0.0051","0.0209","2020-11-26T17:12:06.002+0000","{defaultclientid=iot-device-03, thingname=iot-device-03, thingid=877352b9-a35d-45d3-9c98-162d89965a13, thingarn=arn:aws:iot:us-east-1:507441099951:thing/iot-device-03, thingtypename=null, attributes={installed=1592562234, latitude=37.4133144, longitude=-122.1513069}, version=1, billinggroupname=null}","2020-11-26 00:00:00.000"
"iot-device-01","1.5946306267449062E9","75.9","67.28","false","false","0.0064","0.0038","0.0168","2020-11-26T17:12:06.376+0000","{defaultclientid=iot-device-01, thingname=iot-device-01, thingid=983c2b68-f9a3-4e83-b3c6-9f6f8ad5431b, thingarn=arn:aws:iot:us-east-1:507441099951:thing/iot-device-01, thingtypename=null, attributes={installed=1594665292, latitude=37.4133144, longitude=-122.1513069}, version=1, billinggroupname=null}","2020-11-26 00:00:00.000"
"iot-device-02","1.5946306270169015E9","59.5","75.02","true","false","0.0073","0.0047","0.0195","2020-11-26T17:12:06.669+0000","{defaultclientid=iot-device-02, thingname=iot-device-02, thingid=4ae4927a-aefb-4584-a45a-fc4839feffd6, thingarn=arn:aws:iot:us-east-1:507441099951:thing/iot-device-02, thingtypename=null, attributes={installed=1593361211, latitude=32.8205865, longitude=-96.871627}, version=1, billinggroupname=null}","2020-11-26 00:00:00.000"
"iot-device-03","1.594630629947725E9","51.7","71.24","false","false","0.0078","0.0051","0.0209","2020-11-26T17:12:06.960+0000","{defaultclientid=iot-device-03, thingname=iot-device-03, thingid=877352b9-a35d-45d3-9c98-162d89965a13, thingarn=arn:aws:iot:us-east-1:507441099951:thing/iot-device-03, thingtypename=null, attributes={installed=1592562234, latitude=37.4133144, longitude=-122.1513069}, version=1, billinggroupname=null}","2020-11-26 00:00:00.000"
"iot-device-03","1.5946306336334927E9","51.7","71.24","false","false","0.0078","0.0051","0.0209","2020-11-26T17:12:07.270+0000","{defaultclientid=iot-device-03, thingname=iot-device-03, thingid=877352b9-a35d-45d3-9c98-162d89965a13, thingarn=arn:aws:iot:us-east-1:507441099951:thing/iot-device-03, thingtypename=null, attributes={installed=1592562234, latitude=37.4133144, longitude=-122.1513069}, version=1, billinggroupname=null}","2020-11-26 00:00:00.000"
"iot-device-01","1.5946306338077426E9","75.9","67.28","false","false","0.0065","0.0039","0.017","2020-11-26T17:12:07.561+0000","{defaultclientid=iot-device-01, thingname=iot-device-01, thingid=983c2b68-f9a3-4e83-b3c6-9f6f8ad5431b, thingarn=arn:aws:iot:us-east-1:507441099951:thing/iot-device-01, thingtypename=null, attributes={installed=1594665292, latitude=37.4133144, longitude=-122.1513069}, version=1, billinggroupname=null}","2020-11-26 00:00:00.000"
"iot-device-02","1.5946306340296474E9","59.5","75.02","true","false","0.0073","0.0047","0.0195","2020-11-26T17:12:07.851+0000","{defaultclientid=iot-device-02, thingname=iot-device-02, thingid=4ae4927a-aefb-4584-a45a-fc4839feffd6, thingarn=arn:aws:iot:us-east-1:507441099951:thing/iot-device-02, thingtypename=null, attributes={installed=1593361211, latitude=32.8205865, longitude=-96.871627}, version=1, billinggroupname=null}","2020-11-26 00:00:00.000"
"iot-device-03","1.5946306373141575E9","51.7","71.24","false","false","0.0078","0.0051","0.0209","2020-11-26T17:12:08.139+0000","{defaultclientid=iot-device-03, thingname=iot-device-03, thingid=877352b9-a35d-45d3-9c98-162d89965a13, thingarn=arn:aws:iot:us-east-1:507441099951:thing/iot-device-03, thingtypename=null, attributes={installed=1592562234, latitude=37.4133144, longitude=-122.1513069}, version=1, billinggroupname=null}","2020-11-26 00:00:00.000"
"iot-device-02","1.5946306378463125E9","59.5","75.02","true","false","0.0074","0.0047","0.0196","2020-11-26T17:12:08.422+0000","{defaultclientid=iot-device-02, thingname=iot-device-02, thingid=4ae4927a-aefb-4584-a45a-fc4839feffd6, thingarn=arn:aws:iot:us-east-1:507441099951:thing/iot-device-02, thingtypename=null, attributes={installed=1593361211, latitude=32.8205865, longitude=-96.871627}, version=1, billinggroupname=null}","2020-11-26 00:00:00.000"
"iot-device-03","1.5946306410000968E9","51.6","71.06","false","false","0.0078","0.0051","0.0209","2020-11-26T17:12:08.776+0000","{defaultclientid=iot-device-03, thingname=iot-device-03, thingid=877352b9-a35d-45d3-9c98-162d89965a13, thingarn=arn:aws:iot:us-east-1:507441099951:thing/iot-device-03, thingtypename=null, attributes={installed=1592562234, latitude=37.4133144, longitude=-122.1513069}, version=1, billinggroupname=null}","2020-11-26 00:00:00.000"
"iot-device-01","1.5946307222943196E9","76.0","67.28","false","false","0.0064","0.0038","0.0168","2020-11-26T17:12:24.061+0000","{defaultclientid=iot-device-01, thingname=iot-device-01, thingid=983c2b68-f9a3-4e83-b3c6-9f6f8ad5431b, thingarn=arn:aws:iot:us-east-1:507441099951:thing/iot-device-01, thingtypename=null, attributes={installed=1594665292, latitude=37.4133144, longitude=-122.1513069}, version=1, billinggroupname=null}","2020-11-26 00:00:00.000"
"iot-device-02","1.5946307257588131E9","59.7","75.02","true","false","0.0075","0.0048","0.0199","2020-11-26T17:12:24.352+0000","{defaultclientid=iot-device-02, thingname=iot-device-02, thingid=4ae4927a-aefb-4584-a45a-fc4839feffd6, thingarn=arn:aws:iot:us-east-1:507441099951:thing/iot-device-02, thingtypename=null, attributes={installed=1593361211, latitude=32.8205865, longitude=-96.871627}, version=1, billinggroupname=null}","2020-11-26 00:00:00.000"
"iot-device-03","1.5946307257645955E9","51.7","71.24","false","false","0.0078","0.0051","0.0209","2020-11-26T17:12:24.649+0000","{defaultclientid=iot-device-03, thingname=iot-device-03, thingid=877352b9-a35d-45d3-9c98-162d89965a13, thingarn=arn:aws:iot:us-east-1:507441099951:thing/iot-device-03, thingtypename=null, attributes={installed=1592562234, latitude=37.4133144, longitude=-122.1513069}, version=1, billinggroupname=null}","2020-11-26 00:00:00.000"
"iot-device-01","1.5946307261090686E9","76.2","67.28","false","false","0.0064","0.0039","0.0169","2020-11-26T17:12:24.939+0000","{defaultclientid=iot-device-01, thingname=iot-device-01, thingid=983c2b68-f9a3-4e83-b3c6-9f6f8ad5431b, thingarn=arn:aws:iot:us-east-1:507441099951:thing/iot-device-01, thingtypename=null, attributes={installed=1594665292, latitude=37.4133144, longitude=-122.1513069}, version=1, billinggroupname=null}","2020-11-26 00:00:00.000"
"iot-device-03","1.5946307293620868E9","51.7","71.24","false","false","0.0078","0.0051","0.021","2020-11-26T17:12:25.231+0000","{defaultclientid=iot-device-03, thingname=iot-device-03, thingid=877352b9-a35d-45d3-9c98-162d89965a13, thingarn=arn:aws:iot:us-east-1:507441099951:thing/iot-device-03, thingtypename=null, attributes={installed=1592562234, latitude=37.4133144, longitude=-122.1513069}, version=1, billinggroupname=null}","2020-11-26 00:00:00.000"
"iot-device-02","1.5946307295666444E9","59.9","75.02","true","false","0.0075","0.0048","0.0199","2020-11-26T17:12:25.525+0000","{defaultclientid=iot-device-02, thingname=iot-device-02, thingid=4ae4927a-aefb-4584-a45a-fc4839feffd6, thingarn=arn:aws:iot:us-east-1:507441099951:thing/iot-device-02, thingtypename=null, attributes={installed=1593361211, latitude=32.8205865, longitude=-96.871627}, version=1, billinggroupname=null}","2020-11-26 00:00:00.000"
"iot-device-01","1.594630730460577E9","76.0","67.28","false","false","0.0063","0.0038","0.0167","2020-11-26T17:12:25.811+0000","{defaultclientid=iot-device-01, thingname=iot-device-01, thingid=983c2b68-f9a3-4e83-b3c6-9f6f8ad5431b, thingarn=arn:aws:iot:us-east-1:507441099951:thing/iot-device-01, thingtypename=null, attributes={installed=1594665292, latitude=37.4133144, longitude=-122.1513069}, version=1, billinggroupname=null}","2020-11-26 00:00:00.000"
"iot-device-03","1.5946307330578265E9","51.6","71.06","false","false","0.0078","0.0051","0.0208","2020-11-26T17:12:26.099+0000","{defaultclientid=iot-device-03, thingname=iot-device-03, thingid=877352b9-a35d-45d3-9c98-162d89965a13, thingarn=arn:aws:iot:us-east-1:507441099951:thing/iot-device-03, thingtypename=null, attributes={installed=1592562234, latitude=37.4133144, longitude=-122.1513069}, version=1, billinggroupname=null}","2020-11-26 00:00:00.000"
"iot-device-02","1.5946307344428787E9","59.6","75.02","true","false","0.0074","0.0047","0.0197","2020-11-26T17:12:26.388+0000","{defaultclientid=iot-device-02, thingname=iot-device-02, thingid=4ae4927a-aefb-4584-a45a-fc4839feffd6, thingarn=arn:aws:iot:us-east-1:507441099951:thing/iot-device-02, thingtypename=null, attributes={installed=1593361211, latitude=32.8205865, longitude=-96.871627}, version=1, billinggroupname=null}","2020-11-26 00:00:00.000"
"iot-device-01","1.5946307358895369E9","76.0","67.28","false","false","0.0064","0.0038","0.0168","2020-11-26T17:12:26.681+0000","{defaultclientid=iot-device-01, thingname=iot-device-01, thingid=983c2b68-f9a3-4e83-b3c6-9f6f8ad5431b, thingarn=arn:aws:iot:us-east-1:507441099951:thing/iot-device-01, thingtypename=null, attributes={installed=1594665292, latitude=37.4133144, longitude=-122.1513069}, version=1, billinggroupname=null}","2020-11-26 00:00:00.000"
"iot-device-01","1.5946307076295414E9","75.9","67.28","false","false","0.0063","0.0038","0.0167","2020-11-26T17:12:20.989+0000","{defaultclientid=iot-device-01, thingname=iot-device-01, thingid=983c2b68-f9a3-4e83-b3c6-9f6f8ad5431b, thingarn=arn:aws:iot:us-east-1:507441099951:thing/iot-device-01, thingtypename=null, attributes={installed=1594665292, latitude=37.4133144, longitude=-122.1513069}, version=1, billinggroupname=null}","2020-11-26 00:00:00.000"
"iot-device-02","1.5946307100484712E9","59.6","75.02","true","false","0.0073","0.0047","0.0195","2020-11-26T17:12:21.291+0000","{defaultclientid=iot-device-02, thingname=iot-device-02, thingid=4ae4927a-aefb-4584-a45a-fc4839feffd6, thingarn=arn:aws:iot:us-east-1:507441099951:thing/iot-device-02, thingtypename=null, attributes={installed=1593361211, latitude=32.8205865, longitude=-96.871627}, version=1, billinggroupname=null}","2020-11-26 00:00:00.000"
"iot-device-03","1.5946307110209465E9","51.6","71.06","false","false","0.0078","0.0051","0.0209","2020-11-26T17:12:21.589+0000","{defaultclientid=iot-device-03, thingname=iot-device-03, thingid=877352b9-a35d-45d3-9c98-162d89965a13, thingarn=arn:aws:iot:us-east-1:507441099951:thing/iot-device-03, thingtypename=null, attributes={installed=1592562234, latitude=37.4133144, longitude=-122.1513069}, version=1, billinggroupname=null}","2020-11-26 00:00:00.000"
"iot-device-01","1.5946307119830306E9","76.0","67.28","false","false","0.0064","0.0038","0.0168","2020-11-26T17:12:21.891+0000","{defaultclientid=iot-device-01, thingname=iot-device-01, thingid=983c2b68-f9a3-4e83-b3c6-9f6f8ad5431b, thingarn=arn:aws:iot:us-east-1:507441099951:thing/iot-device-01, thingtypename=null, attributes={installed=1594665292, latitude=37.4133144, longitude=-122.1513069}, version=1, billinggroupname=null}","2020-11-26 00:00:00.000"
"iot-device-02","1.5946307138609715E9","59.6","75.02","true","false","0.0074","0.0047","0.0196","2020-11-26T17:12:22.189+0000","{defaultclientid=iot-device-02, thingname=iot-device-02, thingid=4ae4927a-aefb-4584-a45a-fc4839feffd6, thingarn=arn:aws:iot:us-east-1:507441099951:thing/iot-device-02, thingtypename=null, attributes={installed=1593361211, latitude=32.8205865, longitude=-96.871627}, version=1, billinggroupname=null}","2020-11-26 00:00:00.000"
"iot-device-03","1.5946307147068725E9","51.6","71.24","false","false","0.0078","0.0051","0.0209","2020-11-26T17:12:22.535+0000","{defaultclientid=iot-device-03, thingname=iot-device-03, thingid=877352b9-a35d-45d3-9c98-162d89965a13, thingarn=arn:aws:iot:us-east-1:507441099951:thing/iot-device-03, thingtypename=null, attributes={installed=1592562234, latitude=37.4133144, longitude=-122.1513069}, version=1, billinggroupname=null}","2020-11-26 00:00:00.000"
"iot-device-01","1.5946307157964716E9","76.0","67.28","false","false","0.0062","0.0037","0.0164","2020-11-26T17:12:22.878+0000","{defaultclientid=iot-device-01, thingname=iot-device-01, thingid=983c2b68-f9a3-4e83-b3c6-9f6f8ad5431b, thingarn=arn:aws:iot:us-east-1:507441099951:thing/iot-device-01, thingtypename=null, attributes={installed=1594665292, latitude=37.4133144, longitude=-122.1513069}, version=1, billinggroupname=null}","2020-11-26 00:00:00.000"
"iot-device-02","1.5946307182033591E9","59.7","75.02","true","false","0.0074","0.0047","0.0197","2020-11-26T17:12:23.178+0000","{defaultclientid=iot-device-02, thingname=iot-device-02, thingid=4ae4927a-aefb-4584-a45a-fc4839feffd6, thingarn=arn:aws:iot:us-east-1:507441099951:thing/iot-device-02, thingtypename=null, attributes={installed=1593361211, latitude=32.8205865, longitude=-96.871627}, version=1, billinggroupname=null}","2020-11-26 00:00:00.000"
"iot-device-03","1.5946307183929288E9","51.6","71.24","false","false","0.0078","0.0051","0.0209","2020-11-26T17:12:23.470+0000","{defaultclientid=iot-device-03, thingname=iot-device-03, thingid=877352b9-a35d-45d3-9c98-162d89965a13, thingarn=arn:aws:iot:us-east-1:507441099951:thing/iot-device-03, thingtypename=null, attributes={installed=1592562234, latitude=37.4133144, longitude=-122.1513069}, version=1, billinggroupname=null}","2020-11-26 00:00:00.000"
"iot-device-03","1.5946307220787635E9","51.7","71.24","false","false","0.0079","0.0051","0.021","2020-11-26T17:12:23.771+0000","{defaultclientid=iot-device-03, thingname=iot-device-03, thingid=877352b9-a35d-45d3-9c98-162d89965a13, thingarn=arn:aws:iot:us-east-1:507441099951:thing/iot-device-03, thingtypename=null, attributes={installed=1592562234, latitude=37.4133144, longitude=-122.1513069}, version=1, billinggroupname=null}","2020-11-26 00:00:00.000"
"iot-device-03","1.5946307367436378E9","51.7","71.24","false","false","0.0078","0.0051","0.0209","2020-11-26T17:12:26.971+0000","{defaultclientid=iot-device-03, thingname=iot-device-03, thingid=877352b9-a35d-45d3-9c98-162d89965a13, thingarn=arn:aws:iot:us-east-1:507441099951:thing/iot-device-03, thingtypename=null, attributes={installed=1592562234, latitude=37.4133144, longitude=-122.1513069}, version=1, billinggroupname=null}","2020-11-26 00:00:00.000"
"iot-device-01","1.5946307402462473E9","76.0","67.28","false","false","0.0064","0.0038","0.0168","2020-11-26T17:12:27.260+0000","{defaultclientid=iot-device-01, thingname=iot-device-01, thingid=983c2b68-f9a3-4e83-b3c6-9f6f8ad5431b, thingarn=arn:aws:iot:us-east-1:507441099951:thing/iot-device-01, thingtypename=null, attributes={installed=1594665292, latitude=37.4133144, longitude=-122.1513069}, version=1, billinggroupname=null}","2020-11-26 00:00:00.000"
"iot-device-03","1.5946307404308858E9","51.7","71.24","false","false","0.0078","0.0051","0.0209","2020-11-26T17:12:27.558+0000","{defaultclientid=iot-device-03, thingname=iot-device-03, thingid=877352b9-a35d-45d3-9c98-162d89965a13, thingarn=arn:aws:iot:us-east-1:507441099951:thing/iot-device-03, thingtypename=null, attributes={installed=1592562234, latitude=37.4133144, longitude=-122.1513069}, version=1, billinggroupname=null}","2020-11-26 00:00:00.000"
"iot-device-01","1.5946307440626945E9","76.0","67.28","false","false","0.0064","0.0038","0.0168","2020-11-26T17:12:27.851+0000","{defaultclientid=iot-device-01, thingname=iot-device-01, thingid=983c2b68-f9a3-4e83-b3c6-9f6f8ad5431b, thingarn=arn:aws:iot:us-east-1:507441099951:thing/iot-device-01, thingtypename=null, attributes={installed=1594665292, latitude=37.4133144, longitude=-122.1513069}, version=1, billinggroupname=null}","2020-11-26 00:00:00.000"
"iot-device-03","1.594630744116589E9","51.6","71.24","false","false","0.0078","0.0051","0.0209","2020-11-26T17:12:28.153+0000","{defaultclientid=iot-device-03, thingname=iot-device-03, thingid=877352b9-a35d-45d3-9c98-162d89965a13, thingarn=arn:aws:iot:us-east-1:507441099951:thing/iot-device-03, thingtypename=null, attributes={installed=1592562234, latitude=37.4133144, longitude=-122.1513069}, version=1, billinggroupname=null}","2020-11-26 00:00:00.000"
"iot-device-02","1.594630745777231E9","59.6","75.02","true","false","0.0073","0.0047","0.0195","2020-11-26T17:12:28.439+0000","{defaultclientid=iot-device-02, thingname=iot-device-02, thingid=4ae4927a-aefb-4584-a45a-fc4839feffd6, thingarn=arn:aws:iot:us-east-1:507441099951:thing/iot-device-02, thingtypename=null, attributes={installed=1593361211, latitude=32.8205865, longitude=-96.871627}, version=1, billinggroupname=null}","2020-11-26 00:00:00.000"
"iot-device-03","1.5946313533479388E9","51.7","71.06","false","false","0.0078","0.0051","0.0209","2020-11-26T17:12:28.743+0000","{defaultclientid=iot-device-03, thingname=iot-device-03, thingid=877352b9-a35d-45d3-9c98-162d89965a13, thingarn=arn:aws:iot:us-east-1:507441099951:thing/iot-device-03, thingtypename=null, attributes={installed=1592562234, latitude=37.4133144, longitude=-122.1513069}, version=1, billinggroupname=null}","2020-11-26 00:00:00.000"
"iot-device-01","1.5946313540367856E9","76.0","67.46","false","false","0.0064","0.0039","0.0169","2020-11-26T17:12:29.041+0000","{defaultclientid=iot-device-01, thingname=iot-device-01, thingid=983c2b68-f9a3-4e83-b3c6-9f6f8ad5431b, thingarn=arn:aws:iot:us-east-1:507441099951:thing/iot-device-01, thingtypename=null, attributes={installed=1594665292, latitude=37.4133144, longitude=-122.1513069}, version=1, billinggroupname=null}","2020-11-26 00:00:00.000"
"iot-device-03","1.5946313570356045E9","51.8","71.24","false","false","0.0078","0.0051","0.0208","2020-11-26T17:12:29.340+0000","{defaultclientid=iot-device-03, thingname=iot-device-03, thingid=877352b9-a35d-45d3-9c98-162d89965a13, thingarn=arn:aws:iot:us-east-1:507441099951:thing/iot-device-03, thingtypename=null, attributes={installed=1592562234, latitude=37.4133144, longitude=-122.1513069}, version=1, billinggroupname=null}","2020-11-26 00:00:00.000"
"iot-device-02","1.5946313583097925E9","59.5","75.02","true","false","0.0072","0.0046","0.0192","2020-11-26T17:12:29.640+0000","{defaultclientid=iot-device-02, thingname=iot-device-02, thingid=4ae4927a-aefb-4584-a45a-fc4839feffd6, thingarn=arn:aws:iot:us-east-1:507441099951:thing/iot-device-02, thingtypename=null, attributes={installed=1593361211, latitude=32.8205865, longitude=-96.871627}, version=1, billinggroupname=null}","2020-11-26 00:00:00.000"
"iot-device-02","1.5946306096993806E9","59.5","75.02","true","false","0.0073","0.0046","0.0194","2020-11-26T17:12:03.019+0000","{defaultclientid=iot-device-02, thingname=iot-device-02, thingid=4ae4927a-aefb-4584-a45a-fc4839feffd6, thingarn=arn:aws:iot:us-east-1:507441099951:thing/iot-device-02, thingtypename=null, attributes={installed=1593361211, latitude=32.8205865, longitude=-96.871627}, version=1, billinggroupname=null}","2020-11-26 00:00:00.000"
"iot-device-03","1.5946306115207162E9","51.6","71.06","false","false","0.0078","0.0051","0.0209","2020-11-26T17:12:03.320+0000","{defaultclientid=iot-device-03, thingname=iot-device-03, thingid=877352b9-a35d-45d3-9c98-162d89965a13, thingarn=arn:aws:iot:us-east-1:507441099951:thing/iot-device-03, thingtypename=null, attributes={installed=1592562234, latitude=37.4133144, longitude=-122.1513069}, version=1, billinggroupname=null}","2020-11-26 00:00:00.000"
"iot-device-01","1.594630612608554E9","75.9","67.28","false","false","0.0065","0.0039","0.017","2020-11-26T17:12:03.623+0000","{defaultclientid=iot-device-01, thingname=iot-device-01, thingid=983c2b68-f9a3-4e83-b3c6-9f6f8ad5431b, thingarn=arn:aws:iot:us-east-1:507441099951:thing/iot-device-01, thingtypename=null, attributes={installed=1594665292, latitude=37.4133144, longitude=-122.1513069}, version=1, billinggroupname=null}","2020-11-26 00:00:00.000"
"iot-device-03","1.5946306152064788E9","51.7","71.24","false","false","0.0078","0.0051","0.021","2020-11-26T17:12:03.924+0000","{defaultclientid=iot-device-03, thingname=iot-device-03, thingid=877352b9-a35d-45d3-9c98-162d89965a13, thingarn=arn:aws:iot:us-east-1:507441099951:thing/iot-device-03, thingtypename=null, attributes={installed=1592562234, latitude=37.4133144, longitude=-122.1513069}, version=1, billinggroupname=null}","2020-11-26 00:00:00.000"
"iot-device-02","1.5946306167111506E9","59.5","75.02","true","false","0.0074","0.0047","0.0197","2020-11-26T17:12:04.219+0000","{defaultclientid=iot-device-02, thingname=iot-device-02, thingid=4ae4927a-aefb-4584-a45a-fc4839feffd6, thingarn=arn:aws:iot:us-east-1:507441099951:thing/iot-device-02, thingtypename=null, attributes={installed=1593361211, latitude=32.8205865, longitude=-96.871627}, version=1, billinggroupname=null}","2020-11-26 00:00:00.000"
"iot-device-01","1.5946306169562461E9","75.9","67.28","false","false","0.0063","0.0038","0.0166","2020-11-26T17:12:04.512+0000","{defaultclientid=iot-device-01, thingname=iot-device-01, thingid=983c2b68-f9a3-4e83-b3c6-9f6f8ad5431b, thingarn=arn:aws:iot:us-east-1:507441099951:thing/iot-device-01, thingtypename=null, attributes={installed=1594665292, latitude=37.4133144, longitude=-122.1513069}, version=1, billinggroupname=null}","2020-11-26 00:00:00.000"
"iot-device-02","1.5946306205185347E9","59.5","75.02","true","false","0.0073","0.0047","0.0195","2020-11-26T17:12:05.112+0000","{defaultclientid=iot-device-02, thingname=iot-device-02, thingid=4ae4927a-aefb-4584-a45a-fc4839feffd6, thingarn=arn:aws:iot:us-east-1:507441099951:thing/iot-device-02, thingtypename=null, attributes={installed=1593361211, latitude=32.8205865, longitude=-96.871627}, version=1, billinggroupname=null}","2020-11-26 00:00:00.000"
"iot-device-03","1.594630618890236E9","51.6","71.06","false","false","0.0078","0.0051","0.0209","2020-11-26T17:12:04.820+0000","{defaultclientid=iot-device-03, thingname=iot-device-03, thingid=877352b9-a35d-45d3-9c98-162d89965a13, thingarn=arn:aws:iot:us-east-1:507441099951:thing/iot-device-03, thingtypename=null, attributes={installed=1592562234, latitude=37.4133144, longitude=-122.1513069}, version=1, billinggroupname=null}","2020-11-26 00:00:00.000"
"iot-device-01","1.594630621316224E9","75.9","67.28","false","false","0.0064","0.0039","0.0169","2020-11-26T17:12:05.410+0000","{defaultclientid=iot-device-01, thingname=iot-device-01, thingid=983c2b68-f9a3-4e83-b3c6-9f6f8ad5431b, thingarn=arn:aws:iot:us-east-1:507441099951:thing/iot-device-01, thingtypename=null, attributes={installed=1594665292, latitude=37.4133144, longitude=-122.1513069}, version=1, billinggroupname=null}","2020-11-26 00:00:00.000"
"iot-device-03","1.5946306225761206E9","51.6","71.06","false","false","0.0078","0.0051","0.0209","2020-11-26T17:12:05.706+0000","{defaultclientid=iot-device-03, thingname=iot-device-03, thingid=877352b9-a35d-45d3-9c98-162d89965a13, thingarn=arn:aws:iot:us-east-1:507441099951:thing/iot-device-03, thingtypename=null, attributes={installed=1592562234, latitude=37.4133144, longitude=-122.1513069}, version=1, billinggroupname=null}","2020-11-26 00:00:00.000"
"iot-device-03","1.594630674166261E9","51.7","71.24","false","false","0.0078","0.0051","0.0209","2020-11-26T17:12:15.073+0000","{defaultclientid=iot-device-03, thingname=iot-device-03, thingid=877352b9-a35d-45d3-9c98-162d89965a13, thingarn=arn:aws:iot:us-east-1:507441099951:thing/iot-device-03, thingtypename=null, attributes={installed=1592562234, latitude=37.4133144, longitude=-122.1513069}, version=1, billinggroupname=null}","2020-11-26 00:00:00.000"
"iot-device-03","1.5946306778520908E9","51.6","71.24","false","false","0.0078","0.0051","0.0209","2020-11-26T17:12:15.376+0000","{defaultclientid=iot-device-03, thingname=iot-device-03, thingid=877352b9-a35d-45d3-9c98-162d89965a13, thingarn=arn:aws:iot:us-east-1:507441099951:thing/iot-device-03, thingtypename=null, attributes={installed=1592562234, latitude=37.4133144, longitude=-122.1513069}, version=1, billinggroupname=null}","2020-11-26 00:00:00.000"
"iot-device-01","1.594630680388706E9","75.9","67.28","false","false","0.0064","0.0039","0.0169","2020-11-26T17:12:15.672+0000","{defaultclientid=iot-device-01, thingname=iot-device-01, thingid=983c2b68-f9a3-4e83-b3c6-9f6f8ad5431b, thingarn=arn:aws:iot:us-east-1:507441099951:thing/iot-device-01, thingtypename=null, attributes={installed=1594665292, latitude=37.4133144, longitude=-122.1513069}, version=1, billinggroupname=null}","2020-11-26 00:00:00.000"
"iot-device-02","1.5946306813602824E9","59.6","75.02","true","false","0.0074","0.0047","0.0196","2020-11-26T17:12:15.977+0000","{defaultclientid=iot-device-02, thingname=iot-device-02, thingid=4ae4927a-aefb-4584-a45a-fc4839feffd6, thingarn=arn:aws:iot:us-east-1:507441099951:thing/iot-device-02, thingtypename=null, attributes={installed=1593361211, latitude=32.8205865, longitude=-96.871627}, version=1, billinggroupname=null}","2020-11-26 00:00:00.000"
"iot-device-03","1.5946306815380542E9","51.6","71.06","false","false","0.0078","0.0051","0.0209","2020-11-26T17:12:16.282+0000","{defaultclientid=iot-device-03, thingname=iot-device-03, thingid=877352b9-a35d-45d3-9c98-162d89965a13, thingarn=arn:aws:iot:us-east-1:507441099951:thing/iot-device-03, thingtypename=null, attributes={installed=1592562234, latitude=37.4133144, longitude=-122.1513069}, version=1, billinggroupname=null}","2020-11-26 00:00:00.000"
"iot-device-03","1.5946306852241216E9","51.6","71.24","false","false","0.0078","0.0051","0.0209","2020-11-26T17:12:16.571+0000","{defaultclientid=iot-device-03, thingname=iot-device-03, thingid=877352b9-a35d-45d3-9c98-162d89965a13, thingarn=arn:aws:iot:us-east-1:507441099951:thing/iot-device-03, thingtypename=null, attributes={installed=1592562234, latitude=37.4133144, longitude=-122.1513069}, version=1, billinggroupname=null}","2020-11-26 00:00:00.000"
"iot-device-01","1.5946306852766905E9","75.9","67.28","false","false","0.0064","0.0039","0.0169","2020-11-26T17:12:16.872+0000","{defaultclientid=iot-device-01, thingname=iot-device-01, thingid=983c2b68-f9a3-4e83-b3c6-9f6f8ad5431b, thingarn=arn:aws:iot:us-east-1:507441099951:thing/iot-device-01, thingtypename=null, attributes={installed=1594665292, latitude=37.4133144, longitude=-122.1513069}, version=1, billinggroupname=null}","2020-11-26 00:00:00.000"
"iot-device-02","1.5946306857204332E9","59.1","75.02","true","false","0.0075","0.0048","0.0199","2020-11-26T17:12:17.160+0000","{defaultclientid=iot-device-02, thingname=iot-device-02, thingid=4ae4927a-aefb-4584-a45a-fc4839feffd6, thingarn=arn:aws:iot:us-east-1:507441099951:thing/iot-device-02, thingtypename=null, attributes={installed=1593361211, latitude=32.8205865, longitude=-96.871627}, version=1, billinggroupname=null}","2020-11-26 00:00:00.000"
"iot-device-03","1.5946306888815887E9","51.6","71.24","false","false","0.0079","0.0051","0.021","2020-11-26T17:12:17.459+0000","{defaultclientid=iot-device-03, thingname=iot-device-03, thingid=877352b9-a35d-45d3-9c98-162d89965a13, thingarn=arn:aws:iot:us-east-1:507441099951:thing/iot-device-03, thingtypename=null, attributes={installed=1592562234, latitude=37.4133144, longitude=-122.1513069}, version=1, billinggroupname=null}","2020-11-26 00:00:00.000"
"iot-device-02","1.594630690600985E9","59.7","75.02","true","false","0.0073","0.0047","0.0195","2020-11-26T17:12:17.746+0000","{defaultclientid=iot-device-02, thingname=iot-device-02, thingid=4ae4927a-aefb-4584-a45a-fc4839feffd6, thingarn=arn:aws:iot:us-east-1:507441099951:thing/iot-device-02, thingtypename=null, attributes={installed=1593361211, latitude=32.8205865, longitude=-96.871627}, version=1, billinggroupname=null}","2020-11-26 00:00:00.000"
"iot-device-03","1.5946306925879414E9","51.6","71.24","false","false","0.0078","0.0051","0.0209","2020-11-26T17:12:18.046+0000","{defaultclientid=iot-device-03, thingname=iot-device-03, thingid=877352b9-a35d-45d3-9c98-162d89965a13, thingarn=arn:aws:iot:us-east-1:507441099951:thing/iot-device-03, thingtypename=null, attributes={installed=1592562234, latitude=37.4133144, longitude=-122.1513069}, version=1, billinggroupname=null}","2020-11-26 00:00:00.000"
"iot-device-01","1.5946306934847796E9","75.9","67.28","false","false","0.0065","0.0039","0.017","2020-11-26T17:12:18.339+0000","{defaultclientid=iot-device-01, thingname=iot-device-01, thingid=983c2b68-f9a3-4e83-b3c6-9f6f8ad5431b, thingarn=arn:aws:iot:us-east-1:507441099951:thing/iot-device-01, thingtypename=null, attributes={installed=1594665292, latitude=37.4133144, longitude=-122.1513069}, version=1, billinggroupname=null}","2020-11-26 00:00:00.000"
"iot-device-03","1.5946306962736664E9","51.6","71.24","false","false","0.0078","0.0051","0.0209","2020-11-26T17:12:18.631+0000","{defaultclientid=iot-device-03, thingname=iot-device-03, thingid=877352b9-a35d-45d3-9c98-162d89965a13, thingarn=arn:aws:iot:us-east-1:507441099951:thing/iot-device-03, thingtypename=null, attributes={installed=1592562234, latitude=37.4133144, longitude=-122.1513069}, version=1, billinggroupname=null}","2020-11-26 00:00:00.000"
"iot-device-02","1.5946306976182857E9","59.6","75.02","true","false","0.0074","0.0047","0.0197","2020-11-26T17:12:18.926+0000","{defaultclientid=iot-device-02, thingname=iot-device-02, thingid=4ae4927a-aefb-4584-a45a-fc4839feffd6, thingarn=arn:aws:iot:us-east-1:507441099951:thing/iot-device-02, thingtypename=null, attributes={installed=1593361211, latitude=32.8205865, longitude=-96.871627}, version=1, billinggroupname=null}","2020-11-26 00:00:00.000"
"iot-device-01","1.5946306989159653E9","75.9","67.28","false","false","0.0065","0.0039","0.017","2020-11-26T17:12:19.223+0000","{defaultclientid=iot-device-01, thingname=iot-device-01, thingid=983c2b68-f9a3-4e83-b3c6-9f6f8ad5431b, thingarn=arn:aws:iot:us-east-1:507441099951:thing/iot-device-01, thingtypename=null, attributes={installed=1594665292, latitude=37.4133144, longitude=-122.1513069}, version=1, billinggroupname=null}","2020-11-26 00:00:00.000"
"iot-device-03","1.5946306999597554E9","51.6","71.24","false","false","0.0078","0.0051","0.0209","2020-11-26T17:12:19.520+0000","{defaultclientid=iot-device-03, thingname=iot-device-03, thingid=877352b9-a35d-45d3-9c98-162d89965a13, thingarn=arn:aws:iot:us-east-1:507441099951:thing/iot-device-03, thingtypename=null, attributes={installed=1592562234, latitude=37.4133144, longitude=-122.1513069}, version=1, billinggroupname=null}","2020-11-26 00:00:00.000"
"iot-device-01","1.5946307032766447E9","75.9","67.28","false","false","0.0064","0.0039","0.0169","2020-11-26T17:12:19.809+0000","{defaultclientid=iot-device-01, thingname=iot-device-01, thingid=983c2b68-f9a3-4e83-b3c6-9f6f8ad5431b, thingarn=arn:aws:iot:us-east-1:507441099951:thing/iot-device-01, thingtypename=null, attributes={installed=1594665292, latitude=37.4133144, longitude=-122.1513069}, version=1, billinggroupname=null}","2020-11-26 00:00:00.000"
"iot-device-03","1.5946307036477065E9","51.5","71.06","false","false","0.0078","0.0051","0.0209","2020-11-26T17:12:20.115+0000","{defaultclientid=iot-device-03, thingname=iot-device-03, thingid=877352b9-a35d-45d3-9c98-162d89965a13, thingarn=arn:aws:iot:us-east-1:507441099951:thing/iot-device-03, thingtypename=null, attributes={installed=1592562234, latitude=37.4133144, longitude=-122.1513069}, version=1, billinggroupname=null}","2020-11-26 00:00:00.000"
"iot-device-02","1.5946307046357465E9","59.6","75.02","true","false","0.0074","0.0047","0.0196","2020-11-26T17:12:20.410+0000","{defaultclientid=iot-device-02, thingname=iot-device-02, thingid=4ae4927a-aefb-4584-a45a-fc4839feffd6, thingarn=arn:aws:iot:us-east-1:507441099951:thing/iot-device-02, thingtypename=null, attributes={installed=1593361211, latitude=32.8205865, longitude=-96.871627}, version=1, billinggroupname=null}","2020-11-26 00:00:00.000"
"iot-device-03","1.5946307073351448E9","51.6","71.24","false","false","0.0078","0.0051","0.0209","2020-11-26T17:12:20.704+0000","{defaultclientid=iot-device-03, thingname=iot-device-03, thingid=877352b9-a35d-45d3-9c98-162d89965a13, thingarn=arn:aws:iot:us-east-1:507441099951:thing/iot-device-03, thingtypename=null, attributes={installed=1592562234, latitude=37.4133144, longitude=-122.1513069}, version=1, billinggroupname=null}","2020-11-26 00:00:00.000"
"iot-device-03","1.594630593092617E9","51.6","71.06","false","false","0.0078","0.0051","0.0209","2020-11-26T17:12:00.080+0000","{defaultclientid=iot-device-03, thingname=iot-device-03, thingid=877352b9-a35d-45d3-9c98-162d89965a13, thingarn=arn:aws:iot:us-east-1:507441099951:thing/iot-device-03, thingtypename=null, attributes={installed=1592562234, latitude=37.4133144, longitude=-122.1513069}, version=1, billinggroupname=null}","2020-11-26 00:00:00.000"
"iot-device-02","1.5946305945268645E9","59.5","75.02","true","false","0.0073","0.0047","0.0195","2020-11-26T17:12:00.378+0000","{defaultclientid=iot-device-02, thingname=iot-device-02, thingid=4ae4927a-aefb-4584-a45a-fc4839feffd6, thingarn=arn:aws:iot:us-east-1:507441099951:thing/iot-device-02, thingtypename=null, attributes={installed=1593361211, latitude=32.8205865, longitude=-96.871627}, version=1, billinggroupname=null}","2020-11-26 00:00:00.000"
"iot-device-03","1.5946305967768052E9","51.6","71.24","false","false","0.0078","0.0051","0.021","2020-11-26T17:12:00.671+0000","{defaultclientid=iot-device-03, thingname=iot-device-03, thingid=877352b9-a35d-45d3-9c98-162d89965a13, thingarn=arn:aws:iot:us-east-1:507441099951:thing/iot-device-03, thingtypename=null, attributes={installed=1592562234, latitude=37.4133144, longitude=-122.1513069}, version=1, billinggroupname=null}","2020-11-26 00:00:00.000"
"iot-device-01","1.5946305969108918E9","75.9","67.28","false","false","0.0064","0.0039","0.0169","2020-11-26T17:12:00.950+0000","{defaultclientid=iot-device-01, thingname=iot-device-01, thingid=983c2b68-f9a3-4e83-b3c6-9f6f8ad5431b, thingarn=arn:aws:iot:us-east-1:507441099951:thing/iot-device-01, thingtypename=null, attributes={installed=1594665292, latitude=37.4133144, longitude=-122.1513069}, version=1, billinggroupname=null}","2020-11-26 00:00:00.000"
"iot-device-02","1.5946305994050276E9","59.5","75.02","true","false","0.0073","0.0047","0.0195","2020-11-26T17:12:01.241+0000","{defaultclientid=iot-device-02, thingname=iot-device-02, thingid=4ae4927a-aefb-4584-a45a-fc4839feffd6, thingarn=arn:aws:iot:us-east-1:507441099951:thing/iot-device-02, thingtypename=null, attributes={installed=1593361211, latitude=32.8205865, longitude=-96.871627}, version=1, billinggroupname=null}","2020-11-26 00:00:00.000"
"iot-device-03","1.5946306004629052E9","51.6","71.06","false","false","0.0078","0.0051","0.021","2020-11-26T17:12:01.541+0000","{defaultclientid=iot-device-03, thingname=iot-device-03, thingid=877352b9-a35d-45d3-9c98-162d89965a13, thingarn=arn:aws:iot:us-east-1:507441099951:thing/iot-device-03, thingtypename=null, attributes={installed=1592562234, latitude=37.4133144, longitude=-122.1513069}, version=1, billinggroupname=null}","2020-11-26 00:00:00.000"
"iot-device-03","1.5946306041487193E9","51.7","71.24","false","false","0.0078","0.0051","0.0209","2020-11-26T17:12:01.829+0000","{defaultclientid=iot-device-03, thingname=iot-device-03, thingid=877352b9-a35d-45d3-9c98-162d89965a13, thingarn=arn:aws:iot:us-east-1:507441099951:thing/iot-device-03, thingtypename=null, attributes={installed=1592562234, latitude=37.4133144, longitude=-122.1513069}, version=1, billinggroupname=null}","2020-11-26 00:00:00.000"
"iot-device-01","1.5946306044938438E9","75.9","67.28","false","false","0.0064","0.0039","0.0169","2020-11-26T17:12:02.133+0000","{defaultclientid=iot-device-01, thingname=iot-device-01, thingid=983c2b68-f9a3-4e83-b3c6-9f6f8ad5431b, thingarn=arn:aws:iot:us-east-1:507441099951:thing/iot-device-01, thingtypename=null, attributes={installed=1594665292, latitude=37.4133144, longitude=-122.1513069}, version=1, billinggroupname=null}","2020-11-26 00:00:00.000"
"iot-device-02","1.5946306048231E9","59.5","75.02","true","false","0.0073","0.0047","0.0195","2020-11-26T17:12:02.440+0000","{defaultclientid=iot-device-02, thingname=iot-device-02, thingid=4ae4927a-aefb-4584-a45a-fc4839feffd6, thingarn=arn:aws:iot:us-east-1:507441099951:thing/iot-device-02, thingtypename=null, attributes={installed=1593361211, latitude=32.8205865, longitude=-96.871627}, version=1, billinggroupname=null}","2020-11-26 00:00:00.000"
"iot-device-03","1.5946306078345854E9","51.6","71.06","false","false","0.0078","0.0051","0.0208","2020-11-26T17:12:02.726+0000","{defaultclientid=iot-device-03, thingname=iot-device-03, thingid=877352b9-a35d-45d3-9c98-162d89965a13, thingarn=arn:aws:iot:us-east-1:507441099951:thing/iot-device-03, thingtypename=null, attributes={installed=1592562234, latitude=37.4133144, longitude=-122.1513069}, version=1, billinggroupname=null}","2020-11-26 00:00:00.000"
"iot-device-01","1.5946323303138902E9","75.2","67.46","false","false","0.0063","0.0038","0.0166","2020-11-26T17:13:32.860+0000","{defaultclientid=iot-device-01, thingname=iot-device-01, thingid=983c2b68-f9a3-4e83-b3c6-9f6f8ad5431b, thingarn=arn:aws:iot:us-east-1:507441099951:thing/iot-device-01, thingtypename=null, attributes={installed=1594665292, latitude=37.4133144, longitude=-122.1513069}, version=1, billinggroupname=null}","2020-11-26 00:00:00.000"
"iot-device-03","1.5946323305081394E9","51.9","71.24","false","false","0.0078","0.0051","0.0209","2020-11-26T17:13:33.151+0000","{defaultclientid=iot-device-03, thingname=iot-device-03, thingid=877352b9-a35d-45d3-9c98-162d89965a13, thingarn=arn:aws:iot:us-east-1:507441099951:thing/iot-device-03, thingtypename=null, attributes={installed=1592562234, latitude=37.4133144, longitude=-122.1513069}, version=1, billinggroupname=null}","2020-11-26 00:00:00.000"
"iot-device-01","1.594632334129446E9","75.4","67.46","false","false","0.0063","0.0038","0.0167","2020-11-26T17:13:33.441+0000","{defaultclientid=iot-device-01, thingname=iot-device-01, thingid=983c2b68-f9a3-4e83-b3c6-9f6f8ad5431b, thingarn=arn:aws:iot:us-east-1:507441099951:thing/iot-device-01, thingtypename=null, attributes={installed=1594665292, latitude=37.4133144, longitude=-122.1513069}, version=1, billinggroupname=null}","2020-11-26 00:00:00.000"
"iot-device-03","1.5946323341955295E9","52.0","71.24","false","false","0.0078","0.0051","0.0208","2020-11-26T17:13:33.729+0000","{defaultclientid=iot-device-03, thingname=iot-device-03, thingid=877352b9-a35d-45d3-9c98-162d89965a13, thingarn=arn:aws:iot:us-east-1:507441099951:thing/iot-device-03, thingtypename=null, attributes={installed=1592562234, latitude=37.4133144, longitude=-122.1513069}, version=1, billinggroupname=null}","2020-11-26 00:00:00.000"
"iot-device-03","1.594632338135753E9","52.0","71.24","false","false","0.0079","0.0051","0.021","2020-11-26T17:13:34.021+0000","{defaultclientid=iot-device-03, thingname=iot-device-03, thingid=877352b9-a35d-45d3-9c98-162d89965a13, thingarn=arn:aws:iot:us-east-1:507441099951:thing/iot-device-03, thingtypename=null, attributes={installed=1592562234, latitude=37.4133144, longitude=-122.1513069}, version=1, billinggroupname=null}","2020-11-26 00:00:00.000"
"iot-device-02","1.5946323383605232E9","59.6","74.84","true","false","0.0075","0.0048","0.0198","2020-11-26T17:13:34.321+0000","{defaultclientid=iot-device-02, thingname=iot-device-02, thingid=4ae4927a-aefb-4584-a45a-fc4839feffd6, thingarn=arn:aws:iot:us-east-1:507441099951:thing/iot-device-02, thingtypename=null, attributes={installed=1593361211, latitude=32.8205865, longitude=-96.871627}, version=1, billinggroupname=null}","2020-11-26 00:00:00.000"
"iot-device-01","1.5946323390184796E9","75.2","67.46","false","false","0.0062","0.0037","0.0164","2020-11-26T17:13:34.622+0000","{defaultclientid=iot-device-01, thingname=iot-device-01, thingid=983c2b68-f9a3-4e83-b3c6-9f6f8ad5431b, thingarn=arn:aws:iot:us-east-1:507441099951:thing/iot-device-01, thingtypename=null, attributes={installed=1594665292, latitude=37.4133144, longitude=-122.1513069}, version=1, billinggroupname=null}","2020-11-26 00:00:00.000"
"iot-device-03","1.5946323418248231E9","51.9","71.24","false","false","0.0078","0.0051","0.0208","2020-11-26T17:13:34.907+0000","{defaultclientid=iot-device-03, thingname=iot-device-03, thingid=877352b9-a35d-45d3-9c98-162d89965a13, thingarn=arn:aws:iot:us-east-1:507441099951:thing/iot-device-03, thingtypename=null, attributes={installed=1592562234, latitude=37.4133144, longitude=-122.1513069}, version=1, billinggroupname=null}","2020-11-26 00:00:00.000"
"iot-device-02","1.5946323432414038E9","59.6","74.84","true","false","0.0074","0.0047","0.0197","2020-11-26T17:13:35.202+0000","{defaultclientid=iot-device-02, thingname=iot-device-02, thingid=4ae4927a-aefb-4584-a45a-fc4839feffd6, thingarn=arn:aws:iot:us-east-1:507441099951:thing/iot-device-02, thingtypename=null, attributes={installed=1593361211, latitude=32.8205865, longitude=-96.871627}, version=1, billinggroupname=null}","2020-11-26 00:00:00.000"
"iot-device-03","1.5946323455093613E9","51.8","71.06","false","false","0.0078","0.0051","0.0209","2020-11-26T17:13:35.494+0000","{defaultclientid=iot-device-03, thingname=iot-device-03, thingid=877352b9-a35d-45d3-9c98-162d89965a13, thingarn=arn:aws:iot:us-east-1:507441099951:thing/iot-device-03, thingtypename=null, attributes={installed=1592562234, latitude=37.4133144, longitude=-122.1513069}, version=1, billinggroupname=null}","2020-11-26 00:00:00.000"
"iot-device-03","1.5946323823781414E9","51.5","71.24","false","false","0.0078","0.0051","0.0209","2020-11-26T17:13:41.739+0000","{defaultclientid=iot-device-03, thingname=iot-device-03, thingid=877352b9-a35d-45d3-9c98-162d89965a13, thingarn=arn:aws:iot:us-east-1:507441099951:thing/iot-device-03, thingtypename=null, attributes={installed=1592562234, latitude=37.4133144, longitude=-122.1513069}, version=1, billinggroupname=null}","2020-11-26 00:00:00.000"
"iot-device-03","1.5946323860657434E9","51.4","71.24","false","false","0.0078","0.0051","0.0209","2020-11-26T17:13:42.029+0000","{defaultclientid=iot-device-03, thingname=iot-device-03, thingid=877352b9-a35d-45d3-9c98-162d89965a13, thingarn=arn:aws:iot:us-east-1:507441099951:thing/iot-device-03, thingtypename=null, attributes={installed=1592562234, latitude=37.4133144, longitude=-122.1513069}, version=1, billinggroupname=null}","2020-11-26 00:00:00.000"
"iot-device-01","1.5946323867351055E9","75.0","67.28","false","false","0.0064","0.0039","0.0169","2020-11-26T17:13:42.364+0000","{defaultclientid=iot-device-01, thingname=iot-device-01, thingid=983c2b68-f9a3-4e83-b3c6-9f6f8ad5431b, thingarn=arn:aws:iot:us-east-1:507441099951:thing/iot-device-01, thingtypename=null, attributes={installed=1594665292, latitude=37.4133144, longitude=-122.1513069}, version=1, billinggroupname=null}","2020-11-26 00:00:00.000"
"iot-device-02","1.5946323882375386E9","59.6","75.02","true","false","0.0075","0.0048","0.0198","2020-11-26T17:13:42.659+0000","{defaultclientid=iot-device-02, thingname=iot-device-02, thingid=4ae4927a-aefb-4584-a45a-fc4839feffd6, thingarn=arn:aws:iot:us-east-1:507441099951:thing/iot-device-02, thingtypename=null, attributes={installed=1593361211, latitude=32.8205865, longitude=-96.871627}, version=1, billinggroupname=null}","2020-11-26 00:00:00.000"
"iot-device-03","1.5946323897532635E9","51.4","71.24","false","false","0.0078","0.0051","0.0209","2020-11-26T17:13:42.954+0000","{defaultclientid=iot-device-03, thingname=iot-device-03, thingid=877352b9-a35d-45d3-9c98-162d89965a13, thingarn=arn:aws:iot:us-east-1:507441099951:thing/iot-device-03, thingtypename=null, attributes={installed=1592562234, latitude=37.4133144, longitude=-122.1513069}, version=1, billinggroupname=null}","2020-11-26 00:00:00.000"
"iot-device-03","1.5946323934407165E9","51.3","71.24","false","false","0.0078","0.0051","0.0208","2020-11-26T17:13:43.240+0000","{defaultclientid=iot-device-03, thingname=iot-device-03, thingid=877352b9-a35d-45d3-9c98-162d89965a13, thingarn=arn:aws:iot:us-east-1:507441099951:thing/iot-device-03, thingtypename=null, attributes={installed=1592562234, latitude=37.4133144, longitude=-122.1513069}, version=1, billinggroupname=null}","2020-11-26 00:00:00.000"
"iot-device-02","1.5946323947191675E9","59.6","75.02","true","false","0.0074","0.0047","0.0196","2020-11-26T17:13:43.531+0000","{defaultclientid=iot-device-02, thingname=iot-device-02, thingid=4ae4927a-aefb-4584-a45a-fc4839feffd6, thingarn=arn:aws:iot:us-east-1:507441099951:thing/iot-device-02, thingtypename=null, attributes={installed=1593361211, latitude=32.8205865, longitude=-96.871627}, version=1, billinggroupname=null}","2020-11-26 00:00:00.000"
"iot-device-03","1.5946323971277704E9","51.2","71.06","false","false","0.0078","0.0051","0.0209","2020-11-26T17:13:43.837+0000","{defaultclientid=iot-device-03, thingname=iot-device-03, thingid=877352b9-a35d-45d3-9c98-162d89965a13, thingarn=arn:aws:iot:us-east-1:507441099951:thing/iot-device-03, thingtypename=null, attributes={installed=1592562234, latitude=37.4133144, longitude=-122.1513069}, version=1, billinggroupname=null}","2020-11-26 00:00:00.000"
"iot-device-01","1.5946323994220307E9","74.9","67.46","false","false","0.0064","0.0038","0.0168","2020-11-26T17:13:44.122+0000","{defaultclientid=iot-device-01, thingname=iot-device-01, thingid=983c2b68-f9a3-4e83-b3c6-9f6f8ad5431b, thingarn=arn:aws:iot:us-east-1:507441099951:thing/iot-device-01, thingtypename=null, attributes={installed=1594665292, latitude=37.4133144, longitude=-122.1513069}, version=1, billinggroupname=null}","2020-11-26 00:00:00.000"
"iot-device-03","1.5946324008134935E9","51.2","71.06","false","false","0.0078","0.0051","0.0209","2020-11-26T17:13:44.419+0000","{defaultclientid=iot-device-03, thingname=iot-device-03, thingid=877352b9-a35d-45d3-9c98-162d89965a13, thingarn=arn:aws:iot:us-east-1:507441099951:thing/iot-device-03, thingtypename=null, attributes={installed=1592562234, latitude=37.4133144, longitude=-122.1513069}, version=1, billinggroupname=null}","2020-11-26 00:00:00.000"
"iot-device-03","1.5946324744964724E9","50.0","71.06","false","false","0.0078","0.0051","0.0208","2020-11-26T17:13:56.519+0000","{defaultclientid=iot-device-03, thingname=iot-device-03, thingid=877352b9-a35d-45d3-9c98-162d89965a13, thingarn=arn:aws:iot:us-east-1:507441099951:thing/iot-device-03, thingtypename=null, attributes={installed=1592562234, latitude=37.4133144, longitude=-122.1513069}, version=1, billinggroupname=null}","2020-11-26 00:00:00.000"
"iot-device-01","1.594632474922284E9","74.4","67.28","false","false","0.0063","0.0038","0.0167","2020-11-26T17:13:56.840+0000","{defaultclientid=iot-device-01, thingname=iot-device-01, thingid=983c2b68-f9a3-4e83-b3c6-9f6f8ad5431b, thingarn=arn:aws:iot:us-east-1:507441099951:thing/iot-device-01, thingtypename=null, attributes={installed=1594665292, latitude=37.4133144, longitude=-122.1513069}, version=1, billinggroupname=null}","2020-11-26 00:00:00.000"
"iot-device-02","1.5946324776671147E9","59.5","74.84","true","false","0.0074","0.0047","0.0197","2020-11-26T17:13:57.130+0000","{defaultclientid=iot-device-02, thingname=iot-device-02, thingid=4ae4927a-aefb-4584-a45a-fc4839feffd6, thingarn=arn:aws:iot:us-east-1:507441099951:thing/iot-device-02, thingtypename=null, attributes={installed=1593361211, latitude=32.8205865, longitude=-96.871627}, version=1, billinggroupname=null}","2020-11-26 00:00:00.000"
"iot-device-03","1.5946324781829624E9","49.9","71.06","false","false","0.0078","0.0051","0.0209","2020-11-26T17:13:57.420+0000","{defaultclientid=iot-device-03, thingname=iot-device-03, thingid=877352b9-a35d-45d3-9c98-162d89965a13, thingarn=arn:aws:iot:us-east-1:507441099951:thing/iot-device-03, thingtypename=null, attributes={installed=1592562234, latitude=37.4133144, longitude=-122.1513069}, version=1, billinggroupname=null}","2020-11-26 00:00:00.000"
"iot-device-01","1.594632478738367E9","74.4","67.28","false","false","0.0064","0.0039","0.0169","2020-11-26T17:13:57.708+0000","{defaultclientid=iot-device-01, thingname=iot-device-01, thingid=983c2b68-f9a3-4e83-b3c6-9f6f8ad5431b, thingarn=arn:aws:iot:us-east-1:507441099951:thing/iot-device-01, thingtypename=null, attributes={installed=1594665292, latitude=37.4133144, longitude=-122.1513069}, version=1, billinggroupname=null}","2020-11-26 00:00:00.000"
"iot-device-03","1.5946324818688176E9","49.9","71.06","false","false","0.0078","0.0051","0.0209","2020-11-26T17:13:58.017+0000","{defaultclientid=iot-device-03, thingname=iot-device-03, thingid=877352b9-a35d-45d3-9c98-162d89965a13, thingarn=arn:aws:iot:us-east-1:507441099951:thing/iot-device-03, thingtypename=null, attributes={installed=1592562234, latitude=37.4133144, longitude=-122.1513069}, version=1, billinggroupname=null}","2020-11-26 00:00:00.000"
"iot-device-01","1.5946324836308026E9","74.5","67.28","false","false","0.0064","0.0038","0.0168","2020-11-26T17:13:58.316+0000","{defaultclientid=iot-device-01, thingname=iot-device-01, thingid=983c2b68-f9a3-4e83-b3c6-9f6f8ad5431b, thingarn=arn:aws:iot:us-east-1:507441099951:thing/iot-device-01, thingtypename=null, attributes={installed=1594665292, latitude=37.4133144, longitude=-122.1513069}, version=1, billinggroupname=null}","2020-11-26 00:00:00.000"
"iot-device-03","1.5946324855547793E9","49.7","70.88","false","false","0.0078","0.0051","0.0209","2020-11-26T17:13:58.609+0000","{defaultclientid=iot-device-03, thingname=iot-device-03, thingid=877352b9-a35d-45d3-9c98-162d89965a13, thingarn=arn:aws:iot:us-east-1:507441099951:thing/iot-device-03, thingtypename=null, attributes={installed=1592562234, latitude=37.4133144, longitude=-122.1513069}, version=1, billinggroupname=null}","2020-11-26 00:00:00.000"
"iot-device-02","1.594632486946879E9","59.5","75.02","true","false","0.0075","0.0048","0.0199","2020-11-26T17:13:58.909+0000","{defaultclientid=iot-device-02, thingname=iot-device-02, thingid=4ae4927a-aefb-4584-a45a-fc4839feffd6, thingarn=arn:aws:iot:us-east-1:507441099951:thing/iot-device-02, thingtypename=null, attributes={installed=1593361211, latitude=32.8205865, longitude=-96.871627}, version=1, billinggroupname=null}","2020-11-26 00:00:00.000"
"iot-device-01","1.5946324879803805E9","74.6","67.28","false","false","0.0064","0.0039","0.0169","2020-11-26T17:13:59.200+0000","{defaultclientid=iot-device-01, thingname=iot-device-01, thingid=983c2b68-f9a3-4e83-b3c6-9f6f8ad5431b, thingarn=arn:aws:iot:us-east-1:507441099951:thing/iot-device-01, thingtypename=null, attributes={installed=1594665292, latitude=37.4133144, longitude=-122.1513069}, version=1, billinggroupname=null}","2020-11-26 00:00:00.000"
"iot-device-03","1.594632419232932E9","50.7","71.06","false","false","0.0078","0.0051","0.0209","2020-11-26T17:13:47.639+0000","{defaultclientid=iot-device-03, thingname=iot-device-03, thingid=877352b9-a35d-45d3-9c98-162d89965a13, thingarn=arn:aws:iot:us-east-1:507441099951:thing/iot-device-03, thingtypename=null, attributes={installed=1592562234, latitude=37.4133144, longitude=-122.1513069}, version=1, billinggroupname=null}","2020-11-26 00:00:00.000"
"iot-device-01","1.5946324206272154E9","75.1","67.46","false","false","0.0064","0.0039","0.0169","2020-11-26T17:13:47.930+0000","{defaultclientid=iot-device-01, thingname=iot-device-01, thingid=983c2b68-f9a3-4e83-b3c6-9f6f8ad5431b, thingarn=arn:aws:iot:us-east-1:507441099951:thing/iot-device-01, thingtypename=null, attributes={installed=1594665292, latitude=37.4133144, longitude=-122.1513069}, version=1, billinggroupname=null}","2020-11-26 00:00:00.000"
"iot-device-03","1.594632422919041E9","50.7","71.06","false","false","0.0078","0.0051","0.021","2020-11-26T17:13:48.221+0000","{defaultclientid=iot-device-03, thingname=iot-device-03, thingid=877352b9-a35d-45d3-9c98-162d89965a13, thingarn=arn:aws:iot:us-east-1:507441099951:thing/iot-device-03, thingtypename=null, attributes={installed=1592562234, latitude=37.4133144, longitude=-122.1513069}, version=1, billinggroupname=null}","2020-11-26 00:00:00.000"
"iot-device-01","1.5946324249800684E9","75.2","67.46","false","false","0.0064","0.0038","0.0168","2020-11-26T17:13:48.531+0000","{defaultclientid=iot-device-01, thingname=iot-device-01, thingid=983c2b68-f9a3-4e83-b3c6-9f6f8ad5431b, thingarn=arn:aws:iot:us-east-1:507441099951:thing/iot-device-01, thingtypename=null, attributes={installed=1594665292, latitude=37.4133144, longitude=-122.1513069}, version=1, billinggroupname=null}","2020-11-26 00:00:00.000"
"iot-device-03","1.594632426605568E9","50.7","71.06","false","false","0.0078","0.0051","0.0209","2020-11-26T17:13:48.819+0000","{defaultclientid=iot-device-03, thingname=iot-device-03, thingid=877352b9-a35d-45d3-9c98-162d89965a13, thingarn=arn:aws:iot:us-east-1:507441099951:thing/iot-device-03, thingtypename=null, attributes={installed=1592562234, latitude=37.4133144, longitude=-122.1513069}, version=1, billinggroupname=null}","2020-11-26 00:00:00.000"
"iot-device-01","1.5946324293312664E9","75.1","67.28","false","false","0.0062","0.0037","0.0164","2020-11-26T17:13:49.110+0000","{defaultclientid=iot-device-01, thingname=iot-device-01, thingid=983c2b68-f9a3-4e83-b3c6-9f6f8ad5431b, thingarn=arn:aws:iot:us-east-1:507441099951:thing/iot-device-01, thingtypename=null, attributes={installed=1594665292, latitude=37.4133144, longitude=-122.1513069}, version=1, billinggroupname=null}","2020-11-26 00:00:00.000"
"iot-device-03","1.594632430291426E9","50.7","71.06","false","false","0.0079","0.0051","0.021","2020-11-26T17:13:49.400+0000","{defaultclientid=iot-device-03, thingname=iot-device-03, thingid=877352b9-a35d-45d3-9c98-162d89965a13, thingarn=arn:aws:iot:us-east-1:507441099951:thing/iot-device-03, thingtypename=null, attributes={installed=1592562234, latitude=37.4133144, longitude=-122.1513069}, version=1, billinggroupname=null}","2020-11-26 00:00:00.000"
"iot-device-03","1.5946324339753869E9","50.7","71.06","false","false","0.0078","0.0051","0.0209","2020-11-26T17:13:49.696+0000","{defaultclientid=iot-device-03, thingname=iot-device-03, thingid=877352b9-a35d-45d3-9c98-162d89965a13, thingarn=arn:aws:iot:us-east-1:507441099951:thing/iot-device-03, thingtypename=null, attributes={installed=1592562234, latitude=37.4133144, longitude=-122.1513069}, version=1, billinggroupname=null}","2020-11-26 00:00:00.000"
"iot-device-02","1.5946324345653462E9","59.5","74.84","true","false","0.0075","0.0048","0.0201","2020-11-26T17:13:50.000+0000","{defaultclientid=iot-device-02, thingname=iot-device-02, thingid=4ae4927a-aefb-4584-a45a-fc4839feffd6, thingarn=arn:aws:iot:us-east-1:507441099951:thing/iot-device-02, thingtypename=null, attributes={installed=1593361211, latitude=32.8205865, longitude=-96.871627}, version=1, billinggroupname=null}","2020-11-26 00:00:00.000"
"iot-device-03","1.5946324376613462E9","50.6","71.06","false","false","0.0078","0.0051","0.0209","2020-11-26T17:13:50.298+0000","{defaultclientid=iot-device-03, thingname=iot-device-03, thingid=877352b9-a35d-45d3-9c98-162d89965a13, thingarn=arn:aws:iot:us-east-1:507441099951:thing/iot-device-03, thingtypename=null, attributes={installed=1592562234, latitude=37.4133144, longitude=-122.1513069}, version=1, billinggroupname=null}","2020-11-26 00:00:00.000"
"iot-device-03","1.5946324892407322E9","49.7","70.88","false","false","0.0078","0.0051","0.0209","2020-11-26T17:13:59.498+0000","{defaultclientid=iot-device-03, thingname=iot-device-03, thingid=877352b9-a35d-45d3-9c98-162d89965a13, thingarn=arn:aws:iot:us-east-1:507441099951:thing/iot-device-03, thingtypename=null, attributes={installed=1592562234, latitude=37.4133144, longitude=-122.1513069}, version=1, billinggroupname=null}","2020-11-26 00:00:00.000"
"iot-device-01","1.5946324918108342E9","74.7","67.28","false","false","0.0063","0.0038","0.0167","2020-11-26T17:13:59.804+0000","{defaultclientid=iot-device-01, thingname=iot-device-01, thingid=983c2b68-f9a3-4e83-b3c6-9f6f8ad5431b, thingarn=arn:aws:iot:us-east-1:507441099951:thing/iot-device-01, thingtypename=null, attributes={installed=1594665292, latitude=37.4133144, longitude=-122.1513069}, version=1, billinggroupname=null}","2020-11-26 00:00:00.000"
"iot-device-02","1.5946323095529056E9","59.6","75.02","true","false","0.0074","0.0047","0.0197","2020-11-26T17:13:29.941+0000","{defaultclientid=iot-device-02, thingname=iot-device-02, thingid=4ae4927a-aefb-4584-a45a-fc4839feffd6, thingarn=arn:aws:iot:us-east-1:507441099951:thing/iot-device-02, thingtypename=null, attributes={installed=1593361211, latitude=32.8205865, longitude=-96.871627}, version=1, billinggroupname=null}","2020-11-26 00:00:00.000"
"iot-device-03","1.5946323121468108E9","51.9","71.24","false","false","0.0078","0.0051","0.0209","2020-11-26T17:13:30.230+0000","{defaultclientid=iot-device-03, thingname=iot-device-03, thingid=877352b9-a35d-45d3-9c98-162d89965a13, thingarn=arn:aws:iot:us-east-1:507441099951:thing/iot-device-03, thingtypename=null, attributes={installed=1592562234, latitude=37.4133144, longitude=-122.1513069}, version=1, billinggroupname=null}","2020-11-26 00:00:00.000"
"iot-device-01","1.594632313289649E9","75.2","67.46","false","false","0.0064","0.0038","0.0168","2020-11-26T17:13:30.517+0000","{defaultclientid=iot-device-01, thingname=iot-device-01, thingid=983c2b68-f9a3-4e83-b3c6-9f6f8ad5431b, thingarn=arn:aws:iot:us-east-1:507441099951:thing/iot-device-01, thingtypename=null, attributes={installed=1594665292, latitude=37.4133144, longitude=-122.1513069}, version=1, billinggroupname=null}","2020-11-26 00:00:00.000"
"iot-device-02","1.594632314969434E9","59.7","75.02","true","false","0.0075","0.0048","0.0199","2020-11-26T17:13:30.820+0000","{defaultclientid=iot-device-02, thingname=iot-device-02, thingid=4ae4927a-aefb-4584-a45a-fc4839feffd6, thingarn=arn:aws:iot:us-east-1:507441099951:thing/iot-device-02, thingtypename=null, attributes={installed=1593361211, latitude=32.8205865, longitude=-96.871627}, version=1, billinggroupname=null}","2020-11-26 00:00:00.000"
"iot-device-03","1.5946323158313587E9","51.9","71.24","false","false","0.0078","0.0051","0.0209","2020-11-26T17:13:31.109+0000","{defaultclientid=iot-device-03, thingname=iot-device-03, thingid=877352b9-a35d-45d3-9c98-162d89965a13, thingarn=arn:aws:iot:us-east-1:507441099951:thing/iot-device-03, thingtypename=null, attributes={installed=1592562234, latitude=37.4133144, longitude=-122.1513069}, version=1, billinggroupname=null}","2020-11-26 00:00:00.000"
"iot-device-03","1.5946323195197725E9","51.9","71.06","false","false","0.0078","0.0051","0.0209","2020-11-26T17:13:31.399+0000","{defaultclientid=iot-device-03, thingname=iot-device-03, thingid=877352b9-a35d-45d3-9c98-162d89965a13, thingarn=arn:aws:iot:us-east-1:507441099951:thing/iot-device-03, thingtypename=null, attributes={installed=1592562234, latitude=37.4133144, longitude=-122.1513069}, version=1, billinggroupname=null}","2020-11-26 00:00:00.000"
"iot-device-03","1.594632323205485E9","51.9","71.06","false","false","0.0078","0.0051","0.0209","2020-11-26T17:13:31.689+0000","{defaultclientid=iot-device-03, thingname=iot-device-03, thingid=877352b9-a35d-45d3-9c98-162d89965a13, thingarn=arn:aws:iot:us-east-1:507441099951:thing/iot-device-03, thingtypename=null, attributes={installed=1592562234, latitude=37.4133144, longitude=-122.1513069}, version=1, billinggroupname=null}","2020-11-26 00:00:00.000"
"iot-device-01","1.5946323264976823E9","75.2","67.46","false","false","0.0065","0.0039","0.017","2020-11-26T17:13:31.981+0000","{defaultclientid=iot-device-01, thingname=iot-device-01, thingid=983c2b68-f9a3-4e83-b3c6-9f6f8ad5431b, thingarn=arn:aws:iot:us-east-1:507441099951:thing/iot-device-01, thingtypename=null, attributes={installed=1594665292, latitude=37.4133144, longitude=-122.1513069}, version=1, billinggroupname=null}","2020-11-26 00:00:00.000"
"iot-device-03","1.5946323268122964E9","51.9","71.24","false","false","0.0078","0.0051","0.0209","2020-11-26T17:13:32.276+0000","{defaultclientid=iot-device-03, thingname=iot-device-03, thingid=877352b9-a35d-45d3-9c98-162d89965a13, thingarn=arn:aws:iot:us-east-1:507441099951:thing/iot-device-03, thingtypename=null, attributes={installed=1592562234, latitude=37.4133144, longitude=-122.1513069}, version=1, billinggroupname=null}","2020-11-26 00:00:00.000"
"iot-device-02","1.594632328138421E9","59.9","75.02","true","false","0.0074","0.0047","0.0197","2020-11-26T17:13:32.571+0000","{defaultclientid=iot-device-02, thingname=iot-device-02, thingid=4ae4927a-aefb-4584-a45a-fc4839feffd6, thingarn=arn:aws:iot:us-east-1:507441099951:thing/iot-device-02, thingtypename=null, attributes={installed=1593361211, latitude=32.8205865, longitude=-96.871627}, version=1, billinggroupname=null}","2020-11-26 00:00:00.000"
"iot-device-02","1.5946324017502E9","59.6","75.02","true","false","0.0073","0.0047","0.0195","2020-11-26T17:13:44.710+0000","{defaultclientid=iot-device-02, thingname=iot-device-02, thingid=4ae4927a-aefb-4584-a45a-fc4839feffd6, thingarn=arn:aws:iot:us-east-1:507441099951:thing/iot-device-02, thingtypename=null, attributes={installed=1593361211, latitude=32.8205865, longitude=-96.871627}, version=1, billinggroupname=null}","2020-11-26 00:00:00.000"
"iot-device-01","1.5946324037763646E9","75.0","67.46","false","false","0.0064","0.0039","0.0169","2020-11-26T17:13:45.001+0000","{defaultclientid=iot-device-01, thingname=iot-device-01, thingid=983c2b68-f9a3-4e83-b3c6-9f6f8ad5431b, thingarn=arn:aws:iot:us-east-1:507441099951:thing/iot-device-01, thingtypename=null, attributes={installed=1594665292, latitude=37.4133144, longitude=-122.1513069}, version=1, billinggroupname=null}","2020-11-26 00:00:00.000"
"iot-device-03","1.5946324044984224E9","51.1","71.06","false","false","0.0078","0.0051","0.0208","2020-11-26T17:13:45.297+0000","{defaultclientid=iot-device-03, thingname=iot-device-03, thingid=877352b9-a35d-45d3-9c98-162d89965a13, thingarn=arn:aws:iot:us-east-1:507441099951:thing/iot-device-03, thingtypename=null, attributes={installed=1592562234, latitude=37.4133144, longitude=-122.1513069}, version=1, billinggroupname=null}","2020-11-26 00:00:00.000"
"iot-device-02","1.5946324055565329E9","59.8","75.02","true","false","0.0073","0.0047","0.0195","2020-11-26T17:13:45.592+0000","{defaultclientid=iot-device-02, thingname=iot-device-02, thingid=4ae4927a-aefb-4584-a45a-fc4839feffd6, thingarn=arn:aws:iot:us-east-1:507441099951:thing/iot-device-02, thingtypename=null, attributes={installed=1593361211, latitude=32.8205865, longitude=-96.871627}, version=1, billinggroupname=null}","2020-11-26 00:00:00.000"
"iot-device-01","1.5946324075978827E9","74.9","67.28","false","false","0.0063","0.0038","0.0167","2020-11-26T17:13:45.881+0000","{defaultclientid=iot-device-01, thingname=iot-device-01, thingid=983c2b68-f9a3-4e83-b3c6-9f6f8ad5431b, thingarn=arn:aws:iot:us-east-1:507441099951:thing/iot-device-01, thingtypename=null, attributes={installed=1594665292, latitude=37.4133144, longitude=-122.1513069}, version=1, billinggroupname=null}","2020-11-26 00:00:00.000"
"iot-device-03","1.5946324081824734E9","51.0","71.24","false","false","0.0078","0.0051","0.0209","2020-11-26T17:13:46.169+0000","{defaultclientid=iot-device-03, thingname=iot-device-03, thingid=877352b9-a35d-45d3-9c98-162d89965a13, thingarn=arn:aws:iot:us-east-1:507441099951:thing/iot-device-03, thingtypename=null, attributes={installed=1592562234, latitude=37.4133144, longitude=-122.1513069}, version=1, billinggroupname=null}","2020-11-26 00:00:00.000"
"iot-device-02","1.5946324104351704E9","59.5","75.02","true","false","0.0073","0.0047","0.0195","2020-11-26T17:13:46.471+0000","{defaultclientid=iot-device-02, thingname=iot-device-02, thingid=4ae4927a-aefb-4584-a45a-fc4839feffd6, thingarn=arn:aws:iot:us-east-1:507441099951:thing/iot-device-02, thingtypename=null, attributes={installed=1593361211, latitude=32.8205865, longitude=-96.871627}, version=1, billinggroupname=null}","2020-11-26 00:00:00.000"
"iot-device-03","1.594632411857798E9","50.8","71.06","false","false","0.0078","0.0051","0.0209","2020-11-26T17:13:46.760+0000","{defaultclientid=iot-device-03, thingname=iot-device-03, thingid=877352b9-a35d-45d3-9c98-162d89965a13, thingarn=arn:aws:iot:us-east-1:507441099951:thing/iot-device-03, thingtypename=null, attributes={installed=1592562234, latitude=37.4133144, longitude=-122.1513069}, version=1, billinggroupname=null}","2020-11-26 00:00:00.000"
"iot-device-01","1.5946324130311005E9","75.1","67.46","false","false","0.0063","0.0038","0.0167","2020-11-26T17:13:47.049+0000","{defaultclientid=iot-device-01, thingname=iot-device-01, thingid=983c2b68-f9a3-4e83-b3c6-9f6f8ad5431b, thingarn=arn:aws:iot:us-east-1:507441099951:thing/iot-device-01, thingtypename=null, attributes={installed=1594665292, latitude=37.4133144, longitude=-122.1513069}, version=1, billinggroupname=null}","2020-11-26 00:00:00.000"
"iot-device-03","1.5946324155469894E9","50.7","71.06","false","false","0.0078","0.0051","0.0209","2020-11-26T17:13:47.349+0000","{defaultclientid=iot-device-03, thingname=iot-device-03, thingid=877352b9-a35d-45d3-9c98-162d89965a13, thingarn=arn:aws:iot:us-east-1:507441099951:thing/iot-device-03, thingtypename=null, attributes={installed=1592562234, latitude=37.4133144, longitude=-122.1513069}, version=1, billinggroupname=null}","2020-11-26 00:00:00.000"
"iot-device-01","1.594632456418392E9","74.5","67.28","false","false","0.0065","0.0039","0.017","2020-11-26T17:13:53.570+0000","{defaultclientid=iot-device-01, thingname=iot-device-01, thingid=983c2b68-f9a3-4e83-b3c6-9f6f8ad5431b, thingarn=arn:aws:iot:us-east-1:507441099951:thing/iot-device-01, thingtypename=null, attributes={installed=1594665292, latitude=37.4133144, longitude=-122.1513069}, version=1, billinggroupname=null}","2020-11-26 00:00:00.000"
"iot-device-03","1.5946324597368221E9","50.2","71.06","false","false","0.0078","0.0051","0.021","2020-11-26T17:13:53.857+0000","{defaultclientid=iot-device-03, thingname=iot-device-03, thingid=877352b9-a35d-45d3-9c98-162d89965a13, thingarn=arn:aws:iot:us-east-1:507441099951:thing/iot-device-03, thingtypename=null, attributes={installed=1592562234, latitude=37.4133144, longitude=-122.1513069}, version=1, billinggroupname=null}","2020-11-26 00:00:00.000"
"iot-device-02","1.594632461497401E9","59.5","75.02","true","false","0.0074","0.0047","0.0197","2020-11-26T17:13:54.148+0000","{defaultclientid=iot-device-02, thingname=iot-device-02, thingid=4ae4927a-aefb-4584-a45a-fc4839feffd6, thingarn=arn:aws:iot:us-east-1:507441099951:thing/iot-device-02, thingtypename=null, attributes={installed=1593361211, latitude=32.8205865, longitude=-96.871627}, version=1, billinggroupname=null}","2020-11-26 00:00:00.000"
"iot-device-01","1.5946324618677144E9","74.4","67.28","false","false","0.0065","0.0039","0.017","2020-11-26T17:13:54.430+0000","{defaultclientid=iot-device-01, thingname=iot-device-01, thingid=983c2b68-f9a3-4e83-b3c6-9f6f8ad5431b, thingarn=arn:aws:iot:us-east-1:507441099951:thing/iot-device-01, thingtypename=null, attributes={installed=1594665292, latitude=37.4133144, longitude=-122.1513069}, version=1, billinggroupname=null}","2020-11-26 00:00:00.000"
"iot-device-03","1.594632463438031E9","50.1","70.88","false","false","0.0078","0.0051","0.0209","2020-11-26T17:13:54.718+0000","{defaultclientid=iot-device-03, thingname=iot-device-03, thingid=877352b9-a35d-45d3-9c98-162d89965a13, thingarn=arn:aws:iot:us-east-1:507441099951:thing/iot-device-03, thingtypename=null, attributes={installed=1592562234, latitude=37.4133144, longitude=-122.1513069}, version=1, billinggroupname=null}","2020-11-26 00:00:00.000"
"iot-device-01","1.5946324656854053E9","74.4","67.28","false","false","0.0064","0.0039","0.0169","2020-11-26T17:13:55.011+0000","{defaultclientid=iot-device-01, thingname=iot-device-01, thingid=983c2b68-f9a3-4e83-b3c6-9f6f8ad5431b, thingarn=arn:aws:iot:us-east-1:507441099951:thing/iot-device-01, thingtypename=null, attributes={installed=1594665292, latitude=37.4133144, longitude=-122.1513069}, version=1, billinggroupname=null}","2020-11-26 00:00:00.000"
"iot-device-03","1.5946324671242974E9","50.0","70.88","false","false","0.0078","0.0051","0.021","2020-11-26T17:13:55.310+0000","{defaultclientid=iot-device-03, thingname=iot-device-03, thingid=877352b9-a35d-45d3-9c98-162d89965a13, thingarn=arn:aws:iot:us-east-1:507441099951:thing/iot-device-03, thingtypename=null, attributes={installed=1592562234, latitude=37.4133144, longitude=-122.1513069}, version=1, billinggroupname=null}","2020-11-26 00:00:00.000"
"iot-device-01","1.5946324700351565E9","74.5","67.28","false","false","0.0063","0.0038","0.0167","2020-11-26T17:13:55.636+0000","{defaultclientid=iot-device-01, thingname=iot-device-01, thingid=983c2b68-f9a3-4e83-b3c6-9f6f8ad5431b, thingarn=arn:aws:iot:us-east-1:507441099951:thing/iot-device-01, thingtypename=null, attributes={installed=1594665292, latitude=37.4133144, longitude=-122.1513069}, version=1, billinggroupname=null}","2020-11-26 00:00:00.000"
"iot-device-02","1.5946324706507516E9","59.5","75.02","true","false","0.0075","0.0048","0.0199","2020-11-26T17:13:55.929+0000","{defaultclientid=iot-device-02, thingname=iot-device-02, thingid=4ae4927a-aefb-4584-a45a-fc4839feffd6, thingarn=arn:aws:iot:us-east-1:507441099951:thing/iot-device-02, thingtypename=null, attributes={installed=1593361211, latitude=32.8205865, longitude=-96.871627}, version=1, billinggroupname=null}","2020-11-26 00:00:00.000"
"iot-device-03","1.59463247081034E9","50.0","71.06","false","false","0.0078","0.0051","0.0208","2020-11-26T17:13:56.237+0000","{defaultclientid=iot-device-03, thingname=iot-device-03, thingid=877352b9-a35d-45d3-9c98-162d89965a13, thingarn=arn:aws:iot:us-east-1:507441099951:thing/iot-device-03, thingtypename=null, attributes={installed=1592562234, latitude=37.4133144, longitude=-122.1513069}, version=1, billinggroupname=null}","2020-11-26 00:00:00.000"
"iot-device-03","1.5946323639381626E9","51.8","71.24","false","false","0.0078","0.0051","0.0209","2020-11-26T17:13:38.768+0000","{defaultclientid=iot-device-03, thingname=iot-device-03, thingid=877352b9-a35d-45d3-9c98-162d89965a13, thingarn=arn:aws:iot:us-east-1:507441099951:thing/iot-device-03, thingtypename=null, attributes={installed=1592562234, latitude=37.4133144, longitude=-122.1513069}, version=1, billinggroupname=null}","2020-11-26 00:00:00.000"
"iot-device-01","1.5946323666800914E9","75.0","67.46","false","false","0.0064","0.0038","0.0168","2020-11-26T17:13:39.078+0000","{defaultclientid=iot-device-01, thingname=iot-device-01, thingid=983c2b68-f9a3-4e83-b3c6-9f6f8ad5431b, thingarn=arn:aws:iot:us-east-1:507441099951:thing/iot-device-01, thingtypename=null, attributes={installed=1594665292, latitude=37.4133144, longitude=-122.1513069}, version=1, billinggroupname=null}","2020-11-26 00:00:00.000"
"iot-device-03","1.5946323676245966E9","51.7","71.24","false","false","0.0078","0.0051","0.021","2020-11-26T17:13:39.369+0000","{defaultclientid=iot-device-03, thingname=iot-device-03, thingid=877352b9-a35d-45d3-9c98-162d89965a13, thingarn=arn:aws:iot:us-east-1:507441099951:thing/iot-device-03, thingtypename=null, attributes={installed=1592562234, latitude=37.4133144, longitude=-122.1513069}, version=1, billinggroupname=null}","2020-11-26 00:00:00.000"
"iot-device-02","1.594632369907559E9","59.6","75.02","true","false","0.0073","0.0047","0.0195","2020-11-26T17:13:39.668+0000","{defaultclientid=iot-device-02, thingname=iot-device-02, thingid=4ae4927a-aefb-4584-a45a-fc4839feffd6, thingarn=arn:aws:iot:us-east-1:507441099951:thing/iot-device-02, thingtypename=null, attributes={installed=1593361211, latitude=32.8205865, longitude=-96.871627}, version=1, billinggroupname=null}","2020-11-26 00:00:00.000"
"iot-device-03","1.5946323713109572E9","51.7","71.24","false","false","0.0078","0.0051","0.0209","2020-11-26T17:13:39.966+0000","{defaultclientid=iot-device-03, thingname=iot-device-03, thingid=877352b9-a35d-45d3-9c98-162d89965a13, thingarn=arn:aws:iot:us-east-1:507441099951:thing/iot-device-03, thingtypename=null, attributes={installed=1592562234, latitude=37.4133144, longitude=-122.1513069}, version=1, billinggroupname=null}","2020-11-26 00:00:00.000"
"iot-device-03","1.5946323749962509E9","51.7","71.24","false","false","0.0078","0.0051","0.0209","2020-11-26T17:13:40.276+0000","{defaultclientid=iot-device-03, thingname=iot-device-03, thingid=877352b9-a35d-45d3-9c98-162d89965a13, thingarn=arn:aws:iot:us-east-1:507441099951:thing/iot-device-03, thingtypename=null, attributes={installed=1592562234, latitude=37.4133144, longitude=-122.1513069}, version=1, billinggroupname=null}","2020-11-26 00:00:00.000"
"iot-device-01","1.5946323753382788E9","75.1","67.46","false","false","0.0064","0.0038","0.0168","2020-11-26T17:13:40.558+0000","{defaultclientid=iot-device-01, thingname=iot-device-01, thingid=983c2b68-f9a3-4e83-b3c6-9f6f8ad5431b, thingarn=arn:aws:iot:us-east-1:507441099951:thing/iot-device-01, thingtypename=null, attributes={installed=1594665292, latitude=37.4133144, longitude=-122.1513069}, version=1, billinggroupname=null}","2020-11-26 00:00:00.000"
"iot-device-02","1.5946323774587867E9","59.6","75.02","true","false","0.0073","0.0047","0.0195","2020-11-26T17:13:40.849+0000","{defaultclientid=iot-device-02, thingname=iot-device-02, thingid=4ae4927a-aefb-4584-a45a-fc4839feffd6, thingarn=arn:aws:iot:us-east-1:507441099951:thing/iot-device-02, thingtypename=null, attributes={installed=1593361211, latitude=32.8205865, longitude=-96.871627}, version=1, billinggroupname=null}","2020-11-26 00:00:00.000"
"iot-device-03","1.5946323786797893E9","51.5","71.06","false","false","0.0078","0.0051","0.0208","2020-11-26T17:13:41.160+0000","{defaultclientid=iot-device-03, thingname=iot-device-03, thingid=877352b9-a35d-45d3-9c98-162d89965a13, thingarn=arn:aws:iot:us-east-1:507441099951:thing/iot-device-03, thingtypename=null, attributes={installed=1592562234, latitude=37.4133144, longitude=-122.1513069}, version=1, billinggroupname=null}","2020-11-26 00:00:00.000"
"iot-device-01","1.5946323791625185E9","75.3","67.46","false","false","0.0063","0.0038","0.0166","2020-11-26T17:13:41.451+0000","{defaultclientid=iot-device-01, thingname=iot-device-01, thingid=983c2b68-f9a3-4e83-b3c6-9f6f8ad5431b, thingarn=arn:aws:iot:us-east-1:507441099951:thing/iot-device-01, thingtypename=null, attributes={installed=1594665292, latitude=37.4133144, longitude=-122.1513069}, version=1, billinggroupname=null}","2020-11-26 00:00:00.000"
"iot-device-01","1.5946323455195262E9","75.0","67.46","false","false","0.0063","0.0038","0.0166","2020-11-26T17:13:35.789+0000","{defaultclientid=iot-device-01, thingname=iot-device-01, thingid=983c2b68-f9a3-4e83-b3c6-9f6f8ad5431b, thingarn=arn:aws:iot:us-east-1:507441099951:thing/iot-device-01, thingtypename=null, attributes={installed=1594665292, latitude=37.4133144, longitude=-122.1513069}, version=1, billinggroupname=null}","2020-11-26 00:00:00.000"
"iot-device-03","1.5946323491959426E9","51.9","71.24","false","false","0.0078","0.0051","0.0209","2020-11-26T17:13:36.081+0000","{defaultclientid=iot-device-03, thingname=iot-device-03, thingid=877352b9-a35d-45d3-9c98-162d89965a13, thingarn=arn:aws:iot:us-east-1:507441099951:thing/iot-device-03, thingtypename=null, attributes={installed=1592562234, latitude=37.4133144, longitude=-122.1513069}, version=1, billinggroupname=null}","2020-11-26 00:00:00.000"
"iot-device-01","1.5946323498699675E9","75.0","67.46","false","false","0.0063","0.0038","0.0167","2020-11-26T17:13:36.380+0000","{defaultclientid=iot-device-01, thingname=iot-device-01, thingid=983c2b68-f9a3-4e83-b3c6-9f6f8ad5431b, thingarn=arn:aws:iot:us-east-1:507441099951:thing/iot-device-01, thingtypename=null, attributes={installed=1594665292, latitude=37.4133144, longitude=-122.1513069}, version=1, billinggroupname=null}","2020-11-26 00:00:00.000"
"iot-device-03","1.5946323528818414E9","51.9","71.24","false","false","0.0078","0.0051","0.0209","2020-11-26T17:13:36.670+0000","{defaultclientid=iot-device-03, thingname=iot-device-03, thingid=877352b9-a35d-45d3-9c98-162d89965a13, thingarn=arn:aws:iot:us-east-1:507441099951:thing/iot-device-03, thingtypename=null, attributes={installed=1592562234, latitude=37.4133144, longitude=-122.1513069}, version=1, billinggroupname=null}","2020-11-26 00:00:00.000"
"iot-device-01","1.5946323558326066E9","62.2","44.42","false","false","0.0064","0.0038","0.0168","2020-11-26T17:13:36.979+0000","{defaultclientid=iot-device-01, thingname=iot-device-01, thingid=983c2b68-f9a3-4e83-b3c6-9f6f8ad5431b, thingarn=arn:aws:iot:us-east-1:507441099951:thing/iot-device-01, thingtypename=null, attributes={installed=1594665292, latitude=37.4133144, longitude=-122.1513069}, version=1, billinggroupname=null}","2020-11-26 00:00:00.000"
"iot-device-03","1.5946323565679839E9","51.8","71.06","false","false","0.0078","0.0051","0.0209","2020-11-26T17:13:37.271+0000","{defaultclientid=iot-device-03, thingname=iot-device-03, thingid=877352b9-a35d-45d3-9c98-162d89965a13, thingarn=arn:aws:iot:us-east-1:507441099951:thing/iot-device-03, thingtypename=null, attributes={installed=1592562234, latitude=37.4133144, longitude=-122.1513069}, version=1, billinggroupname=null}","2020-11-26 00:00:00.000"
"iot-device-02","1.5946323580106664E9","59.6","75.02","true","false","0.0074","0.0048","0.0198","2020-11-26T17:13:37.559+0000","{defaultclientid=iot-device-02, thingname=iot-device-02, thingid=4ae4927a-aefb-4584-a45a-fc4839feffd6, thingarn=arn:aws:iot:us-east-1:507441099951:thing/iot-device-02, thingtypename=null, attributes={installed=1593361211, latitude=32.8205865, longitude=-96.871627}, version=1, billinggroupname=null}","2020-11-26 00:00:00.000"
"iot-device-03","1.5946323602543125E9","51.8","71.06","false","false","0.0078","0.0051","0.0208","2020-11-26T17:13:37.863+0000","{defaultclientid=iot-device-03, thingname=iot-device-03, thingid=877352b9-a35d-45d3-9c98-162d89965a13, thingarn=arn:aws:iot:us-east-1:507441099951:thing/iot-device-03, thingtypename=null, attributes={installed=1592562234, latitude=37.4133144, longitude=-122.1513069}, version=1, billinggroupname=null}","2020-11-26 00:00:00.000"
"iot-device-01","1.594632361791913E9","75.1","67.46","false","false","0.0064","0.0038","0.0168","2020-11-26T17:13:38.160+0000","{defaultclientid=iot-device-01, thingname=iot-device-01, thingid=983c2b68-f9a3-4e83-b3c6-9f6f8ad5431b, thingarn=arn:aws:iot:us-east-1:507441099951:thing/iot-device-01, thingtypename=null, attributes={installed=1594665292, latitude=37.4133144, longitude=-122.1513069}, version=1, billinggroupname=null}","2020-11-26 00:00:00.000"
"iot-device-02","1.59463236235985E9","59.6","75.02","true","false","0.0075","0.0048","0.02","2020-11-26T17:13:38.459+0000","{defaultclientid=iot-device-02, thingname=iot-device-02, thingid=4ae4927a-aefb-4584-a45a-fc4839feffd6, thingarn=arn:aws:iot:us-east-1:507441099951:thing/iot-device-02, thingtypename=null, attributes={installed=1593361211, latitude=32.8205865, longitude=-96.871627}, version=1, billinggroupname=null}","2020-11-26 00:00:00.000"
"iot-device-01","1.5946324385223293E9","74.9","67.28","false","false","0.0064","0.0039","0.0169","2020-11-26T17:13:50.599+0000","{defaultclientid=iot-device-01, thingname=iot-device-01, thingid=983c2b68-f9a3-4e83-b3c6-9f6f8ad5431b, thingarn=arn:aws:iot:us-east-1:507441099951:thing/iot-device-01, thingtypename=null, attributes={installed=1594665292, latitude=37.4133144, longitude=-122.1513069}, version=1, billinggroupname=null}","2020-11-26 00:00:00.000"
"iot-device-03","1.5946324413474677E9","50.4","71.06","false","false","0.0078","0.0051","0.0209","2020-11-26T17:13:50.901+0000","{defaultclientid=iot-device-03, thingname=iot-device-03, thingid=877352b9-a35d-45d3-9c98-162d89965a13, thingarn=arn:aws:iot:us-east-1:507441099951:thing/iot-device-03, thingtypename=null, attributes={installed=1592562234, latitude=37.4133144, longitude=-122.1513069}, version=1, billinggroupname=null}","2020-11-26 00:00:00.000"
"iot-device-01","1.5946324444887154E9","74.7","67.28","false","false","0.0065","0.0039","0.017","2020-11-26T17:13:51.197+0000","{defaultclientid=iot-device-01, thingname=iot-device-01, thingid=983c2b68-f9a3-4e83-b3c6-9f6f8ad5431b, thingarn=arn:aws:iot:us-east-1:507441099951:thing/iot-device-01, thingtypename=null, attributes={installed=1594665292, latitude=37.4133144, longitude=-122.1513069}, version=1, billinggroupname=null}","2020-11-26 00:00:00.000"
"iot-device-02","1.594632444785349E9","59.5","75.02","true","false","0.0074","0.0047","0.0197","2020-11-26T17:13:51.500+0000","{defaultclientid=iot-device-02, thingname=iot-device-02, thingid=4ae4927a-aefb-4584-a45a-fc4839feffd6, thingarn=arn:aws:iot:us-east-1:507441099951:thing/iot-device-02, thingtypename=null, attributes={installed=1593361211, latitude=32.8205865, longitude=-96.871627}, version=1, billinggroupname=null}","2020-11-26 00:00:00.000"
"iot-device-03","1.594632445035426E9","50.4","71.06","false","false","0.0078","0.0051","0.021","2020-11-26T17:13:51.798+0000","{defaultclientid=iot-device-03, thingname=iot-device-03, thingid=877352b9-a35d-45d3-9c98-162d89965a13, thingarn=arn:aws:iot:us-east-1:507441099951:thing/iot-device-03, thingtypename=null, attributes={installed=1592562234, latitude=37.4133144, longitude=-122.1513069}, version=1, billinggroupname=null}","2020-11-26 00:00:00.000"
"iot-device-03","1.5946324487231686E9","50.4","71.06","false","false","0.0078","0.0051","0.0209","2020-11-26T17:13:52.108+0000","{defaultclientid=iot-device-03, thingname=iot-device-03, thingid=877352b9-a35d-45d3-9c98-162d89965a13, thingarn=arn:aws:iot:us-east-1:507441099951:thing/iot-device-03, thingtypename=null, attributes={installed=1592562234, latitude=37.4133144, longitude=-122.1513069}, version=1, billinggroupname=null}","2020-11-26 00:00:00.000"
"iot-device-01","1.5946324504571915E9","75.0","67.46","false","false","0.0065","0.0039","0.017","2020-11-26T17:13:52.399+0000","{defaultclientid=iot-device-01, thingname=iot-device-01, thingid=983c2b68-f9a3-4e83-b3c6-9f6f8ad5431b, thingarn=arn:aws:iot:us-east-1:507441099951:thing/iot-device-01, thingtypename=null, attributes={installed=1594665292, latitude=37.4133144, longitude=-122.1513069}, version=1, billinggroupname=null}","2020-11-26 00:00:00.000"
"iot-device-02","1.5946324512694638E9","59.5","75.02","true","false","0.0074","0.0047","0.0197","2020-11-26T17:13:52.695+0000","{defaultclientid=iot-device-02, thingname=iot-device-02, thingid=4ae4927a-aefb-4584-a45a-fc4839feffd6, thingarn=arn:aws:iot:us-east-1:507441099951:thing/iot-device-02, thingtypename=null, attributes={installed=1593361211, latitude=32.8205865, longitude=-96.871627}, version=1, billinggroupname=null}","2020-11-26 00:00:00.000"
"iot-device-03","1.5946324524106867E9","50.4","71.06","false","false","0.0078","0.0051","0.0209","2020-11-26T17:13:52.992+0000","{defaultclientid=iot-device-03, thingname=iot-device-03, thingid=877352b9-a35d-45d3-9c98-162d89965a13, thingarn=arn:aws:iot:us-east-1:507441099951:thing/iot-device-03, thingtypename=null, attributes={installed=1592562234, latitude=37.4133144, longitude=-122.1513069}, version=1, billinggroupname=null}","2020-11-26 00:00:00.000"
"iot-device-03","1.5946324560961466E9","50.3","71.06","false","false","0.0078","0.0051","0.0209","2020-11-26T17:13:53.281+0000","{defaultclientid=iot-device-03, thingname=iot-device-03, thingid=877352b9-a35d-45d3-9c98-162d89965a13, thingarn=arn:aws:iot:us-east-1:507441099951:thing/iot-device-03, thingtypename=null, attributes={installed=1592562234, latitude=37.4133144, longitude=-122.1513069}, version=1, billinggroupname=null}","2020-11-26 00:00:00.000"
"iot-device-01","1.594630438628699E9","75.7","67.28","false","false","0.0065","0.0039","0.017","2020-11-26T17:11:32.961+0000","{defaultclientid=iot-device-01, thingname=iot-device-01, thingid=983c2b68-f9a3-4e83-b3c6-9f6f8ad5431b, thingarn=arn:aws:iot:us-east-1:507441099951:thing/iot-device-01, thingtypename=null, attributes={installed=1594665292, latitude=37.4133144, longitude=-122.1513069}, version=1, billinggroupname=null}","2020-11-26 00:00:00.000"
"iot-device-02","1.594630441620869E9","59.4","75.02","true","false","0.0072","0.0046","0.0192","2020-11-26T17:11:33.269+0000","{defaultclientid=iot-device-02, thingname=iot-device-02, thingid=4ae4927a-aefb-4584-a45a-fc4839feffd6, thingarn=arn:aws:iot:us-east-1:507441099951:thing/iot-device-02, thingtypename=null, attributes={installed=1593361211, latitude=32.8205865, longitude=-96.871627}, version=1, billinggroupname=null}","2020-11-26 00:00:00.000"
"iot-device-03","1.594630441771987E9","51.6","71.24","false","false","0.0078","0.0051","0.0209","2020-11-26T17:11:33.560+0000","{defaultclientid=iot-device-03, thingname=iot-device-03, thingid=877352b9-a35d-45d3-9c98-162d89965a13, thingarn=arn:aws:iot:us-east-1:507441099951:thing/iot-device-03, thingtypename=null, attributes={installed=1592562234, latitude=37.4133144, longitude=-122.1513069}, version=1, billinggroupname=null}","2020-11-26 00:00:00.000"
"iot-device-02","1.5946304454395814E9","59.4","75.02","true","false","0.0071","0.0045","0.0189","2020-11-26T17:11:33.866+0000","{defaultclientid=iot-device-02, thingname=iot-device-02, thingid=4ae4927a-aefb-4584-a45a-fc4839feffd6, thingarn=arn:aws:iot:us-east-1:507441099951:thing/iot-device-02, thingtypename=null, attributes={installed=1593361211, latitude=32.8205865, longitude=-96.871627}, version=1, billinggroupname=null}","2020-11-26 00:00:00.000"
"iot-device-03","1.594630445457989E9","51.6","71.06","false","false","0.0078","0.0051","0.0209","2020-11-26T17:11:34.159+0000","{defaultclientid=iot-device-03, thingname=iot-device-03, thingid=877352b9-a35d-45d3-9c98-162d89965a13, thingarn=arn:aws:iot:us-east-1:507441099951:thing/iot-device-03, thingtypename=null, attributes={installed=1592562234, latitude=37.4133144, longitude=-122.1513069}, version=1, billinggroupname=null}","2020-11-26 00:00:00.000"
"iot-device-01","1.5946304472884195E9","75.7","67.28","false","false","0.0065","0.0039","0.017","2020-11-26T17:11:34.445+0000","{defaultclientid=iot-device-01, thingname=iot-device-01, thingid=983c2b68-f9a3-4e83-b3c6-9f6f8ad5431b, thingarn=arn:aws:iot:us-east-1:507441099951:thing/iot-device-01, thingtypename=null, attributes={installed=1594665292, latitude=37.4133144, longitude=-122.1513069}, version=1, billinggroupname=null}","2020-11-26 00:00:00.000"
"iot-device-03","1.5946304491444788E9","51.7","71.24","false","false","0.0078","0.0051","0.0209","2020-11-26T17:11:34.745+0000","{defaultclientid=iot-device-03, thingname=iot-device-03, thingid=877352b9-a35d-45d3-9c98-162d89965a13, thingarn=arn:aws:iot:us-east-1:507441099951:thing/iot-device-03, thingtypename=null, attributes={installed=1592562234, latitude=37.4133144, longitude=-122.1513069}, version=1, billinggroupname=null}","2020-11-26 00:00:00.000"
"iot-device-01","1.5946304516445735E9","75.7","67.28","false","false","0.0063","0.0038","0.0167","2020-11-26T17:11:35.039+0000","{defaultclientid=iot-device-01, thingname=iot-device-01, thingid=983c2b68-f9a3-4e83-b3c6-9f6f8ad5431b, thingarn=arn:aws:iot:us-east-1:507441099951:thing/iot-device-01, thingtypename=null, attributes={installed=1594665292, latitude=37.4133144, longitude=-122.1513069}, version=1, billinggroupname=null}","2020-11-26 00:00:00.000"
"iot-device-03","1.5946304528304179E9","51.6","71.06","false","false","0.0078","0.0051","0.0209","2020-11-26T17:11:35.320+0000","{defaultclientid=iot-device-03, thingname=iot-device-03, thingid=877352b9-a35d-45d3-9c98-162d89965a13, thingarn=arn:aws:iot:us-east-1:507441099951:thing/iot-device-03, thingtypename=null, attributes={installed=1592562234, latitude=37.4133144, longitude=-122.1513069}, version=1, billinggroupname=null}","2020-11-26 00:00:00.000"
"iot-device-02","1.5946304540591516E9","59.4","75.02","true","false","0.0072","0.0045","0.019","2020-11-26T17:11:35.610+0000","{defaultclientid=iot-device-02, thingname=iot-device-02, thingid=4ae4927a-aefb-4584-a45a-fc4839feffd6, thingarn=arn:aws:iot:us-east-1:507441099951:thing/iot-device-02, thingtypename=null, attributes={installed=1593361211, latitude=32.8205865, longitude=-96.871627}, version=1, billinggroupname=null}","2020-11-26 00:00:00.000"
"iot-device-03","1.594630486236035E9","51.6","71.06","false","false","0.0079","0.0051","0.021","2020-11-26T17:11:41.772+0000","{defaultclientid=iot-device-03, thingname=iot-device-03, thingid=877352b9-a35d-45d3-9c98-162d89965a13, thingarn=arn:aws:iot:us-east-1:507441099951:thing/iot-device-03, thingtypename=null, attributes={installed=1592562234, latitude=37.4133144, longitude=-122.1513069}, version=1, billinggroupname=null}","2020-11-26 00:00:00.000"
"iot-device-03","1.5946304899235942E9","51.7","71.24","false","false","0.0078","0.0051","0.0209","2020-11-26T17:11:42.071+0000","{defaultclientid=iot-device-03, thingname=iot-device-03, thingid=877352b9-a35d-45d3-9c98-162d89965a13, thingarn=arn:aws:iot:us-east-1:507441099951:thing/iot-device-03, thingtypename=null, attributes={installed=1592562234, latitude=37.4133144, longitude=-122.1513069}, version=1, billinggroupname=null}","2020-11-26 00:00:00.000"
"iot-device-01","1.5946304901763506E9","75.9","67.28","false","false","0.0064","0.0039","0.0169","2020-11-26T17:11:42.363+0000","{defaultclientid=iot-device-01, thingname=iot-device-01, thingid=983c2b68-f9a3-4e83-b3c6-9f6f8ad5431b, thingarn=arn:aws:iot:us-east-1:507441099951:thing/iot-device-01, thingtypename=null, attributes={installed=1594665292, latitude=37.4133144, longitude=-122.1513069}, version=1, billinggroupname=null}","2020-11-26 00:00:00.000"
"iot-device-03","1.5946304936113515E9","51.7","71.24","false","false","0.0078","0.0051","0.0209","2020-11-26T17:11:42.671+0000","{defaultclientid=iot-device-03, thingname=iot-device-03, thingid=877352b9-a35d-45d3-9c98-162d89965a13, thingarn=arn:aws:iot:us-east-1:507441099951:thing/iot-device-03, thingtypename=null, attributes={installed=1592562234, latitude=37.4133144, longitude=-122.1513069}, version=1, billinggroupname=null}","2020-11-26 00:00:00.000"
"iot-device-01","1.594630497222389E9","75.8","67.28","false","false","0.0064","0.0039","0.0169","2020-11-26T17:11:42.949+0000","{defaultclientid=iot-device-01, thingname=iot-device-01, thingid=983c2b68-f9a3-4e83-b3c6-9f6f8ad5431b, thingarn=arn:aws:iot:us-east-1:507441099951:thing/iot-device-01, thingtypename=null, attributes={installed=1594665292, latitude=37.4133144, longitude=-122.1513069}, version=1, billinggroupname=null}","2020-11-26 00:00:00.000"
"iot-device-03","1.5946304972989886E9","51.7","71.24","false","false","0.0078","0.0051","0.0209","2020-11-26T17:11:43.241+0000","{defaultclientid=iot-device-03, thingname=iot-device-03, thingid=877352b9-a35d-45d3-9c98-162d89965a13, thingarn=arn:aws:iot:us-east-1:507441099951:thing/iot-device-03, thingtypename=null, attributes={installed=1592562234, latitude=37.4133144, longitude=-122.1513069}, version=1, billinggroupname=null}","2020-11-26 00:00:00.000"
"iot-device-02","1.5946304991544814E9","59.5","75.02","true","false","0.0072","0.0045","0.0191","2020-11-26T17:11:43.549+0000","{defaultclientid=iot-device-02, thingname=iot-device-02, thingid=4ae4927a-aefb-4584-a45a-fc4839feffd6, thingarn=arn:aws:iot:us-east-1:507441099951:thing/iot-device-02, thingtypename=null, attributes={installed=1593361211, latitude=32.8205865, longitude=-96.871627}, version=1, billinggroupname=null}","2020-11-26 00:00:00.000"
"iot-device-03","1.594630500987209E9","51.6","71.06","false","false","0.0078","0.0051","0.021","2020-11-26T17:11:43.846+0000","{defaultclientid=iot-device-03, thingname=iot-device-03, thingid=877352b9-a35d-45d3-9c98-162d89965a13, thingarn=arn:aws:iot:us-east-1:507441099951:thing/iot-device-03, thingtypename=null, attributes={installed=1592562234, latitude=37.4133144, longitude=-122.1513069}, version=1, billinggroupname=null}","2020-11-26 00:00:00.000"
"iot-device-01","1.5946305010431087E9","75.8","67.28","false","false","0.0064","0.0038","0.0168","2020-11-26T17:11:44.140+0000","{defaultclientid=iot-device-01, thingname=iot-device-01, thingid=983c2b68-f9a3-4e83-b3c6-9f6f8ad5431b, thingarn=arn:aws:iot:us-east-1:507441099951:thing/iot-device-01, thingtypename=null, attributes={installed=1594665292, latitude=37.4133144, longitude=-122.1513069}, version=1, billinggroupname=null}","2020-11-26 00:00:00.000"
"iot-device-03","1.594630504674539E9","51.7","71.24","false","false","0.0078","0.0051","0.0209","2020-11-26T17:11:44.418+0000","{defaultclientid=iot-device-03, thingname=iot-device-03, thingid=877352b9-a35d-45d3-9c98-162d89965a13, thingarn=arn:aws:iot:us-east-1:507441099951:thing/iot-device-03, thingtypename=null, attributes={installed=1592562234, latitude=37.4133144, longitude=-122.1513069}, version=1, billinggroupname=null}","2020-11-26 00:00:00.000"
"iot-device-02","1.594630474040894E9","59.5","75.02","true","false","0.0072","0.0046","0.0192","2020-11-26T17:11:38.830+0000","{defaultclientid=iot-device-02, thingname=iot-device-02, thingid=4ae4927a-aefb-4584-a45a-fc4839feffd6, thingarn=arn:aws:iot:us-east-1:507441099951:thing/iot-device-02, thingtypename=null, attributes={installed=1593361211, latitude=32.8205865, longitude=-96.871627}, version=1, billinggroupname=null}","2020-11-26 00:00:00.000"
"iot-device-03","1.5946304749141285E9","51.7","71.24","false","false","0.0078","0.0051","0.0209","2020-11-26T17:11:39.126+0000","{defaultclientid=iot-device-03, thingname=iot-device-03, thingid=877352b9-a35d-45d3-9c98-162d89965a13, thingarn=arn:aws:iot:us-east-1:507441099951:thing/iot-device-03, thingtypename=null, attributes={installed=1592562234, latitude=37.4133144, longitude=-122.1513069}, version=1, billinggroupname=null}","2020-11-26 00:00:00.000"
"iot-device-01","1.5946304754984186E9","75.8","67.28","false","false","0.0064","0.0039","0.0169","2020-11-26T17:11:39.413+0000","{defaultclientid=iot-device-01, thingname=iot-device-01, thingid=983c2b68-f9a3-4e83-b3c6-9f6f8ad5431b, thingarn=arn:aws:iot:us-east-1:507441099951:thing/iot-device-01, thingtypename=null, attributes={installed=1594665292, latitude=37.4133144, longitude=-122.1513069}, version=1, billinggroupname=null}","2020-11-26 00:00:00.000"
"iot-device-02","1.5946304783822439E9","59.5","75.2","true","false","0.0072","0.0046","0.0192","2020-11-26T17:11:39.710+0000","{defaultclientid=iot-device-02, thingname=iot-device-02, thingid=4ae4927a-aefb-4584-a45a-fc4839feffd6, thingarn=arn:aws:iot:us-east-1:507441099951:thing/iot-device-02, thingtypename=null, attributes={installed=1593361211, latitude=32.8205865, longitude=-96.871627}, version=1, billinggroupname=null}","2020-11-26 00:00:00.000"
"iot-device-03","1.5946304788429337E9","51.7","71.24","false","false","0.0078","0.0051","0.021","2020-11-26T17:11:40.008+0000","{defaultclientid=iot-device-03, thingname=iot-device-03, thingid=877352b9-a35d-45d3-9c98-162d89965a13, thingarn=arn:aws:iot:us-east-1:507441099951:thing/iot-device-03, thingtypename=null, attributes={installed=1592562234, latitude=37.4133144, longitude=-122.1513069}, version=1, billinggroupname=null}","2020-11-26 00:00:00.000"
"iot-device-01","1.5946304803866222E9","75.8","67.28","false","false","0.0065","0.0039","0.017","2020-11-26T17:11:40.303+0000","{defaultclientid=iot-device-01, thingname=iot-device-01, thingid=983c2b68-f9a3-4e83-b3c6-9f6f8ad5431b, thingarn=arn:aws:iot:us-east-1:507441099951:thing/iot-device-01, thingtypename=null, attributes={installed=1594665292, latitude=37.4133144, longitude=-122.1513069}, version=1, billinggroupname=null}","2020-11-26 00:00:00.000"
"iot-device-02","1.5946304821907039E9","59.5","75.02","true","false","0.0072","0.0046","0.0192","2020-11-26T17:11:40.590+0000","{defaultclientid=iot-device-02, thingname=iot-device-02, thingid=4ae4927a-aefb-4584-a45a-fc4839feffd6, thingarn=arn:aws:iot:us-east-1:507441099951:thing/iot-device-02, thingtypename=null, attributes={installed=1593361211, latitude=32.8205865, longitude=-96.871627}, version=1, billinggroupname=null}","2020-11-26 00:00:00.000"
"iot-device-03","1.5946304825483725E9","51.6","71.06","false","false","0.0078","0.0051","0.0209","2020-11-26T17:11:40.879+0000","{defaultclientid=iot-device-03, thingname=iot-device-03, thingid=877352b9-a35d-45d3-9c98-162d89965a13, thingarn=arn:aws:iot:us-east-1:507441099951:thing/iot-device-03, thingtypename=null, attributes={installed=1592562234, latitude=37.4133144, longitude=-122.1513069}, version=1, billinggroupname=null}","2020-11-26 00:00:00.000"
"iot-device-01","1.5946304847412033E9","75.9","67.28","false","false","0.0064","0.0038","0.0168","2020-11-26T17:11:41.169+0000","{defaultclientid=iot-device-01, thingname=iot-device-01, thingid=983c2b68-f9a3-4e83-b3c6-9f6f8ad5431b, thingarn=arn:aws:iot:us-east-1:507441099951:thing/iot-device-01, thingtypename=null, attributes={installed=1594665292, latitude=37.4133144, longitude=-122.1513069}, version=1, billinggroupname=null}","2020-11-26 00:00:00.000"
"iot-device-02","1.594630486000381E9","59.6","75.2","true","false","0.0072","0.0045","0.019","2020-11-26T17:11:41.462+0000","{defaultclientid=iot-device-02, thingname=iot-device-02, thingid=4ae4927a-aefb-4584-a45a-fc4839feffd6, thingarn=arn:aws:iot:us-east-1:507441099951:thing/iot-device-02, thingtypename=null, attributes={installed=1593361211, latitude=32.8205865, longitude=-96.871627}, version=1, billinggroupname=null}","2020-11-26 00:00:00.000"
"iot-device-01","1.5946304163794825E9","75.7","67.28","false","false","0.0064","0.0038","0.0168","2020-11-26T17:11:29.994+0000","{defaultclientid=iot-device-01, thingname=iot-device-01, thingid=983c2b68-f9a3-4e83-b3c6-9f6f8ad5431b, thingarn=arn:aws:iot:us-east-1:507441099951:thing/iot-device-01, thingtypename=null, attributes={installed=1594665292, latitude=37.4133144, longitude=-122.1513069}, version=1, billinggroupname=null}","2020-11-26 00:00:00.000"
"iot-device-03","1.5946304196487033E9","51.5","71.24","false","false","0.0078","0.0051","0.0209","2020-11-26T17:11:30.334+0000","{defaultclientid=iot-device-03, thingname=iot-device-03, thingid=877352b9-a35d-45d3-9c98-162d89965a13, thingarn=arn:aws:iot:us-east-1:507441099951:thing/iot-device-03, thingtypename=null, attributes={installed=1592562234, latitude=37.4133144, longitude=-122.1513069}, version=1, billinggroupname=null}","2020-11-26 00:00:00.000"
"iot-device-01","1.5946304207314622E9","75.7","67.28","false","false","0.0064","0.0039","0.0169","2020-11-26T17:11:30.627+0000","{defaultclientid=iot-device-01, thingname=iot-device-01, thingid=983c2b68-f9a3-4e83-b3c6-9f6f8ad5431b, thingarn=arn:aws:iot:us-east-1:507441099951:thing/iot-device-01, thingtypename=null, attributes={installed=1594665292, latitude=37.4133144, longitude=-122.1513069}, version=1, billinggroupname=null}","2020-11-26 00:00:00.000"
"iot-device-03","1.5946304233362188E9","51.5","71.24","false","false","0.0078","0.0051","0.0209","2020-11-26T17:11:30.915+0000","{defaultclientid=iot-device-03, thingname=iot-device-03, thingid=877352b9-a35d-45d3-9c98-162d89965a13, thingarn=arn:aws:iot:us-east-1:507441099951:thing/iot-device-03, thingtypename=null, attributes={installed=1592562234, latitude=37.4133144, longitude=-122.1513069}, version=1, billinggroupname=null}","2020-11-26 00:00:00.000"
"iot-device-01","1.5946304256182578E9","75.7","67.28","false","false","0.0064","0.0039","0.0169","2020-11-26T17:11:31.204+0000","{defaultclientid=iot-device-01, thingname=iot-device-01, thingid=983c2b68-f9a3-4e83-b3c6-9f6f8ad5431b, thingarn=arn:aws:iot:us-east-1:507441099951:thing/iot-device-01, thingtypename=null, attributes={installed=1594665292, latitude=37.4133144, longitude=-122.1513069}, version=1, billinggroupname=null}","2020-11-26 00:00:00.000"
"iot-device-03","1.5946304270241528E9","51.5","71.24","false","false","0.0079","0.0051","0.021","2020-11-26T17:11:31.482+0000","{defaultclientid=iot-device-03, thingname=iot-device-03, thingid=877352b9-a35d-45d3-9c98-162d89965a13, thingarn=arn:aws:iot:us-east-1:507441099951:thing/iot-device-03, thingtypename=null, attributes={installed=1592562234, latitude=37.4133144, longitude=-122.1513069}, version=1, billinggroupname=null}","2020-11-26 00:00:00.000"
"iot-device-03","1.5946304307117352E9","51.5","71.24","false","false","0.0078","0.0051","0.0209","2020-11-26T17:11:31.768+0000","{defaultclientid=iot-device-03, thingname=iot-device-03, thingid=877352b9-a35d-45d3-9c98-162d89965a13, thingarn=arn:aws:iot:us-east-1:507441099951:thing/iot-device-03, thingtypename=null, attributes={installed=1592562234, latitude=37.4133144, longitude=-122.1513069}, version=1, billinggroupname=null}","2020-11-26 00:00:00.000"
"iot-device-01","1.5946304332033262E9","75.7","67.28","false","false","0.0064","0.0039","0.0169","2020-11-26T17:11:32.061+0000","{defaultclientid=iot-device-01, thingname=iot-device-01, thingid=983c2b68-f9a3-4e83-b3c6-9f6f8ad5431b, thingarn=arn:aws:iot:us-east-1:507441099951:thing/iot-device-01, thingtypename=null, attributes={installed=1594665292, latitude=37.4133144, longitude=-122.1513069}, version=1, billinggroupname=null}","2020-11-26 00:00:00.000"
"iot-device-03","1.5946304343998528E9","51.5","71.06","false","false","0.0078","0.0051","0.021","2020-11-26T17:11:32.371+0000","{defaultclientid=iot-device-03, thingname=iot-device-03, thingid=877352b9-a35d-45d3-9c98-162d89965a13, thingarn=arn:aws:iot:us-east-1:507441099951:thing/iot-device-03, thingtypename=null, attributes={installed=1592562234, latitude=37.4133144, longitude=-122.1513069}, version=1, billinggroupname=null}","2020-11-26 00:00:00.000"
"iot-device-03","1.594630438085822E9","51.6","71.06","false","false","0.0078","0.0051","0.0209","2020-11-26T17:11:32.664+0000","{defaultclientid=iot-device-03, thingname=iot-device-03, thingid=877352b9-a35d-45d3-9c98-162d89965a13, thingarn=arn:aws:iot:us-east-1:507441099951:thing/iot-device-03, thingtypename=null, attributes={installed=1592562234, latitude=37.4133144, longitude=-122.1513069}, version=1, billinggroupname=null}","2020-11-26 00:00:00.000"
"iot-device-02","1.5946305051452866E9","59.5","75.02","true","false","0.0072","0.0046","0.0191","2020-11-26T17:11:44.703+0000","{defaultclientid=iot-device-02, thingname=iot-device-02, thingid=4ae4927a-aefb-4584-a45a-fc4839feffd6, thingarn=arn:aws:iot:us-east-1:507441099951:thing/iot-device-02, thingtypename=null, attributes={installed=1593361211, latitude=32.8205865, longitude=-96.871627}, version=1, billinggroupname=null}","2020-11-26 00:00:00.000"
"iot-device-03","1.5946305083576186E9","51.7","71.24","false","false","0.0078","0.0051","0.0209","2020-11-26T17:11:44.990+0000","{defaultclientid=iot-device-03, thingname=iot-device-03, thingid=877352b9-a35d-45d3-9c98-162d89965a13, thingarn=arn:aws:iot:us-east-1:507441099951:thing/iot-device-03, thingtypename=null, attributes={installed=1592562234, latitude=37.4133144, longitude=-122.1513069}, version=1, billinggroupname=null}","2020-11-26 00:00:00.000"
"iot-device-01","1.5946305097052536E9","75.8","67.28","false","false","0.0065","0.0039","0.017","2020-11-26T17:11:45.270+0000","{defaultclientid=iot-device-01, thingname=iot-device-01, thingid=983c2b68-f9a3-4e83-b3c6-9f6f8ad5431b, thingarn=arn:aws:iot:us-east-1:507441099951:thing/iot-device-01, thingtypename=null, attributes={installed=1594665292, latitude=37.4133144, longitude=-122.1513069}, version=1, billinggroupname=null}","2020-11-26 00:00:00.000"
"iot-device-03","1.5946305120426993E9","51.7","71.24","false","false","0.0078","0.0051","0.0209","2020-11-26T17:11:45.549+0000","{defaultclientid=iot-device-03, thingname=iot-device-03, thingid=877352b9-a35d-45d3-9c98-162d89965a13, thingarn=arn:aws:iot:us-east-1:507441099951:thing/iot-device-03, thingtypename=null, attributes={installed=1592562234, latitude=37.4133144, longitude=-122.1513069}, version=1, billinggroupname=null}","2020-11-26 00:00:00.000"
"iot-device-01","1.5946305135353842E9","75.8","67.28","false","false","0.0065","0.0039","0.017","2020-11-26T17:11:45.851+0000","{defaultclientid=iot-device-01, thingname=iot-device-01, thingid=983c2b68-f9a3-4e83-b3c6-9f6f8ad5431b, thingarn=arn:aws:iot:us-east-1:507441099951:thing/iot-device-01, thingtypename=null, attributes={installed=1594665292, latitude=37.4133144, longitude=-122.1513069}, version=1, billinggroupname=null}","2020-11-26 00:00:00.000"
"iot-device-02","1.5946305137655368E9","59.5","75.02","true","false","0.0072","0.0045","0.019","2020-11-26T17:11:46.137+0000","{defaultclientid=iot-device-02, thingname=iot-device-02, thingid=4ae4927a-aefb-4584-a45a-fc4839feffd6, thingarn=arn:aws:iot:us-east-1:507441099951:thing/iot-device-02, thingtypename=null, attributes={installed=1593361211, latitude=32.8205865, longitude=-96.871627}, version=1, billinggroupname=null}","2020-11-26 00:00:00.000"
"iot-device-03","1.5946305157300947E9","51.7","71.24","false","false","0.0078","0.0051","0.0209","2020-11-26T17:11:46.419+0000","{defaultclientid=iot-device-03, thingname=iot-device-03, thingid=877352b9-a35d-45d3-9c98-162d89965a13, thingarn=arn:aws:iot:us-east-1:507441099951:thing/iot-device-03, thingtypename=null, attributes={installed=1592562234, latitude=37.4133144, longitude=-122.1513069}, version=1, billinggroupname=null}","2020-11-26 00:00:00.000"
"iot-device-01","1.5946305178978145E9","75.9","67.28","false","false","0.0064","0.0038","0.0168","2020-11-26T17:11:46.710+0000","{defaultclientid=iot-device-01, thingname=iot-device-01, thingid=983c2b68-f9a3-4e83-b3c6-9f6f8ad5431b, thingarn=arn:aws:iot:us-east-1:507441099951:thing/iot-device-01, thingtypename=null, attributes={installed=1594665292, latitude=37.4133144, longitude=-122.1513069}, version=1, billinggroupname=null}","2020-11-26 00:00:00.000"
"iot-device-03","1.5946305194159045E9","51.7","71.24","false","false","0.0078","0.0051","0.0209","2020-11-26T17:11:46.999+0000","{defaultclientid=iot-device-03, thingname=iot-device-03, thingid=877352b9-a35d-45d3-9c98-162d89965a13, thingarn=arn:aws:iot:us-east-1:507441099951:thing/iot-device-03, thingtypename=null, attributes={installed=1592562234, latitude=37.4133144, longitude=-122.1513069}, version=1, billinggroupname=null}","2020-11-26 00:00:00.000"
"iot-device-01","1.59463052171207E9","75.9","67.28","false","false","0.0063","0.0038","0.0166","2020-11-26T17:11:47.290+0000","{defaultclientid=iot-device-01, thingname=iot-device-01, thingid=983c2b68-f9a3-4e83-b3c6-9f6f8ad5431b, thingarn=arn:aws:iot:us-east-1:507441099951:thing/iot-device-01, thingtypename=null, attributes={installed=1594665292, latitude=37.4133144, longitude=-122.1513069}, version=1, billinggroupname=null}","2020-11-26 00:00:00.000"
"iot-device-03","1.5946304565165374E9","51.6","71.06","false","false","0.0078","0.0051","0.0209","2020-11-26T17:11:35.888+0000","{defaultclientid=iot-device-03, thingname=iot-device-03, thingid=877352b9-a35d-45d3-9c98-162d89965a13, thingarn=arn:aws:iot:us-east-1:507441099951:thing/iot-device-03, thingtypename=null, attributes={installed=1592562234, latitude=37.4133144, longitude=-122.1513069}, version=1, billinggroupname=null}","2020-11-26 00:00:00.000"
"iot-device-01","1.5946304592195475E9","75.7","67.28","false","false","0.0065","0.0039","0.017","2020-11-26T17:11:36.185+0000","{defaultclientid=iot-device-01, thingname=iot-device-01, thingid=983c2b68-f9a3-4e83-b3c6-9f6f8ad5431b, thingarn=arn:aws:iot:us-east-1:507441099951:thing/iot-device-01, thingtypename=null, attributes={installed=1594665292, latitude=37.4133144, longitude=-122.1513069}, version=1, billinggroupname=null}","2020-11-26 00:00:00.000"
"iot-device-03","1.5946304602023778E9","51.7","71.24","false","false","0.0078","0.0051","0.0209","2020-11-26T17:11:36.473+0000","{defaultclientid=iot-device-03, thingname=iot-device-03, thingid=877352b9-a35d-45d3-9c98-162d89965a13, thingarn=arn:aws:iot:us-east-1:507441099951:thing/iot-device-03, thingtypename=null, attributes={installed=1592562234, latitude=37.4133144, longitude=-122.1513069}, version=1, billinggroupname=null}","2020-11-26 00:00:00.000"
"iot-device-02","1.594630461610388E9","59.5","75.02","true","false","0.0072","0.0045","0.0191","2020-11-26T17:11:36.761+0000","{defaultclientid=iot-device-02, thingname=iot-device-02, thingid=4ae4927a-aefb-4584-a45a-fc4839feffd6, thingarn=arn:aws:iot:us-east-1:507441099951:thing/iot-device-02, thingtypename=null, attributes={installed=1593361211, latitude=32.8205865, longitude=-96.871627}, version=1, billinggroupname=null}","2020-11-26 00:00:00.000"
"iot-device-03","1.5946304638344984E9","51.7","71.24","false","false","0.0078","0.0051","0.0209","2020-11-26T17:11:37.060+0000","{defaultclientid=iot-device-03, thingname=iot-device-03, thingid=877352b9-a35d-45d3-9c98-162d89965a13, thingarn=arn:aws:iot:us-east-1:507441099951:thing/iot-device-03, thingtypename=null, attributes={installed=1592562234, latitude=37.4133144, longitude=-122.1513069}, version=1, billinggroupname=null}","2020-11-26 00:00:00.000"
"iot-device-01","1.594630464108326E9","75.8","67.28","false","false","0.0064","0.0039","0.0169","2020-11-26T17:11:37.362+0000","{defaultclientid=iot-device-01, thingname=iot-device-01, thingid=983c2b68-f9a3-4e83-b3c6-9f6f8ad5431b, thingarn=arn:aws:iot:us-east-1:507441099951:thing/iot-device-01, thingtypename=null, attributes={installed=1594665292, latitude=37.4133144, longitude=-122.1513069}, version=1, billinggroupname=null}","2020-11-26 00:00:00.000"
"iot-device-03","1.5946304675380752E9","51.7","71.24","false","false","0.0078","0.0051","0.0209","2020-11-26T17:11:37.659+0000","{defaultclientid=iot-device-03, thingname=iot-device-03, thingid=877352b9-a35d-45d3-9c98-162d89965a13, thingarn=arn:aws:iot:us-east-1:507441099951:thing/iot-device-03, thingtypename=null, attributes={installed=1592562234, latitude=37.4133144, longitude=-122.1513069}, version=1, billinggroupname=null}","2020-11-26 00:00:00.000"
"iot-device-01","1.5946304679205804E9","75.8","67.28","false","false","0.0064","0.0038","0.0168","2020-11-26T17:11:37.950+0000","{defaultclientid=iot-device-01, thingname=iot-device-01, thingid=983c2b68-f9a3-4e83-b3c6-9f6f8ad5431b, thingarn=arn:aws:iot:us-east-1:507441099951:thing/iot-device-01, thingtypename=null, attributes={installed=1594665292, latitude=37.4133144, longitude=-122.1513069}, version=1, billinggroupname=null}","2020-11-26 00:00:00.000"
"iot-device-02","1.5946304696974792E9","59.4","75.02","true","false","0.0072","0.0045","0.019","2020-11-26T17:11:38.240+0000","{defaultclientid=iot-device-02, thingname=iot-device-02, thingid=4ae4927a-aefb-4584-a45a-fc4839feffd6, thingarn=arn:aws:iot:us-east-1:507441099951:thing/iot-device-02, thingtypename=null, attributes={installed=1593361211, latitude=32.8205865, longitude=-96.871627}, version=1, billinggroupname=null}","2020-11-26 00:00:00.000"
"iot-device-03","1.5946304712259555E9","51.6","71.06","false","false","0.0078","0.0051","0.0209","2020-11-26T17:11:38.527+0000","{defaultclientid=iot-device-03, thingname=iot-device-03, thingid=877352b9-a35d-45d3-9c98-162d89965a13, thingarn=arn:aws:iot:us-east-1:507441099951:thing/iot-device-03, thingtypename=null, attributes={installed=1592562234, latitude=37.4133144, longitude=-122.1513069}, version=1, billinggroupname=null}","2020-11-26 00:00:00.000"
"iot-device-03","1.5946305894066074E9","51.6","71.06","false","false","0.0078","0.0051","0.0209","2020-11-26T17:11:59.507+0000","{defaultclientid=iot-device-03, thingname=iot-device-03, thingid=877352b9-a35d-45d3-9c98-162d89965a13, thingarn=arn:aws:iot:us-east-1:507441099951:thing/iot-device-03, thingtypename=null, attributes={installed=1592562234, latitude=37.4133144, longitude=-122.1513069}, version=1, billinggroupname=null}","2020-11-26 00:00:00.000"
"iot-device-01","1.594630593082857E9","75.9","67.28","false","false","0.0064","0.0039","0.0169","2020-11-26T17:11:59.801+0000","{defaultclientid=iot-device-01, thingname=iot-device-01, thingid=983c2b68-f9a3-4e83-b3c6-9f6f8ad5431b, thingarn=arn:aws:iot:us-east-1:507441099951:thing/iot-device-01, thingtypename=null, attributes={installed=1594665292, latitude=37.4133144, longitude=-122.1513069}, version=1, billinggroupname=null}","2020-11-26 00:00:00.000"
"iot-device-03","1.594630523101703E9","51.7","71.24","false","false","0.0078","0.0051","0.021","2020-11-26T17:11:47.591+0000","{defaultclientid=iot-device-03, thingname=iot-device-03, thingid=877352b9-a35d-45d3-9c98-162d89965a13, thingarn=arn:aws:iot:us-east-1:507441099951:thing/iot-device-03, thingtypename=null, attributes={installed=1592562234, latitude=37.4133144, longitude=-122.1513069}, version=1, billinggroupname=null}","2020-11-26 00:00:00.000"
"iot-device-02","1.594630525061243E9","59.5","75.02","true","false","0.0072","0.0045","0.019","2020-11-26T17:11:47.978+0000","{defaultclientid=iot-device-02, thingname=iot-device-02, thingid=4ae4927a-aefb-4584-a45a-fc4839feffd6, thingarn=arn:aws:iot:us-east-1:507441099951:thing/iot-device-02, thingtypename=null, attributes={installed=1593361211, latitude=32.8205865, longitude=-96.871627}, version=1, billinggroupname=null}","2020-11-26 00:00:00.000"
"iot-device-03","1.5946305267486465E9","51.6","71.06","false","false","0.0078","0.0051","0.0209","2020-11-26T17:11:48.279+0000","{defaultclientid=iot-device-03, thingname=iot-device-03, thingid=877352b9-a35d-45d3-9c98-162d89965a13, thingarn=arn:aws:iot:us-east-1:507441099951:thing/iot-device-03, thingtypename=null, attributes={installed=1592562234, latitude=37.4133144, longitude=-122.1513069}, version=1, billinggroupname=null}","2020-11-26 00:00:00.000"
"iot-device-01","1.5946305271367195E9","75.9","67.28","false","false","0.0064","0.0039","0.0169","2020-11-26T17:11:48.563+0000","{defaultclientid=iot-device-01, thingname=iot-device-01, thingid=983c2b68-f9a3-4e83-b3c6-9f6f8ad5431b, thingarn=arn:aws:iot:us-east-1:507441099951:thing/iot-device-01, thingtypename=null, attributes={installed=1594665292, latitude=37.4133144, longitude=-122.1513069}, version=1, billinggroupname=null}","2020-11-26 00:00:00.000"
"iot-device-02","1.5946305288707676E9","59.5","75.02","true","false","0.0072","0.0046","0.0192","2020-11-26T17:11:48.870+0000","{defaultclientid=iot-device-02, thingname=iot-device-02, thingid=4ae4927a-aefb-4584-a45a-fc4839feffd6, thingarn=arn:aws:iot:us-east-1:507441099951:thing/iot-device-02, thingtypename=null, attributes={installed=1593361211, latitude=32.8205865, longitude=-96.871627}, version=1, billinggroupname=null}","2020-11-26 00:00:00.000"
"iot-device-03","1.5946305304482362E9","51.7","71.24","false","false","0.0078","0.0051","0.0209","2020-11-26T17:11:49.159+0000","{defaultclientid=iot-device-03, thingname=iot-device-03, thingid=877352b9-a35d-45d3-9c98-162d89965a13, thingarn=arn:aws:iot:us-east-1:507441099951:thing/iot-device-03, thingtypename=null, attributes={installed=1592562234, latitude=37.4133144, longitude=-122.1513069}, version=1, billinggroupname=null}","2020-11-26 00:00:00.000"
"iot-device-01","1.594630533634305E9","76.0","67.28","false","false","0.0064","0.0038","0.0168","2020-11-26T17:11:49.459+0000","{defaultclientid=iot-device-01, thingname=iot-device-01, thingid=983c2b68-f9a3-4e83-b3c6-9f6f8ad5431b, thingarn=arn:aws:iot:us-east-1:507441099951:thing/iot-device-01, thingtypename=null, attributes={installed=1594665292, latitude=37.4133144, longitude=-122.1513069}, version=1, billinggroupname=null}","2020-11-26 00:00:00.000"
"iot-device-03","1.5946305341356692E9","51.6","71.06","false","false","0.0078","0.0051","0.0209","2020-11-26T17:11:49.757+0000","{defaultclientid=iot-device-03, thingname=iot-device-03, thingid=877352b9-a35d-45d3-9c98-162d89965a13, thingarn=arn:aws:iot:us-east-1:507441099951:thing/iot-device-03, thingtypename=null, attributes={installed=1592562234, latitude=37.4133144, longitude=-122.1513069}, version=1, billinggroupname=null}","2020-11-26 00:00:00.000"
"iot-device-03","1.5946305378231351E9","51.7","71.24","false","false","0.0078","0.0051","0.0209","2020-11-26T17:11:50.049+0000","{defaultclientid=iot-device-03, thingname=iot-device-03, thingid=877352b9-a35d-45d3-9c98-162d89965a13, thingarn=arn:aws:iot:us-east-1:507441099951:thing/iot-device-03, thingtypename=null, attributes={installed=1592562234, latitude=37.4133144, longitude=-122.1513069}, version=1, billinggroupname=null}","2020-11-26 00:00:00.000"
"iot-device-01","1.594630538522142E9","76.0","67.28","false","false","0.0063","0.0038","0.0166","2020-11-26T17:11:50.327+0000","{defaultclientid=iot-device-01, thingname=iot-device-01, thingid=983c2b68-f9a3-4e83-b3c6-9f6f8ad5431b, thingarn=arn:aws:iot:us-east-1:507441099951:thing/iot-device-01, thingtypename=null, attributes={installed=1594665292, latitude=37.4133144, longitude=-122.1513069}, version=1, billinggroupname=null}","2020-11-26 00:00:00.000"
"iot-device-03","1.5946305415106654E9","51.6","71.06","false","false","0.0078","0.0051","0.0209","2020-11-26T17:11:50.623+0000","{defaultclientid=iot-device-03, thingname=iot-device-03, thingid=877352b9-a35d-45d3-9c98-162d89965a13, thingarn=arn:aws:iot:us-east-1:507441099951:thing/iot-device-03, thingtypename=null, attributes={installed=1592562234, latitude=37.4133144, longitude=-122.1513069}, version=1, billinggroupname=null}","2020-11-26 00:00:00.000"
"iot-device-01","1.5946305434216115E9","75.9","67.28","false","false","0.0064","0.0038","0.0168","2020-11-26T17:11:50.927+0000","{defaultclientid=iot-device-01, thingname=iot-device-01, thingid=983c2b68-f9a3-4e83-b3c6-9f6f8ad5431b, thingarn=arn:aws:iot:us-east-1:507441099951:thing/iot-device-01, thingtypename=null, attributes={installed=1594665292, latitude=37.4133144, longitude=-122.1513069}, version=1, billinggroupname=null}","2020-11-26 00:00:00.000"
"iot-device-02","1.5946305447281985E9","59.4","75.02","true","false","0.0073","0.0046","0.0194","2020-11-26T17:11:51.226+0000","{defaultclientid=iot-device-02, thingname=iot-device-02, thingid=4ae4927a-aefb-4584-a45a-fc4839feffd6, thingarn=arn:aws:iot:us-east-1:507441099951:thing/iot-device-02, thingtypename=null, attributes={installed=1593361211, latitude=32.8205865, longitude=-96.871627}, version=1, billinggroupname=null}","2020-11-26 00:00:00.000"
"iot-device-03","1.594630545205322E9","51.7","71.24","false","false","0.0078","0.0051","0.0209","2020-11-26T17:11:51.521+0000","{defaultclientid=iot-device-03, thingname=iot-device-03, thingid=877352b9-a35d-45d3-9c98-162d89965a13, thingarn=arn:aws:iot:us-east-1:507441099951:thing/iot-device-03, thingtypename=null, attributes={installed=1592562234, latitude=37.4133144, longitude=-122.1513069}, version=1, billinggroupname=null}","2020-11-26 00:00:00.000"
"iot-device-01","1.5946305488471029E9","75.9","67.28","false","false","0.0065","0.0039","0.017","2020-11-26T17:11:51.821+0000","{defaultclientid=iot-device-01, thingname=iot-device-01, thingid=983c2b68-f9a3-4e83-b3c6-9f6f8ad5431b, thingarn=arn:aws:iot:us-east-1:507441099951:thing/iot-device-01, thingtypename=null, attributes={installed=1594665292, latitude=37.4133144, longitude=-122.1513069}, version=1, billinggroupname=null}","2020-11-26 00:00:00.000"
"iot-device-03","1.5946305488911927E9","51.7","71.24","false","false","0.0078","0.0051","0.021","2020-11-26T17:11:52.136+0000","{defaultclientid=iot-device-03, thingname=iot-device-03, thingid=877352b9-a35d-45d3-9c98-162d89965a13, thingarn=arn:aws:iot:us-east-1:507441099951:thing/iot-device-03, thingtypename=null, attributes={installed=1592562234, latitude=37.4133144, longitude=-122.1513069}, version=1, billinggroupname=null}","2020-11-26 00:00:00.000"
"iot-device-02","1.5946305496013613E9","59.4","75.02","true","false","0.0073","0.0046","0.0194","2020-11-26T17:11:52.420+0000","{defaultclientid=iot-device-02, thingname=iot-device-02, thingid=4ae4927a-aefb-4584-a45a-fc4839feffd6, thingarn=arn:aws:iot:us-east-1:507441099951:thing/iot-device-02, thingtypename=null, attributes={installed=1593361211, latitude=32.8205865, longitude=-96.871627}, version=1, billinggroupname=null}","2020-11-26 00:00:00.000"
"iot-device-03","1.5946305525744257E9","51.7","71.24","false","false","0.0078","0.0051","0.0209","2020-11-26T17:11:52.709+0000","{defaultclientid=iot-device-03, thingname=iot-device-03, thingid=877352b9-a35d-45d3-9c98-162d89965a13, thingarn=arn:aws:iot:us-east-1:507441099951:thing/iot-device-03, thingtypename=null, attributes={installed=1592562234, latitude=37.4133144, longitude=-122.1513069}, version=1, billinggroupname=null}","2020-11-26 00:00:00.000"
"iot-device-01","1.5946305526711378E9","76.0","67.28","false","false","0.0064","0.0038","0.0168","2020-11-26T17:11:53.008+0000","{defaultclientid=iot-device-01, thingname=iot-device-01, thingid=983c2b68-f9a3-4e83-b3c6-9f6f8ad5431b, thingarn=arn:aws:iot:us-east-1:507441099951:thing/iot-device-01, thingtypename=null, attributes={installed=1594665292, latitude=37.4133144, longitude=-122.1513069}, version=1, billinggroupname=null}","2020-11-26 00:00:00.000"
"iot-device-02","1.5946305555592904E9","59.5","75.02","true","false","0.0073","0.0046","0.0194","2020-11-26T17:11:53.300+0000","{defaultclientid=iot-device-02, thingname=iot-device-02, thingid=4ae4927a-aefb-4584-a45a-fc4839feffd6, thingarn=arn:aws:iot:us-east-1:507441099951:thing/iot-device-02, thingtypename=null, attributes={installed=1593361211, latitude=32.8205865, longitude=-96.871627}, version=1, billinggroupname=null}","2020-11-26 00:00:00.000"
"iot-device-02","1.5946305728791902E9","59.6","75.2","true","false","0.0073","0.0046","0.0194","2020-11-26T17:11:56.569+0000","{defaultclientid=iot-device-02, thingname=iot-device-02, thingid=4ae4927a-aefb-4584-a45a-fc4839feffd6, thingarn=arn:aws:iot:us-east-1:507441099951:thing/iot-device-02, thingtypename=null, attributes={installed=1593361211, latitude=32.8205865, longitude=-96.871627}, version=1, billinggroupname=null}","2020-11-26 00:00:00.000"
"iot-device-03","1.5946305746628304E9","51.6","71.06","false","false","0.0078","0.0051","0.0209","2020-11-26T17:11:56.882+0000","{defaultclientid=iot-device-03, thingname=iot-device-03, thingid=877352b9-a35d-45d3-9c98-162d89965a13, thingarn=arn:aws:iot:us-east-1:507441099951:thing/iot-device-03, thingtypename=null, attributes={installed=1592562234, latitude=37.4133144, longitude=-122.1513069}, version=1, billinggroupname=null}","2020-11-26 00:00:00.000"
"iot-device-03","1.5946305783488314E9","51.6","71.24","false","false","0.0078","0.0051","0.0209","2020-11-26T17:11:57.184+0000","{defaultclientid=iot-device-03, thingname=iot-device-03, thingid=877352b9-a35d-45d3-9c98-162d89965a13, thingarn=arn:aws:iot:us-east-1:507441099951:thing/iot-device-03, thingtypename=null, attributes={installed=1592562234, latitude=37.4133144, longitude=-122.1513069}, version=1, billinggroupname=null}","2020-11-26 00:00:00.000"
"iot-device-02","1.5946305788180811E9","59.5","75.02","true","false","0.0073","0.0047","0.0195","2020-11-26T17:11:57.470+0000","{defaultclientid=iot-device-02, thingname=iot-device-02, thingid=4ae4927a-aefb-4584-a45a-fc4839feffd6, thingarn=arn:aws:iot:us-east-1:507441099951:thing/iot-device-02, thingtypename=null, attributes={installed=1593361211, latitude=32.8205865, longitude=-96.871627}, version=1, billinggroupname=null}","2020-11-26 00:00:00.000"
"iot-device-01","1.594630580065613E9","75.8","67.1","false","false","0.0065","0.0039","0.017","2020-11-26T17:11:57.763+0000","{defaultclientid=iot-device-01, thingname=iot-device-01, thingid=983c2b68-f9a3-4e83-b3c6-9f6f8ad5431b, thingarn=arn:aws:iot:us-east-1:507441099951:thing/iot-device-01, thingtypename=null, attributes={installed=1594665292, latitude=37.4133144, longitude=-122.1513069}, version=1, billinggroupname=null}","2020-11-26 00:00:00.000"
"iot-device-03","1.5946305820347555E9","51.6","71.24","false","false","0.0078","0.0051","0.021","2020-11-26T17:11:58.049+0000","{defaultclientid=iot-device-03, thingname=iot-device-03, thingid=877352b9-a35d-45d3-9c98-162d89965a13, thingarn=arn:aws:iot:us-east-1:507441099951:thing/iot-device-03, thingtypename=null, attributes={installed=1592562234, latitude=37.4133144, longitude=-122.1513069}, version=1, billinggroupname=null}","2020-11-26 00:00:00.000"
"iot-device-02","1.59463058423342E9","59.5","75.02","true","false","0.0073","0.0047","0.0195","2020-11-26T17:11:58.343+0000","{defaultclientid=iot-device-02, thingname=iot-device-02, thingid=4ae4927a-aefb-4584-a45a-fc4839feffd6, thingarn=arn:aws:iot:us-east-1:507441099951:thing/iot-device-02, thingtypename=null, attributes={installed=1593361211, latitude=32.8205865, longitude=-96.871627}, version=1, billinggroupname=null}","2020-11-26 00:00:00.000"
"iot-device-01","1.5946305849672902E9","75.8","67.1","false","false","0.0063","0.0038","0.0166","2020-11-26T17:11:58.640+0000","{defaultclientid=iot-device-01, thingname=iot-device-01, thingid=983c2b68-f9a3-4e83-b3c6-9f6f8ad5431b, thingarn=arn:aws:iot:us-east-1:507441099951:thing/iot-device-01, thingtypename=null, attributes={installed=1594665292, latitude=37.4133144, longitude=-122.1513069}, version=1, billinggroupname=null}","2020-11-26 00:00:00.000"
"iot-device-03","1.5946305857206738E9","51.6","71.06","false","false","0.0078","0.0051","0.0209","2020-11-26T17:11:58.932+0000","{defaultclientid=iot-device-03, thingname=iot-device-03, thingid=877352b9-a35d-45d3-9c98-162d89965a13, thingarn=arn:aws:iot:us-east-1:507441099951:thing/iot-device-03, thingtypename=null, attributes={installed=1592562234, latitude=37.4133144, longitude=-122.1513069}, version=1, billinggroupname=null}","2020-11-26 00:00:00.000"
"iot-device-02","1.594630588583649E9","59.5","75.02","true","false","0.0073","0.0047","0.0195","2020-11-26T17:11:59.222+0000","{defaultclientid=iot-device-02, thingname=iot-device-02, thingid=4ae4927a-aefb-4584-a45a-fc4839feffd6, thingarn=arn:aws:iot:us-east-1:507441099951:thing/iot-device-02, thingtypename=null, attributes={installed=1593361211, latitude=32.8205865, longitude=-96.871627}, version=1, billinggroupname=null}","2020-11-26 00:00:00.000"
"iot-device-03","1.594630556261828E9","51.7","71.24","false","false","0.0078","0.0051","0.0209","2020-11-26T17:11:53.590+0000","{defaultclientid=iot-device-03, thingname=iot-device-03, thingid=877352b9-a35d-45d3-9c98-162d89965a13, thingarn=arn:aws:iot:us-east-1:507441099951:thing/iot-device-03, thingtypename=null, attributes={installed=1592562234, latitude=37.4133144, longitude=-122.1513069}, version=1, billinggroupname=null}","2020-11-26 00:00:00.000"
"iot-device-01","1.5946305575604618E9","76.0","67.28","false","false","0.0065","0.004","0.0172","2020-11-26T17:11:53.901+0000","{defaultclientid=iot-device-01, thingname=iot-device-01, thingid=983c2b68-f9a3-4e83-b3c6-9f6f8ad5431b, thingarn=arn:aws:iot:us-east-1:507441099951:thing/iot-device-01, thingtypename=null, attributes={installed=1594665292, latitude=37.4133144, longitude=-122.1513069}, version=1, billinggroupname=null}","2020-11-26 00:00:00.000"
"iot-device-03","1.5946305599484596E9","51.6","71.24","false","false","0.0078","0.0051","0.021","2020-11-26T17:11:54.196+0000","{defaultclientid=iot-device-03, thingname=iot-device-03, thingid=877352b9-a35d-45d3-9c98-162d89965a13, thingarn=arn:aws:iot:us-east-1:507441099951:thing/iot-device-03, thingtypename=null, attributes={installed=1592562234, latitude=37.4133144, longitude=-122.1513069}, version=1, billinggroupname=null}","2020-11-26 00:00:00.000"
"iot-device-02","1.5946305615062206E9","59.4","75.02","true","false","0.0072","0.0046","0.0192","2020-11-26T17:11:54.489+0000","{defaultclientid=iot-device-02, thingname=iot-device-02, thingid=4ae4927a-aefb-4584-a45a-fc4839feffd6, thingarn=arn:aws:iot:us-east-1:507441099951:thing/iot-device-02, thingtypename=null, attributes={installed=1593361211, latitude=32.8205865, longitude=-96.871627}, version=1, billinggroupname=null}","2020-11-26 00:00:00.000"
"iot-device-01","1.5946305619107342E9","76.0","67.28","false","false","0.0063","0.0038","0.0167","2020-11-26T17:11:54.778+0000","{defaultclientid=iot-device-01, thingname=iot-device-01, thingid=983c2b68-f9a3-4e83-b3c6-9f6f8ad5431b, thingarn=arn:aws:iot:us-east-1:507441099951:thing/iot-device-01, thingtypename=null, attributes={installed=1594665292, latitude=37.4133144, longitude=-122.1513069}, version=1, billinggroupname=null}","2020-11-26 00:00:00.000"
"iot-device-03","1.5946305635891373E9","50.7","71.24","false","false","0.0078","0.0051","0.0209","2020-11-26T17:11:55.086+0000","{defaultclientid=iot-device-03, thingname=iot-device-03, thingid=877352b9-a35d-45d3-9c98-162d89965a13, thingarn=arn:aws:iot:us-east-1:507441099951:thing/iot-device-03, thingtypename=null, attributes={installed=1592562234, latitude=37.4133144, longitude=-122.1513069}, version=1, billinggroupname=null}","2020-11-26 00:00:00.000"
"iot-device-01","1.5946305667999434E9","75.9","67.1","false","false","0.0065","0.0039","0.017","2020-11-26T17:11:55.386+0000","{defaultclientid=iot-device-01, thingname=iot-device-01, thingid=983c2b68-f9a3-4e83-b3c6-9f6f8ad5431b, thingarn=arn:aws:iot:us-east-1:507441099951:thing/iot-device-01, thingtypename=null, attributes={installed=1594665292, latitude=37.4133144, longitude=-122.1513069}, version=1, billinggroupname=null}","2020-11-26 00:00:00.000"
"iot-device-03","1.5946305672880735E9","51.6","71.24","false","false","0.0078","0.0051","0.0209","2020-11-26T17:11:55.680+0000","{defaultclientid=iot-device-03, thingname=iot-device-03, thingid=877352b9-a35d-45d3-9c98-162d89965a13, thingarn=arn:aws:iot:us-east-1:507441099951:thing/iot-device-03, thingtypename=null, attributes={installed=1592562234, latitude=37.4133144, longitude=-122.1513069}, version=1, billinggroupname=null}","2020-11-26 00:00:00.000"
"iot-device-02","1.5946305685334375E9","59.5","75.02","true","false","0.0073","0.0047","0.0195","2020-11-26T17:11:55.981+0000","{defaultclientid=iot-device-02, thingname=iot-device-02, thingid=4ae4927a-aefb-4584-a45a-fc4839feffd6, thingarn=arn:aws:iot:us-east-1:507441099951:thing/iot-device-02, thingtypename=null, attributes={installed=1593361211, latitude=32.8205865, longitude=-96.871627}, version=1, billinggroupname=null}","2020-11-26 00:00:00.000"
"iot-device-03","1.5946305709757676E9","51.6","71.24","false","false","0.0078","0.0051","0.0209","2020-11-26T17:11:56.273+0000","{defaultclientid=iot-device-03, thingname=iot-device-03, thingid=877352b9-a35d-45d3-9c98-162d89965a13, thingarn=arn:aws:iot:us-east-1:507441099951:thing/iot-device-03, thingtypename=null, attributes={installed=1592562234, latitude=37.4133144, longitude=-122.1513069}, version=1, billinggroupname=null}","2020-11-26 00:00:00.000"
"iot-device-03","1.5946195219601068E9","50.8","71.78","false","false","0.0078","0.0051","0.0209","2020-11-26T17:06:09.013+0000","{defaultclientid=iot-device-03, thingname=iot-device-03, thingid=877352b9-a35d-45d3-9c98-162d89965a13, thingarn=arn:aws:iot:us-east-1:507441099951:thing/iot-device-03, thingtypename=null, attributes={installed=1592562234, latitude=37.4133144, longitude=-122.1513069}, version=1, billinggroupname=null}","2020-11-26 00:00:00.000"
"iot-device-02","1.5946195222142284E9","60.0","76.64","true","false","0.0072","0.0045","0.0191","2020-11-26T17:06:09.302+0000","{defaultclientid=iot-device-02, thingname=iot-device-02, thingid=4ae4927a-aefb-4584-a45a-fc4839feffd6, thingarn=arn:aws:iot:us-east-1:507441099951:thing/iot-device-02, thingtypename=null, attributes={installed=1593361211, latitude=32.8205865, longitude=-96.871627}, version=1, billinggroupname=null}","2020-11-26 00:00:00.000"
"iot-device-01","1.5946195244964242E9","75.8","67.1","false","false","0.0073","0.0046","0.0194","2020-11-26T17:06:09.585+0000","{defaultclientid=iot-device-01, thingname=iot-device-01, thingid=983c2b68-f9a3-4e83-b3c6-9f6f8ad5431b, thingarn=arn:aws:iot:us-east-1:507441099951:thing/iot-device-01, thingtypename=null, attributes={installed=1594665292, latitude=37.4133144, longitude=-122.1513069}, version=1, billinggroupname=null}","2020-11-26 00:00:00.000"
"iot-device-03","1.5946195256459908E9","50.8","71.78","false","false","0.0078","0.0051","0.0209","2020-11-26T17:06:09.876+0000","{defaultclientid=iot-device-03, thingname=iot-device-03, thingid=877352b9-a35d-45d3-9c98-162d89965a13, thingarn=arn:aws:iot:us-east-1:507441099951:thing/iot-device-03, thingtypename=null, attributes={installed=1592562234, latitude=37.4133144, longitude=-122.1513069}, version=1, billinggroupname=null}","2020-11-26 00:00:00.000"
"iot-device-02","1.5946195266020744E9","59.9","76.64","true","false","0.0073","0.0046","0.0194","2020-11-26T17:06:10.170+0000","{defaultclientid=iot-device-02, thingname=iot-device-02, thingid=4ae4927a-aefb-4584-a45a-fc4839feffd6, thingarn=arn:aws:iot:us-east-1:507441099951:thing/iot-device-02, thingtypename=null, attributes={installed=1593361211, latitude=32.8205865, longitude=-96.871627}, version=1, billinggroupname=null}","2020-11-26 00:00:00.000"
"iot-device-01","1.5946195288493867E9","75.8","67.1","false","false","0.0072","0.0046","0.0192","2020-11-26T17:06:10.456+0000","{defaultclientid=iot-device-01, thingname=iot-device-01, thingid=983c2b68-f9a3-4e83-b3c6-9f6f8ad5431b, thingarn=arn:aws:iot:us-east-1:507441099951:thing/iot-device-01, thingtypename=null, attributes={installed=1594665292, latitude=37.4133144, longitude=-122.1513069}, version=1, billinggroupname=null}","2020-11-26 00:00:00.000"
"iot-device-03","1.594619529331496E9","50.8","71.78","false","false","0.0078","0.0051","0.0209","2020-11-26T17:06:10.789+0000","{defaultclientid=iot-device-03, thingname=iot-device-03, thingid=877352b9-a35d-45d3-9c98-162d89965a13, thingarn=arn:aws:iot:us-east-1:507441099951:thing/iot-device-03, thingtypename=null, attributes={installed=1592562234, latitude=37.4133144, longitude=-122.1513069}, version=1, billinggroupname=null}","2020-11-26 00:00:00.000"
"iot-device-03","1.5946195330172794E9","50.8","71.78","false","false","0.0078","0.0051","0.0209","2020-11-26T17:06:11.078+0000","{defaultclientid=iot-device-03, thingname=iot-device-03, thingid=877352b9-a35d-45d3-9c98-162d89965a13, thingarn=arn:aws:iot:us-east-1:507441099951:thing/iot-device-03, thingtypename=null, attributes={installed=1592562234, latitude=37.4133144, longitude=-122.1513069}, version=1, billinggroupname=null}","2020-11-26 00:00:00.000"
"iot-device-02","1.5946195346929574E9","60.0","76.64","true","false","0.0072","0.0046","0.0192","2020-11-26T17:06:11.379+0000","{defaultclientid=iot-device-02, thingname=iot-device-02, thingid=4ae4927a-aefb-4584-a45a-fc4839feffd6, thingarn=arn:aws:iot:us-east-1:507441099951:thing/iot-device-02, thingtypename=null, attributes={installed=1593361211, latitude=32.8205865, longitude=-96.871627}, version=1, billinggroupname=null}","2020-11-26 00:00:00.000"
"iot-device-01","1.5946195348570106E9","75.8","67.28","false","false","0.0072","0.0046","0.0192","2020-11-26T17:06:11.671+0000","{defaultclientid=iot-device-01, thingname=iot-device-01, thingid=983c2b68-f9a3-4e83-b3c6-9f6f8ad5431b, thingarn=arn:aws:iot:us-east-1:507441099951:thing/iot-device-01, thingtypename=null, attributes={installed=1594665292, latitude=37.4133144, longitude=-122.1513069}, version=1, billinggroupname=null}","2020-11-26 00:00:00.000"
"iot-device-03","1.594624416835021E9","51.1","71.42","false","false","0.0079","0.0052","0.0211","2020-11-26T17:06:20.970+0000","{defaultclientid=iot-device-03, thingname=iot-device-03, thingid=877352b9-a35d-45d3-9c98-162d89965a13, thingarn=arn:aws:iot:us-east-1:507441099951:thing/iot-device-03, thingtypename=null, attributes={installed=1592562234, latitude=37.4133144, longitude=-122.1513069}, version=1, billinggroupname=null}","2020-11-26 00:00:00.000"
"iot-device-02","1.5946244175574102E9","59.7","75.74","true","false","0.0074","0.0047","0.0197","2020-11-26T17:06:21.259+0000","{defaultclientid=iot-device-02, thingname=iot-device-02, thingid=4ae4927a-aefb-4584-a45a-fc4839feffd6, thingarn=arn:aws:iot:us-east-1:507441099951:thing/iot-device-02, thingtypename=null, attributes={installed=1593361211, latitude=32.8205865, longitude=-96.871627}, version=1, billinggroupname=null}","2020-11-26 00:00:00.000"
"iot-device-01","1.5946244199303036E9","76.6","67.1","false","false","0.0068","0.0042","0.0181","2020-11-26T17:06:21.575+0000","{defaultclientid=iot-device-01, thingname=iot-device-01, thingid=983c2b68-f9a3-4e83-b3c6-9f6f8ad5431b, thingarn=arn:aws:iot:us-east-1:507441099951:thing/iot-device-01, thingtypename=null, attributes={installed=1594665292, latitude=37.4133144, longitude=-122.1513069}, version=1, billinggroupname=null}","2020-11-26 00:00:00.000"
"iot-device-03","1.594624420519498E9","51.1","71.42","false","false","0.0078","0.0051","0.0209","2020-11-26T17:06:21.906+0000","{defaultclientid=iot-device-03, thingname=iot-device-03, thingid=877352b9-a35d-45d3-9c98-162d89965a13, thingarn=arn:aws:iot:us-east-1:507441099951:thing/iot-device-03, thingtypename=null, attributes={installed=1592562234, latitude=37.4133144, longitude=-122.1513069}, version=1, billinggroupname=null}","2020-11-26 00:00:00.000"
"iot-device-03","1.5946244242047575E9","51.1","71.42","false","false","0.0079","0.0052","0.021","2020-11-26T17:06:22.274+0000","{defaultclientid=iot-device-03, thingname=iot-device-03, thingid=877352b9-a35d-45d3-9c98-162d89965a13, thingarn=arn:aws:iot:us-east-1:507441099951:thing/iot-device-03, thingtypename=null, attributes={installed=1592562234, latitude=37.4133144, longitude=-122.1513069}, version=1, billinggroupname=null}","2020-11-26 00:00:00.000"
"iot-device-01","1.5946244248157625E9","75.8","67.1","false","false","0.0067","0.0042","0.0179","2020-11-26T17:06:22.570+0000","{defaultclientid=iot-device-01, thingname=iot-device-01, thingid=983c2b68-f9a3-4e83-b3c6-9f6f8ad5431b, thingarn=arn:aws:iot:us-east-1:507441099951:thing/iot-device-01, thingtypename=null, attributes={installed=1594665292, latitude=37.4133144, longitude=-122.1513069}, version=1, billinggroupname=null}","2020-11-26 00:00:00.000"
"iot-device-02","1.5946244251110034E9","59.8","75.74","true","false","0.0073","0.0047","0.0195","2020-11-26T17:06:22.864+0000","{defaultclientid=iot-device-02, thingname=iot-device-02, thingid=4ae4927a-aefb-4584-a45a-fc4839feffd6, thingarn=arn:aws:iot:us-east-1:507441099951:thing/iot-device-02, thingtypename=null, attributes={installed=1593361211, latitude=32.8205865, longitude=-96.871627}, version=1, billinggroupname=null}","2020-11-26 00:00:00.000"
"iot-device-03","1.5946244278909445E9","51.1","71.42","false","false","0.0079","0.0051","0.021","2020-11-26T17:06:23.161+0000","{defaultclientid=iot-device-03, thingname=iot-device-03, thingid=877352b9-a35d-45d3-9c98-162d89965a13, thingarn=arn:aws:iot:us-east-1:507441099951:thing/iot-device-03, thingtypename=null, attributes={installed=1592562234, latitude=37.4133144, longitude=-122.1513069}, version=1, billinggroupname=null}","2020-11-26 00:00:00.000"
"iot-device-01","1.5946244286319025E9","75.7","67.1","false","false","0.0067","0.0042","0.0179","2020-11-26T17:06:23.450+0000","{defaultclientid=iot-device-01, thingname=iot-device-01, thingid=983c2b68-f9a3-4e83-b3c6-9f6f8ad5431b, thingarn=arn:aws:iot:us-east-1:507441099951:thing/iot-device-01, thingtypename=null, attributes={installed=1594665292, latitude=37.4133144, longitude=-122.1513069}, version=1, billinggroupname=null}","2020-11-26 00:00:00.000"
"iot-device-03","1.5946244315740244E9","51.1","71.42","false","false","0.0079","0.0051","0.021","2020-11-26T17:06:23.744+0000","{defaultclientid=iot-device-03, thingname=iot-device-03, thingid=877352b9-a35d-45d3-9c98-162d89965a13, thingarn=arn:aws:iot:us-east-1:507441099951:thing/iot-device-03, thingtypename=null, attributes={installed=1592562234, latitude=37.4133144, longitude=-122.1513069}, version=1, billinggroupname=null}","2020-11-26 00:00:00.000"
"iot-device-02","1.5946194887057085E9","60.0","76.64","true","false","0.0072","0.0046","0.0192","2020-11-26T17:06:03.020+0000","{defaultclientid=iot-device-02, thingname=iot-device-02, thingid=4ae4927a-aefb-4584-a45a-fc4839feffd6, thingarn=arn:aws:iot:us-east-1:507441099951:thing/iot-device-02, thingtypename=null, attributes={installed=1593361211, latitude=32.8205865, longitude=-96.871627}, version=1, billinggroupname=null}","2020-11-26 00:00:00.000"
"iot-device-03","1.5946194888051858E9","50.9","71.78","false","false","0.0078","0.0051","0.0209","2020-11-26T17:06:03.314+0000","{defaultclientid=iot-device-03, thingname=iot-device-03, thingid=877352b9-a35d-45d3-9c98-162d89965a13, thingarn=arn:aws:iot:us-east-1:507441099951:thing/iot-device-03, thingtypename=null, attributes={installed=1592562234, latitude=37.4133144, longitude=-122.1513069}, version=1, billinggroupname=null}","2020-11-26 00:00:00.000"
"iot-device-01","1.594619492450551E9","75.6","67.1","false","false","0.0073","0.0046","0.0194","2020-11-26T17:06:03.609+0000","{defaultclientid=iot-device-01, thingname=iot-device-01, thingid=983c2b68-f9a3-4e83-b3c6-9f6f8ad5431b, thingarn=arn:aws:iot:us-east-1:507441099951:thing/iot-device-01, thingtypename=null, attributes={installed=1594665292, latitude=37.4133144, longitude=-122.1513069}, version=1, billinggroupname=null}","2020-11-26 00:00:00.000"
"iot-device-03","1.5946194924911582E9","50.8","71.78","false","false","0.0078","0.0051","0.0209","2020-11-26T17:06:03.912+0000","{defaultclientid=iot-device-03, thingname=iot-device-03, thingid=877352b9-a35d-45d3-9c98-162d89965a13, thingarn=arn:aws:iot:us-east-1:507441099951:thing/iot-device-03, thingtypename=null, attributes={installed=1592562234, latitude=37.4133144, longitude=-122.1513069}, version=1, billinggroupname=null}","2020-11-26 00:00:00.000"
"iot-device-02","1.5946194930490358E9","60.0","76.64","true","false","0.0072","0.0046","0.0192","2020-11-26T17:06:04.208+0000","{defaultclientid=iot-device-02, thingname=iot-device-02, thingid=4ae4927a-aefb-4584-a45a-fc4839feffd6, thingarn=arn:aws:iot:us-east-1:507441099951:thing/iot-device-02, thingtypename=null, attributes={installed=1593361211, latitude=32.8205865, longitude=-96.871627}, version=1, billinggroupname=null}","2020-11-26 00:00:00.000"
"iot-device-03","1.5946194961571753E9","50.9","71.78","false","false","0.0078","0.0051","0.0209","2020-11-26T17:06:04.493+0000","{defaultclientid=iot-device-03, thingname=iot-device-03, thingid=877352b9-a35d-45d3-9c98-162d89965a13, thingarn=arn:aws:iot:us-east-1:507441099951:thing/iot-device-03, thingtypename=null, attributes={installed=1592562234, latitude=37.4133144, longitude=-122.1513069}, version=1, billinggroupname=null}","2020-11-26 00:00:00.000"
"iot-device-01","1.5946194973506215E9","75.6","67.1","false","false","0.0071","0.0045","0.0189","2020-11-26T17:06:04.801+0000","{defaultclientid=iot-device-01, thingname=iot-device-01, thingid=983c2b68-f9a3-4e83-b3c6-9f6f8ad5431b, thingarn=arn:aws:iot:us-east-1:507441099951:thing/iot-device-01, thingtypename=null, attributes={installed=1594665292, latitude=37.4133144, longitude=-122.1513069}, version=1, billinggroupname=null}","2020-11-26 00:00:00.000"
"iot-device-02","1.5946194990049222E9","60.0","76.64","true","false","0.0072","0.0046","0.0192","2020-11-26T17:06:05.090+0000","{defaultclientid=iot-device-02, thingname=iot-device-02, thingid=4ae4927a-aefb-4584-a45a-fc4839feffd6, thingarn=arn:aws:iot:us-east-1:507441099951:thing/iot-device-02, thingtypename=null, attributes={installed=1593361211, latitude=32.8205865, longitude=-96.871627}, version=1, billinggroupname=null}","2020-11-26 00:00:00.000"
"iot-device-03","1.5946194998441136E9","50.9","71.96","false","false","0.0078","0.0051","0.0208","2020-11-26T17:06:05.434+0000","{defaultclientid=iot-device-03, thingname=iot-device-03, thingid=877352b9-a35d-45d3-9c98-162d89965a13, thingarn=arn:aws:iot:us-east-1:507441099951:thing/iot-device-03, thingtypename=null, attributes={installed=1592562234, latitude=37.4133144, longitude=-122.1513069}, version=1, billinggroupname=null}","2020-11-26 00:00:00.000"
"iot-device-01","1.5946195027803452E9","75.6","67.1","false","false","0.0072","0.0046","0.0192","2020-11-26T17:06:05.750+0000","{defaultclientid=iot-device-01, thingname=iot-device-01, thingid=983c2b68-f9a3-4e83-b3c6-9f6f8ad5431b, thingarn=arn:aws:iot:us-east-1:507441099951:thing/iot-device-01, thingtypename=null, attributes={installed=1594665292, latitude=37.4133144, longitude=-122.1513069}, version=1, billinggroupname=null}","2020-11-26 00:00:00.000"
"iot-device-03","1.5946194703713555E9","50.8","71.78","false","false","0.0078","0.0051","0.0209","2020-11-26T17:06:00.097+0000","{defaultclientid=iot-device-03, thingname=iot-device-03, thingid=877352b9-a35d-45d3-9c98-162d89965a13, thingarn=arn:aws:iot:us-east-1:507441099951:thing/iot-device-03, thingtypename=null, attributes={installed=1592562234, latitude=37.4133144, longitude=-122.1513069}, version=1, billinggroupname=null}","2020-11-26 00:00:00.000"
"iot-device-02","1.5946194708554661E9","60.0","76.64","true","false","0.0072","0.0046","0.0192","2020-11-26T17:06:00.394+0000","{defaultclientid=iot-device-02, thingname=iot-device-02, thingid=4ae4927a-aefb-4584-a45a-fc4839feffd6, thingarn=arn:aws:iot:us-east-1:507441099951:thing/iot-device-02, thingtypename=null, attributes={installed=1593361211, latitude=32.8205865, longitude=-96.871627}, version=1, billinggroupname=null}","2020-11-26 00:00:00.000"
"iot-device-03","1.5946194740590189E9","50.9","71.96","false","false","0.0078","0.0051","0.0208","2020-11-26T17:06:00.681+0000","{defaultclientid=iot-device-03, thingname=iot-device-03, thingid=877352b9-a35d-45d3-9c98-162d89965a13, thingarn=arn:aws:iot:us-east-1:507441099951:thing/iot-device-03, thingtypename=null, attributes={installed=1592562234, latitude=37.4133144, longitude=-122.1513069}, version=1, billinggroupname=null}","2020-11-26 00:00:00.000"
"iot-device-02","1.5946194762710936E9","60.0","76.64","true","false","0.0073","0.0046","0.0193","2020-11-26T17:06:00.966+0000","{defaultclientid=iot-device-02, thingname=iot-device-02, thingid=4ae4927a-aefb-4584-a45a-fc4839feffd6, thingarn=arn:aws:iot:us-east-1:507441099951:thing/iot-device-02, thingtypename=null, attributes={installed=1593361211, latitude=32.8205865, longitude=-96.871627}, version=1, billinggroupname=null}","2020-11-26 00:00:00.000"
"iot-device-03","1.5946194777467227E9","50.8","71.78","false","false","0.0078","0.0051","0.0208","2020-11-26T17:06:01.252+0000","{defaultclientid=iot-device-03, thingname=iot-device-03, thingid=877352b9-a35d-45d3-9c98-162d89965a13, thingarn=arn:aws:iot:us-east-1:507441099951:thing/iot-device-03, thingtypename=null, attributes={installed=1592562234, latitude=37.4133144, longitude=-122.1513069}, version=1, billinggroupname=null}","2020-11-26 00:00:00.000"
"iot-device-03","1.5946194814329088E9","50.8","71.78","false","false","0.0078","0.0051","0.0209","2020-11-26T17:06:01.540+0000","{defaultclientid=iot-device-03, thingname=iot-device-03, thingid=877352b9-a35d-45d3-9c98-162d89965a13, thingarn=arn:aws:iot:us-east-1:507441099951:thing/iot-device-03, thingtypename=null, attributes={installed=1592562234, latitude=37.4133144, longitude=-122.1513069}, version=1, billinggroupname=null}","2020-11-26 00:00:00.000"
"iot-device-02","1.5946194816872098E9","60.0","76.64","true","false","0.0072","0.0045","0.0191","2020-11-26T17:06:01.861+0000","{defaultclientid=iot-device-02, thingname=iot-device-02, thingid=4ae4927a-aefb-4584-a45a-fc4839feffd6, thingarn=arn:aws:iot:us-east-1:507441099951:thing/iot-device-02, thingtypename=null, attributes={installed=1593361211, latitude=32.8205865, longitude=-96.871627}, version=1, billinggroupname=null}","2020-11-26 00:00:00.000"
"iot-device-01","1.5946194821346E9","75.6","67.1","false","false","0.0074","0.0047","0.0196","2020-11-26T17:06:02.155+0000","{defaultclientid=iot-device-01, thingname=iot-device-01, thingid=983c2b68-f9a3-4e83-b3c6-9f6f8ad5431b, thingarn=arn:aws:iot:us-east-1:507441099951:thing/iot-device-01, thingtypename=null, attributes={installed=1594665292, latitude=37.4133144, longitude=-122.1513069}, version=1, billinggroupname=null}","2020-11-26 00:00:00.000"
"iot-device-03","1.5946194851191838E9","50.8","71.78","false","false","0.0078","0.0051","0.0208","2020-11-26T17:06:02.453+0000","{defaultclientid=iot-device-03, thingname=iot-device-03, thingid=877352b9-a35d-45d3-9c98-162d89965a13, thingarn=arn:aws:iot:us-east-1:507441099951:thing/iot-device-03, thingtypename=null, attributes={installed=1592562234, latitude=37.4133144, longitude=-122.1513069}, version=1, billinggroupname=null}","2020-11-26 00:00:00.000"
"iot-device-01","1.594619488097893E9","75.7","67.1","false","false","0.0073","0.0046","0.0194","2020-11-26T17:06:02.738+0000","{defaultclientid=iot-device-01, thingname=iot-device-01, thingid=983c2b68-f9a3-4e83-b3c6-9f6f8ad5431b, thingarn=arn:aws:iot:us-east-1:507441099951:thing/iot-device-01, thingtypename=null, attributes={installed=1594665292, latitude=37.4133144, longitude=-122.1513069}, version=1, billinggroupname=null}","2020-11-26 00:00:00.000"
"iot-device-03","1.5946195035302436E9","50.9","71.78","false","false","0.0078","0.0051","0.0209","2020-11-26T17:06:06.055+0000","{defaultclientid=iot-device-03, thingname=iot-device-03, thingid=877352b9-a35d-45d3-9c98-162d89965a13, thingarn=arn:aws:iot:us-east-1:507441099951:thing/iot-device-03, thingtypename=null, attributes={installed=1592562234, latitude=37.4133144, longitude=-122.1513069}, version=1, billinggroupname=null}","2020-11-26 00:00:00.000"
"iot-device-02","1.5946195044224505E9","60.0","76.64","true","false","0.0072","0.0046","0.0192","2020-11-26T17:06:06.335+0000","{defaultclientid=iot-device-02, thingname=iot-device-02, thingid=4ae4927a-aefb-4584-a45a-fc4839feffd6, thingarn=arn:aws:iot:us-east-1:507441099951:thing/iot-device-02, thingtypename=null, attributes={installed=1593361211, latitude=32.8205865, longitude=-96.871627}, version=1, billinggroupname=null}","2020-11-26 00:00:00.000"
"iot-device-01","1.5946195065946789E9","75.6","67.1","false","false","0.0072","0.0046","0.0192","2020-11-26T17:06:06.643+0000","{defaultclientid=iot-device-01, thingname=iot-device-01, thingid=983c2b68-f9a3-4e83-b3c6-9f6f8ad5431b, thingarn=arn:aws:iot:us-east-1:507441099951:thing/iot-device-01, thingtypename=null, attributes={installed=1594665292, latitude=37.4133144, longitude=-122.1513069}, version=1, billinggroupname=null}","2020-11-26 00:00:00.000"
"iot-device-03","1.594619507216227E9","50.9","71.78","false","false","0.0078","0.0051","0.0208","2020-11-26T17:06:06.931+0000","{defaultclientid=iot-device-03, thingname=iot-device-03, thingid=877352b9-a35d-45d3-9c98-162d89965a13, thingarn=arn:aws:iot:us-east-1:507441099951:thing/iot-device-03, thingtypename=null, attributes={installed=1592562234, latitude=37.4133144, longitude=-122.1513069}, version=1, billinggroupname=null}","2020-11-26 00:00:00.000"
"iot-device-03","1.5946195109021008E9","50.9","71.78","false","false","0.0078","0.0051","0.0209","2020-11-26T17:06:07.230+0000","{defaultclientid=iot-device-03, thingname=iot-device-03, thingid=877352b9-a35d-45d3-9c98-162d89965a13, thingarn=arn:aws:iot:us-east-1:507441099951:thing/iot-device-03, thingtypename=null, attributes={installed=1592562234, latitude=37.4133144, longitude=-122.1513069}, version=1, billinggroupname=null}","2020-11-26 00:00:00.000"
"iot-device-02","1.5946195114403634E9","60.0","76.64","true","false","0.0072","0.0046","0.0192","2020-11-26T17:06:07.532+0000","{defaultclientid=iot-device-02, thingname=iot-device-02, thingid=4ae4927a-aefb-4584-a45a-fc4839feffd6, thingarn=arn:aws:iot:us-east-1:507441099951:thing/iot-device-02, thingtypename=null, attributes={installed=1593361211, latitude=32.8205865, longitude=-96.871627}, version=1, billinggroupname=null}","2020-11-26 00:00:00.000"
"iot-device-01","1.5946195114820907E9","75.7","67.1","false","false","0.0072","0.0046","0.0192","2020-11-26T17:06:07.830+0000","{defaultclientid=iot-device-01, thingname=iot-device-01, thingid=983c2b68-f9a3-4e83-b3c6-9f6f8ad5431b, thingarn=arn:aws:iot:us-east-1:507441099951:thing/iot-device-01, thingtypename=null, attributes={installed=1594665292, latitude=37.4133144, longitude=-122.1513069}, version=1, billinggroupname=null}","2020-11-26 00:00:00.000"
"iot-device-03","1.5946195145880187E9","50.8","71.78","false","false","0.0078","0.0051","0.0209","2020-11-26T17:06:08.133+0000","{defaultclientid=iot-device-03, thingname=iot-device-03, thingid=877352b9-a35d-45d3-9c98-162d89965a13, thingarn=arn:aws:iot:us-east-1:507441099951:thing/iot-device-03, thingtypename=null, attributes={installed=1592562234, latitude=37.4133144, longitude=-122.1513069}, version=1, billinggroupname=null}","2020-11-26 00:00:00.000"
"iot-device-01","1.5946195158363342E9","75.8","67.28","false","false","0.0072","0.0046","0.0192","2020-11-26T17:06:08.420+0000","{defaultclientid=iot-device-01, thingname=iot-device-01, thingid=983c2b68-f9a3-4e83-b3c6-9f6f8ad5431b, thingarn=arn:aws:iot:us-east-1:507441099951:thing/iot-device-01, thingtypename=null, attributes={installed=1594665292, latitude=37.4133144, longitude=-122.1513069}, version=1, billinggroupname=null}","2020-11-26 00:00:00.000"
"iot-device-03","1.5946195182742665E9","50.8","71.78","false","false","0.0078","0.0051","0.0209","2020-11-26T17:06:08.712+0000","{defaultclientid=iot-device-03, thingname=iot-device-03, thingid=877352b9-a35d-45d3-9c98-162d89965a13, thingarn=arn:aws:iot:us-east-1:507441099951:thing/iot-device-03, thingtypename=null, attributes={installed=1592562234, latitude=37.4133144, longitude=-122.1513069}, version=1, billinggroupname=null}","2020-11-26 00:00:00.000"
"iot-device-03","1.5946244499940126E9","51.1","71.42","false","false","0.0078","0.0051","0.021","2020-11-26T17:06:27.050+0000","{defaultclientid=iot-device-03, thingname=iot-device-03, thingid=877352b9-a35d-45d3-9c98-162d89965a13, thingarn=arn:aws:iot:us-east-1:507441099951:thing/iot-device-03, thingtypename=null, attributes={installed=1592562234, latitude=37.4133144, longitude=-122.1513069}, version=1, billinggroupname=null}","2020-11-26 00:00:00.000"
"iot-device-01","1.5946244530658636E9","75.8","67.1","false","false","0.0067","0.0042","0.0179","2020-11-26T17:06:27.360+0000","{defaultclientid=iot-device-01, thingname=iot-device-01, thingid=983c2b68-f9a3-4e83-b3c6-9f6f8ad5431b, thingarn=arn:aws:iot:us-east-1:507441099951:thing/iot-device-01, thingtypename=null, attributes={installed=1594665292, latitude=37.4133144, longitude=-122.1513069}, version=1, billinggroupname=null}","2020-11-26 00:00:00.000"
"iot-device-03","1.59462445367872E9","51.1","71.42","false","false","0.0079","0.0052","0.0211","2020-11-26T17:06:27.660+0000","{defaultclientid=iot-device-03, thingname=iot-device-03, thingid=877352b9-a35d-45d3-9c98-162d89965a13, thingarn=arn:aws:iot:us-east-1:507441099951:thing/iot-device-03, thingtypename=null, attributes={installed=1592562234, latitude=37.4133144, longitude=-122.1513069}, version=1, billinggroupname=null}","2020-11-26 00:00:00.000"
"iot-device-02","1.5946244542879205E9","59.8","75.74","true","false","0.0073","0.0047","0.0195","2020-11-26T17:06:27.949+0000","{defaultclientid=iot-device-02, thingname=iot-device-02, thingid=4ae4927a-aefb-4584-a45a-fc4839feffd6, thingarn=arn:aws:iot:us-east-1:507441099951:thing/iot-device-02, thingtypename=null, attributes={installed=1593361211, latitude=32.8205865, longitude=-96.871627}, version=1, billinggroupname=null}","2020-11-26 00:00:00.000"
"iot-device-03","1.594624457364429E9","51.1","71.42","false","false","0.0079","0.0051","0.021","2020-11-26T17:06:28.240+0000","{defaultclientid=iot-device-03, thingname=iot-device-03, thingid=877352b9-a35d-45d3-9c98-162d89965a13, thingarn=arn:aws:iot:us-east-1:507441099951:thing/iot-device-03, thingtypename=null, attributes={installed=1592562234, latitude=37.4133144, longitude=-122.1513069}, version=1, billinggroupname=null}","2020-11-26 00:00:00.000"
"iot-device-02","1.5946244586305823E9","59.8","75.74","true","false","0.0073","0.0047","0.0195","2020-11-26T17:06:28.529+0000","{defaultclientid=iot-device-02, thingname=iot-device-02, thingid=4ae4927a-aefb-4584-a45a-fc4839feffd6, thingarn=arn:aws:iot:us-east-1:507441099951:thing/iot-device-02, thingtypename=null, attributes={installed=1593361211, latitude=32.8205865, longitude=-96.871627}, version=1, billinggroupname=null}","2020-11-26 00:00:00.000"
"iot-device-03","1.594624461050674E9","51.1","71.42","false","false","0.0079","0.0051","0.021","2020-11-26T17:06:28.831+0000","{defaultclientid=iot-device-03, thingname=iot-device-03, thingid=877352b9-a35d-45d3-9c98-162d89965a13, thingarn=arn:aws:iot:us-east-1:507441099951:thing/iot-device-03, thingtypename=null, attributes={installed=1592562234, latitude=37.4133144, longitude=-122.1513069}, version=1, billinggroupname=null}","2020-11-26 00:00:00.000"
"iot-device-01","1.5946244617212536E9","75.8","67.1","false","false","0.0067","0.0042","0.0179","2020-11-26T17:06:29.120+0000","{defaultclientid=iot-device-01, thingname=iot-device-01, thingid=983c2b68-f9a3-4e83-b3c6-9f6f8ad5431b, thingarn=arn:aws:iot:us-east-1:507441099951:thing/iot-device-01, thingtypename=null, attributes={installed=1594665292, latitude=37.4133144, longitude=-122.1513069}, version=1, billinggroupname=null}","2020-11-26 00:00:00.000"
"iot-device-02","1.5946244640392554E9","59.8","75.74","true","false","0.0073","0.0047","0.0195","2020-11-26T17:06:29.430+0000","{defaultclientid=iot-device-02, thingname=iot-device-02, thingid=4ae4927a-aefb-4584-a45a-fc4839feffd6, thingarn=arn:aws:iot:us-east-1:507441099951:thing/iot-device-02, thingtypename=null, attributes={installed=1593361211, latitude=32.8205865, longitude=-96.871627}, version=1, billinggroupname=null}","2020-11-26 00:00:00.000"
"iot-device-03","1.5946244647344687E9","51.1","71.42","false","false","0.0078","0.0051","0.0209","2020-11-26T17:06:29.721+0000","{defaultclientid=iot-device-03, thingname=iot-device-03, thingid=877352b9-a35d-45d3-9c98-162d89965a13, thingarn=arn:aws:iot:us-east-1:507441099951:thing/iot-device-03, thingtypename=null, attributes={installed=1592562234, latitude=37.4133144, longitude=-122.1513069}, version=1, billinggroupname=null}","2020-11-26 00:00:00.000"
"iot-device-02","1.5946244315971339E9","59.8","75.74","true","false","0.0073","0.0047","0.0195","2020-11-26T17:06:24.125+0000","{defaultclientid=iot-device-02, thingname=iot-device-02, thingid=4ae4927a-aefb-4584-a45a-fc4839feffd6, thingarn=arn:aws:iot:us-east-1:507441099951:thing/iot-device-02, thingtypename=null, attributes={installed=1593361211, latitude=32.8205865, longitude=-96.871627}, version=1, billinggroupname=null}","2020-11-26 00:00:00.000"
"iot-device-01","1.5946244345956528E9","75.8","67.1","false","false","0.0067","0.0041","0.0177","2020-11-26T17:06:24.411+0000","{defaultclientid=iot-device-01, thingname=iot-device-01, thingid=983c2b68-f9a3-4e83-b3c6-9f6f8ad5431b, thingarn=arn:aws:iot:us-east-1:507441099951:thing/iot-device-01, thingtypename=null, attributes={installed=1594665292, latitude=37.4133144, longitude=-122.1513069}, version=1, billinggroupname=null}","2020-11-26 00:00:00.000"
"iot-device-03","1.5946244352581275E9","51.1","71.42","false","false","0.0078","0.0051","0.0209","2020-11-26T17:06:24.713+0000","{defaultclientid=iot-device-03, thingname=iot-device-03, thingid=877352b9-a35d-45d3-9c98-162d89965a13, thingarn=arn:aws:iot:us-east-1:507441099951:thing/iot-device-03, thingtypename=null, attributes={installed=1592562234, latitude=37.4133144, longitude=-122.1513069}, version=1, billinggroupname=null}","2020-11-26 00:00:00.000"
"iot-device-02","1.5946244359410627E9","59.8","75.74","true","false","0.0073","0.0047","0.0195","2020-11-26T17:06:25.004+0000","{defaultclientid=iot-device-02, thingname=iot-device-02, thingid=4ae4927a-aefb-4584-a45a-fc4839feffd6, thingarn=arn:aws:iot:us-east-1:507441099951:thing/iot-device-02, thingtypename=null, attributes={installed=1593361211, latitude=32.8205865, longitude=-96.871627}, version=1, billinggroupname=null}","2020-11-26 00:00:00.000"
"iot-device-03","1.59462443894363E9","51.1","71.42","false","false","0.0078","0.0051","0.021","2020-11-26T17:06:25.299+0000","{defaultclientid=iot-device-03, thingname=iot-device-03, thingid=877352b9-a35d-45d3-9c98-162d89965a13, thingarn=arn:aws:iot:us-east-1:507441099951:thing/iot-device-03, thingtypename=null, attributes={installed=1592562234, latitude=37.4133144, longitude=-122.1513069}, version=1, billinggroupname=null}","2020-11-26 00:00:00.000"
"iot-device-03","1.5946244426285048E9","51.1","71.42","false","false","0.0079","0.0051","0.021","2020-11-26T17:06:25.590+0000","{defaultclientid=iot-device-03, thingname=iot-device-03, thingid=877352b9-a35d-45d3-9c98-162d89965a13, thingarn=arn:aws:iot:us-east-1:507441099951:thing/iot-device-03, thingtypename=null, attributes={installed=1592562234, latitude=37.4133144, longitude=-122.1513069}, version=1, billinggroupname=null}","2020-11-26 00:00:00.000"
"iot-device-01","1.5946244427078106E9","75.8","67.1","false","false","0.0067","0.0042","0.0179","2020-11-26T17:06:25.868+0000","{defaultclientid=iot-device-01, thingname=iot-device-01, thingid=983c2b68-f9a3-4e83-b3c6-9f6f8ad5431b, thingarn=arn:aws:iot:us-east-1:507441099951:thing/iot-device-01, thingtypename=null, attributes={installed=1594665292, latitude=37.4133144, longitude=-122.1513069}, version=1, billinggroupname=null}","2020-11-26 00:00:00.000"
"iot-device-02","1.5946244440655324E9","59.8","75.74","true","false","0.0073","0.0047","0.0195","2020-11-26T17:06:26.158+0000","{defaultclientid=iot-device-02, thingname=iot-device-02, thingid=4ae4927a-aefb-4584-a45a-fc4839feffd6, thingarn=arn:aws:iot:us-east-1:507441099951:thing/iot-device-02, thingtypename=null, attributes={installed=1593361211, latitude=32.8205865, longitude=-96.871627}, version=1, billinggroupname=null}","2020-11-26 00:00:00.000"
"iot-device-03","1.5946244463148355E9","51.1","71.42","false","false","0.0079","0.0052","0.0211","2020-11-26T17:06:26.463+0000","{defaultclientid=iot-device-03, thingname=iot-device-03, thingid=877352b9-a35d-45d3-9c98-162d89965a13, thingarn=arn:aws:iot:us-east-1:507441099951:thing/iot-device-03, thingtypename=null, attributes={installed=1592562234, latitude=37.4133144, longitude=-122.1513069}, version=1, billinggroupname=null}","2020-11-26 00:00:00.000"
"iot-device-01","1.594624449207559E9","75.8","67.1","false","false","0.0067","0.0042","0.0179","2020-11-26T17:06:26.759+0000","{defaultclientid=iot-device-01, thingname=iot-device-01, thingid=983c2b68-f9a3-4e83-b3c6-9f6f8ad5431b, thingarn=arn:aws:iot:us-east-1:507441099951:thing/iot-device-01, thingtypename=null, attributes={installed=1594665292, latitude=37.4133144, longitude=-122.1513069}, version=1, billinggroupname=null}","2020-11-26 00:00:00.000"
"iot-device-03","1.5946195369582705E9","50.8","71.78","false","false","0.0078","0.0051","0.0209","2020-11-26T17:06:11.983+0000","{defaultclientid=iot-device-03, thingname=iot-device-03, thingid=877352b9-a35d-45d3-9c98-162d89965a13, thingarn=arn:aws:iot:us-east-1:507441099951:thing/iot-device-03, thingtypename=null, attributes={installed=1592562234, latitude=37.4133144, longitude=-122.1513069}, version=1, billinggroupname=null}","2020-11-26 00:00:00.000"
"iot-device-01","1.594619538673075E9","75.8","67.1","false","false","0.0072","0.0046","0.0192","2020-11-26T17:06:12.287+0000","{defaultclientid=iot-device-01, thingname=iot-device-01, thingid=983c2b68-f9a3-4e83-b3c6-9f6f8ad5431b, thingarn=arn:aws:iot:us-east-1:507441099951:thing/iot-device-01, thingtypename=null, attributes={installed=1594665292, latitude=37.4133144, longitude=-122.1513069}, version=1, billinggroupname=null}","2020-11-26 00:00:00.000"
"iot-device-02","1.5946195390294876E9","60.0","76.64","true","false","0.0072","0.0045","0.019","2020-11-26T17:06:12.591+0000","{defaultclientid=iot-device-02, thingname=iot-device-02, thingid=4ae4927a-aefb-4584-a45a-fc4839feffd6, thingarn=arn:aws:iot:us-east-1:507441099951:thing/iot-device-02, thingtypename=null, attributes={installed=1593361211, latitude=32.8205865, longitude=-96.871627}, version=1, billinggroupname=null}","2020-11-26 00:00:00.000"
"iot-device-03","1.5946195406446145E9","50.8","71.78","false","false","0.0078","0.0051","0.0208","2020-11-26T17:06:12.894+0000","{defaultclientid=iot-device-03, thingname=iot-device-03, thingid=877352b9-a35d-45d3-9c98-162d89965a13, thingarn=arn:aws:iot:us-east-1:507441099951:thing/iot-device-03, thingtypename=null, attributes={installed=1592562234, latitude=37.4133144, longitude=-122.1513069}, version=1, billinggroupname=null}","2020-11-26 00:00:00.000"
"iot-device-01","1.5946195430220332E9","75.8","67.1","false","false","0.0072","0.0046","0.0192","2020-11-26T17:06:13.194+0000","{defaultclientid=iot-device-01, thingname=iot-device-01, thingid=983c2b68-f9a3-4e83-b3c6-9f6f8ad5431b, thingarn=arn:aws:iot:us-east-1:507441099951:thing/iot-device-01, thingtypename=null, attributes={installed=1594665292, latitude=37.4133144, longitude=-122.1513069}, version=1, billinggroupname=null}","2020-11-26 00:00:00.000"
"iot-device-03","1.5946195443296409E9","50.7","71.78","false","false","0.0078","0.0051","0.0209","2020-11-26T17:06:13.496+0000","{defaultclientid=iot-device-03, thingname=iot-device-03, thingid=877352b9-a35d-45d3-9c98-162d89965a13, thingarn=arn:aws:iot:us-east-1:507441099951:thing/iot-device-03, thingtypename=null, attributes={installed=1592562234, latitude=37.4133144, longitude=-122.1513069}, version=1, billinggroupname=null}","2020-11-26 00:00:00.000"
"iot-device-02","1.5946195460574286E9","60.0","76.64","true","false","0.0072","0.0046","0.0191","2020-11-26T17:06:13.785+0000","{defaultclientid=iot-device-02, thingname=iot-device-02, thingid=4ae4927a-aefb-4584-a45a-fc4839feffd6, thingarn=arn:aws:iot:us-east-1:507441099951:thing/iot-device-02, thingtypename=null, attributes={installed=1593361211, latitude=32.8205865, longitude=-96.871627}, version=1, billinggroupname=null}","2020-11-26 00:00:00.000"
"iot-device-03","1.5946195480147548E9","50.8","71.78","false","false","0.0078","0.0051","0.0208","2020-11-26T17:06:14.097+0000","{defaultclientid=iot-device-03, thingname=iot-device-03, thingid=877352b9-a35d-45d3-9c98-162d89965a13, thingarn=arn:aws:iot:us-east-1:507441099951:thing/iot-device-03, thingtypename=null, attributes={installed=1592562234, latitude=37.4133144, longitude=-122.1513069}, version=1, billinggroupname=null}","2020-11-26 00:00:00.000"
"iot-device-01","1.594619549520605E9","75.8","67.1","false","false","0.0073","0.0046","0.0194","2020-11-26T17:06:14.390+0000","{defaultclientid=iot-device-01, thingname=iot-device-01, thingid=983c2b68-f9a3-4e83-b3c6-9f6f8ad5431b, thingarn=arn:aws:iot:us-east-1:507441099951:thing/iot-device-01, thingtypename=null, attributes={installed=1594665292, latitude=37.4133144, longitude=-122.1513069}, version=1, billinggroupname=null}","2020-11-26 00:00:00.000"
"iot-device-02","1.5946195504007075E9","60.0","76.64","true","false","0.0072","0.0046","0.0192","2020-11-26T17:06:14.682+0000","{defaultclientid=iot-device-02, thingname=iot-device-02, thingid=4ae4927a-aefb-4584-a45a-fc4839feffd6, thingarn=arn:aws:iot:us-east-1:507441099951:thing/iot-device-02, thingtypename=null, attributes={installed=1593361211, latitude=32.8205865, longitude=-96.871627}, version=1, billinggroupname=null}","2020-11-26 00:00:00.000"
"iot-device-01","1.5946195717121365E9","75.8","67.1","false","false","0.0072","0.0046","0.0192","2020-11-26T17:06:17.956+0000","{defaultclientid=iot-device-01, thingname=iot-device-01, thingid=983c2b68-f9a3-4e83-b3c6-9f6f8ad5431b, thingarn=arn:aws:iot:us-east-1:507441099951:thing/iot-device-01, thingtypename=null, attributes={installed=1594665292, latitude=37.4133144, longitude=-122.1513069}, version=1, billinggroupname=null}","2020-11-26 00:00:00.000"
"iot-device-02","1.594619572787493E9","60.0","76.64","true","false","0.0072","0.0046","0.0192","2020-11-26T17:06:18.254+0000","{defaultclientid=iot-device-02, thingname=iot-device-02, thingid=4ae4927a-aefb-4584-a45a-fc4839feffd6, thingarn=arn:aws:iot:us-east-1:507441099951:thing/iot-device-02, thingtypename=null, attributes={installed=1593361211, latitude=32.8205865, longitude=-96.871627}, version=1, billinggroupname=null}","2020-11-26 00:00:00.000"
"iot-device-03","1.5946195740735786E9","50.9","71.78","false","false","0.0078","0.0051","0.0209","2020-11-26T17:06:18.562+0000","{defaultclientid=iot-device-03, thingname=iot-device-03, thingid=877352b9-a35d-45d3-9c98-162d89965a13, thingarn=arn:aws:iot:us-east-1:507441099951:thing/iot-device-03, thingtypename=null, attributes={installed=1592562234, latitude=37.4133144, longitude=-122.1513069}, version=1, billinggroupname=null}","2020-11-26 00:00:00.000"
"iot-device-01","1.59461957552562E9","75.8","67.1","false","false","0.0072","0.0046","0.0192","2020-11-26T17:06:18.850+0000","{defaultclientid=iot-device-01, thingname=iot-device-01, thingid=983c2b68-f9a3-4e83-b3c6-9f6f8ad5431b, thingarn=arn:aws:iot:us-east-1:507441099951:thing/iot-device-01, thingtypename=null, attributes={installed=1594665292, latitude=37.4133144, longitude=-122.1513069}, version=1, billinggroupname=null}","2020-11-26 00:00:00.000"
"iot-device-03","1.5946195777585895E9","50.9","71.78","false","false","0.0078","0.0051","0.0209","2020-11-26T17:06:19.164+0000","{defaultclientid=iot-device-03, thingname=iot-device-03, thingid=877352b9-a35d-45d3-9c98-162d89965a13, thingarn=arn:aws:iot:us-east-1:507441099951:thing/iot-device-03, thingtypename=null, attributes={installed=1592562234, latitude=37.4133144, longitude=-122.1513069}, version=1, billinggroupname=null}","2020-11-26 00:00:00.000"
"iot-device-02","1.5946195792625492E9","60.0","76.64","true","false","0.0072","0.0045","0.0191","2020-11-26T17:06:19.501+0000","{defaultclientid=iot-device-02, thingname=iot-device-02, thingid=4ae4927a-aefb-4584-a45a-fc4839feffd6, thingarn=arn:aws:iot:us-east-1:507441099951:thing/iot-device-02, thingtypename=null, attributes={installed=1593361211, latitude=32.8205865, longitude=-96.871627}, version=1, billinggroupname=null}","2020-11-26 00:00:00.000"
"iot-device-01","1.5946195798786538E9","75.8","67.1","false","false","0.0072","0.0046","0.0192","2020-11-26T17:06:19.802+0000","{defaultclientid=iot-device-01, thingname=iot-device-01, thingid=983c2b68-f9a3-4e83-b3c6-9f6f8ad5431b, thingarn=arn:aws:iot:us-east-1:507441099951:thing/iot-device-01, thingtypename=null, attributes={installed=1594665292, latitude=37.4133144, longitude=-122.1513069}, version=1, billinggroupname=null}","2020-11-26 00:00:00.000"
"iot-device-03","1.5946195814446154E9","50.9","71.96","false","false","0.0078","0.0051","0.0208","2020-11-26T17:06:20.092+0000","{defaultclientid=iot-device-03, thingname=iot-device-03, thingid=877352b9-a35d-45d3-9c98-162d89965a13, thingarn=arn:aws:iot:us-east-1:507441099951:thing/iot-device-03, thingtypename=null, attributes={installed=1592562234, latitude=37.4133144, longitude=-122.1513069}, version=1, billinggroupname=null}","2020-11-26 00:00:00.000"
"iot-device-03","1.5946244128980546E9","51.1","71.42","false","false","0.0079","0.0051","0.021","2020-11-26T17:06:20.379+0000","{defaultclientid=iot-device-03, thingname=iot-device-03, thingid=877352b9-a35d-45d3-9c98-162d89965a13, thingarn=arn:aws:iot:us-east-1:507441099951:thing/iot-device-03, thingtypename=null, attributes={installed=1592562234, latitude=37.4133144, longitude=-122.1513069}, version=1, billinggroupname=null}","2020-11-26 00:00:00.000"
"iot-device-01","1.5946244161151814E9","76.2","67.1","false","false","0.0067","0.0042","0.0179","2020-11-26T17:06:20.667+0000","{defaultclientid=iot-device-01, thingname=iot-device-01, thingid=983c2b68-f9a3-4e83-b3c6-9f6f8ad5431b, thingarn=arn:aws:iot:us-east-1:507441099951:thing/iot-device-01, thingtypename=null, attributes={installed=1594665292, latitude=37.4133144, longitude=-122.1513069}, version=1, billinggroupname=null}","2020-11-26 00:00:00.000"
"iot-device-03","1.5946195517006528E9","50.8","71.78","false","false","0.0078","0.0051","0.0209","2020-11-26T17:06:14.970+0000","{defaultclientid=iot-device-03, thingname=iot-device-03, thingid=877352b9-a35d-45d3-9c98-162d89965a13, thingarn=arn:aws:iot:us-east-1:507441099951:thing/iot-device-03, thingtypename=null, attributes={installed=1592562234, latitude=37.4133144, longitude=-122.1513069}, version=1, billinggroupname=null}","2020-11-26 00:00:00.000"
"iot-device-03","1.5946195553866837E9","50.8","71.78","false","false","0.0078","0.0051","0.0208","2020-11-26T17:06:15.256+0000","{defaultclientid=iot-device-03, thingname=iot-device-03, thingid=877352b9-a35d-45d3-9c98-162d89965a13, thingarn=arn:aws:iot:us-east-1:507441099951:thing/iot-device-03, thingtypename=null, attributes={installed=1592562234, latitude=37.4133144, longitude=-122.1513069}, version=1, billinggroupname=null}","2020-11-26 00:00:00.000"
"iot-device-01","1.5946195560225127E9","75.8","67.1","false","false","0.0072","0.0046","0.0192","2020-11-26T17:06:15.549+0000","{defaultclientid=iot-device-01, thingname=iot-device-01, thingid=983c2b68-f9a3-4e83-b3c6-9f6f8ad5431b, thingarn=arn:aws:iot:us-east-1:507441099951:thing/iot-device-01, thingtypename=null, attributes={installed=1594665292, latitude=37.4133144, longitude=-122.1513069}, version=1, billinggroupname=null}","2020-11-26 00:00:00.000"
"iot-device-03","1.5946195590728648E9","50.8","71.78","false","false","0.0078","0.0051","0.0208","2020-11-26T17:06:15.846+0000","{defaultclientid=iot-device-03, thingname=iot-device-03, thingid=877352b9-a35d-45d3-9c98-162d89965a13, thingarn=arn:aws:iot:us-east-1:507441099951:thing/iot-device-03, thingtypename=null, attributes={installed=1592562234, latitude=37.4133144, longitude=-122.1513069}, version=1, billinggroupname=null}","2020-11-26 00:00:00.000"
"iot-device-01","1.5946195625215454E9","75.8","67.1","false","false","0.0073","0.0046","0.0194","2020-11-26T17:06:16.142+0000","{defaultclientid=iot-device-01, thingname=iot-device-01, thingid=983c2b68-f9a3-4e83-b3c6-9f6f8ad5431b, thingarn=arn:aws:iot:us-east-1:507441099951:thing/iot-device-01, thingtypename=null, attributes={installed=1594665292, latitude=37.4133144, longitude=-122.1513069}, version=1, billinggroupname=null}","2020-11-26 00:00:00.000"
"iot-device-03","1.594619562758917E9","50.9","71.96","false","false","0.0078","0.0051","0.0208","2020-11-26T17:06:16.450+0000","{defaultclientid=iot-device-03, thingname=iot-device-03, thingid=877352b9-a35d-45d3-9c98-162d89965a13, thingarn=arn:aws:iot:us-east-1:507441099951:thing/iot-device-03, thingtypename=null, attributes={installed=1592562234, latitude=37.4133144, longitude=-122.1513069}, version=1, billinggroupname=null}","2020-11-26 00:00:00.000"
"iot-device-02","1.5946195646373816E9","60.0","76.64","true","false","0.0072","0.0046","0.0192","2020-11-26T17:06:16.749+0000","{defaultclientid=iot-device-02, thingname=iot-device-02, thingid=4ae4927a-aefb-4584-a45a-fc4839feffd6, thingarn=arn:aws:iot:us-east-1:507441099951:thing/iot-device-02, thingtypename=null, attributes={installed=1593361211, latitude=32.8205865, longitude=-96.871627}, version=1, billinggroupname=null}","2020-11-26 00:00:00.000"
"iot-device-03","1.5946195664450257E9","50.9","71.78","false","false","0.0078","0.0051","0.0209","2020-11-26T17:06:17.043+0000","{defaultclientid=iot-device-03, thingname=iot-device-03, thingid=877352b9-a35d-45d3-9c98-162d89965a13, thingarn=arn:aws:iot:us-east-1:507441099951:thing/iot-device-03, thingtypename=null, attributes={installed=1592562234, latitude=37.4133144, longitude=-122.1513069}, version=1, billinggroupname=null}","2020-11-26 00:00:00.000"
"iot-device-02","1.5946195689794705E9","60.0","76.64","true","false","0.0072","0.0046","0.0192","2020-11-26T17:06:17.381+0000","{defaultclientid=iot-device-02, thingname=iot-device-02, thingid=4ae4927a-aefb-4584-a45a-fc4839feffd6, thingarn=arn:aws:iot:us-east-1:507441099951:thing/iot-device-02, thingtypename=null, attributes={installed=1593361211, latitude=32.8205865, longitude=-96.871627}, version=1, billinggroupname=null}","2020-11-26 00:00:00.000"
"iot-device-03","1.5946195701310449E9","50.9","71.78","false","false","0.0078","0.0051","0.0208","2020-11-26T17:06:17.670+0000","{defaultclientid=iot-device-03, thingname=iot-device-03, thingid=877352b9-a35d-45d3-9c98-162d89965a13, thingarn=arn:aws:iot:us-east-1:507441099951:thing/iot-device-03, thingtypename=null, attributes={installed=1592562234, latitude=37.4133144, longitude=-122.1513069}, version=1, billinggroupname=null}","2020-11-26 00:00:00.000"
"iot-device-03","1.594606559127887E9","49.1","71.96","false","false","0.008","0.0052","0.0213","2020-11-26T17:00:53.786+0000","{defaultclientid=iot-device-03, thingname=iot-device-03, thingid=877352b9-a35d-45d3-9c98-162d89965a13, thingarn=arn:aws:iot:us-east-1:507441099951:thing/iot-device-03, thingtypename=null, attributes={installed=1592562234, latitude=37.4133144, longitude=-122.1513069}, version=1, billinggroupname=null}","2020-11-26 00:00:00.000"
"iot-device-02","1.5946065616851265E9","58.9","78.98","true","false","0.0073","0.0046","0.0194","2020-11-26T17:00:54.092+0000","{defaultclientid=iot-device-02, thingname=iot-device-02, thingid=4ae4927a-aefb-4584-a45a-fc4839feffd6, thingarn=arn:aws:iot:us-east-1:507441099951:thing/iot-device-02, thingtypename=null, attributes={installed=1593361211, latitude=32.8205865, longitude=-96.871627}, version=1, billinggroupname=null}","2020-11-26 00:00:00.000"
"iot-device-03","1.5946065628154314E9","48.9","71.78","false","false","0.0079","0.0052","0.0212","2020-11-26T17:00:54.396+0000","{defaultclientid=iot-device-03, thingname=iot-device-03, thingid=877352b9-a35d-45d3-9c98-162d89965a13, thingarn=arn:aws:iot:us-east-1:507441099951:thing/iot-device-03, thingtypename=null, attributes={installed=1592562234, latitude=37.4133144, longitude=-122.1513069}, version=1, billinggroupname=null}","2020-11-26 00:00:00.000"
"iot-device-01","1.594606565097906E9","73.7","66.38","false","false","0.0094","0.0066","0.0254","2020-11-26T17:00:54.682+0000","{defaultclientid=iot-device-01, thingname=iot-device-01, thingid=983c2b68-f9a3-4e83-b3c6-9f6f8ad5431b, thingarn=arn:aws:iot:us-east-1:507441099951:thing/iot-device-01, thingtypename=null, attributes={installed=1594665292, latitude=37.4133144, longitude=-122.1513069}, version=1, billinggroupname=null}","2020-11-26 00:00:00.000"
"iot-device-03","1.5946065664517407E9","48.9","71.78","false","false","0.008","0.0052","0.0213","2020-11-26T17:00:54.984+0000","{defaultclientid=iot-device-03, thingname=iot-device-03, thingid=877352b9-a35d-45d3-9c98-162d89965a13, thingarn=arn:aws:iot:us-east-1:507441099951:thing/iot-device-03, thingtypename=null, attributes={installed=1592562234, latitude=37.4133144, longitude=-122.1513069}, version=1, billinggroupname=null}","2020-11-26 00:00:00.000"
"iot-device-02","1.5946065697800212E9","58.9","78.98","true","false","0.0073","0.0046","0.0193","2020-11-26T17:00:55.277+0000","{defaultclientid=iot-device-02, thingname=iot-device-02, thingid=4ae4927a-aefb-4584-a45a-fc4839feffd6, thingarn=arn:aws:iot:us-east-1:507441099951:thing/iot-device-02, thingtypename=null, attributes={installed=1593361211, latitude=32.8205865, longitude=-96.871627}, version=1, billinggroupname=null}","2020-11-26 00:00:00.000"
"iot-device-03","1.5946065701437721E9","48.9","71.78","false","false","0.0079","0.0052","0.0212","2020-11-26T17:00:55.569+0000","{defaultclientid=iot-device-03, thingname=iot-device-03, thingid=877352b9-a35d-45d3-9c98-162d89965a13, thingarn=arn:aws:iot:us-east-1:507441099951:thing/iot-device-03, thingtypename=null, attributes={installed=1592562234, latitude=37.4133144, longitude=-122.1513069}, version=1, billinggroupname=null}","2020-11-26 00:00:00.000"
"iot-device-01","1.5946065705345855E9","73.6","66.2","false","false","0.0094","0.0066","0.0254","2020-11-26T17:00:55.861+0000","{defaultclientid=iot-device-01, thingname=iot-device-01, thingid=983c2b68-f9a3-4e83-b3c6-9f6f8ad5431b, thingarn=arn:aws:iot:us-east-1:507441099951:thing/iot-device-01, thingtypename=null, attributes={installed=1594665292, latitude=37.4133144, longitude=-122.1513069}, version=1, billinggroupname=null}","2020-11-26 00:00:00.000"
"iot-device-03","1.5946065738298926E9","48.8","71.78","false","false","0.008","0.0052","0.0213","2020-11-26T17:00:56.171+0000","{defaultclientid=iot-device-03, thingname=iot-device-03, thingid=877352b9-a35d-45d3-9c98-162d89965a13, thingarn=arn:aws:iot:us-east-1:507441099951:thing/iot-device-03, thingtypename=null, attributes={installed=1592562234, latitude=37.4133144, longitude=-122.1513069}, version=1, billinggroupname=null}","2020-11-26 00:00:00.000"
"iot-device-01","1.5946065743562214E9","73.8","66.2","false","false","0.0094","0.0066","0.0254","2020-11-26T17:00:56.464+0000","{defaultclientid=iot-device-01, thingname=iot-device-01, thingid=983c2b68-f9a3-4e83-b3c6-9f6f8ad5431b, thingarn=arn:aws:iot:us-east-1:507441099951:thing/iot-device-01, thingtypename=null, attributes={installed=1594665292, latitude=37.4133144, longitude=-122.1513069}, version=1, billinggroupname=null}","2020-11-26 00:00:00.000"
"iot-device-02","1.594606527416141E9","58.9","78.98","true","false","0.0073","0.0046","0.0193","2020-11-26T17:00:47.863+0000","{defaultclientid=iot-device-02, thingname=iot-device-02, thingid=4ae4927a-aefb-4584-a45a-fc4839feffd6, thingarn=arn:aws:iot:us-east-1:507441099951:thing/iot-device-02, thingtypename=null, attributes={installed=1593361211, latitude=32.8205865, longitude=-96.871627}, version=1, billinggroupname=null}","2020-11-26 00:00:00.000"
"iot-device-01","1.59460652872587E9","73.5","66.38","false","false","0.0094","0.0066","0.0254","2020-11-26T17:00:48.158+0000","{defaultclientid=iot-device-01, thingname=iot-device-01, thingid=983c2b68-f9a3-4e83-b3c6-9f6f8ad5431b, thingarn=arn:aws:iot:us-east-1:507441099951:thing/iot-device-01, thingtypename=null, attributes={installed=1594665292, latitude=37.4133144, longitude=-122.1513069}, version=1, billinggroupname=null}","2020-11-26 00:00:00.000"
"iot-device-03","1.5946065296291838E9","49.6","71.96","false","false","0.008","0.0052","0.0213","2020-11-26T17:00:48.454+0000","{defaultclientid=iot-device-03, thingname=iot-device-03, thingid=877352b9-a35d-45d3-9c98-162d89965a13, thingarn=arn:aws:iot:us-east-1:507441099951:thing/iot-device-03, thingtypename=null, attributes={installed=1592562234, latitude=37.4133144, longitude=-122.1513069}, version=1, billinggroupname=null}","2020-11-26 00:00:00.000"
"iot-device-01","1.5946065330802276E9","73.6","66.38","false","false","0.0094","0.0066","0.0254","2020-11-26T17:00:48.751+0000","{defaultclientid=iot-device-01, thingname=iot-device-01, thingid=983c2b68-f9a3-4e83-b3c6-9f6f8ad5431b, thingarn=arn:aws:iot:us-east-1:507441099951:thing/iot-device-01, thingtypename=null, attributes={installed=1594665292, latitude=37.4133144, longitude=-122.1513069}, version=1, billinggroupname=null}","2020-11-26 00:00:00.000"
"iot-device-03","1.594606533316887E9","49.5","71.96","false","false","0.0079","0.0052","0.0212","2020-11-26T17:00:49.037+0000","{defaultclientid=iot-device-03, thingname=iot-device-03, thingid=877352b9-a35d-45d3-9c98-162d89965a13, thingarn=arn:aws:iot:us-east-1:507441099951:thing/iot-device-03, thingtypename=null, attributes={installed=1592562234, latitude=37.4133144, longitude=-122.1513069}, version=1, billinggroupname=null}","2020-11-26 00:00:00.000"
"iot-device-02","1.5946065338966606E9","58.9","78.98","true","false","0.0072","0.0046","0.0192","2020-11-26T17:00:49.338+0000","{defaultclientid=iot-device-02, thingname=iot-device-02, thingid=4ae4927a-aefb-4584-a45a-fc4839feffd6, thingarn=arn:aws:iot:us-east-1:507441099951:thing/iot-device-02, thingtypename=null, attributes={installed=1593361211, latitude=32.8205865, longitude=-96.871627}, version=1, billinggroupname=null}","2020-11-26 00:00:00.000"
"iot-device-03","1.5946065370045598E9","49.2","71.96","false","false","0.0079","0.0052","0.0213","2020-11-26T17:00:49.616+0000","{defaultclientid=iot-device-03, thingname=iot-device-03, thingid=877352b9-a35d-45d3-9c98-162d89965a13, thingarn=arn:aws:iot:us-east-1:507441099951:thing/iot-device-03, thingtypename=null, attributes={installed=1592562234, latitude=37.4133144, longitude=-122.1513069}, version=1, billinggroupname=null}","2020-11-26 00:00:00.000"
"iot-device-01","1.594606537433553E9","73.6","66.38","false","false","0.0094","0.0066","0.0254","2020-11-26T17:00:49.910+0000","{defaultclientid=iot-device-01, thingname=iot-device-01, thingid=983c2b68-f9a3-4e83-b3c6-9f6f8ad5431b, thingarn=arn:aws:iot:us-east-1:507441099951:thing/iot-device-01, thingtypename=null, attributes={installed=1594665292, latitude=37.4133144, longitude=-122.1513069}, version=1, billinggroupname=null}","2020-11-26 00:00:00.000"
"iot-device-02","1.5946065382390113E9","58.9","78.98","true","false","0.0072","0.0046","0.0192","2020-11-26T17:00:50.197+0000","{defaultclientid=iot-device-02, thingname=iot-device-02, thingid=4ae4927a-aefb-4584-a45a-fc4839feffd6, thingarn=arn:aws:iot:us-east-1:507441099951:thing/iot-device-02, thingtypename=null, attributes={installed=1593361211, latitude=32.8205865, longitude=-96.871627}, version=1, billinggroupname=null}","2020-11-26 00:00:00.000"
"iot-device-03","1.5946065406920836E9","49.0","71.96","false","false","0.0079","0.0052","0.0212","2020-11-26T17:00:50.530+0000","{defaultclientid=iot-device-03, thingname=iot-device-03, thingid=877352b9-a35d-45d3-9c98-162d89965a13, thingarn=arn:aws:iot:us-east-1:507441099951:thing/iot-device-03, thingtypename=null, attributes={installed=1592562234, latitude=37.4133144, longitude=-122.1513069}, version=1, billinggroupname=null}","2020-11-26 00:00:00.000"
"iot-device-02","1.594606575189023E9","58.9","78.98","true","false","0.0073","0.0046","0.0193","2020-11-26T17:00:56.756+0000","{defaultclientid=iot-device-02, thingname=iot-device-02, thingid=4ae4927a-aefb-4584-a45a-fc4839feffd6, thingarn=arn:aws:iot:us-east-1:507441099951:thing/iot-device-02, thingtypename=null, attributes={installed=1593361211, latitude=32.8205865, longitude=-96.871627}, version=1, billinggroupname=null}","2020-11-26 00:00:00.000"
"iot-device-03","1.5946065775165374E9","48.7","71.78","false","false","0.008","0.0053","0.0214","2020-11-26T17:00:57.067+0000","{defaultclientid=iot-device-03, thingname=iot-device-03, thingid=877352b9-a35d-45d3-9c98-162d89965a13, thingarn=arn:aws:iot:us-east-1:507441099951:thing/iot-device-03, thingtypename=null, attributes={installed=1592562234, latitude=37.4133144, longitude=-122.1513069}, version=1, billinggroupname=null}","2020-11-26 00:00:00.000"
"iot-device-01","1.5946065787085054E9","73.8","66.38","false","false","0.0094","0.0066","0.0254","2020-11-26T17:00:57.364+0000","{defaultclientid=iot-device-01, thingname=iot-device-01, thingid=983c2b68-f9a3-4e83-b3c6-9f6f8ad5431b, thingarn=arn:aws:iot:us-east-1:507441099951:thing/iot-device-01, thingtypename=null, attributes={installed=1594665292, latitude=37.4133144, longitude=-122.1513069}, version=1, billinggroupname=null}","2020-11-26 00:00:00.000"
"iot-device-03","1.5946065812024689E9","48.7","71.78","false","false","0.0079","0.0052","0.0212","2020-11-26T17:00:57.663+0000","{defaultclientid=iot-device-03, thingname=iot-device-03, thingid=877352b9-a35d-45d3-9c98-162d89965a13, thingarn=arn:aws:iot:us-east-1:507441099951:thing/iot-device-03, thingtypename=null, attributes={installed=1592562234, latitude=37.4133144, longitude=-122.1513069}, version=1, billinggroupname=null}","2020-11-26 00:00:00.000"
"iot-device-02","1.5946065816716616E9","58.9","78.98","true","false","0.0072","0.0046","0.0192","2020-11-26T17:00:57.962+0000","{defaultclientid=iot-device-02, thingname=iot-device-02, thingid=4ae4927a-aefb-4584-a45a-fc4839feffd6, thingarn=arn:aws:iot:us-east-1:507441099951:thing/iot-device-02, thingtypename=null, attributes={installed=1593361211, latitude=32.8205865, longitude=-96.871627}, version=1, billinggroupname=null}","2020-11-26 00:00:00.000"
"iot-device-01","1.5946065830607498E9","73.7","66.38","false","false","0.0094","0.0066","0.0254","2020-11-26T17:00:58.254+0000","{defaultclientid=iot-device-01, thingname=iot-device-01, thingid=983c2b68-f9a3-4e83-b3c6-9f6f8ad5431b, thingarn=arn:aws:iot:us-east-1:507441099951:thing/iot-device-01, thingtypename=null, attributes={installed=1594665292, latitude=37.4133144, longitude=-122.1513069}, version=1, billinggroupname=null}","2020-11-26 00:00:00.000"
"iot-device-03","1.5946065848888006E9","48.7","71.78","false","false","0.008","0.0052","0.0213","2020-11-26T17:00:58.559+0000","{defaultclientid=iot-device-03, thingname=iot-device-03, thingid=877352b9-a35d-45d3-9c98-162d89965a13, thingarn=arn:aws:iot:us-east-1:507441099951:thing/iot-device-03, thingtypename=null, attributes={installed=1592562234, latitude=37.4133144, longitude=-122.1513069}, version=1, billinggroupname=null}","2020-11-26 00:00:00.000"
"iot-device-02","1.5946065865487E9","59.0","78.98","true","false","0.0072","0.0046","0.0191","2020-11-26T17:00:58.859+0000","{defaultclientid=iot-device-02, thingname=iot-device-02, thingid=4ae4927a-aefb-4584-a45a-fc4839feffd6, thingarn=arn:aws:iot:us-east-1:507441099951:thing/iot-device-02, thingtypename=null, attributes={installed=1593361211, latitude=32.8205865, longitude=-96.871627}, version=1, billinggroupname=null}","2020-11-26 00:00:00.000"
"iot-device-02","1.5946077984723372E9","59.4","78.62","true","false","0.0072","0.0046","0.0191","2020-11-26T17:00:59.137+0000","{defaultclientid=iot-device-02, thingname=iot-device-02, thingid=4ae4927a-aefb-4584-a45a-fc4839feffd6, thingarn=arn:aws:iot:us-east-1:507441099951:thing/iot-device-02, thingtypename=null, attributes={installed=1593361211, latitude=32.8205865, longitude=-96.871627}, version=1, billinggroupname=null}","2020-11-26 00:00:00.000"
"iot-device-03","1.5946064301577532E9","50.6","72.32","false","false","0.008","0.0052","0.0213","2020-11-26T17:00:30.145+0000","{defaultclientid=iot-device-03, thingname=iot-device-03, thingid=877352b9-a35d-45d3-9c98-162d89965a13, thingarn=arn:aws:iot:us-east-1:507441099951:thing/iot-device-03, thingtypename=null, attributes={installed=1592562234, latitude=37.4133144, longitude=-122.1513069}, version=1, billinggroupname=null}","2020-11-26 00:00:00.000"
"iot-device-02","1.5946064314294398E9","58.9","78.98","true","false","0.0072","0.0046","0.0192","2020-11-26T17:00:30.430+0000","{defaultclientid=iot-device-02, thingname=iot-device-02, thingid=4ae4927a-aefb-4584-a45a-fc4839feffd6, thingarn=arn:aws:iot:us-east-1:507441099951:thing/iot-device-02, thingtypename=null, attributes={installed=1593361211, latitude=32.8205865, longitude=-96.871627}, version=1, billinggroupname=null}","2020-11-26 00:00:00.000"
"iot-device-01","1.5946064320879226E9","74.2","66.38","false","false","0.0094","0.0066","0.0254","2020-11-26T17:00:30.729+0000","{defaultclientid=iot-device-01, thingname=iot-device-01, thingid=983c2b68-f9a3-4e83-b3c6-9f6f8ad5431b, thingarn=arn:aws:iot:us-east-1:507441099951:thing/iot-device-01, thingtypename=null, attributes={installed=1594665292, latitude=37.4133144, longitude=-122.1513069}, version=1, billinggroupname=null}","2020-11-26 00:00:00.000"
"iot-device-03","1.5946064338436036E9","50.6","72.32","false","false","0.008","0.0052","0.0213","2020-11-26T17:00:31.008+0000","{defaultclientid=iot-device-03, thingname=iot-device-03, thingid=877352b9-a35d-45d3-9c98-162d89965a13, thingarn=arn:aws:iot:us-east-1:507441099951:thing/iot-device-03, thingtypename=null, attributes={installed=1592562234, latitude=37.4133144, longitude=-122.1513069}, version=1, billinggroupname=null}","2020-11-26 00:00:00.000"
"iot-device-02","1.5946064363104787E9","58.9","78.98","true","false","0.0072","0.0046","0.0192","2020-11-26T17:00:31.313+0000","{defaultclientid=iot-device-02, thingname=iot-device-02, thingid=4ae4927a-aefb-4584-a45a-fc4839feffd6, thingarn=arn:aws:iot:us-east-1:507441099951:thing/iot-device-02, thingtypename=null, attributes={installed=1593361211, latitude=32.8205865, longitude=-96.871627}, version=1, billinggroupname=null}","2020-11-26 00:00:00.000"
"iot-device-01","1.594606436440158E9","74.0","66.38","false","false","0.0094","0.0066","0.0254","2020-11-26T17:00:31.608+0000","{defaultclientid=iot-device-01, thingname=iot-device-01, thingid=983c2b68-f9a3-4e83-b3c6-9f6f8ad5431b, thingarn=arn:aws:iot:us-east-1:507441099951:thing/iot-device-01, thingtypename=null, attributes={installed=1594665292, latitude=37.4133144, longitude=-122.1513069}, version=1, billinggroupname=null}","2020-11-26 00:00:00.000"
"iot-device-03","1.5946064375297644E9","50.6","72.32","false","false","0.0079","0.0052","0.0212","2020-11-26T17:00:31.896+0000","{defaultclientid=iot-device-03, thingname=iot-device-03, thingid=877352b9-a35d-45d3-9c98-162d89965a13, thingarn=arn:aws:iot:us-east-1:507441099951:thing/iot-device-03, thingtypename=null, attributes={installed=1592562234, latitude=37.4133144, longitude=-122.1513069}, version=1, billinggroupname=null}","2020-11-26 00:00:00.000"
"iot-device-02","1.5946064411894667E9","58.9","78.98","true","false","0.0072","0.0046","0.0192","2020-11-26T17:00:32.181+0000","{defaultclientid=iot-device-02, thingname=iot-device-02, thingid=4ae4927a-aefb-4584-a45a-fc4839feffd6, thingarn=arn:aws:iot:us-east-1:507441099951:thing/iot-device-02, thingtypename=null, attributes={installed=1593361211, latitude=32.8205865, longitude=-96.871627}, version=1, billinggroupname=null}","2020-11-26 00:00:00.000"
"iot-device-03","1.5946064412157962E9","50.6","72.32","false","false","0.008","0.0053","0.0214","2020-11-26T17:00:32.479+0000","{defaultclientid=iot-device-03, thingname=iot-device-03, thingid=877352b9-a35d-45d3-9c98-162d89965a13, thingarn=arn:aws:iot:us-east-1:507441099951:thing/iot-device-03, thingtypename=null, attributes={installed=1592562234, latitude=37.4133144, longitude=-122.1513069}, version=1, billinggroupname=null}","2020-11-26 00:00:00.000"
"iot-device-01","1.5946064445877695E9","74.0","66.38","false","false","0.0094","0.0066","0.0254","2020-11-26T17:00:32.832+0000","{defaultclientid=iot-device-01, thingname=iot-device-01, thingid=983c2b68-f9a3-4e83-b3c6-9f6f8ad5431b, thingarn=arn:aws:iot:us-east-1:507441099951:thing/iot-device-01, thingtypename=null, attributes={installed=1594665292, latitude=37.4133144, longitude=-122.1513069}, version=1, billinggroupname=null}","2020-11-26 00:00:00.000"
"iot-device-01","1.5946064603476055E9","73.9","66.38","false","false","0.0094","0.0066","0.0254","2020-11-26T17:00:36.089+0000","{defaultclientid=iot-device-01, thingname=iot-device-01, thingid=983c2b68-f9a3-4e83-b3c6-9f6f8ad5431b, thingarn=arn:aws:iot:us-east-1:507441099951:thing/iot-device-01, thingtypename=null, attributes={installed=1594665292, latitude=37.4133144, longitude=-122.1513069}, version=1, billinggroupname=null}","2020-11-26 00:00:00.000"
"iot-device-03","1.5946064632485216E9","50.6","72.14","false","false","0.0079","0.0052","0.0212","2020-11-26T17:00:36.393+0000","{defaultclientid=iot-device-03, thingname=iot-device-03, thingid=877352b9-a35d-45d3-9c98-162d89965a13, thingarn=arn:aws:iot:us-east-1:507441099951:thing/iot-device-03, thingtypename=null, attributes={installed=1592562234, latitude=37.4133144, longitude=-122.1513069}, version=1, billinggroupname=null}","2020-11-26 00:00:00.000"
"iot-device-01","1.5946064647051735E9","73.9","66.38","false","false","0.0094","0.0066","0.0254","2020-11-26T17:00:36.694+0000","{defaultclientid=iot-device-01, thingname=iot-device-01, thingid=983c2b68-f9a3-4e83-b3c6-9f6f8ad5431b, thingarn=arn:aws:iot:us-east-1:507441099951:thing/iot-device-01, thingtypename=null, attributes={installed=1594665292, latitude=37.4133144, longitude=-122.1513069}, version=1, billinggroupname=null}","2020-11-26 00:00:00.000"
"iot-device-03","1.5946064669335828E9","50.6","72.14","false","false","0.008","0.0053","0.0214","2020-11-26T17:00:36.981+0000","{defaultclientid=iot-device-03, thingname=iot-device-03, thingid=877352b9-a35d-45d3-9c98-162d89965a13, thingarn=arn:aws:iot:us-east-1:507441099951:thing/iot-device-03, thingtypename=null, attributes={installed=1592562234, latitude=37.4133144, longitude=-122.1513069}, version=1, billinggroupname=null}","2020-11-26 00:00:00.000"
"iot-device-02","1.5946064700654922E9","58.9","78.98","true","false","0.0072","0.0046","0.0192","2020-11-26T17:00:37.267+0000","{defaultclientid=iot-device-02, thingname=iot-device-02, thingid=4ae4927a-aefb-4584-a45a-fc4839feffd6, thingarn=arn:aws:iot:us-east-1:507441099951:thing/iot-device-02, thingtypename=null, attributes={installed=1593361211, latitude=32.8205865, longitude=-96.871627}, version=1, billinggroupname=null}","2020-11-26 00:00:00.000"
"iot-device-03","1.594606470619538E9","50.6","72.32","false","false","0.008","0.0052","0.0213","2020-11-26T17:00:37.562+0000","{defaultclientid=iot-device-03, thingname=iot-device-03, thingid=877352b9-a35d-45d3-9c98-162d89965a13, thingarn=arn:aws:iot:us-east-1:507441099951:thing/iot-device-03, thingtypename=null, attributes={installed=1592562234, latitude=37.4133144, longitude=-122.1513069}, version=1, billinggroupname=null}","2020-11-26 00:00:00.000"
"iot-device-01","1.5946064706701975E9","73.8","66.38","false","false","0.0095","0.0067","0.0257","2020-11-26T17:00:37.867+0000","{defaultclientid=iot-device-01, thingname=iot-device-01, thingid=983c2b68-f9a3-4e83-b3c6-9f6f8ad5431b, thingarn=arn:aws:iot:us-east-1:507441099951:thing/iot-device-01, thingtypename=null, attributes={installed=1594665292, latitude=37.4133144, longitude=-122.1513069}, version=1, billinggroupname=null}","2020-11-26 00:00:00.000"
"iot-device-03","1.5946064743053234E9","50.5","72.14","false","false","0.008","0.0052","0.0213","2020-11-26T17:00:38.166+0000","{defaultclientid=iot-device-03, thingname=iot-device-03, thingid=877352b9-a35d-45d3-9c98-162d89965a13, thingarn=arn:aws:iot:us-east-1:507441099951:thing/iot-device-03, thingtypename=null, attributes={installed=1592562234, latitude=37.4133144, longitude=-122.1513069}, version=1, billinggroupname=null}","2020-11-26 00:00:00.000"
"iot-device-01","1.5946064777101972E9","73.8","66.38","false","false","0.0094","0.0066","0.0254","2020-11-26T17:00:38.455+0000","{defaultclientid=iot-device-01, thingname=iot-device-01, thingid=983c2b68-f9a3-4e83-b3c6-9f6f8ad5431b, thingarn=arn:aws:iot:us-east-1:507441099951:thing/iot-device-01, thingtypename=null, attributes={installed=1594665292, latitude=37.4133144, longitude=-122.1513069}, version=1, billinggroupname=null}","2020-11-26 00:00:00.000"
"iot-device-03","1.5946064779913242E9","50.4","72.14","false","false","0.008","0.0053","0.0214","2020-11-26T17:00:38.750+0000","{defaultclientid=iot-device-03, thingname=iot-device-03, thingid=877352b9-a35d-45d3-9c98-162d89965a13, thingarn=arn:aws:iot:us-east-1:507441099951:thing/iot-device-03, thingtypename=null, attributes={installed=1592562234, latitude=37.4133144, longitude=-122.1513069}, version=1, billinggroupname=null}","2020-11-26 00:00:00.000"
"iot-device-03","1.5946065111698575E9","49.6","71.96","false","false","0.0079","0.0052","0.0212","2020-11-26T17:00:44.922+0000","{defaultclientid=iot-device-03, thingname=iot-device-03, thingid=877352b9-a35d-45d3-9c98-162d89965a13, thingarn=arn:aws:iot:us-east-1:507441099951:thing/iot-device-03, thingtypename=null, attributes={installed=1592562234, latitude=37.4133144, longitude=-122.1513069}, version=1, billinggroupname=null}","2020-11-26 00:00:00.000"
"iot-device-01","1.5946065141148114E9","73.6","66.38","false","false","0.0094","0.0066","0.0254","2020-11-26T17:00:45.208+0000","{defaultclientid=iot-device-01, thingname=iot-device-01, thingid=983c2b68-f9a3-4e83-b3c6-9f6f8ad5431b, thingarn=arn:aws:iot:us-east-1:507441099951:thing/iot-device-01, thingtypename=null, attributes={installed=1594665292, latitude=37.4133144, longitude=-122.1513069}, version=1, billinggroupname=null}","2020-11-26 00:00:00.000"
"iot-device-02","1.5946065143875172E9","58.9","78.98","true","false","0.0072","0.0046","0.0192","2020-11-26T17:00:45.501+0000","{defaultclientid=iot-device-02, thingname=iot-device-02, thingid=4ae4927a-aefb-4584-a45a-fc4839feffd6, thingarn=arn:aws:iot:us-east-1:507441099951:thing/iot-device-02, thingtypename=null, attributes={installed=1593361211, latitude=32.8205865, longitude=-96.871627}, version=1, billinggroupname=null}","2020-11-26 00:00:00.000"
"iot-device-03","1.594606514878372E9","49.7","71.96","false","false","0.008","0.0052","0.0213","2020-11-26T17:00:45.788+0000","{defaultclientid=iot-device-03, thingname=iot-device-03, thingid=877352b9-a35d-45d3-9c98-162d89965a13, thingarn=arn:aws:iot:us-east-1:507441099951:thing/iot-device-03, thingtypename=null, attributes={installed=1592562234, latitude=37.4133144, longitude=-122.1513069}, version=1, billinggroupname=null}","2020-11-26 00:00:00.000"
"iot-device-03","1.5946065185664456E9","49.8","71.96","false","false","0.0079","0.0052","0.0212","2020-11-26T17:00:46.076+0000","{defaultclientid=iot-device-03, thingname=iot-device-03, thingid=877352b9-a35d-45d3-9c98-162d89965a13, thingarn=arn:aws:iot:us-east-1:507441099951:thing/iot-device-03, thingtypename=null, attributes={installed=1592562234, latitude=37.4133144, longitude=-122.1513069}, version=1, billinggroupname=null}","2020-11-26 00:00:00.000"
"iot-device-02","1.5946065187289088E9","58.9","78.98","true","false","0.0072","0.0046","0.0191","2020-11-26T17:00:46.373+0000","{defaultclientid=iot-device-02, thingname=iot-device-02, thingid=4ae4927a-aefb-4584-a45a-fc4839feffd6, thingarn=arn:aws:iot:us-east-1:507441099951:thing/iot-device-02, thingtypename=null, attributes={installed=1593361211, latitude=32.8205865, longitude=-96.871627}, version=1, billinggroupname=null}","2020-11-26 00:00:00.000"
"iot-device-03","1.5946065222540426E9","49.7","71.96","false","false","0.0079","0.0052","0.0212","2020-11-26T17:00:46.662+0000","{defaultclientid=iot-device-03, thingname=iot-device-03, thingid=877352b9-a35d-45d3-9c98-162d89965a13, thingarn=arn:aws:iot:us-east-1:507441099951:thing/iot-device-03, thingtypename=null, attributes={installed=1592562234, latitude=37.4133144, longitude=-122.1513069}, version=1, billinggroupname=null}","2020-11-26 00:00:00.000"
"iot-device-02","1.594606522536233E9","58.9","78.98","true","false","0.0072","0.0046","0.0192","2020-11-26T17:00:46.959+0000","{defaultclientid=iot-device-02, thingname=iot-device-02, thingid=4ae4927a-aefb-4584-a45a-fc4839feffd6, thingarn=arn:aws:iot:us-east-1:507441099951:thing/iot-device-02, thingtypename=null, attributes={installed=1593361211, latitude=32.8205865, longitude=-96.871627}, version=1, billinggroupname=null}","2020-11-26 00:00:00.000"
"iot-device-03","1.594606525941641E9","49.6","71.96","false","false","0.008","0.0052","0.0213","2020-11-26T17:00:47.542+0000","{defaultclientid=iot-device-03, thingname=iot-device-03, thingid=877352b9-a35d-45d3-9c98-162d89965a13, thingarn=arn:aws:iot:us-east-1:507441099951:thing/iot-device-03, thingtypename=null, attributes={installed=1592562234, latitude=37.4133144, longitude=-122.1513069}, version=1, billinggroupname=null}","2020-11-26 00:00:00.000"
"iot-device-01","1.594606523299867E9","73.6","66.38","false","false","0.0094","0.0066","0.0254","2020-11-26T17:00:47.250+0000","{defaultclientid=iot-device-01, thingname=iot-device-01, thingid=983c2b68-f9a3-4e83-b3c6-9f6f8ad5431b, thingarn=arn:aws:iot:us-east-1:507441099951:thing/iot-device-01, thingtypename=null, attributes={installed=1594665292, latitude=37.4133144, longitude=-122.1513069}, version=1, billinggroupname=null}","2020-11-26 00:00:00.000"
"iot-device-02","1.5946064960066767E9","58.9","78.98","true","false","0.0072","0.0046","0.0192","2020-11-26T17:00:41.965+0000","{defaultclientid=iot-device-02, thingname=iot-device-02, thingid=4ae4927a-aefb-4584-a45a-fc4839feffd6, thingarn=arn:aws:iot:us-east-1:507441099951:thing/iot-device-02, thingtypename=null, attributes={installed=1593361211, latitude=32.8205865, longitude=-96.871627}, version=1, billinggroupname=null}","2020-11-26 00:00:00.000"
"iot-device-03","1.5946064964200456E9","50.3","72.14","false","false","0.0079","0.0052","0.0212","2020-11-26T17:00:42.255+0000","{defaultclientid=iot-device-03, thingname=iot-device-03, thingid=877352b9-a35d-45d3-9c98-162d89965a13, thingarn=arn:aws:iot:us-east-1:507441099951:thing/iot-device-03, thingtypename=null, attributes={installed=1592562234, latitude=37.4133144, longitude=-122.1513069}, version=1, billinggroupname=null}","2020-11-26 00:00:00.000"
"iot-device-01","1.5946064983445275E9","73.6","66.38","false","false","0.0094","0.0066","0.0254","2020-11-26T17:00:42.556+0000","{defaultclientid=iot-device-01, thingname=iot-device-01, thingid=983c2b68-f9a3-4e83-b3c6-9f6f8ad5431b, thingarn=arn:aws:iot:us-east-1:507441099951:thing/iot-device-01, thingtypename=null, attributes={installed=1594665292, latitude=37.4133144, longitude=-122.1513069}, version=1, billinggroupname=null}","2020-11-26 00:00:00.000"
"iot-device-03","1.594606500105886E9","50.2","72.14","false","false","0.0079","0.0052","0.0212","2020-11-26T17:00:42.844+0000","{defaultclientid=iot-device-03, thingname=iot-device-03, thingid=877352b9-a35d-45d3-9c98-162d89965a13, thingarn=arn:aws:iot:us-east-1:507441099951:thing/iot-device-03, thingtypename=null, attributes={installed=1592562234, latitude=37.4133144, longitude=-122.1513069}, version=1, billinggroupname=null}","2020-11-26 00:00:00.000"
"iot-device-02","1.5946065014183402E9","58.9","78.98","true","false","0.0072","0.0046","0.0192","2020-11-26T17:00:43.144+0000","{defaultclientid=iot-device-02, thingname=iot-device-02, thingid=4ae4927a-aefb-4584-a45a-fc4839feffd6, thingarn=arn:aws:iot:us-east-1:507441099951:thing/iot-device-02, thingtypename=null, attributes={installed=1593361211, latitude=32.8205865, longitude=-96.871627}, version=1, billinggroupname=null}","2020-11-26 00:00:00.000"
"iot-device-01","1.5946065021578438E9","73.7","66.38","false","false","0.0094","0.0066","0.0254","2020-11-26T17:00:43.442+0000","{defaultclientid=iot-device-01, thingname=iot-device-01, thingid=983c2b68-f9a3-4e83-b3c6-9f6f8ad5431b, thingarn=arn:aws:iot:us-east-1:507441099951:thing/iot-device-01, thingtypename=null, attributes={installed=1594665292, latitude=37.4133144, longitude=-122.1513069}, version=1, billinggroupname=null}","2020-11-26 00:00:00.000"
"iot-device-03","1.5946065037918034E9","49.9","72.14","false","false","0.008","0.0052","0.0213","2020-11-26T17:00:43.739+0000","{defaultclientid=iot-device-03, thingname=iot-device-03, thingid=877352b9-a35d-45d3-9c98-162d89965a13, thingarn=arn:aws:iot:us-east-1:507441099951:thing/iot-device-03, thingtypename=null, attributes={installed=1592562234, latitude=37.4133144, longitude=-122.1513069}, version=1, billinggroupname=null}","2020-11-26 00:00:00.000"
"iot-device-03","1.5946065074779205E9","49.7","72.14","false","false","0.008","0.0052","0.0213","2020-11-26T17:00:44.029+0000","{defaultclientid=iot-device-03, thingname=iot-device-03, thingid=877352b9-a35d-45d3-9c98-162d89965a13, thingarn=arn:aws:iot:us-east-1:507441099951:thing/iot-device-03, thingtypename=null, attributes={installed=1592562234, latitude=37.4133144, longitude=-122.1513069}, version=1, billinggroupname=null}","2020-11-26 00:00:00.000"
"iot-device-01","1.594606508119984E9","73.7","66.38","false","false","0.0094","0.0066","0.0254","2020-11-26T17:00:44.317+0000","{defaultclientid=iot-device-01, thingname=iot-device-01, thingid=983c2b68-f9a3-4e83-b3c6-9f6f8ad5431b, thingarn=arn:aws:iot:us-east-1:507441099951:thing/iot-device-01, thingtypename=null, attributes={installed=1594665292, latitude=37.4133144, longitude=-122.1513069}, version=1, billinggroupname=null}","2020-11-26 00:00:00.000"
"iot-device-02","1.594606509510452E9","58.9","78.98","true","false","0.0073","0.0046","0.0193","2020-11-26T17:00:44.614+0000","{defaultclientid=iot-device-02, thingname=iot-device-02, thingid=4ae4927a-aefb-4584-a45a-fc4839feffd6, thingarn=arn:aws:iot:us-east-1:507441099951:thing/iot-device-02, thingtypename=null, attributes={installed=1593361211, latitude=32.8205865, longitude=-96.871627}, version=1, billinggroupname=null}","2020-11-26 00:00:00.000"
"iot-device-03","1.5946064448146448E9","50.6","72.32","false","false","0.008","0.0052","0.0213","2020-11-26T17:00:33.123+0000","{defaultclientid=iot-device-03, thingname=iot-device-03, thingid=877352b9-a35d-45d3-9c98-162d89965a13, thingarn=arn:aws:iot:us-east-1:507441099951:thing/iot-device-03, thingtypename=null, attributes={installed=1592562234, latitude=37.4133144, longitude=-122.1513069}, version=1, billinggroupname=null}","2020-11-26 00:00:00.000"
"iot-device-02","1.5946064476791668E9","58.9","78.98","true","false","0.0072","0.0046","0.0192","2020-11-26T17:00:33.422+0000","{defaultclientid=iot-device-02, thingname=iot-device-02, thingid=4ae4927a-aefb-4584-a45a-fc4839feffd6, thingarn=arn:aws:iot:us-east-1:507441099951:thing/iot-device-02, thingtypename=null, attributes={installed=1593361211, latitude=32.8205865, longitude=-96.871627}, version=1, billinggroupname=null}","2020-11-26 00:00:00.000"
"iot-device-01","1.5946064484011078E9","74.0","66.38","false","false","0.0094","0.0066","0.0254","2020-11-26T17:00:33.717+0000","{defaultclientid=iot-device-01, thingname=iot-device-01, thingid=983c2b68-f9a3-4e83-b3c6-9f6f8ad5431b, thingarn=arn:aws:iot:us-east-1:507441099951:thing/iot-device-01, thingtypename=null, attributes={installed=1594665292, latitude=37.4133144, longitude=-122.1513069}, version=1, billinggroupname=null}","2020-11-26 00:00:00.000"
"iot-device-03","1.5946064485065427E9","50.6","72.32","false","false","0.0079","0.0052","0.0213","2020-11-26T17:00:34.026+0000","{defaultclientid=iot-device-03, thingname=iot-device-03, thingid=877352b9-a35d-45d3-9c98-162d89965a13, thingarn=arn:aws:iot:us-east-1:507441099951:thing/iot-device-03, thingtypename=null, attributes={installed=1592562234, latitude=37.4133144, longitude=-122.1513069}, version=1, billinggroupname=null}","2020-11-26 00:00:00.000"
"iot-device-03","1.5946064521926215E9","50.6","72.32","false","false","0.008","0.0053","0.0214","2020-11-26T17:00:34.333+0000","{defaultclientid=iot-device-03, thingname=iot-device-03, thingid=877352b9-a35d-45d3-9c98-162d89965a13, thingarn=arn:aws:iot:us-east-1:507441099951:thing/iot-device-03, thingtypename=null, attributes={installed=1592562234, latitude=37.4133144, longitude=-122.1513069}, version=1, billinggroupname=null}","2020-11-26 00:00:00.000"
"iot-device-02","1.5946064530927794E9","58.9","78.98","true","false","0.0073","0.0046","0.0193","2020-11-26T17:00:34.624+0000","{defaultclientid=iot-device-02, thingname=iot-device-02, thingid=4ae4927a-aefb-4584-a45a-fc4839feffd6, thingarn=arn:aws:iot:us-east-1:507441099951:thing/iot-device-02, thingtypename=null, attributes={installed=1593361211, latitude=32.8205865, longitude=-96.871627}, version=1, billinggroupname=null}","2020-11-26 00:00:00.000"
"iot-device-03","1.5946064558786087E9","50.6","72.32","false","false","0.0079","0.0052","0.0212","2020-11-26T17:00:34.919+0000","{defaultclientid=iot-device-03, thingname=iot-device-03, thingid=877352b9-a35d-45d3-9c98-162d89965a13, thingarn=arn:aws:iot:us-east-1:507441099951:thing/iot-device-03, thingtypename=null, attributes={installed=1592562234, latitude=37.4133144, longitude=-122.1513069}, version=1, billinggroupname=null}","2020-11-26 00:00:00.000"
"iot-device-01","1.5946064559967964E9","73.9","66.38","false","false","0.0094","0.0066","0.0254","2020-11-26T17:00:35.217+0000","{defaultclientid=iot-device-01, thingname=iot-device-01, thingid=983c2b68-f9a3-4e83-b3c6-9f6f8ad5431b, thingarn=arn:aws:iot:us-east-1:507441099951:thing/iot-device-01, thingtypename=null, attributes={installed=1594665292, latitude=37.4133144, longitude=-122.1513069}, version=1, billinggroupname=null}","2020-11-26 00:00:00.000"
"iot-device-02","1.5946064579707592E9","58.9","78.98","true","false","0.0072","0.0046","0.0192","2020-11-26T17:00:35.499+0000","{defaultclientid=iot-device-02, thingname=iot-device-02, thingid=4ae4927a-aefb-4584-a45a-fc4839feffd6, thingarn=arn:aws:iot:us-east-1:507441099951:thing/iot-device-02, thingtypename=null, attributes={installed=1593361211, latitude=32.8205865, longitude=-96.871627}, version=1, billinggroupname=null}","2020-11-26 00:00:00.000"
"iot-device-03","1.5946064595625696E9","50.6","72.14","false","false","0.0079","0.0052","0.0212","2020-11-26T17:00:35.797+0000","{defaultclientid=iot-device-03, thingname=iot-device-03, thingid=877352b9-a35d-45d3-9c98-162d89965a13, thingarn=arn:aws:iot:us-east-1:507441099951:thing/iot-device-03, thingtypename=null, attributes={installed=1592562234, latitude=37.4133144, longitude=-122.1513069}, version=1, billinggroupname=null}","2020-11-26 00:00:00.000"
"iot-device-01","1.5946065412476926E9","73.6","66.38","false","false","0.0094","0.0066","0.0254","2020-11-26T17:00:50.829+0000","{defaultclientid=iot-device-01, thingname=iot-device-01, thingid=983c2b68-f9a3-4e83-b3c6-9f6f8ad5431b, thingarn=arn:aws:iot:us-east-1:507441099951:thing/iot-device-01, thingtypename=null, attributes={installed=1594665292, latitude=37.4133144, longitude=-122.1513069}, version=1, billinggroupname=null}","2020-11-26 00:00:00.000"
"iot-device-03","1.5946065443792136E9","49.0","71.96","false","false","0.008","0.0053","0.0213","2020-11-26T17:00:51.133+0000","{defaultclientid=iot-device-03, thingname=iot-device-03, thingid=877352b9-a35d-45d3-9c98-162d89965a13, thingarn=arn:aws:iot:us-east-1:507441099951:thing/iot-device-03, thingtypename=null, attributes={installed=1592562234, latitude=37.4133144, longitude=-122.1513069}, version=1, billinggroupname=null}","2020-11-26 00:00:00.000"
"iot-device-02","1.5946065452528315E9","58.9","78.98","true","false","0.0072","0.0046","0.0192","2020-11-26T17:00:51.417+0000","{defaultclientid=iot-device-02, thingname=iot-device-02, thingid=4ae4927a-aefb-4584-a45a-fc4839feffd6, thingarn=arn:aws:iot:us-east-1:507441099951:thing/iot-device-02, thingtypename=null, attributes={installed=1593361211, latitude=32.8205865, longitude=-96.871627}, version=1, billinggroupname=null}","2020-11-26 00:00:00.000"
"iot-device-03","1.5946065480651789E9","49.0","71.96","false","false","0.0079","0.0052","0.0212","2020-11-26T17:00:51.708+0000","{defaultclientid=iot-device-03, thingname=iot-device-03, thingid=877352b9-a35d-45d3-9c98-162d89965a13, thingarn=arn:aws:iot:us-east-1:507441099951:thing/iot-device-03, thingtypename=null, attributes={installed=1592562234, latitude=37.4133144, longitude=-122.1513069}, version=1, billinggroupname=null}","2020-11-26 00:00:00.000"
"iot-device-01","1.5946065488197227E9","73.7","66.38","false","false","0.0094","0.0066","0.0254","2020-11-26T17:00:52.004+0000","{defaultclientid=iot-device-01, thingname=iot-device-01, thingid=983c2b68-f9a3-4e83-b3c6-9f6f8ad5431b, thingarn=arn:aws:iot:us-east-1:507441099951:thing/iot-device-01, thingtypename=null, attributes={installed=1594665292, latitude=37.4133144, longitude=-122.1513069}, version=1, billinggroupname=null}","2020-11-26 00:00:00.000"
"iot-device-03","1.5946065517518196E9","49.1","71.96","false","false","0.008","0.0053","0.0213","2020-11-26T17:00:52.304+0000","{defaultclientid=iot-device-03, thingname=iot-device-03, thingid=877352b9-a35d-45d3-9c98-162d89965a13, thingarn=arn:aws:iot:us-east-1:507441099951:thing/iot-device-03, thingtypename=null, attributes={installed=1592562234, latitude=37.4133144, longitude=-122.1513069}, version=1, billinggroupname=null}","2020-11-26 00:00:00.000"
"iot-device-01","1.5946065542471335E9","73.7","66.38","false","false","0.0094","0.0066","0.0254","2020-11-26T17:00:52.598+0000","{defaultclientid=iot-device-01, thingname=iot-device-01, thingid=983c2b68-f9a3-4e83-b3c6-9f6f8ad5431b, thingarn=arn:aws:iot:us-east-1:507441099951:thing/iot-device-01, thingtypename=null, attributes={installed=1594665292, latitude=37.4133144, longitude=-122.1513069}, version=1, billinggroupname=null}","2020-11-26 00:00:00.000"
"iot-device-03","1.5946065554399898E9","49.1","71.96","false","false","0.008","0.0052","0.0213","2020-11-26T17:00:52.895+0000","{defaultclientid=iot-device-03, thingname=iot-device-03, thingid=877352b9-a35d-45d3-9c98-162d89965a13, thingarn=arn:aws:iot:us-east-1:507441099951:thing/iot-device-03, thingtypename=null, attributes={installed=1592562234, latitude=37.4133144, longitude=-122.1513069}, version=1, billinggroupname=null}","2020-11-26 00:00:00.000"
"iot-device-02","1.5946065578784704E9","58.9","78.98","true","false","0.0072","0.0046","0.0192","2020-11-26T17:00:53.178+0000","{defaultclientid=iot-device-02, thingname=iot-device-02, thingid=4ae4927a-aefb-4584-a45a-fc4839feffd6, thingarn=arn:aws:iot:us-east-1:507441099951:thing/iot-device-02, thingtypename=null, attributes={installed=1593361211, latitude=32.8205865, longitude=-96.871627}, version=1, billinggroupname=null}","2020-11-26 00:00:00.000"
"iot-device-01","1.5946065585981073E9","73.8","66.38","false","false","0.0094","0.0066","0.0254","2020-11-26T17:00:53.480+0000","{defaultclientid=iot-device-01, thingname=iot-device-01, thingid=983c2b68-f9a3-4e83-b3c6-9f6f8ad5431b, thingarn=arn:aws:iot:us-east-1:507441099951:thing/iot-device-01, thingtypename=null, attributes={installed=1594665292, latitude=37.4133144, longitude=-122.1513069}, version=1, billinggroupname=null}","2020-11-26 00:00:00.000"
"iot-device-02","1.5946064797599075E9","58.8","78.98","true","false","0.0072","0.0046","0.0192","2020-11-26T17:00:39.048+0000","{defaultclientid=iot-device-02, thingname=iot-device-02, thingid=4ae4927a-aefb-4584-a45a-fc4839feffd6, thingarn=arn:aws:iot:us-east-1:507441099951:thing/iot-device-02, thingtypename=null, attributes={installed=1593361211, latitude=32.8205865, longitude=-96.871627}, version=1, billinggroupname=null}","2020-11-26 00:00:00.000"
"iot-device-03","1.5946064816773214E9","50.3","72.14","false","false","0.0079","0.0052","0.0212","2020-11-26T17:00:39.352+0000","{defaultclientid=iot-device-03, thingname=iot-device-03, thingid=877352b9-a35d-45d3-9c98-162d89965a13, thingarn=arn:aws:iot:us-east-1:507441099951:thing/iot-device-03, thingtypename=null, attributes={installed=1592562234, latitude=37.4133144, longitude=-122.1513069}, version=1, billinggroupname=null}","2020-11-26 00:00:00.000"
"iot-device-01","1.5946064825964339E9","73.8","66.38","false","false","0.0094","0.0066","0.0254","2020-11-26T17:00:39.655+0000","{defaultclientid=iot-device-01, thingname=iot-device-01, thingid=983c2b68-f9a3-4e83-b3c6-9f6f8ad5431b, thingarn=arn:aws:iot:us-east-1:507441099951:thing/iot-device-01, thingtypename=null, attributes={installed=1594665292, latitude=37.4133144, longitude=-122.1513069}, version=1, billinggroupname=null}","2020-11-26 00:00:00.000"
"iot-device-02","1.5946064835758612E9","58.9","78.98","true","false","0.0072","0.0046","0.0192","2020-11-26T17:00:39.937+0000","{defaultclientid=iot-device-02, thingname=iot-device-02, thingid=4ae4927a-aefb-4584-a45a-fc4839feffd6, thingarn=arn:aws:iot:us-east-1:507441099951:thing/iot-device-02, thingtypename=null, attributes={installed=1593361211, latitude=32.8205865, longitude=-96.871627}, version=1, billinggroupname=null}","2020-11-26 00:00:00.000"
"iot-device-03","1.594606485363294E9","50.2","72.14","false","false","0.008","0.0052","0.0213","2020-11-26T17:00:40.219+0000","{defaultclientid=iot-device-03, thingname=iot-device-03, thingid=877352b9-a35d-45d3-9c98-162d89965a13, thingarn=arn:aws:iot:us-east-1:507441099951:thing/iot-device-03, thingtypename=null, attributes={installed=1592562234, latitude=37.4133144, longitude=-122.1513069}, version=1, billinggroupname=null}","2020-11-26 00:00:00.000"
"iot-device-03","1.5946064890490525E9","50.2","72.14","false","false","0.0079","0.0052","0.0212","2020-11-26T17:00:40.511+0000","{defaultclientid=iot-device-03, thingname=iot-device-03, thingid=877352b9-a35d-45d3-9c98-162d89965a13, thingarn=arn:aws:iot:us-east-1:507441099951:thing/iot-device-03, thingtypename=null, attributes={installed=1592562234, latitude=37.4133144, longitude=-122.1513069}, version=1, billinggroupname=null}","2020-11-26 00:00:00.000"
"iot-device-01","1.5946064896371698E9","73.7","66.38","false","false","0.0094","0.0066","0.0254","2020-11-26T17:00:40.806+0000","{defaultclientid=iot-device-01, thingname=iot-device-01, thingid=983c2b68-f9a3-4e83-b3c6-9f6f8ad5431b, thingarn=arn:aws:iot:us-east-1:507441099951:thing/iot-device-01, thingtypename=null, attributes={installed=1594665292, latitude=37.4133144, longitude=-122.1513069}, version=1, billinggroupname=null}","2020-11-26 00:00:00.000"
"iot-device-02","1.5946064911288288E9","58.9","78.98","true","false","0.0072","0.0046","0.0192","2020-11-26T17:00:41.104+0000","{defaultclientid=iot-device-02, thingname=iot-device-02, thingid=4ae4927a-aefb-4584-a45a-fc4839feffd6, thingarn=arn:aws:iot:us-east-1:507441099951:thing/iot-device-02, thingtypename=null, attributes={installed=1593361211, latitude=32.8205865, longitude=-96.871627}, version=1, billinggroupname=null}","2020-11-26 00:00:00.000"
"iot-device-03","1.594606492733966E9","50.3","72.14","false","false","0.0079","0.0052","0.0212","2020-11-26T17:00:41.399+0000","{defaultclientid=iot-device-03, thingname=iot-device-03, thingid=877352b9-a35d-45d3-9c98-162d89965a13, thingarn=arn:aws:iot:us-east-1:507441099951:thing/iot-device-03, thingtypename=null, attributes={installed=1592562234, latitude=37.4133144, longitude=-122.1513069}, version=1, billinggroupname=null}","2020-11-26 00:00:00.000"
"iot-device-01","1.5946064945276346E9","73.7","66.38","false","false","0.0094","0.0066","0.0254","2020-11-26T17:00:41.677+0000","{defaultclientid=iot-device-01, thingname=iot-device-01, thingid=983c2b68-f9a3-4e83-b3c6-9f6f8ad5431b, thingarn=arn:aws:iot:us-east-1:507441099951:thing/iot-device-01, thingtypename=null, attributes={installed=1594665292, latitude=37.4133144, longitude=-122.1513069}, version=1, billinggroupname=null}","2020-11-26 00:00:00.000"
"iot-device-03","1.594604353892195E9","51.3","71.6","false","false","0.008","0.0053","0.0215","2020-11-26T16:58:51.242+0000","{defaultclientid=iot-device-03, thingname=iot-device-03, thingid=877352b9-a35d-45d3-9c98-162d89965a13, thingarn=arn:aws:iot:us-east-1:507441099951:thing/iot-device-03, thingtypename=null, attributes={installed=1592562234, latitude=37.4133144, longitude=-122.1513069}, version=1, billinggroupname=null}","2020-11-26 00:00:00.000"
"iot-device-02","1.5946043563360019E9","59.8","79.34","true","false","0.0072","0.0046","0.0191","2020-11-26T16:58:51.529+0000","{defaultclientid=iot-device-02, thingname=iot-device-02, thingid=4ae4927a-aefb-4584-a45a-fc4839feffd6, thingarn=arn:aws:iot:us-east-1:507441099951:thing/iot-device-02, thingtypename=null, attributes={installed=1593361211, latitude=32.8205865, longitude=-96.871627}, version=1, billinggroupname=null}","2020-11-26 00:00:00.000"
"iot-device-03","1.594604357574028E9","51.3","71.42","false","false","0.0081","0.0053","0.0216","2020-11-26T16:58:51.821+0000","{defaultclientid=iot-device-03, thingname=iot-device-03, thingid=877352b9-a35d-45d3-9c98-162d89965a13, thingarn=arn:aws:iot:us-east-1:507441099951:thing/iot-device-03, thingtypename=null, attributes={installed=1592562234, latitude=37.4133144, longitude=-122.1513069}, version=1, billinggroupname=null}","2020-11-26 00:00:00.000"
"iot-device-01","1.5946043578512466E9","74.4","66.02","false","false","0.0107","0.0078","0.0291","2020-11-26T16:58:52.119+0000","{defaultclientid=iot-device-01, thingname=iot-device-01, thingid=983c2b68-f9a3-4e83-b3c6-9f6f8ad5431b, thingarn=arn:aws:iot:us-east-1:507441099951:thing/iot-device-01, thingtypename=null, attributes={installed=1594665292, latitude=37.4133144, longitude=-122.1513069}, version=1, billinggroupname=null}","2020-11-26 00:00:00.000"
"iot-device-03","1.594604361260093E9","51.3","71.42","false","false","0.008","0.0053","0.0215","2020-11-26T16:58:52.408+0000","{defaultclientid=iot-device-03, thingname=iot-device-03, thingid=877352b9-a35d-45d3-9c98-162d89965a13, thingarn=arn:aws:iot:us-east-1:507441099951:thing/iot-device-03, thingtypename=null, attributes={installed=1592562234, latitude=37.4133144, longitude=-122.1513069}, version=1, billinggroupname=null}","2020-11-26 00:00:00.000"
"iot-device-02","1.5946043617549634E9","59.7","79.16","true","false","0.0072","0.0046","0.0192","2020-11-26T16:58:52.700+0000","{defaultclientid=iot-device-02, thingname=iot-device-02, thingid=4ae4927a-aefb-4584-a45a-fc4839feffd6, thingarn=arn:aws:iot:us-east-1:507441099951:thing/iot-device-02, thingtypename=null, attributes={installed=1593361211, latitude=32.8205865, longitude=-96.871627}, version=1, billinggroupname=null}","2020-11-26 00:00:00.000"
"iot-device-03","1.5946043649462287E9","51.3","71.6","false","false","0.0081","0.0053","0.0216","2020-11-26T16:58:52.997+0000","{defaultclientid=iot-device-03, thingname=iot-device-03, thingid=877352b9-a35d-45d3-9c98-162d89965a13, thingarn=arn:aws:iot:us-east-1:507441099951:thing/iot-device-03, thingtypename=null, attributes={installed=1592562234, latitude=37.4133144, longitude=-122.1513069}, version=1, billinggroupname=null}","2020-11-26 00:00:00.000"
"iot-device-01","1.5946043654273295E9","74.4","66.2","false","false","0.0107","0.0078","0.0291","2020-11-26T16:58:53.293+0000","{defaultclientid=iot-device-01, thingname=iot-device-01, thingid=983c2b68-f9a3-4e83-b3c6-9f6f8ad5431b, thingarn=arn:aws:iot:us-east-1:507441099951:thing/iot-device-01, thingtypename=null, attributes={installed=1594665292, latitude=37.4133144, longitude=-122.1513069}, version=1, billinggroupname=null}","2020-11-26 00:00:00.000"
"iot-device-03","1.5946043686322694E9","51.3","71.6","false","false","0.0081","0.0053","0.0216","2020-11-26T16:58:53.577+0000","{defaultclientid=iot-device-03, thingname=iot-device-03, thingid=877352b9-a35d-45d3-9c98-162d89965a13, thingarn=arn:aws:iot:us-east-1:507441099951:thing/iot-device-03, thingtypename=null, attributes={installed=1592562234, latitude=37.4133144, longitude=-122.1513069}, version=1, billinggroupname=null}","2020-11-26 00:00:00.000"
"iot-device-02","1.594604369310941E9","59.8","79.34","true","false","0.0072","0.0046","0.0192","2020-11-26T16:58:53.869+0000","{defaultclientid=iot-device-02, thingname=iot-device-02, thingid=4ae4927a-aefb-4584-a45a-fc4839feffd6, thingarn=arn:aws:iot:us-east-1:507441099951:thing/iot-device-02, thingtypename=null, attributes={installed=1593361211, latitude=32.8205865, longitude=-96.871627}, version=1, billinggroupname=null}","2020-11-26 00:00:00.000"
"iot-device-02","1.5946042702277114E9","59.7","79.16","true","false","0.0072","0.0046","0.0192","2020-11-26T16:58:36.060+0000","{defaultclientid=iot-device-02, thingname=iot-device-02, thingid=4ae4927a-aefb-4584-a45a-fc4839feffd6, thingarn=arn:aws:iot:us-east-1:507441099951:thing/iot-device-02, thingtypename=null, attributes={installed=1593361211, latitude=32.8205865, longitude=-96.871627}, version=1, billinggroupname=null}","2020-11-26 00:00:00.000"
"iot-device-01","1.5946042708705466E9","74.3","66.02","false","false","0.0107","0.0078","0.0291","2020-11-26T16:58:36.361+0000","{defaultclientid=iot-device-01, thingname=iot-device-01, thingid=983c2b68-f9a3-4e83-b3c6-9f6f8ad5431b, thingarn=arn:aws:iot:us-east-1:507441099951:thing/iot-device-01, thingtypename=null, attributes={installed=1594665292, latitude=37.4133144, longitude=-122.1513069}, version=1, billinggroupname=null}","2020-11-26 00:00:00.000"
"iot-device-03","1.5946042728541784E9","51.2","71.24","false","false","0.0081","0.0053","0.0216","2020-11-26T16:58:36.655+0000","{defaultclientid=iot-device-03, thingname=iot-device-03, thingid=877352b9-a35d-45d3-9c98-162d89965a13, thingarn=arn:aws:iot:us-east-1:507441099951:thing/iot-device-03, thingtypename=null, attributes={installed=1592562234, latitude=37.4133144, longitude=-122.1513069}, version=1, billinggroupname=null}","2020-11-26 00:00:00.000"
"iot-device-02","1.5946042745694928E9","59.8","79.34","true","false","0.0072","0.0046","0.0192","2020-11-26T16:58:36.951+0000","{defaultclientid=iot-device-02, thingname=iot-device-02, thingid=4ae4927a-aefb-4584-a45a-fc4839feffd6, thingarn=arn:aws:iot:us-east-1:507441099951:thing/iot-device-02, thingtypename=null, attributes={installed=1593361211, latitude=32.8205865, longitude=-96.871627}, version=1, billinggroupname=null}","2020-11-26 00:00:00.000"
"iot-device-03","1.5946042765417564E9","51.2","71.24","false","false","0.0081","0.0053","0.0216","2020-11-26T16:58:37.258+0000","{defaultclientid=iot-device-03, thingname=iot-device-03, thingid=877352b9-a35d-45d3-9c98-162d89965a13, thingarn=arn:aws:iot:us-east-1:507441099951:thing/iot-device-03, thingtypename=null, attributes={installed=1592562234, latitude=37.4133144, longitude=-122.1513069}, version=1, billinggroupname=null}","2020-11-26 00:00:00.000"
"iot-device-03","1.594604280229354E9","51.2","71.24","false","false","0.008","0.0053","0.0215","2020-11-26T16:58:37.541+0000","{defaultclientid=iot-device-03, thingname=iot-device-03, thingid=877352b9-a35d-45d3-9c98-162d89965a13, thingarn=arn:aws:iot:us-east-1:507441099951:thing/iot-device-03, thingtypename=null, attributes={installed=1592562234, latitude=37.4133144, longitude=-122.1513069}, version=1, billinggroupname=null}","2020-11-26 00:00:00.000"
"iot-device-02","1.5946042815889876E9","59.7","79.16","true","false","0.0072","0.0046","0.0192","2020-11-26T16:58:37.818+0000","{defaultclientid=iot-device-02, thingname=iot-device-02, thingid=4ae4927a-aefb-4584-a45a-fc4839feffd6, thingarn=arn:aws:iot:us-east-1:507441099951:thing/iot-device-02, thingtypename=null, attributes={installed=1593361211, latitude=32.8205865, longitude=-96.871627}, version=1, billinggroupname=null}","2020-11-26 00:00:00.000"
"iot-device-01","1.5946042822157972E9","74.3","66.02","false","false","0.0107","0.0078","0.0291","2020-11-26T16:58:38.117+0000","{defaultclientid=iot-device-01, thingname=iot-device-01, thingid=983c2b68-f9a3-4e83-b3c6-9f6f8ad5431b, thingarn=arn:aws:iot:us-east-1:507441099951:thing/iot-device-01, thingtypename=null, attributes={installed=1594665292, latitude=37.4133144, longitude=-122.1513069}, version=1, billinggroupname=null}","2020-11-26 00:00:00.000"
"iot-device-03","1.5946042839168134E9","51.2","71.24","false","false","0.008","0.0053","0.0215","2020-11-26T16:58:38.400+0000","{defaultclientid=iot-device-03, thingname=iot-device-03, thingid=877352b9-a35d-45d3-9c98-162d89965a13, thingarn=arn:aws:iot:us-east-1:507441099951:thing/iot-device-03, thingtypename=null, attributes={installed=1592562234, latitude=37.4133144, longitude=-122.1513069}, version=1, billinggroupname=null}","2020-11-26 00:00:00.000"
"iot-device-02","1.5946042865076106E9","59.7","79.16","true","false","0.0072","0.0046","0.0192","2020-11-26T16:58:38.690+0000","{defaultclientid=iot-device-02, thingname=iot-device-02, thingid=4ae4927a-aefb-4584-a45a-fc4839feffd6, thingarn=arn:aws:iot:us-east-1:507441099951:thing/iot-device-02, thingtypename=null, attributes={installed=1593361211, latitude=32.8205865, longitude=-96.871627}, version=1, billinggroupname=null}","2020-11-26 00:00:00.000"
"iot-device-03","1.5946043207780313E9","51.2","71.42","false","true","0.008","0.0053","0.0215","2020-11-26T16:58:45.149+0000","{defaultclientid=iot-device-03, thingname=iot-device-03, thingid=877352b9-a35d-45d3-9c98-162d89965a13, thingarn=arn:aws:iot:us-east-1:507441099951:thing/iot-device-03, thingtypename=null, attributes={installed=1592562234, latitude=37.4133144, longitude=-122.1513069}, version=1, billinggroupname=null}","2020-11-26 00:00:00.000"
"iot-device-02","1.594604322197714E9","59.7","79.16","true","false","0.0072","0.0046","0.0192","2020-11-26T16:58:45.451+0000","{defaultclientid=iot-device-02, thingname=iot-device-02, thingid=4ae4927a-aefb-4584-a45a-fc4839feffd6, thingarn=arn:aws:iot:us-east-1:507441099951:thing/iot-device-02, thingtypename=null, attributes={installed=1593361211, latitude=32.8205865, longitude=-96.871627}, version=1, billinggroupname=null}","2020-11-26 00:00:00.000"
"iot-device-01","1.5946043239885776E9","74.5","66.02","false","false","0.0107","0.0078","0.0291","2020-11-26T16:58:45.738+0000","{defaultclientid=iot-device-01, thingname=iot-device-01, thingid=983c2b68-f9a3-4e83-b3c6-9f6f8ad5431b, thingarn=arn:aws:iot:us-east-1:507441099951:thing/iot-device-01, thingtypename=null, attributes={installed=1594665292, latitude=37.4133144, longitude=-122.1513069}, version=1, billinggroupname=null}","2020-11-26 00:00:00.000"
"iot-device-03","1.5946043243798046E9","51.2","71.42","false","true","0.008","0.0053","0.0215","2020-11-26T16:58:46.019+0000","{defaultclientid=iot-device-03, thingname=iot-device-03, thingid=877352b9-a35d-45d3-9c98-162d89965a13, thingarn=arn:aws:iot:us-east-1:507441099951:thing/iot-device-03, thingtypename=null, attributes={installed=1592562234, latitude=37.4133144, longitude=-122.1513069}, version=1, billinggroupname=null}","2020-11-26 00:00:00.000"
"iot-device-02","1.5946043265433195E9","59.8","79.34","true","false","0.0072","0.0046","0.0192","2020-11-26T16:58:46.311+0000","{defaultclientid=iot-device-02, thingname=iot-device-02, thingid=4ae4927a-aefb-4584-a45a-fc4839feffd6, thingarn=arn:aws:iot:us-east-1:507441099951:thing/iot-device-02, thingtypename=null, attributes={installed=1593361211, latitude=32.8205865, longitude=-96.871627}, version=1, billinggroupname=null}","2020-11-26 00:00:00.000"
"iot-device-01","1.5946043278014276E9","74.5","66.2","false","false","0.0107","0.0078","0.0291","2020-11-26T16:58:46.600+0000","{defaultclientid=iot-device-01, thingname=iot-device-01, thingid=983c2b68-f9a3-4e83-b3c6-9f6f8ad5431b, thingarn=arn:aws:iot:us-east-1:507441099951:thing/iot-device-01, thingtypename=null, attributes={installed=1594665292, latitude=37.4133144, longitude=-122.1513069}, version=1, billinggroupname=null}","2020-11-26 00:00:00.000"
"iot-device-03","1.5946043280784225E9","51.3","71.24","false","false","0.008","0.0053","0.0215","2020-11-26T16:58:47.036+0000","{defaultclientid=iot-device-03, thingname=iot-device-03, thingid=877352b9-a35d-45d3-9c98-162d89965a13, thingarn=arn:aws:iot:us-east-1:507441099951:thing/iot-device-03, thingtypename=null, attributes={installed=1592562234, latitude=37.4133144, longitude=-122.1513069}, version=1, billinggroupname=null}","2020-11-26 00:00:00.000"
"iot-device-03","1.5946043317660346E9","51.5","71.42","false","false","0.0081","0.0053","0.0216","2020-11-26T16:58:47.319+0000","{defaultclientid=iot-device-03, thingname=iot-device-03, thingid=877352b9-a35d-45d3-9c98-162d89965a13, thingarn=arn:aws:iot:us-east-1:507441099951:thing/iot-device-03, thingtypename=null, attributes={installed=1592562234, latitude=37.4133144, longitude=-122.1513069}, version=1, billinggroupname=null}","2020-11-26 00:00:00.000"
"iot-device-02","1.5946043319600155E9","59.7","79.16","true","false","0.0072","0.0046","0.0192","2020-11-26T16:58:47.600+0000","{defaultclientid=iot-device-02, thingname=iot-device-02, thingid=4ae4927a-aefb-4584-a45a-fc4839feffd6, thingarn=arn:aws:iot:us-east-1:507441099951:thing/iot-device-02, thingtypename=null, attributes={installed=1593361211, latitude=32.8205865, longitude=-96.871627}, version=1, billinggroupname=null}","2020-11-26 00:00:00.000"
"iot-device-01","1.594604332691231E9","74.5","66.2","false","false","0.0107","0.0078","0.0291","2020-11-26T16:58:47.889+0000","{defaultclientid=iot-device-01, thingname=iot-device-01, thingid=983c2b68-f9a3-4e83-b3c6-9f6f8ad5431b, thingarn=arn:aws:iot:us-east-1:507441099951:thing/iot-device-01, thingtypename=null, attributes={installed=1594665292, latitude=37.4133144, longitude=-122.1513069}, version=1, billinggroupname=null}","2020-11-26 00:00:00.000"
"iot-device-02","1.5946043871457427E9","59.8","79.16","true","false","0.0072","0.0046","0.0192","2020-11-26T16:58:57.029+0000","{defaultclientid=iot-device-02, thingname=iot-device-02, thingid=4ae4927a-aefb-4584-a45a-fc4839feffd6, thingarn=arn:aws:iot:us-east-1:507441099951:thing/iot-device-02, thingtypename=null, attributes={installed=1593361211, latitude=32.8205865, longitude=-96.871627}, version=1, billinggroupname=null}","2020-11-26 00:00:00.000"
"iot-device-01","1.5946043871500747E9","74.4","66.2","false","false","0.0103","0.0075","0.0282","2020-11-26T16:58:57.344+0000","{defaultclientid=iot-device-01, thingname=iot-device-01, thingid=983c2b68-f9a3-4e83-b3c6-9f6f8ad5431b, thingarn=arn:aws:iot:us-east-1:507441099951:thing/iot-device-01, thingtypename=null, attributes={installed=1594665292, latitude=37.4133144, longitude=-122.1513069}, version=1, billinggroupname=null}","2020-11-26 00:00:00.000"
"iot-device-03","1.5946043907424605E9","51.1","71.6","false","false","0.008","0.0053","0.0215","2020-11-26T16:58:57.701+0000","{defaultclientid=iot-device-03, thingname=iot-device-03, thingid=877352b9-a35d-45d3-9c98-162d89965a13, thingarn=arn:aws:iot:us-east-1:507441099951:thing/iot-device-03, thingtypename=null, attributes={installed=1592562234, latitude=37.4133144, longitude=-122.1513069}, version=1, billinggroupname=null}","2020-11-26 00:00:00.000"
"iot-device-01","1.5946043915050519E9","74.5","66.2","false","false","0.0107","0.0078","0.0291","2020-11-26T16:58:57.991+0000","{defaultclientid=iot-device-01, thingname=iot-device-01, thingid=983c2b68-f9a3-4e83-b3c6-9f6f8ad5431b, thingarn=arn:aws:iot:us-east-1:507441099951:thing/iot-device-01, thingtypename=null, attributes={installed=1594665292, latitude=37.4133144, longitude=-122.1513069}, version=1, billinggroupname=null}","2020-11-26 00:00:00.000"
"iot-device-02","1.5946043920225928E9","59.7","79.16","true","false","0.0072","0.0046","0.0192","2020-11-26T16:58:58.290+0000","{defaultclientid=iot-device-02, thingname=iot-device-02, thingid=4ae4927a-aefb-4584-a45a-fc4839feffd6, thingarn=arn:aws:iot:us-east-1:507441099951:thing/iot-device-02, thingtypename=null, attributes={installed=1593361211, latitude=32.8205865, longitude=-96.871627}, version=1, billinggroupname=null}","2020-11-26 00:00:00.000"
"iot-device-03","1.5946043944284832E9","51.1","71.6","false","false","0.008","0.0053","0.0214","2020-11-26T16:58:58.583+0000","{defaultclientid=iot-device-03, thingname=iot-device-03, thingid=877352b9-a35d-45d3-9c98-162d89965a13, thingarn=arn:aws:iot:us-east-1:507441099951:thing/iot-device-03, thingtypename=null, attributes={installed=1592562234, latitude=37.4133144, longitude=-122.1513069}, version=1, billinggroupname=null}","2020-11-26 00:00:00.000"
"iot-device-02","1.59460439583109E9","53.4","79.16","true","false","0.0072","0.0046","0.0192","2020-11-26T16:58:58.893+0000","{defaultclientid=iot-device-02, thingname=iot-device-02, thingid=4ae4927a-aefb-4584-a45a-fc4839feffd6, thingarn=arn:aws:iot:us-east-1:507441099951:thing/iot-device-02, thingtypename=null, attributes={installed=1593361211, latitude=32.8205865, longitude=-96.871627}, version=1, billinggroupname=null}","2020-11-26 00:00:00.000"
"iot-device-01","1.5946043958600347E9","74.5","66.2","false","false","0.0107","0.0078","0.0291","2020-11-26T16:58:59.179+0000","{defaultclientid=iot-device-01, thingname=iot-device-01, thingid=983c2b68-f9a3-4e83-b3c6-9f6f8ad5431b, thingarn=arn:aws:iot:us-east-1:507441099951:thing/iot-device-01, thingtypename=null, attributes={installed=1594665292, latitude=37.4133144, longitude=-122.1513069}, version=1, billinggroupname=null}","2020-11-26 00:00:00.000"
"iot-device-03","1.5946043981154625E9","51.1","71.6","false","false","0.008","0.0053","0.0215","2020-11-26T16:58:59.471+0000","{defaultclientid=iot-device-03, thingname=iot-device-03, thingid=877352b9-a35d-45d3-9c98-162d89965a13, thingarn=arn:aws:iot:us-east-1:507441099951:thing/iot-device-03, thingtypename=null, attributes={installed=1592562234, latitude=37.4133144, longitude=-122.1513069}, version=1, billinggroupname=null}","2020-11-26 00:00:00.000"
"iot-device-02","1.5946044007055476E9","59.7","79.16","true","false","0.0072","0.0046","0.0192","2020-11-26T16:58:59.760+0000","{defaultclientid=iot-device-02, thingname=iot-device-02, thingid=4ae4927a-aefb-4584-a45a-fc4839feffd6, thingarn=arn:aws:iot:us-east-1:507441099951:thing/iot-device-02, thingtypename=null, attributes={installed=1593361211, latitude=32.8205865, longitude=-96.871627}, version=1, billinggroupname=null}","2020-11-26 00:00:00.000"
"iot-device-03","1.5946042322814546E9","51.3","71.06","false","false","0.008","0.0053","0.0215","2020-11-26T16:58:30.136+0000","{defaultclientid=iot-device-03, thingname=iot-device-03, thingid=877352b9-a35d-45d3-9c98-162d89965a13, thingarn=arn:aws:iot:us-east-1:507441099951:thing/iot-device-03, thingtypename=null, attributes={installed=1592562234, latitude=37.4133144, longitude=-122.1513069}, version=1, billinggroupname=null}","2020-11-26 00:00:00.000"
"iot-device-03","1.594604235968581E9","51.3","71.24","false","false","0.008","0.0053","0.0215","2020-11-26T16:58:30.430+0000","{defaultclientid=iot-device-03, thingname=iot-device-03, thingid=877352b9-a35d-45d3-9c98-162d89965a13, thingarn=arn:aws:iot:us-east-1:507441099951:thing/iot-device-03, thingtypename=null, attributes={installed=1592562234, latitude=37.4133144, longitude=-122.1513069}, version=1, billinggroupname=null}","2020-11-26 00:00:00.000"
"iot-device-01","1.5946042376225538E9","74.5","66.02","false","false","0.0107","0.0078","0.0291","2020-11-26T16:58:30.780+0000","{defaultclientid=iot-device-01, thingname=iot-device-01, thingid=983c2b68-f9a3-4e83-b3c6-9f6f8ad5431b, thingarn=arn:aws:iot:us-east-1:507441099951:thing/iot-device-01, thingtypename=null, attributes={installed=1594665292, latitude=37.4133144, longitude=-122.1513069}, version=1, billinggroupname=null}","2020-11-26 00:00:00.000"
"iot-device-03","1.5946042396562655E9","51.2","71.06","false","false","0.008","0.0053","0.0215","2020-11-26T16:58:31.079+0000","{defaultclientid=iot-device-03, thingname=iot-device-03, thingid=877352b9-a35d-45d3-9c98-162d89965a13, thingarn=arn:aws:iot:us-east-1:507441099951:thing/iot-device-03, thingtypename=null, attributes={installed=1592562234, latitude=37.4133144, longitude=-122.1513069}, version=1, billinggroupname=null}","2020-11-26 00:00:00.000"
"iot-device-02","1.5946042397115974E9","59.7","79.16","true","false","0.0072","0.0046","0.0192","2020-11-26T16:58:31.370+0000","{defaultclientid=iot-device-02, thingname=iot-device-02, thingid=4ae4927a-aefb-4584-a45a-fc4839feffd6, thingarn=arn:aws:iot:us-east-1:507441099951:thing/iot-device-02, thingtypename=null, attributes={installed=1593361211, latitude=32.8205865, longitude=-96.871627}, version=1, billinggroupname=null}","2020-11-26 00:00:00.000"
"iot-device-03","1.5946042433438587E9","51.2","71.06","false","false","0.0081","0.0053","0.0216","2020-11-26T16:58:31.651+0000","{defaultclientid=iot-device-03, thingname=iot-device-03, thingid=877352b9-a35d-45d3-9c98-162d89965a13, thingarn=arn:aws:iot:us-east-1:507441099951:thing/iot-device-03, thingtypename=null, attributes={installed=1592562234, latitude=37.4133144, longitude=-122.1513069}, version=1, billinggroupname=null}","2020-11-26 00:00:00.000"
"iot-device-02","1.5946042435187414E9","59.7","79.16","true","false","0.0072","0.0046","0.0192","2020-11-26T16:58:31.968+0000","{defaultclientid=iot-device-02, thingname=iot-device-02, thingid=4ae4927a-aefb-4584-a45a-fc4839feffd6, thingarn=arn:aws:iot:us-east-1:507441099951:thing/iot-device-02, thingtypename=null, attributes={installed=1593361211, latitude=32.8205865, longitude=-96.871627}, version=1, billinggroupname=null}","2020-11-26 00:00:00.000"
"iot-device-03","1.5946042470315075E9","51.2","71.06","false","false","0.008","0.0053","0.0215","2020-11-26T16:58:32.258+0000","{defaultclientid=iot-device-03, thingname=iot-device-03, thingid=877352b9-a35d-45d3-9c98-162d89965a13, thingarn=arn:aws:iot:us-east-1:507441099951:thing/iot-device-03, thingtypename=null, attributes={installed=1592562234, latitude=37.4133144, longitude=-122.1513069}, version=1, billinggroupname=null}","2020-11-26 00:00:00.000"
"iot-device-02","1.5946042478547564E9","59.8","79.34","true","false","0.0072","0.0046","0.0192","2020-11-26T16:58:32.547+0000","{defaultclientid=iot-device-02, thingname=iot-device-02, thingid=4ae4927a-aefb-4584-a45a-fc4839feffd6, thingarn=arn:aws:iot:us-east-1:507441099951:thing/iot-device-02, thingtypename=null, attributes={installed=1593361211, latitude=32.8205865, longitude=-96.871627}, version=1, billinggroupname=null}","2020-11-26 00:00:00.000"
"iot-device-01","1.594604248952657E9","74.5","66.02","false","false","0.0107","0.0078","0.0291","2020-11-26T16:58:32.840+0000","{defaultclientid=iot-device-01, thingname=iot-device-01, thingid=983c2b68-f9a3-4e83-b3c6-9f6f8ad5431b, thingarn=arn:aws:iot:us-east-1:507441099951:thing/iot-device-01, thingtypename=null, attributes={installed=1594665292, latitude=37.4133144, longitude=-122.1513069}, version=1, billinggroupname=null}","2020-11-26 00:00:00.000"
"iot-device-03","1.5946043354535086E9","51.4","71.42","false","false","0.008","0.0053","0.0215","2020-11-26T16:58:48.180+0000","{defaultclientid=iot-device-03, thingname=iot-device-03, thingid=877352b9-a35d-45d3-9c98-162d89965a13, thingarn=arn:aws:iot:us-east-1:507441099951:thing/iot-device-03, thingtypename=null, attributes={installed=1592562234, latitude=37.4133144, longitude=-122.1513069}, version=1, billinggroupname=null}","2020-11-26 00:00:00.000"
"iot-device-02","1.5946043368390887E9","59.9","79.34","true","false","0.0072","0.0046","0.0191","2020-11-26T16:58:48.472+0000","{defaultclientid=iot-device-02, thingname=iot-device-02, thingid=4ae4927a-aefb-4584-a45a-fc4839feffd6, thingarn=arn:aws:iot:us-east-1:507441099951:thing/iot-device-02, thingtypename=null, attributes={installed=1593361211, latitude=32.8205865, longitude=-96.871627}, version=1, billinggroupname=null}","2020-11-26 00:00:00.000"
"iot-device-01","1.5946043370415075E9","74.5","60.44","false","false","0.0107","0.0078","0.0291","2020-11-26T16:58:48.759+0000","{defaultclientid=iot-device-01, thingname=iot-device-01, thingid=983c2b68-f9a3-4e83-b3c6-9f6f8ad5431b, thingarn=arn:aws:iot:us-east-1:507441099951:thing/iot-device-01, thingtypename=null, attributes={installed=1594665292, latitude=37.4133144, longitude=-122.1513069}, version=1, billinggroupname=null}","2020-11-26 00:00:00.000"
"iot-device-03","1.5946043391410453E9","51.5","71.42","false","false","0.0081","0.0053","0.0216","2020-11-26T16:58:49.122+0000","{defaultclientid=iot-device-03, thingname=iot-device-03, thingid=877352b9-a35d-45d3-9c98-162d89965a13, thingarn=arn:aws:iot:us-east-1:507441099951:thing/iot-device-03, thingtypename=null, attributes={installed=1592562234, latitude=37.4133144, longitude=-122.1513069}, version=1, billinggroupname=null}","2020-11-26 00:00:00.000"
"iot-device-03","1.5946043428285882E9","51.4","71.42","false","false","0.008","0.0053","0.0215","2020-11-26T16:58:49.446+0000","{defaultclientid=iot-device-03, thingname=iot-device-03, thingid=877352b9-a35d-45d3-9c98-162d89965a13, thingarn=arn:aws:iot:us-east-1:507441099951:thing/iot-device-03, thingtypename=null, attributes={installed=1592562234, latitude=37.4133144, longitude=-122.1513069}, version=1, billinggroupname=null}","2020-11-26 00:00:00.000"
"iot-device-01","1.5946043430097313E9","73.9","66.02","false","false","0.0104","0.0076","0.0283","2020-11-26T16:58:49.744+0000","{defaultclientid=iot-device-01, thingname=iot-device-01, thingid=983c2b68-f9a3-4e83-b3c6-9f6f8ad5431b, thingarn=arn:aws:iot:us-east-1:507441099951:thing/iot-device-01, thingtypename=null, attributes={installed=1594665292, latitude=37.4133144, longitude=-122.1513069}, version=1, billinggroupname=null}","2020-11-26 00:00:00.000"
"iot-device-03","1.5946043465163846E9","51.4","71.42","false","false","0.008","0.0053","0.0215","2020-11-26T16:58:50.045+0000","{defaultclientid=iot-device-03, thingname=iot-device-03, thingid=877352b9-a35d-45d3-9c98-162d89965a13, thingarn=arn:aws:iot:us-east-1:507441099951:thing/iot-device-03, thingtypename=null, attributes={installed=1592562234, latitude=37.4133144, longitude=-122.1513069}, version=1, billinggroupname=null}","2020-11-26 00:00:00.000"
"iot-device-02","1.5946043481799114E9","59.7","79.16","true","false","0.0072","0.0046","0.0192","2020-11-26T16:58:50.340+0000","{defaultclientid=iot-device-02, thingname=iot-device-02, thingid=4ae4927a-aefb-4584-a45a-fc4839feffd6, thingarn=arn:aws:iot:us-east-1:507441099951:thing/iot-device-02, thingtypename=null, attributes={installed=1593361211, latitude=32.8205865, longitude=-96.871627}, version=1, billinggroupname=null}","2020-11-26 00:00:00.000"
"iot-device-03","1.5946043502040994E9","51.3","71.42","false","false","0.008","0.0053","0.0215","2020-11-26T16:58:50.636+0000","{defaultclientid=iot-device-03, thingname=iot-device-03, thingid=877352b9-a35d-45d3-9c98-162d89965a13, thingarn=arn:aws:iot:us-east-1:507441099951:thing/iot-device-03, thingtypename=null, attributes={installed=1592562234, latitude=37.4133144, longitude=-122.1513069}, version=1, billinggroupname=null}","2020-11-26 00:00:00.000"
"iot-device-02","1.5946043519887252E9","59.7","79.16","true","false","0.0072","0.0046","0.0192","2020-11-26T16:58:50.941+0000","{defaultclientid=iot-device-02, thingname=iot-device-02, thingid=4ae4927a-aefb-4584-a45a-fc4839feffd6, thingarn=arn:aws:iot:us-east-1:507441099951:thing/iot-device-02, thingtypename=null, attributes={installed=1593361211, latitude=32.8205865, longitude=-96.871627}, version=1, billinggroupname=null}","2020-11-26 00:00:00.000"
"iot-device-02","1.594604303278099E9","59.8","79.16","true","false","0.0072","0.0046","0.0192","2020-11-26T16:58:42.146+0000","{defaultclientid=iot-device-02, thingname=iot-device-02, thingid=4ae4927a-aefb-4584-a45a-fc4839feffd6, thingarn=arn:aws:iot:us-east-1:507441099951:thing/iot-device-02, thingtypename=null, attributes={installed=1593361211, latitude=32.8205865, longitude=-96.871627}, version=1, billinggroupname=null}","2020-11-26 00:00:00.000"
"iot-device-01","1.5946043055396028E9","74.3","66.02","false","false","0.0107","0.0078","0.0291","2020-11-26T16:58:42.433+0000","{defaultclientid=iot-device-01, thingname=iot-device-01, thingid=983c2b68-f9a3-4e83-b3c6-9f6f8ad5431b, thingarn=arn:aws:iot:us-east-1:507441099951:thing/iot-device-01, thingtypename=null, attributes={installed=1594665292, latitude=37.4133144, longitude=-122.1513069}, version=1, billinggroupname=null}","2020-11-26 00:00:00.000"
"iot-device-03","1.5946043060339546E9","51.2","71.24","false","false","0.0081","0.0053","0.0216","2020-11-26T16:58:42.723+0000","{defaultclientid=iot-device-03, thingname=iot-device-03, thingid=877352b9-a35d-45d3-9c98-162d89965a13, thingarn=arn:aws:iot:us-east-1:507441099951:thing/iot-device-03, thingtypename=null, attributes={installed=1592562234, latitude=37.4133144, longitude=-122.1513069}, version=1, billinggroupname=null}","2020-11-26 00:00:00.000"
"iot-device-03","1.5946043097198956E9","51.2","71.42","false","false","0.0081","0.0053","0.0216","2020-11-26T16:58:43.011+0000","{defaultclientid=iot-device-03, thingname=iot-device-03, thingid=877352b9-a35d-45d3-9c98-162d89965a13, thingarn=arn:aws:iot:us-east-1:507441099951:thing/iot-device-03, thingtypename=null, attributes={installed=1592562234, latitude=37.4133144, longitude=-122.1513069}, version=1, billinggroupname=null}","2020-11-26 00:00:00.000"
"iot-device-01","1.59460431096552E9","74.3","66.02","false","false","0.0107","0.0078","0.0291","2020-11-26T16:58:43.298+0000","{defaultclientid=iot-device-01, thingname=iot-device-01, thingid=983c2b68-f9a3-4e83-b3c6-9f6f8ad5431b, thingarn=arn:aws:iot:us-east-1:507441099951:thing/iot-device-01, thingtypename=null, attributes={installed=1594665292, latitude=37.4133144, longitude=-122.1513069}, version=1, billinggroupname=null}","2020-11-26 00:00:00.000"
"iot-device-02","1.5946043124381685E9","59.6","79.16","true","false","0.0072","0.0046","0.0192","2020-11-26T16:58:43.589+0000","{defaultclientid=iot-device-02, thingname=iot-device-02, thingid=4ae4927a-aefb-4584-a45a-fc4839feffd6, thingarn=arn:aws:iot:us-east-1:507441099951:thing/iot-device-02, thingtypename=null, attributes={installed=1593361211, latitude=32.8205865, longitude=-96.871627}, version=1, billinggroupname=null}","2020-11-26 00:00:00.000"
"iot-device-03","1.5946043134059231E9","51.2","71.42","false","false","0.0081","0.0053","0.0216","2020-11-26T16:58:43.883+0000","{defaultclientid=iot-device-03, thingname=iot-device-03, thingid=877352b9-a35d-45d3-9c98-162d89965a13, thingarn=arn:aws:iot:us-east-1:507441099951:thing/iot-device-03, thingtypename=null, attributes={installed=1592562234, latitude=37.4133144, longitude=-122.1513069}, version=1, billinggroupname=null}","2020-11-26 00:00:00.000"
"iot-device-02","1.5946043162499785E9","59.6","79.16","true","false","0.0072","0.0046","0.0192","2020-11-26T16:58:44.173+0000","{defaultclientid=iot-device-02, thingname=iot-device-02, thingid=4ae4927a-aefb-4584-a45a-fc4839feffd6, thingarn=arn:aws:iot:us-east-1:507441099951:thing/iot-device-02, thingtypename=null, attributes={installed=1593361211, latitude=32.8205865, longitude=-96.871627}, version=1, billinggroupname=null}","2020-11-26 00:00:00.000"
"iot-device-01","1.5946043164032412E9","74.4","66.02","false","false","0.0107","0.0078","0.0291","2020-11-26T16:58:44.462+0000","{defaultclientid=iot-device-01, thingname=iot-device-01, thingid=983c2b68-f9a3-4e83-b3c6-9f6f8ad5431b, thingarn=arn:aws:iot:us-east-1:507441099951:thing/iot-device-01, thingtypename=null, attributes={installed=1594665292, latitude=37.4133144, longitude=-122.1513069}, version=1, billinggroupname=null}","2020-11-26 00:00:00.000"
"iot-device-03","1.5946043170920787E9","51.1","71.42","false","false","0.008","0.0053","0.0215","2020-11-26T16:58:44.842+0000","{defaultclientid=iot-device-03, thingname=iot-device-03, thingid=877352b9-a35d-45d3-9c98-162d89965a13, thingarn=arn:aws:iot:us-east-1:507441099951:thing/iot-device-03, thingtypename=null, attributes={installed=1592562234, latitude=37.4133144, longitude=-122.1513069}, version=1, billinggroupname=null}","2020-11-26 00:00:00.000"
"iot-device-03","1.5946042876044645E9","51.2","71.24","false","false","0.008","0.0053","0.0215","2020-11-26T16:58:38.984+0000","{defaultclientid=iot-device-03, thingname=iot-device-03, thingid=877352b9-a35d-45d3-9c98-162d89965a13, thingarn=arn:aws:iot:us-east-1:507441099951:thing/iot-device-03, thingtypename=null, attributes={installed=1592562234, latitude=37.4133144, longitude=-122.1513069}, version=1, billinggroupname=null}","2020-11-26 00:00:00.000"
"iot-device-01","1.594604289795113E9","74.3","66.02","false","false","0.0107","0.0078","0.0291","2020-11-26T16:58:39.271+0000","{defaultclientid=iot-device-01, thingname=iot-device-01, thingid=983c2b68-f9a3-4e83-b3c6-9f6f8ad5431b, thingarn=arn:aws:iot:us-east-1:507441099951:thing/iot-device-01, thingtypename=null, attributes={installed=1594665292, latitude=37.4133144, longitude=-122.1513069}, version=1, billinggroupname=null}","2020-11-26 00:00:00.000"
"iot-device-02","1.5946042908489773E9","59.8","79.34","true","false","0.0072","0.0046","0.0192","2020-11-26T16:58:39.562+0000","{defaultclientid=iot-device-02, thingname=iot-device-02, thingid=4ae4927a-aefb-4584-a45a-fc4839feffd6, thingarn=arn:aws:iot:us-east-1:507441099951:thing/iot-device-02, thingtypename=null, attributes={installed=1593361211, latitude=32.8205865, longitude=-96.871627}, version=1, billinggroupname=null}","2020-11-26 00:00:00.000"
"iot-device-03","1.5946042912918909E9","51.2","71.24","false","false","0.0081","0.0053","0.0216","2020-11-26T16:58:39.852+0000","{defaultclientid=iot-device-03, thingname=iot-device-03, thingid=877352b9-a35d-45d3-9c98-162d89965a13, thingarn=arn:aws:iot:us-east-1:507441099951:thing/iot-device-03, thingtypename=null, attributes={installed=1592562234, latitude=37.4133144, longitude=-122.1513069}, version=1, billinggroupname=null}","2020-11-26 00:00:00.000"
"iot-device-03","1.594604294977865E9","51.2","71.24","false","false","0.008","0.0053","0.0215","2020-11-26T16:58:40.159+0000","{defaultclientid=iot-device-03, thingname=iot-device-03, thingid=877352b9-a35d-45d3-9c98-162d89965a13, thingarn=arn:aws:iot:us-east-1:507441099951:thing/iot-device-03, thingtypename=null, attributes={installed=1592562234, latitude=37.4133144, longitude=-122.1513069}, version=1, billinggroupname=null}","2020-11-26 00:00:00.000"
"iot-device-01","1.5946042957592266E9","74.2","66.02","false","false","0.0105","0.0077","0.0286","2020-11-26T16:58:40.465+0000","{defaultclientid=iot-device-01, thingname=iot-device-01, thingid=983c2b68-f9a3-4e83-b3c6-9f6f8ad5431b, thingarn=arn:aws:iot:us-east-1:507441099951:thing/iot-device-01, thingtypename=null, attributes={installed=1594665292, latitude=37.4133144, longitude=-122.1513069}, version=1, billinggroupname=null}","2020-11-26 00:00:00.000"
"iot-device-02","1.5946042984024315E9","59.7","79.16","true","false","0.0072","0.0046","0.0192","2020-11-26T16:58:40.832+0000","{defaultclientid=iot-device-02, thingname=iot-device-02, thingid=4ae4927a-aefb-4584-a45a-fc4839feffd6, thingarn=arn:aws:iot:us-east-1:507441099951:thing/iot-device-02, thingtypename=null, attributes={installed=1593361211, latitude=32.8205865, longitude=-96.871627}, version=1, billinggroupname=null}","2020-11-26 00:00:00.000"
"iot-device-03","1.5946042986639726E9","51.3","71.42","false","false","0.008","0.0053","0.0215","2020-11-26T16:58:41.251+0000","{defaultclientid=iot-device-03, thingname=iot-device-03, thingid=877352b9-a35d-45d3-9c98-162d89965a13, thingarn=arn:aws:iot:us-east-1:507441099951:thing/iot-device-03, thingtypename=null, attributes={installed=1592562234, latitude=37.4133144, longitude=-122.1513069}, version=1, billinggroupname=null}","2020-11-26 00:00:00.000"
"iot-device-01","1.594604300111339E9","74.3","66.02","false","false","0.0107","0.0078","0.0291","2020-11-26T16:58:41.558+0000","{defaultclientid=iot-device-01, thingname=iot-device-01, thingid=983c2b68-f9a3-4e83-b3c6-9f6f8ad5431b, thingarn=arn:aws:iot:us-east-1:507441099951:thing/iot-device-01, thingtypename=null, attributes={installed=1594665292, latitude=37.4133144, longitude=-122.1513069}, version=1, billinggroupname=null}","2020-11-26 00:00:00.000"
"iot-device-03","1.5946043023498955E9","51.3","71.42","false","false","0.008","0.0053","0.0215","2020-11-26T16:58:41.849+0000","{defaultclientid=iot-device-03, thingname=iot-device-03, thingid=877352b9-a35d-45d3-9c98-162d89965a13, thingarn=arn:aws:iot:us-east-1:507441099951:thing/iot-device-03, thingtypename=null, attributes={installed=1592562234, latitude=37.4133144, longitude=-122.1513069}, version=1, billinggroupname=null}","2020-11-26 00:00:00.000"
"iot-device-03","1.5946042507184458E9","51.2","71.06","false","false","0.008","0.0053","0.0215","2020-11-26T16:58:33.126+0000","{defaultclientid=iot-device-03, thingname=iot-device-03, thingid=877352b9-a35d-45d3-9c98-162d89965a13, thingarn=arn:aws:iot:us-east-1:507441099951:thing/iot-device-03, thingtypename=null, attributes={installed=1592562234, latitude=37.4133144, longitude=-122.1513069}, version=1, billinggroupname=null}","2020-11-26 00:00:00.000"
"iot-device-02","1.594604252196919E9","59.8","79.34","true","false","0.0072","0.0046","0.0192","2020-11-26T16:58:33.431+0000","{defaultclientid=iot-device-02, thingname=iot-device-02, thingid=4ae4927a-aefb-4584-a45a-fc4839feffd6, thingarn=arn:aws:iot:us-east-1:507441099951:thing/iot-device-02, thingtypename=null, attributes={installed=1593361211, latitude=32.8205865, longitude=-96.871627}, version=1, billinggroupname=null}","2020-11-26 00:00:00.000"
"iot-device-01","1.5946042527682936E9","74.5","66.02","false","false","0.0107","0.0078","0.0291","2020-11-26T16:58:33.733+0000","{defaultclientid=iot-device-01, thingname=iot-device-01, thingid=983c2b68-f9a3-4e83-b3c6-9f6f8ad5431b, thingarn=arn:aws:iot:us-east-1:507441099951:thing/iot-device-01, thingtypename=null, attributes={installed=1594665292, latitude=37.4133144, longitude=-122.1513069}, version=1, billinggroupname=null}","2020-11-26 00:00:00.000"
"iot-device-03","1.5946042544061208E9","51.2","71.24","false","false","0.0081","0.0053","0.0216","2020-11-26T16:58:34.021+0000","{defaultclientid=iot-device-03, thingname=iot-device-03, thingid=877352b9-a35d-45d3-9c98-162d89965a13, thingarn=arn:aws:iot:us-east-1:507441099951:thing/iot-device-03, thingtypename=null, attributes={installed=1592562234, latitude=37.4133144, longitude=-122.1513069}, version=1, billinggroupname=null}","2020-11-26 00:00:00.000"
"iot-device-02","1.5946042565452735E9","59.7","79.16","true","false","0.0072","0.0046","0.0192","2020-11-26T16:58:34.332+0000","{defaultclientid=iot-device-02, thingname=iot-device-02, thingid=4ae4927a-aefb-4584-a45a-fc4839feffd6, thingarn=arn:aws:iot:us-east-1:507441099951:thing/iot-device-02, thingtypename=null, attributes={installed=1593361211, latitude=32.8205865, longitude=-96.871627}, version=1, billinggroupname=null}","2020-11-26 00:00:00.000"
"iot-device-03","1.594604258093749E9","51.2","71.24","false","false","0.0081","0.0053","0.0216","2020-11-26T16:58:34.617+0000","{defaultclientid=iot-device-03, thingname=iot-device-03, thingid=877352b9-a35d-45d3-9c98-162d89965a13, thingarn=arn:aws:iot:us-east-1:507441099951:thing/iot-device-03, thingtypename=null, attributes={installed=1592562234, latitude=37.4133144, longitude=-122.1513069}, version=1, billinggroupname=null}","2020-11-26 00:00:00.000"
"iot-device-03","1.5946042617811196E9","51.2","71.24","false","false","0.0081","0.0053","0.0216","2020-11-26T16:58:34.907+0000","{defaultclientid=iot-device-03, thingname=iot-device-03, thingid=877352b9-a35d-45d3-9c98-162d89965a13, thingarn=arn:aws:iot:us-east-1:507441099951:thing/iot-device-03, thingtypename=null, attributes={installed=1592562234, latitude=37.4133144, longitude=-122.1513069}, version=1, billinggroupname=null}","2020-11-26 00:00:00.000"
"iot-device-03","1.5946042654782715E9","51.3","71.24","false","false","0.0081","0.0053","0.0216","2020-11-26T16:58:35.199+0000","{defaultclientid=iot-device-03, thingname=iot-device-03, thingid=877352b9-a35d-45d3-9c98-162d89965a13, thingarn=arn:aws:iot:us-east-1:507441099951:thing/iot-device-03, thingtypename=null, attributes={installed=1592562234, latitude=37.4133144, longitude=-122.1513069}, version=1, billinggroupname=null}","2020-11-26 00:00:00.000"
"iot-device-01","1.59460426651796E9","74.3","66.02","false","false","0.0107","0.0078","0.0291","2020-11-26T16:58:35.478+0000","{defaultclientid=iot-device-01, thingname=iot-device-01, thingid=983c2b68-f9a3-4e83-b3c6-9f6f8ad5431b, thingarn=arn:aws:iot:us-east-1:507441099951:thing/iot-device-01, thingtypename=null, attributes={installed=1594665292, latitude=37.4133144, longitude=-122.1513069}, version=1, billinggroupname=null}","2020-11-26 00:00:00.000"
"iot-device-03","1.5946042691662436E9","51.2","71.24","false","false","0.0081","0.0053","0.0216","2020-11-26T16:58:35.779+0000","{defaultclientid=iot-device-03, thingname=iot-device-03, thingid=877352b9-a35d-45d3-9c98-162d89965a13, thingarn=arn:aws:iot:us-east-1:507441099951:thing/iot-device-03, thingtypename=null, attributes={installed=1592562234, latitude=37.4133144, longitude=-122.1513069}, version=1, billinggroupname=null}","2020-11-26 00:00:00.000"
"iot-device-01","1.5946043703316672E9","74.4","66.2","false","false","0.0105","0.0077","0.0286","2020-11-26T16:58:54.154+0000","{defaultclientid=iot-device-01, thingname=iot-device-01, thingid=983c2b68-f9a3-4e83-b3c6-9f6f8ad5431b, thingarn=arn:aws:iot:us-east-1:507441099951:thing/iot-device-01, thingtypename=null, attributes={installed=1594665292, latitude=37.4133144, longitude=-122.1513069}, version=1, billinggroupname=null}","2020-11-26 00:00:00.000"
"iot-device-03","1.5946043723152099E9","51.2","71.42","false","false","0.008","0.0053","0.0215","2020-11-26T16:58:54.436+0000","{defaultclientid=iot-device-03, thingname=iot-device-03, thingid=877352b9-a35d-45d3-9c98-162d89965a13, thingarn=arn:aws:iot:us-east-1:507441099951:thing/iot-device-03, thingtypename=null, attributes={installed=1592562234, latitude=37.4133144, longitude=-122.1513069}, version=1, billinggroupname=null}","2020-11-26 00:00:00.000"
"iot-device-03","1.5946043760002694E9","51.2","71.6","false","false","0.0081","0.0053","0.0216","2020-11-26T16:58:54.730+0000","{defaultclientid=iot-device-03, thingname=iot-device-03, thingid=877352b9-a35d-45d3-9c98-162d89965a13, thingarn=arn:aws:iot:us-east-1:507441099951:thing/iot-device-03, thingtypename=null, attributes={installed=1592562234, latitude=37.4133144, longitude=-122.1513069}, version=1, billinggroupname=null}","2020-11-26 00:00:00.000"
"iot-device-02","1.594604376323738E9","59.7","79.16","true","false","0.0072","0.0046","0.0192","2020-11-26T16:58:55.021+0000","{defaultclientid=iot-device-02, thingname=iot-device-02, thingid=4ae4927a-aefb-4584-a45a-fc4839feffd6, thingarn=arn:aws:iot:us-east-1:507441099951:thing/iot-device-02, thingtypename=null, attributes={installed=1593361211, latitude=32.8205865, longitude=-96.871627}, version=1, billinggroupname=null}","2020-11-26 00:00:00.000"
"iot-device-01","1.5946043779081507E9","74.3","66.02","false","false","0.0107","0.0078","0.0291","2020-11-26T16:58:55.315+0000","{defaultclientid=iot-device-01, thingname=iot-device-01, thingid=983c2b68-f9a3-4e83-b3c6-9f6f8ad5431b, thingarn=arn:aws:iot:us-east-1:507441099951:thing/iot-device-01, thingtypename=null, attributes={installed=1594665292, latitude=37.4133144, longitude=-122.1513069}, version=1, billinggroupname=null}","2020-11-26 00:00:00.000"
"iot-device-03","1.5946043796844034E9","51.2","71.6","false","false","0.008","0.0053","0.0215","2020-11-26T16:58:55.601+0000","{defaultclientid=iot-device-03, thingname=iot-device-03, thingid=877352b9-a35d-45d3-9c98-162d89965a13, thingarn=arn:aws:iot:us-east-1:507441099951:thing/iot-device-03, thingtypename=null, attributes={installed=1592562234, latitude=37.4133144, longitude=-122.1513069}, version=1, billinggroupname=null}","2020-11-26 00:00:00.000"
"iot-device-01","1.5946043822598453E9","74.4","66.2","false","false","0.0107","0.0078","0.0291","2020-11-26T16:58:55.888+0000","{defaultclientid=iot-device-01, thingname=iot-device-01, thingid=983c2b68-f9a3-4e83-b3c6-9f6f8ad5431b, thingarn=arn:aws:iot:us-east-1:507441099951:thing/iot-device-01, thingtypename=null, attributes={installed=1594665292, latitude=37.4133144, longitude=-122.1513069}, version=1, billinggroupname=null}","2020-11-26 00:00:00.000"
"iot-device-02","1.5946043822686818E9","59.7","79.16","true","false","0.0072","0.0046","0.0192","2020-11-26T16:58:56.170+0000","{defaultclientid=iot-device-02, thingname=iot-device-02, thingid=4ae4927a-aefb-4584-a45a-fc4839feffd6, thingarn=arn:aws:iot:us-east-1:507441099951:thing/iot-device-02, thingtypename=null, attributes={installed=1593361211, latitude=32.8205865, longitude=-96.871627}, version=1, billinggroupname=null}","2020-11-26 00:00:00.000"
"iot-device-03","1.5946043833705115E9","51.2","71.6","false","false","0.008","0.0053","0.0215","2020-11-26T16:58:56.458+0000","{defaultclientid=iot-device-03, thingname=iot-device-03, thingid=877352b9-a35d-45d3-9c98-162d89965a13, thingarn=arn:aws:iot:us-east-1:507441099951:thing/iot-device-03, thingtypename=null, attributes={installed=1592562234, latitude=37.4133144, longitude=-122.1513069}, version=1, billinggroupname=null}","2020-11-26 00:00:00.000"
"iot-device-03","1.5946043870563428E9","51.2","71.6","false","false","0.008","0.0053","0.0215","2020-11-26T16:58:56.739+0000","{defaultclientid=iot-device-03, thingname=iot-device-03, thingid=877352b9-a35d-45d3-9c98-162d89965a13, thingarn=arn:aws:iot:us-east-1:507441099951:thing/iot-device-03, thingtypename=null, attributes={installed=1592562234, latitude=37.4133144, longitude=-122.1513069}, version=1, billinggroupname=null}","2020-11-26 00:00:00.000"
"iot-device-03","1.5946430523820188E9","52.8","71.24","false","false","0.0078","0.0051","0.0208","2020-11-26T17:23:36.130+0000","{defaultclientid=iot-device-03, thingname=iot-device-03, thingid=877352b9-a35d-45d3-9c98-162d89965a13, thingarn=arn:aws:iot:us-east-1:507441099951:thing/iot-device-03, thingtypename=null, attributes={installed=1592562234, latitude=37.4133144, longitude=-122.1513069}, version=1, billinggroupname=null}","2020-11-26 00:00:00.000"
"iot-device-03","1.5946430560677385E9","52.8","71.24","false","false","0.0078","0.0051","0.0209","2020-11-26T17:23:36.420+0000","{defaultclientid=iot-device-03, thingname=iot-device-03, thingid=877352b9-a35d-45d3-9c98-162d89965a13, thingarn=arn:aws:iot:us-east-1:507441099951:thing/iot-device-03, thingtypename=null, attributes={installed=1592562234, latitude=37.4133144, longitude=-122.1513069}, version=1, billinggroupname=null}","2020-11-26 00:00:00.000"
"iot-device-01","1.5946430562579E9","76.1","67.46","false","false","0.0062","0.0037","0.0164","2020-11-26T17:23:36.720+0000","{defaultclientid=iot-device-01, thingname=iot-device-01, thingid=983c2b68-f9a3-4e83-b3c6-9f6f8ad5431b, thingarn=arn:aws:iot:us-east-1:507441099951:thing/iot-device-01, thingtypename=null, attributes={installed=1594665292, latitude=37.4133144, longitude=-122.1513069}, version=1, billinggroupname=null}","2020-11-26 00:00:00.000"
"iot-device-02","1.5946430573690536E9","60.0","74.48","true","false","0.007","0.0044","0.0186","2020-11-26T17:23:37.008+0000","{defaultclientid=iot-device-02, thingname=iot-device-02, thingid=4ae4927a-aefb-4584-a45a-fc4839feffd6, thingarn=arn:aws:iot:us-east-1:507441099951:thing/iot-device-02, thingtypename=null, attributes={installed=1593361211, latitude=32.8205865, longitude=-96.871627}, version=1, billinggroupname=null}","2020-11-26 00:00:00.000"
"iot-device-03","1.5946430597539766E9","52.8","71.24","false","false","0.0078","0.0051","0.0209","2020-11-26T17:23:37.302+0000","{defaultclientid=iot-device-03, thingname=iot-device-03, thingid=877352b9-a35d-45d3-9c98-162d89965a13, thingarn=arn:aws:iot:us-east-1:507441099951:thing/iot-device-03, thingtypename=null, attributes={installed=1592562234, latitude=37.4133144, longitude=-122.1513069}, version=1, billinggroupname=null}","2020-11-26 00:00:00.000"
"iot-device-02","1.5946430622430766E9","59.9","74.48","true","false","0.007","0.0044","0.0185","2020-11-26T17:23:37.591+0000","{defaultclientid=iot-device-02, thingname=iot-device-02, thingid=4ae4927a-aefb-4584-a45a-fc4839feffd6, thingarn=arn:aws:iot:us-east-1:507441099951:thing/iot-device-02, thingtypename=null, attributes={installed=1593361211, latitude=32.8205865, longitude=-96.871627}, version=1, billinggroupname=null}","2020-11-26 00:00:00.000"
"iot-device-01","1.594643062756718E9","76.0","67.28","false","false","0.0061","0.0037","0.0161","2020-11-26T17:23:37.881+0000","{defaultclientid=iot-device-01, thingname=iot-device-01, thingid=983c2b68-f9a3-4e83-b3c6-9f6f8ad5431b, thingarn=arn:aws:iot:us-east-1:507441099951:thing/iot-device-01, thingtypename=null, attributes={installed=1594665292, latitude=37.4133144, longitude=-122.1513069}, version=1, billinggroupname=null}","2020-11-26 00:00:00.000"
"iot-device-03","1.594643063442183E9","52.8","71.24","false","false","0.0078","0.0051","0.0208","2020-11-26T17:23:38.177+0000","{defaultclientid=iot-device-03, thingname=iot-device-03, thingid=877352b9-a35d-45d3-9c98-162d89965a13, thingarn=arn:aws:iot:us-east-1:507441099951:thing/iot-device-03, thingtypename=null, attributes={installed=1592562234, latitude=37.4133144, longitude=-122.1513069}, version=1, billinggroupname=null}","2020-11-26 00:00:00.000"
"iot-device-02","1.594643066586284E9","60.0","74.48","true","false","0.007","0.0044","0.0186","2020-11-26T17:23:38.470+0000","{defaultclientid=iot-device-02, thingname=iot-device-02, thingid=4ae4927a-aefb-4584-a45a-fc4839feffd6, thingarn=arn:aws:iot:us-east-1:507441099951:thing/iot-device-02, thingtypename=null, attributes={installed=1593361211, latitude=32.8205865, longitude=-96.871627}, version=1, billinggroupname=null}","2020-11-26 00:00:00.000"
"iot-device-03","1.5946430671300552E9","52.8","71.24","false","false","0.0078","0.0051","0.0209","2020-11-26T17:23:38.763+0000","{defaultclientid=iot-device-03, thingname=iot-device-03, thingid=877352b9-a35d-45d3-9c98-162d89965a13, thingarn=arn:aws:iot:us-east-1:507441099951:thing/iot-device-03, thingtypename=null, attributes={installed=1592562234, latitude=37.4133144, longitude=-122.1513069}, version=1, billinggroupname=null}","2020-11-26 00:00:00.000"
"iot-device-03","1.5946430376266286E9","52.8","71.24","false","false","0.0078","0.0051","0.0209","2020-11-26T17:23:33.190+0000","{defaultclientid=iot-device-03, thingname=iot-device-03, thingid=877352b9-a35d-45d3-9c98-162d89965a13, thingarn=arn:aws:iot:us-east-1:507441099951:thing/iot-device-03, thingtypename=null, attributes={installed=1592562234, latitude=37.4133144, longitude=-122.1513069}, version=1, billinggroupname=null}","2020-11-26 00:00:00.000"
"iot-device-01","1.5946430377714574E9","76.3","67.46","false","false","0.0062","0.0037","0.0164","2020-11-26T17:23:33.480+0000","{defaultclientid=iot-device-01, thingname=iot-device-01, thingid=983c2b68-f9a3-4e83-b3c6-9f6f8ad5431b, thingarn=arn:aws:iot:us-east-1:507441099951:thing/iot-device-01, thingtypename=null, attributes={installed=1594665292, latitude=37.4133144, longitude=-122.1513069}, version=1, billinggroupname=null}","2020-11-26 00:00:00.000"
"iot-device-02","1.5946430394993243E9","59.9","74.48","true","false","0.007","0.0044","0.0186","2020-11-26T17:23:33.781+0000","{defaultclientid=iot-device-02, thingname=iot-device-02, thingid=4ae4927a-aefb-4584-a45a-fc4839feffd6, thingarn=arn:aws:iot:us-east-1:507441099951:thing/iot-device-02, thingtypename=null, attributes={installed=1593361211, latitude=32.8205865, longitude=-96.871627}, version=1, billinggroupname=null}","2020-11-26 00:00:00.000"
"iot-device-03","1.594643041321066E9","52.8","71.24","false","false","0.0078","0.0051","0.0208","2020-11-26T17:23:34.068+0000","{defaultclientid=iot-device-03, thingname=iot-device-03, thingid=877352b9-a35d-45d3-9c98-162d89965a13, thingarn=arn:aws:iot:us-east-1:507441099951:thing/iot-device-03, thingtypename=null, attributes={installed=1592562234, latitude=37.4133144, longitude=-122.1513069}, version=1, billinggroupname=null}","2020-11-26 00:00:00.000"
"iot-device-03","1.5946430450077972E9","52.8","71.24","false","false","0.0078","0.0051","0.0209","2020-11-26T17:23:34.360+0000","{defaultclientid=iot-device-03, thingname=iot-device-03, thingid=877352b9-a35d-45d3-9c98-162d89965a13, thingarn=arn:aws:iot:us-east-1:507441099951:thing/iot-device-03, thingtypename=null, attributes={installed=1592562234, latitude=37.4133144, longitude=-122.1513069}, version=1, billinggroupname=null}","2020-11-26 00:00:00.000"
"iot-device-01","1.5946430453510091E9","76.0","67.28","false","false","0.0062","0.0037","0.0164","2020-11-26T17:23:34.657+0000","{defaultclientid=iot-device-01, thingname=iot-device-01, thingid=983c2b68-f9a3-4e83-b3c6-9f6f8ad5431b, thingarn=arn:aws:iot:us-east-1:507441099951:thing/iot-device-01, thingtypename=null, attributes={installed=1594665292, latitude=37.4133144, longitude=-122.1513069}, version=1, billinggroupname=null}","2020-11-26 00:00:00.000"
"iot-device-02","1.594643046009066E9","60.4","74.48","true","false","0.0071","0.0045","0.0188","2020-11-26T17:23:34.949+0000","{defaultclientid=iot-device-02, thingname=iot-device-02, thingid=4ae4927a-aefb-4584-a45a-fc4839feffd6, thingarn=arn:aws:iot:us-east-1:507441099951:thing/iot-device-02, thingtypename=null, attributes={installed=1593361211, latitude=32.8205865, longitude=-96.871627}, version=1, billinggroupname=null}","2020-11-26 00:00:00.000"
"iot-device-03","1.5946430486944938E9","52.8","71.24","false","false","0.0078","0.0051","0.0209","2020-11-26T17:23:35.249+0000","{defaultclientid=iot-device-03, thingname=iot-device-03, thingid=877352b9-a35d-45d3-9c98-162d89965a13, thingarn=arn:aws:iot:us-east-1:507441099951:thing/iot-device-03, thingtypename=null, attributes={installed=1592562234, latitude=37.4133144, longitude=-122.1513069}, version=1, billinggroupname=null}","2020-11-26 00:00:00.000"
"iot-device-01","1.5946430519069574E9","76.1","67.46","true","false","0.0062","0.0037","0.0164","2020-11-26T17:23:35.550+0000","{defaultclientid=iot-device-01, thingname=iot-device-01, thingid=983c2b68-f9a3-4e83-b3c6-9f6f8ad5431b, thingarn=arn:aws:iot:us-east-1:507441099951:thing/iot-device-01, thingtypename=null, attributes={installed=1594665292, latitude=37.4133144, longitude=-122.1513069}, version=1, billinggroupname=null}","2020-11-26 00:00:00.000"
"iot-device-02","1.5946430519568567E9","59.9","74.48","true","false","0.007","0.0044","0.0186","2020-11-26T17:23:35.840+0000","{defaultclientid=iot-device-02, thingname=iot-device-02, thingid=4ae4927a-aefb-4584-a45a-fc4839feffd6, thingarn=arn:aws:iot:us-east-1:507441099951:thing/iot-device-02, thingtypename=null, attributes={installed=1593361211, latitude=32.8205865, longitude=-96.871627}, version=1, billinggroupname=null}","2020-11-26 00:00:00.000"
"iot-device-01","1.5946431014899766E9","76.3","67.46","false","false","0.0062","0.0037","0.0164","2020-11-26T17:23:44.919+0000","{defaultclientid=iot-device-01, thingname=iot-device-01, thingid=983c2b68-f9a3-4e83-b3c6-9f6f8ad5431b, thingarn=arn:aws:iot:us-east-1:507441099951:thing/iot-device-01, thingtypename=null, attributes={installed=1594665292, latitude=37.4133144, longitude=-122.1513069}, version=1, billinggroupname=null}","2020-11-26 00:00:00.000"
"iot-device-03","1.594643103945776E9","52.9","71.24","false","false","0.0078","0.0051","0.0209","2020-11-26T17:23:45.209+0000","{defaultclientid=iot-device-03, thingname=iot-device-03, thingid=877352b9-a35d-45d3-9c98-162d89965a13, thingarn=arn:aws:iot:us-east-1:507441099951:thing/iot-device-03, thingtypename=null, attributes={installed=1592562234, latitude=37.4133144, longitude=-122.1513069}, version=1, billinggroupname=null}","2020-11-26 00:00:00.000"
"iot-device-01","1.5946431053055162E9","76.2","67.28","false","false","0.0062","0.0037","0.0164","2020-11-26T17:23:45.503+0000","{defaultclientid=iot-device-01, thingname=iot-device-01, thingid=983c2b68-f9a3-4e83-b3c6-9f6f8ad5431b, thingarn=arn:aws:iot:us-east-1:507441099951:thing/iot-device-01, thingtypename=null, attributes={installed=1594665292, latitude=37.4133144, longitude=-122.1513069}, version=1, billinggroupname=null}","2020-11-26 00:00:00.000"
"iot-device-02","1.5946431061057215E9","60.0","74.48","true","false","0.007","0.0044","0.0186","2020-11-26T17:23:45.791+0000","{defaultclientid=iot-device-02, thingname=iot-device-02, thingid=4ae4927a-aefb-4584-a45a-fc4839feffd6, thingarn=arn:aws:iot:us-east-1:507441099951:thing/iot-device-02, thingtypename=null, attributes={installed=1593361211, latitude=32.8205865, longitude=-96.871627}, version=1, billinggroupname=null}","2020-11-26 00:00:00.000"
"iot-device-03","1.5946431076325526E9","52.9","71.24","false","false","0.0078","0.0051","0.0208","2020-11-26T17:23:46.089+0000","{defaultclientid=iot-device-03, thingname=iot-device-03, thingid=877352b9-a35d-45d3-9c98-162d89965a13, thingarn=arn:aws:iot:us-east-1:507441099951:thing/iot-device-03, thingtypename=null, attributes={installed=1592562234, latitude=37.4133144, longitude=-122.1513069}, version=1, billinggroupname=null}","2020-11-26 00:00:00.000"
"iot-device-01","1.594643109659224E9","76.7","67.28","false","false","0.0062","0.0037","0.0164","2020-11-26T17:23:46.390+0000","{defaultclientid=iot-device-01, thingname=iot-device-01, thingid=983c2b68-f9a3-4e83-b3c6-9f6f8ad5431b, thingarn=arn:aws:iot:us-east-1:507441099951:thing/iot-device-01, thingtypename=null, attributes={installed=1594665292, latitude=37.4133144, longitude=-122.1513069}, version=1, billinggroupname=null}","2020-11-26 00:00:00.000"
"iot-device-02","1.5946431099185855E9","60.0","74.48","true","false","0.007","0.0044","0.0186","2020-11-26T17:23:46.674+0000","{defaultclientid=iot-device-02, thingname=iot-device-02, thingid=4ae4927a-aefb-4584-a45a-fc4839feffd6, thingarn=arn:aws:iot:us-east-1:507441099951:thing/iot-device-02, thingtypename=null, attributes={installed=1593361211, latitude=32.8205865, longitude=-96.871627}, version=1, billinggroupname=null}","2020-11-26 00:00:00.000"
"iot-device-03","1.5946431112175286E9","52.9","71.24","false","false","0.0078","0.0051","0.0208","2020-11-26T17:23:46.961+0000","{defaultclientid=iot-device-03, thingname=iot-device-03, thingid=877352b9-a35d-45d3-9c98-162d89965a13, thingarn=arn:aws:iot:us-east-1:507441099951:thing/iot-device-03, thingtypename=null, attributes={installed=1592562234, latitude=37.4133144, longitude=-122.1513069}, version=1, billinggroupname=null}","2020-11-26 00:00:00.000"
"iot-device-01","1.5946431140245626E9","76.4","67.46","false","false","0.0062","0.0037","0.0164","2020-11-26T17:23:47.259+0000","{defaultclientid=iot-device-01, thingname=iot-device-01, thingid=983c2b68-f9a3-4e83-b3c6-9f6f8ad5431b, thingarn=arn:aws:iot:us-east-1:507441099951:thing/iot-device-01, thingtypename=null, attributes={installed=1594665292, latitude=37.4133144, longitude=-122.1513069}, version=1, billinggroupname=null}","2020-11-26 00:00:00.000"
"iot-device-03","1.5946431149052687E9","52.9","71.24","false","false","0.0078","0.0051","0.0209","2020-11-26T17:23:47.550+0000","{defaultclientid=iot-device-03, thingname=iot-device-03, thingid=877352b9-a35d-45d3-9c98-162d89965a13, thingarn=arn:aws:iot:us-east-1:507441099951:thing/iot-device-03, thingtypename=null, attributes={installed=1592562234, latitude=37.4133144, longitude=-122.1513069}, version=1, billinggroupname=null}","2020-11-26 00:00:00.000"
"iot-device-01","1.5946430844593582E9","76.2","67.28","false","false","0.0062","0.0037","0.0163","2020-11-26T17:23:41.969+0000","{defaultclientid=iot-device-01, thingname=iot-device-01, thingid=983c2b68-f9a3-4e83-b3c6-9f6f8ad5431b, thingarn=arn:aws:iot:us-east-1:507441099951:thing/iot-device-01, thingtypename=null, attributes={installed=1594665292, latitude=37.4133144, longitude=-122.1513069}, version=1, billinggroupname=null}","2020-11-26 00:00:00.000"
"iot-device-03","1.5946430855658884E9","52.2","71.24","false","false","0.0078","0.0051","0.021","2020-11-26T17:23:42.263+0000","{defaultclientid=iot-device-03, thingname=iot-device-03, thingid=877352b9-a35d-45d3-9c98-162d89965a13, thingarn=arn:aws:iot:us-east-1:507441099951:thing/iot-device-03, thingtypename=null, attributes={installed=1592562234, latitude=37.4133144, longitude=-122.1513069}, version=1, billinggroupname=null}","2020-11-26 00:00:00.000"
"iot-device-02","1.5946430866260376E9","60.0","74.48","true","false","0.007","0.0044","0.0185","2020-11-26T17:23:42.550+0000","{defaultclientid=iot-device-02, thingname=iot-device-02, thingid=4ae4927a-aefb-4584-a45a-fc4839feffd6, thingarn=arn:aws:iot:us-east-1:507441099951:thing/iot-device-02, thingtypename=null, attributes={installed=1593361211, latitude=32.8205865, longitude=-96.871627}, version=1, billinggroupname=null}","2020-11-26 00:00:00.000"
"iot-device-03","1.59464308926826E9","52.9","71.24","false","false","0.0078","0.0051","0.0209","2020-11-26T17:23:42.851+0000","{defaultclientid=iot-device-03, thingname=iot-device-03, thingid=877352b9-a35d-45d3-9c98-162d89965a13, thingarn=arn:aws:iot:us-east-1:507441099951:thing/iot-device-03, thingtypename=null, attributes={installed=1592562234, latitude=37.4133144, longitude=-122.1513069}, version=1, billinggroupname=null}","2020-11-26 00:00:00.000"
"iot-device-03","1.594643092955461E9","52.9","71.24","false","false","0.0078","0.0051","0.0209","2020-11-26T17:23:43.150+0000","{defaultclientid=iot-device-03, thingname=iot-device-03, thingid=877352b9-a35d-45d3-9c98-162d89965a13, thingarn=arn:aws:iot:us-east-1:507441099951:thing/iot-device-03, thingtypename=null, attributes={installed=1592562234, latitude=37.4133144, longitude=-122.1513069}, version=1, billinggroupname=null}","2020-11-26 00:00:00.000"
"iot-device-02","1.5946430952361605E9","60.0","74.48","true","false","0.007","0.0044","0.0185","2020-11-26T17:23:43.439+0000","{defaultclientid=iot-device-02, thingname=iot-device-02, thingid=4ae4927a-aefb-4584-a45a-fc4839feffd6, thingarn=arn:aws:iot:us-east-1:507441099951:thing/iot-device-02, thingtypename=null, attributes={installed=1593361211, latitude=32.8205865, longitude=-96.871627}, version=1, billinggroupname=null}","2020-11-26 00:00:00.000"
"iot-device-03","1.594643096553476E9","52.9","71.24","false","false","0.0078","0.0051","0.0209","2020-11-26T17:23:43.734+0000","{defaultclientid=iot-device-03, thingname=iot-device-03, thingid=877352b9-a35d-45d3-9c98-162d89965a13, thingarn=arn:aws:iot:us-east-1:507441099951:thing/iot-device-03, thingtypename=null, attributes={installed=1592562234, latitude=37.4133144, longitude=-122.1513069}, version=1, billinggroupname=null}","2020-11-26 00:00:00.000"
"iot-device-01","1.5946430966030748E9","76.2","67.28","false","false","0.0062","0.0037","0.0164","2020-11-26T17:23:44.039+0000","{defaultclientid=iot-device-01, thingname=iot-device-01, thingid=983c2b68-f9a3-4e83-b3c6-9f6f8ad5431b, thingarn=arn:aws:iot:us-east-1:507441099951:thing/iot-device-01, thingtypename=null, attributes={installed=1594665292, latitude=37.4133144, longitude=-122.1513069}, version=1, billinggroupname=null}","2020-11-26 00:00:00.000"
"iot-device-02","1.5946430995829375E9","60.0","74.48","true","false","0.007","0.0044","0.0185","2020-11-26T17:23:44.337+0000","{defaultclientid=iot-device-02, thingname=iot-device-02, thingid=4ae4927a-aefb-4584-a45a-fc4839feffd6, thingarn=arn:aws:iot:us-east-1:507441099951:thing/iot-device-02, thingtypename=null, attributes={installed=1593361211, latitude=32.8205865, longitude=-96.871627}, version=1, billinggroupname=null}","2020-11-26 00:00:00.000"
"iot-device-03","1.5946431002582116E9","52.9","71.24","false","false","0.0078","0.0051","0.0208","2020-11-26T17:23:44.621+0000","{defaultclientid=iot-device-03, thingname=iot-device-03, thingid=877352b9-a35d-45d3-9c98-162d89965a13, thingarn=arn:aws:iot:us-east-1:507441099951:thing/iot-device-03, thingtypename=null, attributes={installed=1592562234, latitude=37.4133144, longitude=-122.1513069}, version=1, billinggroupname=null}","2020-11-26 00:00:00.000"
"iot-device-03","1.5946455452078054E9","52.6","71.24","false","false","0.0078","0.0051","0.0209","2020-11-26T17:23:50.792+0000","{defaultclientid=iot-device-03, thingname=iot-device-03, thingid=877352b9-a35d-45d3-9c98-162d89965a13, thingarn=arn:aws:iot:us-east-1:507441099951:thing/iot-device-03, thingtypename=null, attributes={installed=1592562234, latitude=37.4133144, longitude=-122.1513069}, version=1, billinggroupname=null}","2020-11-26 00:00:00.000"
"iot-device-02","1.5946455454766693E9","65.6","73.76","true","false","0.0071","0.0044","0.0187","2020-11-26T17:23:51.095+0000","{defaultclientid=iot-device-02, thingname=iot-device-02, thingid=4ae4927a-aefb-4584-a45a-fc4839feffd6, thingarn=arn:aws:iot:us-east-1:507441099951:thing/iot-device-02, thingtypename=null, attributes={installed=1593361211, latitude=32.8205865, longitude=-96.871627}, version=1, billinggroupname=null}","2020-11-26 00:00:00.000"
"iot-device-03","1.5946455488938782E9","52.6","71.24","false","false","0.0078","0.0051","0.0209","2020-11-26T17:23:51.393+0000","{defaultclientid=iot-device-03, thingname=iot-device-03, thingid=877352b9-a35d-45d3-9c98-162d89965a13, thingarn=arn:aws:iot:us-east-1:507441099951:thing/iot-device-03, thingtypename=null, attributes={installed=1592562234, latitude=37.4133144, longitude=-122.1513069}, version=1, billinggroupname=null}","2020-11-26 00:00:00.000"
"iot-device-02","1.5946455508920145E9","65.6","73.76","true","false","0.0071","0.0045","0.0188","2020-11-26T17:23:51.681+0000","{defaultclientid=iot-device-02, thingname=iot-device-02, thingid=4ae4927a-aefb-4584-a45a-fc4839feffd6, thingarn=arn:aws:iot:us-east-1:507441099951:thing/iot-device-02, thingtypename=null, attributes={installed=1593361211, latitude=32.8205865, longitude=-96.871627}, version=1, billinggroupname=null}","2020-11-26 00:00:00.000"
"iot-device-01","1.5946455520102315E9","75.4","67.1","false","false","0.0064","0.0039","0.0169","2020-11-26T17:23:51.973+0000","{defaultclientid=iot-device-01, thingname=iot-device-01, thingid=983c2b68-f9a3-4e83-b3c6-9f6f8ad5431b, thingarn=arn:aws:iot:us-east-1:507441099951:thing/iot-device-01, thingtypename=null, attributes={installed=1594665292, latitude=37.4133144, longitude=-122.1513069}, version=1, billinggroupname=null}","2020-11-26 00:00:00.000"
"iot-device-03","1.5946455525802279E9","52.6","71.42","false","false","0.0078","0.0051","0.0209","2020-11-26T17:23:52.269+0000","{defaultclientid=iot-device-03, thingname=iot-device-03, thingid=877352b9-a35d-45d3-9c98-162d89965a13, thingarn=arn:aws:iot:us-east-1:507441099951:thing/iot-device-03, thingtypename=null, attributes={installed=1592562234, latitude=37.4133144, longitude=-122.1513069}, version=1, billinggroupname=null}","2020-11-26 00:00:00.000"
"iot-device-03","1.5946455562661686E9","52.6","71.24","false","false","0.0078","0.0051","0.021","2020-11-26T17:23:52.571+0000","{defaultclientid=iot-device-03, thingname=iot-device-03, thingid=877352b9-a35d-45d3-9c98-162d89965a13, thingarn=arn:aws:iot:us-east-1:507441099951:thing/iot-device-03, thingtypename=null, attributes={installed=1592562234, latitude=37.4133144, longitude=-122.1513069}, version=1, billinggroupname=null}","2020-11-26 00:00:00.000"
"iot-device-02","1.5946455563097725E9","65.6","73.76","true","false","0.0071","0.0045","0.0188","2020-11-26T17:23:52.869+0000","{defaultclientid=iot-device-02, thingname=iot-device-02, thingid=4ae4927a-aefb-4584-a45a-fc4839feffd6, thingarn=arn:aws:iot:us-east-1:507441099951:thing/iot-device-02, thingtypename=null, attributes={installed=1593361211, latitude=32.8205865, longitude=-96.871627}, version=1, billinggroupname=null}","2020-11-26 00:00:00.000"
"iot-device-01","1.594645556899134E9","75.4","67.1","false","false","0.0064","0.0038","0.0168","2020-11-26T17:23:53.157+0000","{defaultclientid=iot-device-01, thingname=iot-device-01, thingid=983c2b68-f9a3-4e83-b3c6-9f6f8ad5431b, thingarn=arn:aws:iot:us-east-1:507441099951:thing/iot-device-01, thingtypename=null, attributes={installed=1594665292, latitude=37.4133144, longitude=-122.1513069}, version=1, billinggroupname=null}","2020-11-26 00:00:00.000"
"iot-device-03","1.5946455599518805E9","52.6","71.42","false","false","0.0079","0.0051","0.021","2020-11-26T17:23:53.448+0000","{defaultclientid=iot-device-03, thingname=iot-device-03, thingid=877352b9-a35d-45d3-9c98-162d89965a13, thingarn=arn:aws:iot:us-east-1:507441099951:thing/iot-device-03, thingtypename=null, attributes={installed=1592562234, latitude=37.4133144, longitude=-122.1513069}, version=1, billinggroupname=null}","2020-11-26 00:00:00.000"
"iot-device-01","1.594645561251668E9","75.4","67.1","false","false","0.0063","0.0038","0.0167","2020-11-26T17:23:53.738+0000","{defaultclientid=iot-device-01, thingname=iot-device-01, thingid=983c2b68-f9a3-4e83-b3c6-9f6f8ad5431b, thingarn=arn:aws:iot:us-east-1:507441099951:thing/iot-device-01, thingtypename=null, attributes={installed=1594665292, latitude=37.4133144, longitude=-122.1513069}, version=1, billinggroupname=null}","2020-11-26 00:00:00.000"
"iot-device-02","1.5946455617224548E9","65.6","73.76","true","false","0.0071","0.0045","0.0189","2020-11-26T17:23:54.029+0000","{defaultclientid=iot-device-02, thingname=iot-device-02, thingid=4ae4927a-aefb-4584-a45a-fc4839feffd6, thingarn=arn:aws:iot:us-east-1:507441099951:thing/iot-device-02, thingtypename=null, attributes={installed=1593361211, latitude=32.8205865, longitude=-96.871627}, version=1, billinggroupname=null}","2020-11-26 00:00:00.000"
"iot-device-03","1.594645563637884E9","52.6","71.42","false","false","0.0078","0.0051","0.0209","2020-11-26T17:23:54.330+0000","{defaultclientid=iot-device-03, thingname=iot-device-03, thingid=877352b9-a35d-45d3-9c98-162d89965a13, thingarn=arn:aws:iot:us-east-1:507441099951:thing/iot-device-03, thingtypename=null, attributes={installed=1592562234, latitude=37.4133144, longitude=-122.1513069}, version=1, billinggroupname=null}","2020-11-26 00:00:00.000"
"iot-device-03","1.5946455673240323E9","52.6","71.24","false","false","0.0078","0.0051","0.021","2020-11-26T17:23:54.615+0000","{defaultclientid=iot-device-03, thingname=iot-device-03, thingid=877352b9-a35d-45d3-9c98-162d89965a13, thingarn=arn:aws:iot:us-east-1:507441099951:thing/iot-device-03, thingtypename=null, attributes={installed=1592562234, latitude=37.4133144, longitude=-122.1513069}, version=1, billinggroupname=null}","2020-11-26 00:00:00.000"
"iot-device-01","1.5946455699004211E9","75.4","67.1","false","false","0.0065","0.0039","0.017","2020-11-26T17:23:55.003+0000","{defaultclientid=iot-device-01, thingname=iot-device-01, thingid=983c2b68-f9a3-4e83-b3c6-9f6f8ad5431b, thingarn=arn:aws:iot:us-east-1:507441099951:thing/iot-device-01, thingtypename=null, attributes={installed=1594665292, latitude=37.4133144, longitude=-122.1513069}, version=1, billinggroupname=null}","2020-11-26 00:00:00.000"
"iot-device-02","1.594645570885057E9","65.6","73.76","true","false","0.007","0.0044","0.0186","2020-11-26T17:23:55.310+0000","{defaultclientid=iot-device-02, thingname=iot-device-02, thingid=4ae4927a-aefb-4584-a45a-fc4839feffd6, thingarn=arn:aws:iot:us-east-1:507441099951:thing/iot-device-02, thingtypename=null, attributes={installed=1593361211, latitude=32.8205865, longitude=-96.871627}, version=1, billinggroupname=null}","2020-11-26 00:00:00.000"
"iot-device-03","1.5946455710100124E9","52.6","71.24","false","false","0.0078","0.0051","0.0209","2020-11-26T17:23:55.598+0000","{defaultclientid=iot-device-03, thingname=iot-device-03, thingid=877352b9-a35d-45d3-9c98-162d89965a13, thingarn=arn:aws:iot:us-east-1:507441099951:thing/iot-device-03, thingtypename=null, attributes={installed=1592562234, latitude=37.4133144, longitude=-122.1513069}, version=1, billinggroupname=null}","2020-11-26 00:00:00.000"
"iot-device-03","1.5946455749492526E9","52.6","71.24","false","false","0.0078","0.0051","0.0209","2020-11-26T17:23:55.889+0000","{defaultclientid=iot-device-03, thingname=iot-device-03, thingid=877352b9-a35d-45d3-9c98-162d89965a13, thingarn=arn:aws:iot:us-east-1:507441099951:thing/iot-device-03, thingtypename=null, attributes={installed=1592562234, latitude=37.4133144, longitude=-122.1513069}, version=1, billinggroupname=null}","2020-11-26 00:00:00.000"
"iot-device-01","1.5946455758635955E9","75.4","67.1","false","false","0.0064","0.0038","0.0168","2020-11-26T17:23:56.189+0000","{defaultclientid=iot-device-01, thingname=iot-device-01, thingid=983c2b68-f9a3-4e83-b3c6-9f6f8ad5431b, thingarn=arn:aws:iot:us-east-1:507441099951:thing/iot-device-01, thingtypename=null, attributes={installed=1594665292, latitude=37.4133144, longitude=-122.1513069}, version=1, billinggroupname=null}","2020-11-26 00:00:00.000"
"iot-device-02","1.5946455762960322E9","65.6","73.76","true","false","0.0071","0.0045","0.0188","2020-11-26T17:23:56.480+0000","{defaultclientid=iot-device-02, thingname=iot-device-02, thingid=4ae4927a-aefb-4584-a45a-fc4839feffd6, thingarn=arn:aws:iot:us-east-1:507441099951:thing/iot-device-02, thingtypename=null, attributes={installed=1593361211, latitude=32.8205865, longitude=-96.871627}, version=1, billinggroupname=null}","2020-11-26 00:00:00.000"
"iot-device-03","1.5946430191933086E9","52.9","71.24","false","false","0.0078","0.0051","0.0209","2020-11-26T17:23:30.190+0000","{defaultclientid=iot-device-03, thingname=iot-device-03, thingid=877352b9-a35d-45d3-9c98-162d89965a13, thingarn=arn:aws:iot:us-east-1:507441099951:thing/iot-device-03, thingtypename=null, attributes={installed=1592562234, latitude=37.4133144, longitude=-122.1513069}, version=1, billinggroupname=null}","2020-11-26 00:00:00.000"
"iot-device-01","1.5946430193441095E9","76.1","67.28","false","false","0.0062","0.0037","0.0164","2020-11-26T17:23:30.494+0000","{defaultclientid=iot-device-01, thingname=iot-device-01, thingid=983c2b68-f9a3-4e83-b3c6-9f6f8ad5431b, thingarn=arn:aws:iot:us-east-1:507441099951:thing/iot-device-01, thingtypename=null, attributes={installed=1594665292, latitude=37.4133144, longitude=-122.1513069}, version=1, billinggroupname=null}","2020-11-26 00:00:00.000"
"iot-device-03","1.5946430228786454E9","52.8","71.24","false","false","0.0078","0.0051","0.0209","2020-11-26T17:23:30.801+0000","{defaultclientid=iot-device-03, thingname=iot-device-03, thingid=877352b9-a35d-45d3-9c98-162d89965a13, thingarn=arn:aws:iot:us-east-1:507441099951:thing/iot-device-03, thingtypename=null, attributes={installed=1592562234, latitude=37.4133144, longitude=-122.1513069}, version=1, billinggroupname=null}","2020-11-26 00:00:00.000"
"iot-device-01","1.5946430242296286E9","76.2","67.46","false","false","0.0062","0.0037","0.0164","2020-11-26T17:23:31.099+0000","{defaultclientid=iot-device-01, thingname=iot-device-01, thingid=983c2b68-f9a3-4e83-b3c6-9f6f8ad5431b, thingarn=arn:aws:iot:us-east-1:507441099951:thing/iot-device-01, thingtypename=null, attributes={installed=1594665292, latitude=37.4133144, longitude=-122.1513069}, version=1, billinggroupname=null}","2020-11-26 00:00:00.000"
"iot-device-02","1.5946430254582558E9","59.9","74.48","true","false","0.007","0.0044","0.0186","2020-11-26T17:23:31.393+0000","{defaultclientid=iot-device-02, thingname=iot-device-02, thingid=4ae4927a-aefb-4584-a45a-fc4839feffd6, thingarn=arn:aws:iot:us-east-1:507441099951:thing/iot-device-02, thingtypename=null, attributes={installed=1593361211, latitude=32.8205865, longitude=-96.871627}, version=1, billinggroupname=null}","2020-11-26 00:00:00.000"
"iot-device-03","1.5946430265638676E9","52.8","71.24","false","false","0.0078","0.0051","0.0208","2020-11-26T17:23:31.720+0000","{defaultclientid=iot-device-03, thingname=iot-device-03, thingid=877352b9-a35d-45d3-9c98-162d89965a13, thingarn=arn:aws:iot:us-east-1:507441099951:thing/iot-device-03, thingtypename=null, attributes={installed=1592562234, latitude=37.4133144, longitude=-122.1513069}, version=1, billinggroupname=null}","2020-11-26 00:00:00.000"
"iot-device-03","1.5946430302510502E9","52.8","71.24","false","false","0.0078","0.0051","0.0208","2020-11-26T17:23:32.009+0000","{defaultclientid=iot-device-03, thingname=iot-device-03, thingid=877352b9-a35d-45d3-9c98-162d89965a13, thingarn=arn:aws:iot:us-east-1:507441099951:thing/iot-device-03, thingtypename=null, attributes={installed=1592562234, latitude=37.4133144, longitude=-122.1513069}, version=1, billinggroupname=null}","2020-11-26 00:00:00.000"
"iot-device-02","1.594643033016537E9","59.9","74.48","true","false","0.007","0.0044","0.0185","2020-11-26T17:23:32.302+0000","{defaultclientid=iot-device-02, thingname=iot-device-02, thingid=4ae4927a-aefb-4584-a45a-fc4839feffd6, thingarn=arn:aws:iot:us-east-1:507441099951:thing/iot-device-02, thingtypename=null, attributes={installed=1593361211, latitude=32.8205865, longitude=-96.871627}, version=1, billinggroupname=null}","2020-11-26 00:00:00.000"
"iot-device-01","1.5946430334212186E9","76.0","67.28","false","false","0.0062","0.0037","0.0164","2020-11-26T17:23:32.601+0000","{defaultclientid=iot-device-01, thingname=iot-device-01, thingid=983c2b68-f9a3-4e83-b3c6-9f6f8ad5431b, thingarn=arn:aws:iot:us-east-1:507441099951:thing/iot-device-01, thingtypename=null, attributes={installed=1594665292, latitude=37.4133144, longitude=-122.1513069}, version=1, billinggroupname=null}","2020-11-26 00:00:00.000"
"iot-device-03","1.5946430339389212E9","52.8","71.24","false","false","0.0078","0.0051","0.0209","2020-11-26T17:23:32.897+0000","{defaultclientid=iot-device-03, thingname=iot-device-03, thingid=877352b9-a35d-45d3-9c98-162d89965a13, thingarn=arn:aws:iot:us-east-1:507441099951:thing/iot-device-03, thingtypename=null, attributes={installed=1592562234, latitude=37.4133144, longitude=-122.1513069}, version=1, billinggroupname=null}","2020-11-26 00:00:00.000"
"iot-device-02","1.5946431164006212E9","60.0","74.48","true","false","0.007","0.0044","0.0185","2020-11-26T17:23:47.848+0000","{defaultclientid=iot-device-02, thingname=iot-device-02, thingid=4ae4927a-aefb-4584-a45a-fc4839feffd6, thingarn=arn:aws:iot:us-east-1:507441099951:thing/iot-device-02, thingtypename=null, attributes={installed=1593361211, latitude=32.8205865, longitude=-96.871627}, version=1, billinggroupname=null}","2020-11-26 00:00:00.000"
"iot-device-03","1.5946431185897224E9","52.9","71.24","false","false","0.0078","0.0051","0.0208","2020-11-26T17:23:48.143+0000","{defaultclientid=iot-device-03, thingname=iot-device-03, thingid=877352b9-a35d-45d3-9c98-162d89965a13, thingarn=arn:aws:iot:us-east-1:507441099951:thing/iot-device-03, thingtypename=null, attributes={installed=1592562234, latitude=37.4133144, longitude=-122.1513069}, version=1, billinggroupname=null}","2020-11-26 00:00:00.000"
"iot-device-01","1.5946431189203775E9","76.2","67.28","false","false","0.0062","0.0037","0.0164","2020-11-26T17:23:48.429+0000","{defaultclientid=iot-device-01, thingname=iot-device-01, thingid=983c2b68-f9a3-4e83-b3c6-9f6f8ad5431b, thingarn=arn:aws:iot:us-east-1:507441099951:thing/iot-device-01, thingtypename=null, attributes={installed=1594665292, latitude=37.4133144, longitude=-122.1513069}, version=1, billinggroupname=null}","2020-11-26 00:00:00.000"
"iot-device-02","1.5946431207420886E9","60.0","74.48","true","false","0.007","0.0044","0.0186","2020-11-26T17:23:48.721+0000","{defaultclientid=iot-device-02, thingname=iot-device-02, thingid=4ae4927a-aefb-4584-a45a-fc4839feffd6, thingarn=arn:aws:iot:us-east-1:507441099951:thing/iot-device-02, thingtypename=null, attributes={installed=1593361211, latitude=32.8205865, longitude=-96.871627}, version=1, billinggroupname=null}","2020-11-26 00:00:00.000"
"iot-device-03","1.594643122277407E9","52.9","71.24","false","false","0.0078","0.0051","0.0209","2020-11-26T17:23:49.008+0000","{defaultclientid=iot-device-03, thingname=iot-device-03, thingid=877352b9-a35d-45d3-9c98-162d89965a13, thingarn=arn:aws:iot:us-east-1:507441099951:thing/iot-device-03, thingtypename=null, attributes={installed=1592562234, latitude=37.4133144, longitude=-122.1513069}, version=1, billinggroupname=null}","2020-11-26 00:00:00.000"
"iot-device-01","1.5946455357729807E9","75.3","67.1","false","false","0.0064","0.0038","0.0168","2020-11-26T17:23:49.310+0000","{defaultclientid=iot-device-01, thingname=iot-device-01, thingid=983c2b68-f9a3-4e83-b3c6-9f6f8ad5431b, thingarn=arn:aws:iot:us-east-1:507441099951:thing/iot-device-01, thingtypename=null, attributes={installed=1594665292, latitude=37.4133144, longitude=-122.1513069}, version=1, billinggroupname=null}","2020-11-26 00:00:00.000"
"iot-device-02","1.5946455357881696E9","65.9","73.76","true","false","0.0071","0.0045","0.0188","2020-11-26T17:23:49.610+0000","{defaultclientid=iot-device-02, thingname=iot-device-02, thingid=4ae4927a-aefb-4584-a45a-fc4839feffd6, thingarn=arn:aws:iot:us-east-1:507441099951:thing/iot-device-02, thingtypename=null, attributes={installed=1593361211, latitude=32.8205865, longitude=-96.871627}, version=1, billinggroupname=null}","2020-11-26 00:00:00.000"
"iot-device-03","1.5946455378355734E9","52.6","71.24","false","false","0.0078","0.0051","0.0209","2020-11-26T17:23:49.900+0000","{defaultclientid=iot-device-03, thingname=iot-device-03, thingid=877352b9-a35d-45d3-9c98-162d89965a13, thingarn=arn:aws:iot:us-east-1:507441099951:thing/iot-device-03, thingtypename=null, attributes={installed=1592562234, latitude=37.4133144, longitude=-122.1513069}, version=1, billinggroupname=null}","2020-11-26 00:00:00.000"
"iot-device-03","1.594645541521807E9","52.7","71.42","false","false","0.0078","0.0051","0.0209","2020-11-26T17:23:50.191+0000","{defaultclientid=iot-device-03, thingname=iot-device-03, thingid=877352b9-a35d-45d3-9c98-162d89965a13, thingarn=arn:aws:iot:us-east-1:507441099951:thing/iot-device-03, thingtypename=null, attributes={installed=1592562234, latitude=37.4133144, longitude=-122.1513069}, version=1, billinggroupname=null}","2020-11-26 00:00:00.000"
"iot-device-01","1.594645542280755E9","75.4","67.1","false","false","0.0063","0.0038","0.0166","2020-11-26T17:23:50.498+0000","{defaultclientid=iot-device-01, thingname=iot-device-01, thingid=983c2b68-f9a3-4e83-b3c6-9f6f8ad5431b, thingarn=arn:aws:iot:us-east-1:507441099951:thing/iot-device-01, thingtypename=null, attributes={installed=1594665292, latitude=37.4133144, longitude=-122.1513069}, version=1, billinggroupname=null}","2020-11-26 00:00:00.000"
"iot-device-03","1.5946455970650644E9","52.6","71.42","false","false","0.0078","0.0051","0.0209","2020-11-26T17:23:59.691+0000","{defaultclientid=iot-device-03, thingname=iot-device-03, thingid=877352b9-a35d-45d3-9c98-162d89965a13, thingarn=arn:aws:iot:us-east-1:507441099951:thing/iot-device-03, thingtypename=null, attributes={installed=1592562234, latitude=37.4133144, longitude=-122.1513069}, version=1, billinggroupname=null}","2020-11-26 00:00:00.000"
"iot-device-03","1.5946455786353915E9","52.6","71.42","false","false","0.0078","0.0051","0.0209","2020-11-26T17:23:56.768+0000","{defaultclientid=iot-device-03, thingname=iot-device-03, thingid=877352b9-a35d-45d3-9c98-162d89965a13, thingarn=arn:aws:iot:us-east-1:507441099951:thing/iot-device-03, thingtypename=null, attributes={installed=1592562234, latitude=37.4133144, longitude=-122.1513069}, version=1, billinggroupname=null}","2020-11-26 00:00:00.000"
"iot-device-01","1.5946455812965755E9","76.3","67.1","false","false","0.0063","0.0038","0.0167","2020-11-26T17:23:57.060+0000","{defaultclientid=iot-device-01, thingname=iot-device-01, thingid=983c2b68-f9a3-4e83-b3c6-9f6f8ad5431b, thingarn=arn:aws:iot:us-east-1:507441099951:thing/iot-device-01, thingtypename=null, attributes={installed=1594665292, latitude=37.4133144, longitude=-122.1513069}, version=1, billinggroupname=null}","2020-11-26 00:00:00.000"
"iot-device-03","1.5946455823215015E9","52.5","71.24","false","false","0.0078","0.0051","0.0209","2020-11-26T17:23:57.350+0000","{defaultclientid=iot-device-03, thingname=iot-device-03, thingid=877352b9-a35d-45d3-9c98-162d89965a13, thingarn=arn:aws:iot:us-east-1:507441099951:thing/iot-device-03, thingtypename=null, attributes={installed=1592562234, latitude=37.4133144, longitude=-122.1513069}, version=1, billinggroupname=null}","2020-11-26 00:00:00.000"
"iot-device-02","1.5946455833180046E9","65.8","73.76","true","false","0.007","0.0044","0.0186","2020-11-26T17:23:57.639+0000","{defaultclientid=iot-device-02, thingname=iot-device-02, thingid=4ae4927a-aefb-4584-a45a-fc4839feffd6, thingarn=arn:aws:iot:us-east-1:507441099951:thing/iot-device-02, thingtypename=null, attributes={installed=1593361211, latitude=32.8205865, longitude=-96.871627}, version=1, billinggroupname=null}","2020-11-26 00:00:00.000"
"iot-device-03","1.5946455860073555E9","52.6","71.42","false","false","0.0078","0.0051","0.0209","2020-11-26T17:23:57.931+0000","{defaultclientid=iot-device-03, thingname=iot-device-03, thingid=877352b9-a35d-45d3-9c98-162d89965a13, thingarn=arn:aws:iot:us-east-1:507441099951:thing/iot-device-03, thingtypename=null, attributes={installed=1592562234, latitude=37.4133144, longitude=-122.1513069}, version=1, billinggroupname=null}","2020-11-26 00:00:00.000"
"iot-device-02","1.5946455876614575E9","65.5","73.76","true","false","0.007","0.0044","0.0187","2020-11-26T17:23:58.217+0000","{defaultclientid=iot-device-02, thingname=iot-device-02, thingid=4ae4927a-aefb-4584-a45a-fc4839feffd6, thingarn=arn:aws:iot:us-east-1:507441099951:thing/iot-device-02, thingtypename=null, attributes={installed=1593361211, latitude=32.8205865, longitude=-96.871627}, version=1, billinggroupname=null}","2020-11-26 00:00:00.000"
"iot-device-03","1.594645589693171E9","52.6","71.42","false","false","0.0078","0.0051","0.0209","2020-11-26T17:23:58.510+0000","{defaultclientid=iot-device-03, thingname=iot-device-03, thingid=877352b9-a35d-45d3-9c98-162d89965a13, thingarn=arn:aws:iot:us-east-1:507441099951:thing/iot-device-03, thingtypename=null, attributes={installed=1592562234, latitude=37.4133144, longitude=-122.1513069}, version=1, billinggroupname=null}","2020-11-26 00:00:00.000"
"iot-device-03","1.5946455933791218E9","52.6","71.42","false","false","0.0078","0.0051","0.0209","2020-11-26T17:23:58.805+0000","{defaultclientid=iot-device-03, thingname=iot-device-03, thingid=877352b9-a35d-45d3-9c98-162d89965a13, thingarn=arn:aws:iot:us-east-1:507441099951:thing/iot-device-03, thingtypename=null, attributes={installed=1592562234, latitude=37.4133144, longitude=-122.1513069}, version=1, billinggroupname=null}","2020-11-26 00:00:00.000"
"iot-device-01","1.594645593972175E9","75.4","67.1","false","false","0.0065","0.0039","0.017","2020-11-26T17:23:59.107+0000","{defaultclientid=iot-device-01, thingname=iot-device-01, thingid=983c2b68-f9a3-4e83-b3c6-9f6f8ad5431b, thingarn=arn:aws:iot:us-east-1:507441099951:thing/iot-device-01, thingtypename=null, attributes={installed=1594665292, latitude=37.4133144, longitude=-122.1513069}, version=1, billinggroupname=null}","2020-11-26 00:00:00.000"
"iot-device-02","1.5946455946834686E9","65.5","73.76","true","false","0.0071","0.0045","0.0188","2020-11-26T17:23:59.396+0000","{defaultclientid=iot-device-02, thingname=iot-device-02, thingid=4ae4927a-aefb-4584-a45a-fc4839feffd6, thingarn=arn:aws:iot:us-east-1:507441099951:thing/iot-device-02, thingtypename=null, attributes={installed=1593361211, latitude=32.8205865, longitude=-96.871627}, version=1, billinggroupname=null}","2020-11-26 00:00:00.000"
"iot-device-01","1.5946430697942011E9","76.0","67.28","false","false","0.0062","0.0037","0.0164","2020-11-26T17:23:39.071+0000","{defaultclientid=iot-device-01, thingname=iot-device-01, thingid=983c2b68-f9a3-4e83-b3c6-9f6f8ad5431b, thingarn=arn:aws:iot:us-east-1:507441099951:thing/iot-device-01, thingtypename=null, attributes={installed=1594665292, latitude=37.4133144, longitude=-122.1513069}, version=1, billinggroupname=null}","2020-11-26 00:00:00.000"
"iot-device-03","1.5946430708178976E9","52.8","71.24","false","false","0.0078","0.0051","0.0209","2020-11-26T17:23:39.359+0000","{defaultclientid=iot-device-03, thingname=iot-device-03, thingid=877352b9-a35d-45d3-9c98-162d89965a13, thingarn=arn:aws:iot:us-east-1:507441099951:thing/iot-device-03, thingtypename=null, attributes={installed=1592562234, latitude=37.4133144, longitude=-122.1513069}, version=1, billinggroupname=null}","2020-11-26 00:00:00.000"
"iot-device-02","1.594643070928209E9","60.0","74.48","true","false","0.007","0.0044","0.0186","2020-11-26T17:23:39.650+0000","{defaultclientid=iot-device-02, thingname=iot-device-02, thingid=4ae4927a-aefb-4584-a45a-fc4839feffd6, thingarn=arn:aws:iot:us-east-1:507441099951:thing/iot-device-02, thingtypename=null, attributes={installed=1593361211, latitude=32.8205865, longitude=-96.871627}, version=1, billinggroupname=null}","2020-11-26 00:00:00.000"
"iot-device-01","1.5946430736078765E9","76.2","67.46","false","false","0.0062","0.0037","0.0164","2020-11-26T17:23:39.940+0000","{defaultclientid=iot-device-01, thingname=iot-device-01, thingid=983c2b68-f9a3-4e83-b3c6-9f6f8ad5431b, thingarn=arn:aws:iot:us-east-1:507441099951:thing/iot-device-01, thingtypename=null, attributes={installed=1594665292, latitude=37.4133144, longitude=-122.1513069}, version=1, billinggroupname=null}","2020-11-26 00:00:00.000"
"iot-device-03","1.5946430745060668E9","52.8","71.24","false","false","0.0078","0.0051","0.0208","2020-11-26T17:23:40.231+0000","{defaultclientid=iot-device-03, thingname=iot-device-03, thingid=877352b9-a35d-45d3-9c98-162d89965a13, thingarn=arn:aws:iot:us-east-1:507441099951:thing/iot-device-03, thingtypename=null, attributes={installed=1592562234, latitude=37.4133144, longitude=-122.1513069}, version=1, billinggroupname=null}","2020-11-26 00:00:00.000"
"iot-device-02","1.5946430758057206E9","60.0","74.48","true","false","0.007","0.0044","0.0186","2020-11-26T17:23:40.520+0000","{defaultclientid=iot-device-02, thingname=iot-device-02, thingid=4ae4927a-aefb-4584-a45a-fc4839feffd6, thingarn=arn:aws:iot:us-east-1:507441099951:thing/iot-device-02, thingtypename=null, attributes={installed=1593361211, latitude=32.8205865, longitude=-96.871627}, version=1, billinggroupname=null}","2020-11-26 00:00:00.000"
"iot-device-03","1.5946430781906085E9","52.8","71.24","false","false","0.0078","0.0051","0.0208","2020-11-26T17:23:40.807+0000","{defaultclientid=iot-device-03, thingname=iot-device-03, thingid=877352b9-a35d-45d3-9c98-162d89965a13, thingarn=arn:aws:iot:us-east-1:507441099951:thing/iot-device-03, thingtypename=null, attributes={installed=1592562234, latitude=37.4133144, longitude=-122.1513069}, version=1, billinggroupname=null}","2020-11-26 00:00:00.000"
"iot-device-01","1.5946430784950573E9","76.2","67.46","false","false","0.0062","0.0037","0.0163","2020-11-26T17:23:41.099+0000","{defaultclientid=iot-device-01, thingname=iot-device-01, thingid=983c2b68-f9a3-4e83-b3c6-9f6f8ad5431b, thingarn=arn:aws:iot:us-east-1:507441099951:thing/iot-device-01, thingtypename=null, attributes={installed=1594665292, latitude=37.4133144, longitude=-122.1513069}, version=1, billinggroupname=null}","2020-11-26 00:00:00.000"
"iot-device-03","1.5946430818787925E9","52.8","71.24","false","false","0.0078","0.0051","0.0208","2020-11-26T17:23:41.390+0000","{defaultclientid=iot-device-03, thingname=iot-device-03, thingid=877352b9-a35d-45d3-9c98-162d89965a13, thingarn=arn:aws:iot:us-east-1:507441099951:thing/iot-device-03, thingtypename=null, attributes={installed=1592562234, latitude=37.4133144, longitude=-122.1513069}, version=1, billinggroupname=null}","2020-11-26 00:00:00.000"
"iot-device-02","1.5946430828177395E9","60.0","74.48","true","false","0.007","0.0043","0.0185","2020-11-26T17:23:41.679+0000","{defaultclientid=iot-device-02, thingname=iot-device-02, thingid=4ae4927a-aefb-4584-a45a-fc4839feffd6, thingarn=arn:aws:iot:us-east-1:507441099951:thing/iot-device-02, thingtypename=null, attributes={installed=1593361211, latitude=32.8205865, longitude=-96.871627}, version=1, billinggroupname=null}","2020-11-26 00:00:00.000"
"iot-device-01","1.5946302741794493E9","75.8","67.1","false","false","0.0065","0.0039","0.017","2020-11-26T17:11:06.059+0000","{defaultclientid=iot-device-01, thingname=iot-device-01, thingid=983c2b68-f9a3-4e83-b3c6-9f6f8ad5431b, thingarn=arn:aws:iot:us-east-1:507441099951:thing/iot-device-01, thingtypename=null, attributes={installed=1594665292, latitude=37.4133144, longitude=-122.1513069}, version=1, billinggroupname=null}","2020-11-26 00:00:00.000"
"iot-device-03","1.5946302756449056E9","51.6","71.24","false","false","0.0078","0.0051","0.0209","2020-11-26T17:11:06.348+0000","{defaultclientid=iot-device-03, thingname=iot-device-03, thingid=877352b9-a35d-45d3-9c98-162d89965a13, thingarn=arn:aws:iot:us-east-1:507441099951:thing/iot-device-03, thingtypename=null, attributes={installed=1592562234, latitude=37.4133144, longitude=-122.1513069}, version=1, billinggroupname=null}","2020-11-26 00:00:00.000"
"iot-device-02","1.5946302785503688E9","59.4","75.02","true","false","0.0074","0.0048","0.0198","2020-11-26T17:11:06.698+0000","{defaultclientid=iot-device-02, thingname=iot-device-02, thingid=4ae4927a-aefb-4584-a45a-fc4839feffd6, thingarn=arn:aws:iot:us-east-1:507441099951:thing/iot-device-02, thingtypename=null, attributes={installed=1593361211, latitude=32.8205865, longitude=-96.871627}, version=1, billinggroupname=null}","2020-11-26 00:00:00.000"
"iot-device-03","1.5946302793308165E9","51.6","71.24","false","false","0.0079","0.0051","0.021","2020-11-26T17:11:06.995+0000","{defaultclientid=iot-device-03, thingname=iot-device-03, thingid=877352b9-a35d-45d3-9c98-162d89965a13, thingarn=arn:aws:iot:us-east-1:507441099951:thing/iot-device-03, thingtypename=null, attributes={installed=1592562234, latitude=37.4133144, longitude=-122.1513069}, version=1, billinggroupname=null}","2020-11-26 00:00:00.000"
"iot-device-01","1.5946302828209085E9","75.8","67.1","false","false","0.0065","0.0039","0.017","2020-11-26T17:11:07.290+0000","{defaultclientid=iot-device-01, thingname=iot-device-01, thingid=983c2b68-f9a3-4e83-b3c6-9f6f8ad5431b, thingarn=arn:aws:iot:us-east-1:507441099951:thing/iot-device-01, thingtypename=null, attributes={installed=1594665292, latitude=37.4133144, longitude=-122.1513069}, version=1, billinggroupname=null}","2020-11-26 00:00:00.000"
"iot-device-03","1.594630283016794E9","51.6","71.24","false","false","0.0078","0.0051","0.0209","2020-11-26T17:11:07.585+0000","{defaultclientid=iot-device-03, thingname=iot-device-03, thingid=877352b9-a35d-45d3-9c98-162d89965a13, thingarn=arn:aws:iot:us-east-1:507441099951:thing/iot-device-03, thingtypename=null, attributes={installed=1592562234, latitude=37.4133144, longitude=-122.1513069}, version=1, billinggroupname=null}","2020-11-26 00:00:00.000"
"iot-device-02","1.5946302866361706E9","59.5","75.2","true","false","0.0074","0.0047","0.0196","2020-11-26T17:11:07.879+0000","{defaultclientid=iot-device-02, thingname=iot-device-02, thingid=4ae4927a-aefb-4584-a45a-fc4839feffd6, thingarn=arn:aws:iot:us-east-1:507441099951:thing/iot-device-02, thingtypename=null, attributes={installed=1593361211, latitude=32.8205865, longitude=-96.871627}, version=1, billinggroupname=null}","2020-11-26 00:00:00.000"
"iot-device-03","1.5946302867018359E9","51.6","71.24","false","false","0.0078","0.0051","0.0209","2020-11-26T17:11:08.158+0000","{defaultclientid=iot-device-03, thingname=iot-device-03, thingid=877352b9-a35d-45d3-9c98-162d89965a13, thingarn=arn:aws:iot:us-east-1:507441099951:thing/iot-device-03, thingtypename=null, attributes={installed=1592562234, latitude=37.4133144, longitude=-122.1513069}, version=1, billinggroupname=null}","2020-11-26 00:00:00.000"
"iot-device-01","1.5946302877181478E9","75.7","67.1","false","false","0.0064","0.0039","0.0169","2020-11-26T17:11:08.452+0000","{defaultclientid=iot-device-01, thingname=iot-device-01, thingid=983c2b68-f9a3-4e83-b3c6-9f6f8ad5431b, thingarn=arn:aws:iot:us-east-1:507441099951:thing/iot-device-01, thingtypename=null, attributes={installed=1594665292, latitude=37.4133144, longitude=-122.1513069}, version=1, billinggroupname=null}","2020-11-26 00:00:00.000"
"iot-device-03","1.5946302903879313E9","51.6","71.24","false","false","0.0078","0.0051","0.0209","2020-11-26T17:11:08.733+0000","{defaultclientid=iot-device-03, thingname=iot-device-03, thingid=877352b9-a35d-45d3-9c98-162d89965a13, thingarn=arn:aws:iot:us-east-1:507441099951:thing/iot-device-03, thingtypename=null, attributes={installed=1592562234, latitude=37.4133144, longitude=-122.1513069}, version=1, billinggroupname=null}","2020-11-26 00:00:00.000"
"iot-device-01","1.5946302399533904E9","75.7","67.1","false","false","0.0065","0.0039","0.017","2020-11-26T17:11:00.021+0000","{defaultclientid=iot-device-01, thingname=iot-device-01, thingid=983c2b68-f9a3-4e83-b3c6-9f6f8ad5431b, thingarn=arn:aws:iot:us-east-1:507441099951:thing/iot-device-01, thingtypename=null, attributes={installed=1594665292, latitude=37.4133144, longitude=-122.1513069}, version=1, billinggroupname=null}","2020-11-26 00:00:00.000"
"iot-device-03","1.594630242470295E9","51.5","71.06","false","false","0.0078","0.0051","0.0209","2020-11-26T17:11:00.320+0000","{defaultclientid=iot-device-03, thingname=iot-device-03, thingid=877352b9-a35d-45d3-9c98-162d89965a13, thingarn=arn:aws:iot:us-east-1:507441099951:thing/iot-device-03, thingtypename=null, attributes={installed=1592562234, latitude=37.4133144, longitude=-122.1513069}, version=1, billinggroupname=null}","2020-11-26 00:00:00.000"
"iot-device-01","1.594630244304507E9","75.8","67.28","false","false","0.0064","0.0038","0.0168","2020-11-26T17:11:00.619+0000","{defaultclientid=iot-device-01, thingname=iot-device-01, thingid=983c2b68-f9a3-4e83-b3c6-9f6f8ad5431b, thingarn=arn:aws:iot:us-east-1:507441099951:thing/iot-device-01, thingtypename=null, attributes={installed=1594665292, latitude=37.4133144, longitude=-122.1513069}, version=1, billinggroupname=null}","2020-11-26 00:00:00.000"
"iot-device-03","1.5946302461563885E9","51.6","71.24","false","false","0.0079","0.0051","0.021","2020-11-26T17:11:00.911+0000","{defaultclientid=iot-device-03, thingname=iot-device-03, thingid=877352b9-a35d-45d3-9c98-162d89965a13, thingarn=arn:aws:iot:us-east-1:507441099951:thing/iot-device-03, thingtypename=null, attributes={installed=1592562234, latitude=37.4133144, longitude=-122.1513069}, version=1, billinggroupname=null}","2020-11-26 00:00:00.000"
"iot-device-01","1.5946302481202545E9","75.7","67.1","false","false","0.0065","0.0039","0.017","2020-11-26T17:11:01.205+0000","{defaultclientid=iot-device-01, thingname=iot-device-01, thingid=983c2b68-f9a3-4e83-b3c6-9f6f8ad5431b, thingarn=arn:aws:iot:us-east-1:507441099951:thing/iot-device-01, thingtypename=null, attributes={installed=1594665292, latitude=37.4133144, longitude=-122.1513069}, version=1, billinggroupname=null}","2020-11-26 00:00:00.000"
"iot-device-02","1.5946302493457215E9","59.4","75.02","true","false","0.0074","0.0047","0.0196","2020-11-26T17:11:01.501+0000","{defaultclientid=iot-device-02, thingname=iot-device-02, thingid=4ae4927a-aefb-4584-a45a-fc4839feffd6, thingarn=arn:aws:iot:us-east-1:507441099951:thing/iot-device-02, thingtypename=null, attributes={installed=1593361211, latitude=32.8205865, longitude=-96.871627}, version=1, billinggroupname=null}","2020-11-26 00:00:00.000"
"iot-device-03","1.594630249842617E9","51.6","71.24","false","false","0.0078","0.0051","0.0209","2020-11-26T17:11:01.794+0000","{defaultclientid=iot-device-03, thingname=iot-device-03, thingid=877352b9-a35d-45d3-9c98-162d89965a13, thingarn=arn:aws:iot:us-east-1:507441099951:thing/iot-device-03, thingtypename=null, attributes={installed=1592562234, latitude=37.4133144, longitude=-122.1513069}, version=1, billinggroupname=null}","2020-11-26 00:00:00.000"
"iot-device-01","1.5946302530086865E9","75.8","67.1","false","false","0.0065","0.0039","0.017","2020-11-26T17:11:02.088+0000","{defaultclientid=iot-device-01, thingname=iot-device-01, thingid=983c2b68-f9a3-4e83-b3c6-9f6f8ad5431b, thingarn=arn:aws:iot:us-east-1:507441099951:thing/iot-device-01, thingtypename=null, attributes={installed=1594665292, latitude=37.4133144, longitude=-122.1513069}, version=1, billinggroupname=null}","2020-11-26 00:00:00.000"
"iot-device-03","1.5946302535289779E9","51.5","71.24","false","false","0.0078","0.0051","0.0209","2020-11-26T17:11:02.379+0000","{defaultclientid=iot-device-03, thingname=iot-device-03, thingid=877352b9-a35d-45d3-9c98-162d89965a13, thingarn=arn:aws:iot:us-east-1:507441099951:thing/iot-device-03, thingtypename=null, attributes={installed=1592562234, latitude=37.4133144, longitude=-122.1513069}, version=1, billinggroupname=null}","2020-11-26 00:00:00.000"
"iot-device-03","1.594630257215359E9","51.5","71.24","false","false","0.0078","0.0051","0.0209","2020-11-26T17:11:02.668+0000","{defaultclientid=iot-device-03, thingname=iot-device-03, thingid=877352b9-a35d-45d3-9c98-162d89965a13, thingarn=arn:aws:iot:us-east-1:507441099951:thing/iot-device-03, thingtypename=null, attributes={installed=1592562234, latitude=37.4133144, longitude=-122.1513069}, version=1, billinggroupname=null}","2020-11-26 00:00:00.000"
"iot-device-03","1.5946303124987335E9","51.6","71.24","false","false","0.0078","0.0051","0.0208","2020-11-26T17:11:11.967+0000","{defaultclientid=iot-device-03, thingname=iot-device-03, thingid=877352b9-a35d-45d3-9c98-162d89965a13, thingarn=arn:aws:iot:us-east-1:507441099951:thing/iot-device-03, thingtypename=null, attributes={installed=1592562234, latitude=37.4133144, longitude=-122.1513069}, version=1, billinggroupname=null}","2020-11-26 00:00:00.000"
"iot-device-02","1.5946303125904045E9","59.5","75.02","true","false","0.0075","0.0048","0.02","2020-11-26T17:11:12.292+0000","{defaultclientid=iot-device-02, thingname=iot-device-02, thingid=4ae4927a-aefb-4584-a45a-fc4839feffd6, thingarn=arn:aws:iot:us-east-1:507441099951:thing/iot-device-02, thingtypename=null, attributes={installed=1593361211, latitude=32.8205865, longitude=-96.871627}, version=1, billinggroupname=null}","2020-11-26 00:00:00.000"
"iot-device-01","1.5946303131227155E9","75.6","67.1","false","false","0.0065","0.0039","0.017","2020-11-26T17:11:12.591+0000","{defaultclientid=iot-device-01, thingname=iot-device-01, thingid=983c2b68-f9a3-4e83-b3c6-9f6f8ad5431b, thingarn=arn:aws:iot:us-east-1:507441099951:thing/iot-device-01, thingtypename=null, attributes={installed=1594665292, latitude=37.4133144, longitude=-122.1513069}, version=1, billinggroupname=null}","2020-11-26 00:00:00.000"
"iot-device-03","1.5946303161853273E9","51.6","71.24","false","false","0.0078","0.0051","0.0209","2020-11-26T17:11:12.890+0000","{defaultclientid=iot-device-03, thingname=iot-device-03, thingid=877352b9-a35d-45d3-9c98-162d89965a13, thingarn=arn:aws:iot:us-east-1:507441099951:thing/iot-device-03, thingtypename=null, attributes={installed=1592562234, latitude=37.4133144, longitude=-122.1513069}, version=1, billinggroupname=null}","2020-11-26 00:00:00.000"
"iot-device-01","1.5946303185460436E9","75.7","67.1","false","false","0.0064","0.0039","0.0169","2020-11-26T17:11:13.193+0000","{defaultclientid=iot-device-01, thingname=iot-device-01, thingid=983c2b68-f9a3-4e83-b3c6-9f6f8ad5431b, thingarn=arn:aws:iot:us-east-1:507441099951:thing/iot-device-01, thingtypename=null, attributes={installed=1594665292, latitude=37.4133144, longitude=-122.1513069}, version=1, billinggroupname=null}","2020-11-26 00:00:00.000"
"iot-device-03","1.5946303198724728E9","51.6","71.24","false","false","0.0079","0.0051","0.021","2020-11-26T17:11:13.479+0000","{defaultclientid=iot-device-03, thingname=iot-device-03, thingid=877352b9-a35d-45d3-9c98-162d89965a13, thingarn=arn:aws:iot:us-east-1:507441099951:thing/iot-device-03, thingtypename=null, attributes={installed=1592562234, latitude=37.4133144, longitude=-122.1513069}, version=1, billinggroupname=null}","2020-11-26 00:00:00.000"
"iot-device-03","1.5946303235601795E9","51.6","71.06","false","false","0.0078","0.0051","0.0209","2020-11-26T17:11:13.762+0000","{defaultclientid=iot-device-03, thingname=iot-device-03, thingid=877352b9-a35d-45d3-9c98-162d89965a13, thingarn=arn:aws:iot:us-east-1:507441099951:thing/iot-device-03, thingtypename=null, attributes={installed=1592562234, latitude=37.4133144, longitude=-122.1513069}, version=1, billinggroupname=null}","2020-11-26 00:00:00.000"
"iot-device-01","1.5946303245229528E9","75.7","67.1","false","false","0.0064","0.0039","0.0169","2020-11-26T17:11:14.056+0000","{defaultclientid=iot-device-01, thingname=iot-device-01, thingid=983c2b68-f9a3-4e83-b3c6-9f6f8ad5431b, thingarn=arn:aws:iot:us-east-1:507441099951:thing/iot-device-01, thingtypename=null, attributes={installed=1594665292, latitude=37.4133144, longitude=-122.1513069}, version=1, billinggroupname=null}","2020-11-26 00:00:00.000"
"iot-device-02","1.5946303268967571E9","59.8","75.02","true","false","0.0073","0.0047","0.0195","2020-11-26T17:11:14.347+0000","{defaultclientid=iot-device-02, thingname=iot-device-02, thingid=4ae4927a-aefb-4584-a45a-fc4839feffd6, thingarn=arn:aws:iot:us-east-1:507441099951:thing/iot-device-02, thingtypename=null, attributes={installed=1593361211, latitude=32.8205865, longitude=-96.871627}, version=1, billinggroupname=null}","2020-11-26 00:00:00.000"
"iot-device-03","1.594630327247833E9","51.6","71.24","false","false","0.0078","0.0051","0.0209","2020-11-26T17:11:14.628+0000","{defaultclientid=iot-device-03, thingname=iot-device-03, thingid=877352b9-a35d-45d3-9c98-162d89965a13, thingarn=arn:aws:iot:us-east-1:507441099951:thing/iot-device-03, thingtypename=null, attributes={installed=1592562234, latitude=37.4133144, longitude=-122.1513069}, version=1, billinggroupname=null}","2020-11-26 00:00:00.000"
"iot-device-01","1.5946303798101175E9","76.6","67.1","false","false","0.0065","0.0039","0.017","2020-11-26T17:11:23.847+0000","{defaultclientid=iot-device-01, thingname=iot-device-01, thingid=983c2b68-f9a3-4e83-b3c6-9f6f8ad5431b, thingarn=arn:aws:iot:us-east-1:507441099951:thing/iot-device-01, thingtypename=null, attributes={installed=1594665292, latitude=37.4133144, longitude=-122.1513069}, version=1, billinggroupname=null}","2020-11-26 00:00:00.000"
"iot-device-03","1.5946303827826035E9","51.7","71.24","false","false","0.0078","0.0051","0.0209","2020-11-26T17:11:24.135+0000","{defaultclientid=iot-device-03, thingname=iot-device-03, thingid=877352b9-a35d-45d3-9c98-162d89965a13, thingarn=arn:aws:iot:us-east-1:507441099951:thing/iot-device-03, thingtypename=null, attributes={installed=1592562234, latitude=37.4133144, longitude=-122.1513069}, version=1, billinggroupname=null}","2020-11-26 00:00:00.000"
"iot-device-01","1.5946303846959212E9","75.8","67.28","false","false","0.0064","0.0039","0.0169","2020-11-26T17:11:24.426+0000","{defaultclientid=iot-device-01, thingname=iot-device-01, thingid=983c2b68-f9a3-4e83-b3c6-9f6f8ad5431b, thingarn=arn:aws:iot:us-east-1:507441099951:thing/iot-device-01, thingtypename=null, attributes={installed=1594665292, latitude=37.4133144, longitude=-122.1513069}, version=1, billinggroupname=null}","2020-11-26 00:00:00.000"
"iot-device-02","1.594630386156784E9","59.5","75.02","true","false","0.0073","0.0047","0.0195","2020-11-26T17:11:24.711+0000","{defaultclientid=iot-device-02, thingname=iot-device-02, thingid=4ae4927a-aefb-4584-a45a-fc4839feffd6, thingarn=arn:aws:iot:us-east-1:507441099951:thing/iot-device-02, thingtypename=null, attributes={installed=1593361211, latitude=32.8205865, longitude=-96.871627}, version=1, billinggroupname=null}","2020-11-26 00:00:00.000"
"iot-device-03","1.5946303864689126E9","51.7","71.24","false","false","0.0078","0.0051","0.0209","2020-11-26T17:11:25.008+0000","{defaultclientid=iot-device-03, thingname=iot-device-03, thingid=877352b9-a35d-45d3-9c98-162d89965a13, thingarn=arn:aws:iot:us-east-1:507441099951:thing/iot-device-03, thingtypename=null, attributes={installed=1592562234, latitude=37.4133144, longitude=-122.1513069}, version=1, billinggroupname=null}","2020-11-26 00:00:00.000"
"iot-device-03","1.5946303901558332E9","51.7","71.24","false","false","0.0078","0.0051","0.0208","2020-11-26T17:11:25.304+0000","{defaultclientid=iot-device-03, thingname=iot-device-03, thingid=877352b9-a35d-45d3-9c98-162d89965a13, thingarn=arn:aws:iot:us-east-1:507441099951:thing/iot-device-03, thingtypename=null, attributes={installed=1592562234, latitude=37.4133144, longitude=-122.1513069}, version=1, billinggroupname=null}","2020-11-26 00:00:00.000"
"iot-device-02","1.5946303915699403E9","59.5","75.02","true","false","0.0073","0.0046","0.0194","2020-11-26T17:11:25.599+0000","{defaultclientid=iot-device-02, thingname=iot-device-02, thingid=4ae4927a-aefb-4584-a45a-fc4839feffd6, thingarn=arn:aws:iot:us-east-1:507441099951:thing/iot-device-02, thingtypename=null, attributes={installed=1593361211, latitude=32.8205865, longitude=-96.871627}, version=1, billinggroupname=null}","2020-11-26 00:00:00.000"
"iot-device-03","1.5946303938418393E9","51.7","71.24","false","false","0.0079","0.0051","0.021","2020-11-26T17:11:25.879+0000","{defaultclientid=iot-device-03, thingname=iot-device-03, thingid=877352b9-a35d-45d3-9c98-162d89965a13, thingarn=arn:aws:iot:us-east-1:507441099951:thing/iot-device-03, thingtypename=null, attributes={installed=1592562234, latitude=37.4133144, longitude=-122.1513069}, version=1, billinggroupname=null}","2020-11-26 00:00:00.000"
"iot-device-03","1.594630397528008E9","51.7","71.24","false","false","0.0078","0.0051","0.0209","2020-11-26T17:11:26.164+0000","{defaultclientid=iot-device-03, thingname=iot-device-03, thingid=877352b9-a35d-45d3-9c98-162d89965a13, thingarn=arn:aws:iot:us-east-1:507441099951:thing/iot-device-03, thingtypename=null, attributes={installed=1592562234, latitude=37.4133144, longitude=-122.1513069}, version=1, billinggroupname=null}","2020-11-26 00:00:00.000"
"iot-device-02","1.594630398057722E9","59.5","75.02","true","false","0.0072","0.0046","0.0191","2020-11-26T17:11:26.459+0000","{defaultclientid=iot-device-02, thingname=iot-device-02, thingid=4ae4927a-aefb-4584-a45a-fc4839feffd6, thingarn=arn:aws:iot:us-east-1:507441099951:thing/iot-device-02, thingtypename=null, attributes={installed=1593361211, latitude=32.8205865, longitude=-96.871627}, version=1, billinggroupname=null}","2020-11-26 00:00:00.000"
"iot-device-03","1.5946304012142642E9","51.6","71.06","false","false","0.0078","0.0051","0.0209","2020-11-26T17:11:26.744+0000","{defaultclientid=iot-device-03, thingname=iot-device-03, thingid=877352b9-a35d-45d3-9c98-162d89965a13, thingarn=arn:aws:iot:us-east-1:507441099951:thing/iot-device-03, thingtypename=null, attributes={installed=1592562234, latitude=37.4133144, longitude=-122.1513069}, version=1, billinggroupname=null}","2020-11-26 00:00:00.000"
"iot-device-01","1.5946304027766132E9","75.6","67.28","false","false","0.0065","0.0039","0.017","2020-11-26T17:11:27.033+0000","{defaultclientid=iot-device-01, thingname=iot-device-01, thingid=983c2b68-f9a3-4e83-b3c6-9f6f8ad5431b, thingarn=arn:aws:iot:us-east-1:507441099951:thing/iot-device-01, thingtypename=null, attributes={installed=1594665292, latitude=37.4133144, longitude=-122.1513069}, version=1, billinggroupname=null}","2020-11-26 00:00:00.000"
"iot-device-03","1.594630404899157E9","51.6","71.24","false","false","0.0078","0.0051","0.0209","2020-11-26T17:11:27.324+0000","{defaultclientid=iot-device-03, thingname=iot-device-03, thingid=877352b9-a35d-45d3-9c98-162d89965a13, thingarn=arn:aws:iot:us-east-1:507441099951:thing/iot-device-03, thingtypename=null, attributes={installed=1592562234, latitude=37.4133144, longitude=-122.1513069}, version=1, billinggroupname=null}","2020-11-26 00:00:00.000"
"iot-device-02","1.59463040561066E9","59.5","75.02","true","false","0.0072","0.0046","0.0192","2020-11-26T17:11:27.619+0000","{defaultclientid=iot-device-02, thingname=iot-device-02, thingid=4ae4927a-aefb-4584-a45a-fc4839feffd6, thingarn=arn:aws:iot:us-east-1:507441099951:thing/iot-device-02, thingtypename=null, attributes={installed=1593361211, latitude=32.8205865, longitude=-96.871627}, version=1, billinggroupname=null}","2020-11-26 00:00:00.000"
"iot-device-01","1.5946304071288488E9","75.6","67.28","false","false","0.0065","0.0039","0.017","2020-11-26T17:11:27.926+0000","{defaultclientid=iot-device-01, thingname=iot-device-01, thingid=983c2b68-f9a3-4e83-b3c6-9f6f8ad5431b, thingarn=arn:aws:iot:us-east-1:507441099951:thing/iot-device-01, thingtypename=null, attributes={installed=1594665292, latitude=37.4133144, longitude=-122.1513069}, version=1, billinggroupname=null}","2020-11-26 00:00:00.000"
"iot-device-03","1.5946304085855846E9","51.5","71.06","false","false","0.0078","0.0051","0.0208","2020-11-26T17:11:28.213+0000","{defaultclientid=iot-device-03, thingname=iot-device-03, thingid=877352b9-a35d-45d3-9c98-162d89965a13, thingarn=arn:aws:iot:us-east-1:507441099951:thing/iot-device-03, thingtypename=null, attributes={installed=1592562234, latitude=37.4133144, longitude=-122.1513069}, version=1, billinggroupname=null}","2020-11-26 00:00:00.000"
"iot-device-02","1.594630410487603E9","59.6","75.02","true","false","0.0072","0.0046","0.0192","2020-11-26T17:11:28.500+0000","{defaultclientid=iot-device-02, thingname=iot-device-02, thingid=4ae4927a-aefb-4584-a45a-fc4839feffd6, thingarn=arn:aws:iot:us-east-1:507441099951:thing/iot-device-02, thingtypename=null, attributes={installed=1593361211, latitude=32.8205865, longitude=-96.871627}, version=1, billinggroupname=null}","2020-11-26 00:00:00.000"
"iot-device-01","1.59463041202174E9","75.6","67.28","false","false","0.0064","0.0038","0.0168","2020-11-26T17:11:28.795+0000","{defaultclientid=iot-device-01, thingname=iot-device-01, thingid=983c2b68-f9a3-4e83-b3c6-9f6f8ad5431b, thingarn=arn:aws:iot:us-east-1:507441099951:thing/iot-device-01, thingtypename=null, attributes={installed=1594665292, latitude=37.4133144, longitude=-122.1513069}, version=1, billinggroupname=null}","2020-11-26 00:00:00.000"
"iot-device-03","1.5946304122731507E9","51.5","71.24","false","false","0.0078","0.0051","0.0209","2020-11-26T17:11:29.077+0000","{defaultclientid=iot-device-03, thingname=iot-device-03, thingid=877352b9-a35d-45d3-9c98-162d89965a13, thingarn=arn:aws:iot:us-east-1:507441099951:thing/iot-device-03, thingtypename=null, attributes={installed=1592562234, latitude=37.4133144, longitude=-122.1513069}, version=1, billinggroupname=null}","2020-11-26 00:00:00.000"
"iot-device-02","1.594630414296578E9","59.8","75.02","true","false","0.0072","0.0046","0.0192","2020-11-26T17:11:29.381+0000","{defaultclientid=iot-device-02, thingname=iot-device-02, thingid=4ae4927a-aefb-4584-a45a-fc4839feffd6, thingarn=arn:aws:iot:us-east-1:507441099951:thing/iot-device-02, thingtypename=null, attributes={installed=1593361211, latitude=32.8205865, longitude=-96.871627}, version=1, billinggroupname=null}","2020-11-26 00:00:00.000"
"iot-device-01","1.594630257358976E9","75.9","67.28","false","false","0.0065","0.0039","0.017","2020-11-26T17:11:02.967+0000","{defaultclientid=iot-device-01, thingname=iot-device-01, thingid=983c2b68-f9a3-4e83-b3c6-9f6f8ad5431b, thingarn=arn:aws:iot:us-east-1:507441099951:thing/iot-device-01, thingtypename=null, attributes={installed=1594665292, latitude=37.4133144, longitude=-122.1513069}, version=1, billinggroupname=null}","2020-11-26 00:00:00.000"
"iot-device-02","1.5946302590366044E9","59.4","75.02","true","false","0.0074","0.0047","0.0196","2020-11-26T17:11:03.250+0000","{defaultclientid=iot-device-02, thingname=iot-device-02, thingid=4ae4927a-aefb-4584-a45a-fc4839feffd6, thingarn=arn:aws:iot:us-east-1:507441099951:thing/iot-device-02, thingtypename=null, attributes={installed=1593361211, latitude=32.8205865, longitude=-96.871627}, version=1, billinggroupname=null}","2020-11-26 00:00:00.000"
"iot-device-03","1.594630260901279E9","51.5","71.24","false","false","0.0078","0.0051","0.0209","2020-11-26T17:11:03.600+0000","{defaultclientid=iot-device-03, thingname=iot-device-03, thingid=877352b9-a35d-45d3-9c98-162d89965a13, thingarn=arn:aws:iot:us-east-1:507441099951:thing/iot-device-03, thingtypename=null, attributes={installed=1592562234, latitude=37.4133144, longitude=-122.1513069}, version=1, billinggroupname=null}","2020-11-26 00:00:00.000"
"iot-device-01","1.5946302643959515E9","75.8","67.1","false","false","0.0065","0.0039","0.017","2020-11-26T17:11:03.926+0000","{defaultclientid=iot-device-01, thingname=iot-device-01, thingid=983c2b68-f9a3-4e83-b3c6-9f6f8ad5431b, thingarn=arn:aws:iot:us-east-1:507441099951:thing/iot-device-01, thingtypename=null, attributes={installed=1594665292, latitude=37.4133144, longitude=-122.1513069}, version=1, billinggroupname=null}","2020-11-26 00:00:00.000"
"iot-device-03","1.5946302645867765E9","51.5","71.24","false","false","0.0078","0.0051","0.0209","2020-11-26T17:11:04.269+0000","{defaultclientid=iot-device-03, thingname=iot-device-03, thingid=877352b9-a35d-45d3-9c98-162d89965a13, thingarn=arn:aws:iot:us-east-1:507441099951:thing/iot-device-03, thingtypename=null, attributes={installed=1592562234, latitude=37.4133144, longitude=-122.1513069}, version=1, billinggroupname=null}","2020-11-26 00:00:00.000"
"iot-device-02","1.594630267188414E9","59.4","75.02","true","false","0.0074","0.0047","0.0196","2020-11-26T17:11:04.567+0000","{defaultclientid=iot-device-02, thingname=iot-device-02, thingid=4ae4927a-aefb-4584-a45a-fc4839feffd6, thingarn=arn:aws:iot:us-east-1:507441099951:thing/iot-device-02, thingtypename=null, attributes={installed=1593361211, latitude=32.8205865, longitude=-96.871627}, version=1, billinggroupname=null}","2020-11-26 00:00:00.000"
"iot-device-03","1.5946302682726915E9","51.5","71.06","false","false","0.0079","0.0051","0.021","2020-11-26T17:11:04.860+0000","{defaultclientid=iot-device-03, thingname=iot-device-03, thingid=877352b9-a35d-45d3-9c98-162d89965a13, thingarn=arn:aws:iot:us-east-1:507441099951:thing/iot-device-03, thingtypename=null, attributes={installed=1592562234, latitude=37.4133144, longitude=-122.1513069}, version=1, billinggroupname=null}","2020-11-26 00:00:00.000"
"iot-device-01","1.5946302703576634E9","75.8","67.1","false","false","0.0065","0.0039","0.017","2020-11-26T17:11:05.145+0000","{defaultclientid=iot-device-01, thingname=iot-device-01, thingid=983c2b68-f9a3-4e83-b3c6-9f6f8ad5431b, thingarn=arn:aws:iot:us-east-1:507441099951:thing/iot-device-01, thingtypename=null, attributes={installed=1594665292, latitude=37.4133144, longitude=-122.1513069}, version=1, billinggroupname=null}","2020-11-26 00:00:00.000"
"iot-device-03","1.594630271958665E9","51.5","71.06","false","false","0.0079","0.0051","0.021","2020-11-26T17:11:05.463+0000","{defaultclientid=iot-device-03, thingname=iot-device-03, thingid=877352b9-a35d-45d3-9c98-162d89965a13, thingarn=arn:aws:iot:us-east-1:507441099951:thing/iot-device-03, thingtypename=null, attributes={installed=1592562234, latitude=37.4133144, longitude=-122.1513069}, version=1, billinggroupname=null}","2020-11-26 00:00:00.000"
"iot-device-02","1.5946302720676684E9","59.5","75.2","true","false","0.0073","0.0047","0.0194","2020-11-26T17:11:05.766+0000","{defaultclientid=iot-device-02, thingname=iot-device-02, thingid=4ae4927a-aefb-4584-a45a-fc4839feffd6, thingarn=arn:aws:iot:us-east-1:507441099951:thing/iot-device-02, thingtypename=null, attributes={installed=1593361211, latitude=32.8205865, longitude=-96.871627}, version=1, billinggroupname=null}","2020-11-26 00:00:00.000"
"iot-device-01","1.5946303608926456E9","75.8","67.1","false","false","0.0064","0.0038","0.0168","2020-11-26T17:11:20.876+0000","{defaultclientid=iot-device-01, thingname=iot-device-01, thingid=983c2b68-f9a3-4e83-b3c6-9f6f8ad5431b, thingarn=arn:aws:iot:us-east-1:507441099951:thing/iot-device-01, thingtypename=null, attributes={installed=1594665292, latitude=37.4133144, longitude=-122.1513069}, version=1, billinggroupname=null}","2020-11-26 00:00:00.000"
"iot-device-02","1.5946303621067774E9","59.5","75.02","true","false","0.0072","0.0046","0.0192","2020-11-26T17:11:21.175+0000","{defaultclientid=iot-device-02, thingname=iot-device-02, thingid=4ae4927a-aefb-4584-a45a-fc4839feffd6, thingarn=arn:aws:iot:us-east-1:507441099951:thing/iot-device-02, thingtypename=null, attributes={installed=1593361211, latitude=32.8205865, longitude=-96.871627}, version=1, billinggroupname=null}","2020-11-26 00:00:00.000"
"iot-device-03","1.5946303643520167E9","51.6","71.06","false","false","0.0079","0.0051","0.021","2020-11-26T17:11:21.465+0000","{defaultclientid=iot-device-03, thingname=iot-device-03, thingid=877352b9-a35d-45d3-9c98-162d89965a13, thingarn=arn:aws:iot:us-east-1:507441099951:thing/iot-device-03, thingtypename=null, attributes={installed=1592562234, latitude=37.4133144, longitude=-122.1513069}, version=1, billinggroupname=null}","2020-11-26 00:00:00.000"
"iot-device-02","1.594630366455365E9","59.6","75.02","true","false","0.0073","0.0046","0.0194","2020-11-26T17:11:21.763+0000","{defaultclientid=iot-device-02, thingname=iot-device-02, thingid=4ae4927a-aefb-4584-a45a-fc4839feffd6, thingarn=arn:aws:iot:us-east-1:507441099951:thing/iot-device-02, thingtypename=null, attributes={installed=1593361211, latitude=32.8205865, longitude=-96.871627}, version=1, billinggroupname=null}","2020-11-26 00:00:00.000"
"iot-device-03","1.5946303680383508E9","51.7","71.24","false","false","0.0078","0.0051","0.0209","2020-11-26T17:11:22.062+0000","{defaultclientid=iot-device-03, thingname=iot-device-03, thingid=877352b9-a35d-45d3-9c98-162d89965a13, thingarn=arn:aws:iot:us-east-1:507441099951:thing/iot-device-03, thingtypename=null, attributes={installed=1592562234, latitude=37.4133144, longitude=-122.1513069}, version=1, billinggroupname=null}","2020-11-26 00:00:00.000"
"iot-device-01","1.594630370079538E9","75.9","67.1","false","false","0.0065","0.0039","0.017","2020-11-26T17:11:22.362+0000","{defaultclientid=iot-device-01, thingname=iot-device-01, thingid=983c2b68-f9a3-4e83-b3c6-9f6f8ad5431b, thingarn=arn:aws:iot:us-east-1:507441099951:thing/iot-device-01, thingtypename=null, attributes={installed=1594665292, latitude=37.4133144, longitude=-122.1513069}, version=1, billinggroupname=null}","2020-11-26 00:00:00.000"
"iot-device-03","1.5946303717243571E9","51.6","71.06","false","false","0.0078","0.0051","0.0209","2020-11-26T17:11:22.660+0000","{defaultclientid=iot-device-03, thingname=iot-device-03, thingid=877352b9-a35d-45d3-9c98-162d89965a13, thingarn=arn:aws:iot:us-east-1:507441099951:thing/iot-device-03, thingtypename=null, attributes={installed=1592562234, latitude=37.4133144, longitude=-122.1513069}, version=1, billinggroupname=null}","2020-11-26 00:00:00.000"
"iot-device-02","1.5946303734671936E9","59.6","75.02","true","false","0.0073","0.0046","0.0194","2020-11-26T17:11:22.958+0000","{defaultclientid=iot-device-02, thingname=iot-device-02, thingid=4ae4927a-aefb-4584-a45a-fc4839feffd6, thingarn=arn:aws:iot:us-east-1:507441099951:thing/iot-device-02, thingtypename=null, attributes={installed=1593361211, latitude=32.8205865, longitude=-96.871627}, version=1, billinggroupname=null}","2020-11-26 00:00:00.000"
"iot-device-03","1.5946303754103315E9","51.6","71.06","false","false","0.0078","0.0051","0.0208","2020-11-26T17:11:23.257+0000","{defaultclientid=iot-device-03, thingname=iot-device-03, thingid=877352b9-a35d-45d3-9c98-162d89965a13, thingarn=arn:aws:iot:us-east-1:507441099951:thing/iot-device-03, thingtypename=null, attributes={installed=1592562234, latitude=37.4133144, longitude=-122.1513069}, version=1, billinggroupname=null}","2020-11-26 00:00:00.000"
"iot-device-03","1.5946303790964773E9","51.7","71.24","false","false","0.0078","0.0051","0.0209","2020-11-26T17:11:23.557+0000","{defaultclientid=iot-device-03, thingname=iot-device-03, thingid=877352b9-a35d-45d3-9c98-162d89965a13, thingarn=arn:aws:iot:us-east-1:507441099951:thing/iot-device-03, thingtypename=null, attributes={installed=1592562234, latitude=37.4133144, longitude=-122.1513069}, version=1, billinggroupname=null}","2020-11-26 00:00:00.000"
"iot-device-03","1.5946302940740695E9","51.6","71.24","false","false","0.0078","0.0051","0.021","2020-11-26T17:11:09.031+0000","{defaultclientid=iot-device-03, thingname=iot-device-03, thingid=877352b9-a35d-45d3-9c98-162d89965a13, thingarn=arn:aws:iot:us-east-1:507441099951:thing/iot-device-03, thingtypename=null, attributes={installed=1592562234, latitude=37.4133144, longitude=-122.1513069}, version=1, billinggroupname=null}","2020-11-26 00:00:00.000"
"iot-device-02","1.5946302941983006E9","59.5","75.2","true","false","0.0074","0.0047","0.0197","2020-11-26T17:11:09.315+0000","{defaultclientid=iot-device-02, thingname=iot-device-02, thingid=4ae4927a-aefb-4584-a45a-fc4839feffd6, thingarn=arn:aws:iot:us-east-1:507441099951:thing/iot-device-02, thingtypename=null, attributes={installed=1593361211, latitude=32.8205865, longitude=-96.871627}, version=1, billinggroupname=null}","2020-11-26 00:00:00.000"
"iot-device-01","1.5946302947607105E9","75.7","67.1","false","false","0.0064","0.0039","0.0169","2020-11-26T17:11:09.613+0000","{defaultclientid=iot-device-01, thingname=iot-device-01, thingid=983c2b68-f9a3-4e83-b3c6-9f6f8ad5431b, thingarn=arn:aws:iot:us-east-1:507441099951:thing/iot-device-01, thingtypename=null, attributes={installed=1594665292, latitude=37.4133144, longitude=-122.1513069}, version=1, billinggroupname=null}","2020-11-26 00:00:00.000"
"iot-device-03","1.5946302977601845E9","51.5","71.06","false","false","0.0078","0.0051","0.021","2020-11-26T17:11:09.906+0000","{defaultclientid=iot-device-03, thingname=iot-device-03, thingid=877352b9-a35d-45d3-9c98-162d89965a13, thingarn=arn:aws:iot:us-east-1:507441099951:thing/iot-device-03, thingtypename=null, attributes={installed=1592562234, latitude=37.4133144, longitude=-122.1513069}, version=1, billinggroupname=null}","2020-11-26 00:00:00.000"
"iot-device-03","1.594630301443544E9","51.6","71.24","false","false","0.0078","0.0051","0.0208","2020-11-26T17:11:10.213+0000","{defaultclientid=iot-device-03, thingname=iot-device-03, thingid=877352b9-a35d-45d3-9c98-162d89965a13, thingarn=arn:aws:iot:us-east-1:507441099951:thing/iot-device-03, thingtypename=null, attributes={installed=1592562234, latitude=37.4133144, longitude=-122.1513069}, version=1, billinggroupname=null}","2020-11-26 00:00:00.000"
"iot-device-02","1.5946303017545145E9","59.5","75.02","true","false","0.0074","0.0048","0.0198","2020-11-26T17:11:10.501+0000","{defaultclientid=iot-device-02, thingname=iot-device-02, thingid=4ae4927a-aefb-4584-a45a-fc4839feffd6, thingarn=arn:aws:iot:us-east-1:507441099951:thing/iot-device-02, thingtypename=null, attributes={installed=1593361211, latitude=32.8205865, longitude=-96.871627}, version=1, billinggroupname=null}","2020-11-26 00:00:00.000"
"iot-device-01","1.594630305015576E9","75.7","67.1","false","false","0.0065","0.0039","0.017","2020-11-26T17:11:10.790+0000","{defaultclientid=iot-device-01, thingname=iot-device-01, thingid=983c2b68-f9a3-4e83-b3c6-9f6f8ad5431b, thingarn=arn:aws:iot:us-east-1:507441099951:thing/iot-device-01, thingtypename=null, attributes={installed=1594665292, latitude=37.4133144, longitude=-122.1513069}, version=1, billinggroupname=null}","2020-11-26 00:00:00.000"
"iot-device-03","1.5946303051274898E9","51.5","71.24","false","false","0.0078","0.0051","0.0209","2020-11-26T17:11:11.089+0000","{defaultclientid=iot-device-03, thingname=iot-device-03, thingid=877352b9-a35d-45d3-9c98-162d89965a13, thingarn=arn:aws:iot:us-east-1:507441099951:thing/iot-device-03, thingtypename=null, attributes={installed=1592562234, latitude=37.4133144, longitude=-122.1513069}, version=1, billinggroupname=null}","2020-11-26 00:00:00.000"
"iot-device-02","1.5946303071772318E9","59.5","75.2","true","false","0.0074","0.0047","0.0196","2020-11-26T17:11:11.391+0000","{defaultclientid=iot-device-02, thingname=iot-device-02, thingid=4ae4927a-aefb-4584-a45a-fc4839feffd6, thingarn=arn:aws:iot:us-east-1:507441099951:thing/iot-device-02, thingtypename=null, attributes={installed=1593361211, latitude=32.8205865, longitude=-96.871627}, version=1, billinggroupname=null}","2020-11-26 00:00:00.000"
"iot-device-03","1.5946303088124475E9","51.6","71.24","false","false","0.0078","0.0051","0.0209","2020-11-26T17:11:11.683+0000","{defaultclientid=iot-device-03, thingname=iot-device-03, thingid=877352b9-a35d-45d3-9c98-162d89965a13, thingarn=arn:aws:iot:us-east-1:507441099951:thing/iot-device-03, thingtypename=null, attributes={installed=1592562234, latitude=37.4133144, longitude=-122.1513069}, version=1, billinggroupname=null}","2020-11-26 00:00:00.000"
"iot-device-03","1.5946304159607825E9","51.5","71.24","false","false","0.0078","0.0051","0.0208","2020-11-26T17:11:29.675+0000","{defaultclientid=iot-device-03, thingname=iot-device-03, thingid=877352b9-a35d-45d3-9c98-162d89965a13, thingarn=arn:aws:iot:us-east-1:507441099951:thing/iot-device-03, thingtypename=null, attributes={installed=1592562234, latitude=37.4133144, longitude=-122.1513069}, version=1, billinggroupname=null}","2020-11-26 00:00:00.000"
"iot-device-01","1.594630345198491E9","75.8","67.1","false","false","0.0064","0.0039","0.0169","2020-11-26T17:11:17.915+0000","{defaultclientid=iot-device-01, thingname=iot-device-01, thingid=983c2b68-f9a3-4e83-b3c6-9f6f8ad5431b, thingarn=arn:aws:iot:us-east-1:507441099951:thing/iot-device-01, thingtypename=null, attributes={installed=1594665292, latitude=37.4133144, longitude=-122.1513069}, version=1, billinggroupname=null}","2020-11-26 00:00:00.000"
"iot-device-03","1.5946303456819546E9","51.7","71.24","false","false","0.0078","0.0051","0.0209","2020-11-26T17:11:18.200+0000","{defaultclientid=iot-device-03, thingname=iot-device-03, thingid=877352b9-a35d-45d3-9c98-162d89965a13, thingarn=arn:aws:iot:us-east-1:507441099951:thing/iot-device-03, thingtypename=null, attributes={installed=1592562234, latitude=37.4133144, longitude=-122.1513069}, version=1, billinggroupname=null}","2020-11-26 00:00:00.000"
"iot-device-02","1.594630346401735E9","59.5","75.02","true","false","0.0073","0.0046","0.0194","2020-11-26T17:11:18.488+0000","{defaultclientid=iot-device-02, thingname=iot-device-02, thingid=4ae4927a-aefb-4584-a45a-fc4839feffd6, thingarn=arn:aws:iot:us-east-1:507441099951:thing/iot-device-02, thingtypename=null, attributes={installed=1593361211, latitude=32.8205865, longitude=-96.871627}, version=1, billinggroupname=null}","2020-11-26 00:00:00.000"
"iot-device-03","1.5946303493682873E9","51.7","71.24","false","false","0.0078","0.0051","0.021","2020-11-26T17:11:18.779+0000","{defaultclientid=iot-device-03, thingname=iot-device-03, thingid=877352b9-a35d-45d3-9c98-162d89965a13, thingarn=arn:aws:iot:us-east-1:507441099951:thing/iot-device-03, thingtypename=null, attributes={installed=1592562234, latitude=37.4133144, longitude=-122.1513069}, version=1, billinggroupname=null}","2020-11-26 00:00:00.000"
"iot-device-01","1.5946303517012293E9","75.9","67.28","false","false","0.0065","0.0039","0.017","2020-11-26T17:11:19.084+0000","{defaultclientid=iot-device-01, thingname=iot-device-01, thingid=983c2b68-f9a3-4e83-b3c6-9f6f8ad5431b, thingarn=arn:aws:iot:us-east-1:507441099951:thing/iot-device-01, thingtypename=null, attributes={installed=1594665292, latitude=37.4133144, longitude=-122.1513069}, version=1, billinggroupname=null}","2020-11-26 00:00:00.000"
"iot-device-03","1.5946303530541592E9","51.7","71.24","false","false","0.0078","0.0051","0.0208","2020-11-26T17:11:19.377+0000","{defaultclientid=iot-device-03, thingname=iot-device-03, thingid=877352b9-a35d-45d3-9c98-162d89965a13, thingarn=arn:aws:iot:us-east-1:507441099951:thing/iot-device-03, thingtypename=null, attributes={installed=1592562234, latitude=37.4133144, longitude=-122.1513069}, version=1, billinggroupname=null}","2020-11-26 00:00:00.000"
"iot-device-02","1.5946303539566793E9","59.5","75.02","true","false","0.0075","0.0048","0.02","2020-11-26T17:11:19.686+0000","{defaultclientid=iot-device-02, thingname=iot-device-02, thingid=4ae4927a-aefb-4584-a45a-fc4839feffd6, thingarn=arn:aws:iot:us-east-1:507441099951:thing/iot-device-02, thingtypename=null, attributes={installed=1593361211, latitude=32.8205865, longitude=-96.871627}, version=1, billinggroupname=null}","2020-11-26 00:00:00.000"
"iot-device-03","1.5946303569794304E9","51.7","71.24","false","false","0.0079","0.0051","0.021","2020-11-26T17:11:19.971+0000","{defaultclientid=iot-device-03, thingname=iot-device-03, thingid=877352b9-a35d-45d3-9c98-162d89965a13, thingarn=arn:aws:iot:us-east-1:507441099951:thing/iot-device-03, thingtypename=null, attributes={installed=1592562234, latitude=37.4133144, longitude=-122.1513069}, version=1, billinggroupname=null}","2020-11-26 00:00:00.000"
"iot-device-02","1.5946303577637572E9","59.5","75.02","true","false","0.0073","0.0046","0.0194","2020-11-26T17:11:20.274+0000","{defaultclientid=iot-device-02, thingname=iot-device-02, thingid=4ae4927a-aefb-4584-a45a-fc4839feffd6, thingarn=arn:aws:iot:us-east-1:507441099951:thing/iot-device-02, thingtypename=null, attributes={installed=1593361211, latitude=32.8205865, longitude=-96.871627}, version=1, billinggroupname=null}","2020-11-26 00:00:00.000"
"iot-device-03","1.5946303606659565E9","51.7","71.24","false","false","0.0078","0.0051","0.0209","2020-11-26T17:11:20.584+0000","{defaultclientid=iot-device-03, thingname=iot-device-03, thingid=877352b9-a35d-45d3-9c98-162d89965a13, thingarn=arn:aws:iot:us-east-1:507441099951:thing/iot-device-03, thingtypename=null, attributes={installed=1592562234, latitude=37.4133144, longitude=-122.1513069}, version=1, billinggroupname=null}","2020-11-26 00:00:00.000"
"iot-device-01","1.5946303294121313E9","75.8","67.1","false","false","0.0064","0.0039","0.0169","2020-11-26T17:11:14.914+0000","{defaultclientid=iot-device-01, thingname=iot-device-01, thingid=983c2b68-f9a3-4e83-b3c6-9f6f8ad5431b, thingarn=arn:aws:iot:us-east-1:507441099951:thing/iot-device-01, thingtypename=null, attributes={installed=1594665292, latitude=37.4133144, longitude=-122.1513069}, version=1, billinggroupname=null}","2020-11-26 00:00:00.000"
"iot-device-03","1.5946303309353654E9","51.7","71.24","false","false","0.0078","0.0051","0.0209","2020-11-26T17:11:15.221+0000","{defaultclientid=iot-device-03, thingname=iot-device-03, thingid=877352b9-a35d-45d3-9c98-162d89965a13, thingarn=arn:aws:iot:us-east-1:507441099951:thing/iot-device-03, thingtypename=null, attributes={installed=1592562234, latitude=37.4133144, longitude=-122.1513069}, version=1, billinggroupname=null}","2020-11-26 00:00:00.000"
"iot-device-02","1.5946303328437445E9","59.4","75.02","true","false","0.0073","0.0047","0.0195","2020-11-26T17:11:15.518+0000","{defaultclientid=iot-device-02, thingname=iot-device-02, thingid=4ae4927a-aefb-4584-a45a-fc4839feffd6, thingarn=arn:aws:iot:us-east-1:507441099951:thing/iot-device-02, thingtypename=null, attributes={installed=1593361211, latitude=32.8205865, longitude=-96.871627}, version=1, billinggroupname=null}","2020-11-26 00:00:00.000"
"iot-device-01","1.5946303332586393E9","75.8","67.28","false","false","0.0064","0.0039","0.0169","2020-11-26T17:11:15.810+0000","{defaultclientid=iot-device-01, thingname=iot-device-01, thingid=983c2b68-f9a3-4e83-b3c6-9f6f8ad5431b, thingarn=arn:aws:iot:us-east-1:507441099951:thing/iot-device-01, thingtypename=null, attributes={installed=1594665292, latitude=37.4133144, longitude=-122.1513069}, version=1, billinggroupname=null}","2020-11-26 00:00:00.000"
"iot-device-03","1.5946303346228874E9","51.7","71.24","false","false","0.0078","0.0051","0.0209","2020-11-26T17:11:16.097+0000","{defaultclientid=iot-device-03, thingname=iot-device-03, thingid=877352b9-a35d-45d3-9c98-162d89965a13, thingarn=arn:aws:iot:us-east-1:507441099951:thing/iot-device-03, thingtypename=null, attributes={installed=1592562234, latitude=37.4133144, longitude=-122.1513069}, version=1, billinggroupname=null}","2020-11-26 00:00:00.000"
"iot-device-02","1.5946303366522264E9","59.5","75.2","true","false","0.0073","0.0047","0.0195","2020-11-26T17:11:16.389+0000","{defaultclientid=iot-device-02, thingname=iot-device-02, thingid=4ae4927a-aefb-4584-a45a-fc4839feffd6, thingarn=arn:aws:iot:us-east-1:507441099951:thing/iot-device-02, thingtypename=null, attributes={installed=1593361211, latitude=32.8205865, longitude=-96.871627}, version=1, billinggroupname=null}","2020-11-26 00:00:00.000"
"iot-device-03","1.5946303383104794E9","51.6","71.06","false","false","0.0078","0.0051","0.0208","2020-11-26T17:11:16.750+0000","{defaultclientid=iot-device-03, thingname=iot-device-03, thingid=877352b9-a35d-45d3-9c98-162d89965a13, thingarn=arn:aws:iot:us-east-1:507441099951:thing/iot-device-03, thingtypename=null, attributes={installed=1592562234, latitude=37.4133144, longitude=-122.1513069}, version=1, billinggroupname=null}","2020-11-26 00:00:00.000"
"iot-device-01","1.5946303386887596E9","75.8","67.28","false","false","0.0064","0.0039","0.0169","2020-11-26T17:11:17.041+0000","{defaultclientid=iot-device-01, thingname=iot-device-01, thingid=983c2b68-f9a3-4e83-b3c6-9f6f8ad5431b, thingarn=arn:aws:iot:us-east-1:507441099951:thing/iot-device-01, thingtypename=null, attributes={installed=1594665292, latitude=37.4133144, longitude=-122.1513069}, version=1, billinggroupname=null}","2020-11-26 00:00:00.000"
"iot-device-03","1.5946303419967928E9","51.7","71.24","false","false","0.0078","0.0051","0.0208","2020-11-26T17:11:17.329+0000","{defaultclientid=iot-device-03, thingname=iot-device-03, thingid=877352b9-a35d-45d3-9c98-162d89965a13, thingarn=arn:aws:iot:us-east-1:507441099951:thing/iot-device-03, thingtypename=null, attributes={installed=1592562234, latitude=37.4133144, longitude=-122.1513069}, version=1, billinggroupname=null}","2020-11-26 00:00:00.000"
"iot-device-02","1.5946303420602126E9","59.4","75.02","true","false","0.0075","0.0048","0.02","2020-11-26T17:11:17.625+0000","{defaultclientid=iot-device-02, thingname=iot-device-02, thingid=4ae4927a-aefb-4584-a45a-fc4839feffd6, thingarn=arn:aws:iot:us-east-1:507441099951:thing/iot-device-02, thingtypename=null, attributes={installed=1593361211, latitude=32.8205865, longitude=-96.871627}, version=1, billinggroupname=null}","2020-11-26 00:00:00.000"
"iot-device-03","1.5946605526027384E9","51.9","72.5","false","false","0.0078","0.0051","0.021","2020-11-26T17:31:36.440+0000","{defaultclientid=iot-device-03, thingname=iot-device-03, thingid=877352b9-a35d-45d3-9c98-162d89965a13, thingarn=arn:aws:iot:us-east-1:507441099951:thing/iot-device-03, thingtypename=null, attributes={installed=1592562234, latitude=37.4133144, longitude=-122.1513069}, version=1, billinggroupname=null}","2020-11-26 00:00:00.000"
"iot-device-01","1.5946605528091981E9","76.3","66.56","false","false","0.0076","0.0049","0.0202","2020-11-26T17:31:36.742+0000","{defaultclientid=iot-device-01, thingname=iot-device-01, thingid=983c2b68-f9a3-4e83-b3c6-9f6f8ad5431b, thingarn=arn:aws:iot:us-east-1:507441099951:thing/iot-device-01, thingtypename=null, attributes={installed=1594665292, latitude=37.4133144, longitude=-122.1513069}, version=1, billinggroupname=null}","2020-11-26 00:00:00.000"
"iot-device-03","1.594660556289975E9","51.9","72.5","false","false","0.0079","0.0051","0.021","2020-11-26T17:31:37.032+0000","{defaultclientid=iot-device-03, thingname=iot-device-03, thingid=877352b9-a35d-45d3-9c98-162d89965a13, thingarn=arn:aws:iot:us-east-1:507441099951:thing/iot-device-03, thingtypename=null, attributes={installed=1592562234, latitude=37.4133144, longitude=-122.1513069}, version=1, billinggroupname=null}","2020-11-26 00:00:00.000"
"iot-device-03","1.5946605599776936E9","51.9","72.5","false","false","0.0079","0.0052","0.0211","2020-11-26T17:31:37.337+0000","{defaultclientid=iot-device-03, thingname=iot-device-03, thingid=877352b9-a35d-45d3-9c98-162d89965a13, thingarn=arn:aws:iot:us-east-1:507441099951:thing/iot-device-03, thingtypename=null, attributes={installed=1592562234, latitude=37.4133144, longitude=-122.1513069}, version=1, billinggroupname=null}","2020-11-26 00:00:00.000"
"iot-device-02","1.5946605613066142E9","62.6","76.64","true","false","0.0068","0.0042","0.018","2020-11-26T17:31:37.632+0000","{defaultclientid=iot-device-02, thingname=iot-device-02, thingid=4ae4927a-aefb-4584-a45a-fc4839feffd6, thingarn=arn:aws:iot:us-east-1:507441099951:thing/iot-device-02, thingtypename=null, attributes={installed=1593361211, latitude=32.8205865, longitude=-96.871627}, version=1, billinggroupname=null}","2020-11-26 00:00:00.000"
"iot-device-01","1.5946605625490365E9","76.1","66.56","false","false","0.0076","0.0049","0.0204","2020-11-26T17:31:37.920+0000","{defaultclientid=iot-device-01, thingname=iot-device-01, thingid=983c2b68-f9a3-4e83-b3c6-9f6f8ad5431b, thingarn=arn:aws:iot:us-east-1:507441099951:thing/iot-device-01, thingtypename=null, attributes={installed=1594665292, latitude=37.4133144, longitude=-122.1513069}, version=1, billinggroupname=null}","2020-11-26 00:00:00.000"
"iot-device-03","1.594660563663507E9","51.8","72.5","false","false","0.0079","0.0052","0.0211","2020-11-26T17:31:38.218+0000","{defaultclientid=iot-device-03, thingname=iot-device-03, thingid=877352b9-a35d-45d3-9c98-162d89965a13, thingarn=arn:aws:iot:us-east-1:507441099951:thing/iot-device-03, thingtypename=null, attributes={installed=1592562234, latitude=37.4133144, longitude=-122.1513069}, version=1, billinggroupname=null}","2020-11-26 00:00:00.000"
"iot-device-02","1.594660567275652E9","62.6","76.64","true","false","0.0068","0.0042","0.0179","2020-11-26T17:31:38.521+0000","{defaultclientid=iot-device-02, thingname=iot-device-02, thingid=4ae4927a-aefb-4584-a45a-fc4839feffd6, thingarn=arn:aws:iot:us-east-1:507441099951:thing/iot-device-02, thingtypename=null, attributes={installed=1593361211, latitude=32.8205865, longitude=-96.871627}, version=1, billinggroupname=null}","2020-11-26 00:00:00.000"
"iot-device-03","1.5946605673484306E9","51.8","72.5","false","false","0.0079","0.0052","0.0211","2020-11-26T17:31:38.825+0000","{defaultclientid=iot-device-03, thingname=iot-device-03, thingid=877352b9-a35d-45d3-9c98-162d89965a13, thingarn=arn:aws:iot:us-east-1:507441099951:thing/iot-device-03, thingtypename=null, attributes={installed=1592562234, latitude=37.4133144, longitude=-122.1513069}, version=1, billinggroupname=null}","2020-11-26 00:00:00.000"
"iot-device-01","1.5946605674403124E9","76.1","66.74","false","false","0.0076","0.0049","0.0203","2020-11-26T17:31:39.121+0000","{defaultclientid=iot-device-01, thingname=iot-device-01, thingid=983c2b68-f9a3-4e83-b3c6-9f6f8ad5431b, thingarn=arn:aws:iot:us-east-1:507441099951:thing/iot-device-01, thingtypename=null, attributes={installed=1594665292, latitude=37.4133144, longitude=-122.1513069}, version=1, billinggroupname=null}","2020-11-26 00:00:00.000"
"iot-device-01","1.5946605891587374E9","76.1","66.74","false","false","0.0076","0.0049","0.0202","2020-11-26T17:31:42.410+0000","{defaultclientid=iot-device-01, thingname=iot-device-01, thingid=983c2b68-f9a3-4e83-b3c6-9f6f8ad5431b, thingarn=arn:aws:iot:us-east-1:507441099951:thing/iot-device-01, thingtypename=null, attributes={installed=1594665292, latitude=37.4133144, longitude=-122.1513069}, version=1, billinggroupname=null}","2020-11-26 00:00:00.000"
"iot-device-02","1.5946605893781185E9","60.0","76.64","true","false","0.0068","0.0042","0.018","2020-11-26T17:31:42.774+0000","{defaultclientid=iot-device-02, thingname=iot-device-02, thingid=4ae4927a-aefb-4584-a45a-fc4839feffd6, thingarn=arn:aws:iot:us-east-1:507441099951:thing/iot-device-02, thingtypename=null, attributes={installed=1593361211, latitude=32.8205865, longitude=-96.871627}, version=1, billinggroupname=null}","2020-11-26 00:00:00.000"
"iot-device-03","1.5946605894630704E9","51.6","72.5","false","false","0.0079","0.0052","0.0211","2020-11-26T17:31:43.068+0000","{defaultclientid=iot-device-03, thingname=iot-device-03, thingid=877352b9-a35d-45d3-9c98-162d89965a13, thingarn=arn:aws:iot:us-east-1:507441099951:thing/iot-device-03, thingtypename=null, attributes={installed=1592562234, latitude=37.4133144, longitude=-122.1513069}, version=1, billinggroupname=null}","2020-11-26 00:00:00.000"
"iot-device-03","1.5946605930654404E9","51.6","72.5","false","false","0.0079","0.0052","0.0211","2020-11-26T17:31:43.371+0000","{defaultclientid=iot-device-03, thingname=iot-device-03, thingid=877352b9-a35d-45d3-9c98-162d89965a13, thingarn=arn:aws:iot:us-east-1:507441099951:thing/iot-device-03, thingtypename=null, attributes={installed=1592562234, latitude=37.4133144, longitude=-122.1513069}, version=1, billinggroupname=null}","2020-11-26 00:00:00.000"
"iot-device-01","1.594660594580691E9","76.5","66.74","false","false","0.0076","0.0049","0.0203","2020-11-26T17:31:43.676+0000","{defaultclientid=iot-device-01, thingname=iot-device-01, thingid=983c2b68-f9a3-4e83-b3c6-9f6f8ad5431b, thingarn=arn:aws:iot:us-east-1:507441099951:thing/iot-device-01, thingtypename=null, attributes={installed=1594665292, latitude=37.4133144, longitude=-122.1513069}, version=1, billinggroupname=null}","2020-11-26 00:00:00.000"
"iot-device-03","1.5946605967741024E9","51.6","72.5","false","false","0.0079","0.0052","0.021","2020-11-26T17:31:43.973+0000","{defaultclientid=iot-device-03, thingname=iot-device-03, thingid=877352b9-a35d-45d3-9c98-162d89965a13, thingarn=arn:aws:iot:us-east-1:507441099951:thing/iot-device-03, thingtypename=null, attributes={installed=1592562234, latitude=37.4133144, longitude=-122.1513069}, version=1, billinggroupname=null}","2020-11-26 00:00:00.000"
"iot-device-03","1.594660600468208E9","51.6","72.5","false","false","0.0079","0.0051","0.021","2020-11-26T17:31:44.272+0000","{defaultclientid=iot-device-03, thingname=iot-device-03, thingid=877352b9-a35d-45d3-9c98-162d89965a13, thingarn=arn:aws:iot:us-east-1:507441099951:thing/iot-device-03, thingtypename=null, attributes={installed=1592562234, latitude=37.4133144, longitude=-122.1513069}, version=1, billinggroupname=null}","2020-11-26 00:00:00.000"
"iot-device-03","1.5946606041551702E9","51.6","72.5","false","false","0.0078","0.0051","0.0209","2020-11-26T17:31:44.561+0000","{defaultclientid=iot-device-03, thingname=iot-device-03, thingid=877352b9-a35d-45d3-9c98-162d89965a13, thingarn=arn:aws:iot:us-east-1:507441099951:thing/iot-device-03, thingtypename=null, attributes={installed=1592562234, latitude=37.4133144, longitude=-122.1513069}, version=1, billinggroupname=null}","2020-11-26 00:00:00.000"
"iot-device-01","1.594660604304917E9","75.8","66.56","false","false","0.0077","0.005","0.0204","2020-11-26T17:31:44.856+0000","{defaultclientid=iot-device-01, thingname=iot-device-01, thingid=983c2b68-f9a3-4e83-b3c6-9f6f8ad5431b, thingarn=arn:aws:iot:us-east-1:507441099951:thing/iot-device-01, thingtypename=null, attributes={installed=1594665292, latitude=37.4133144, longitude=-122.1513069}, version=1, billinggroupname=null}","2020-11-26 00:00:00.000"
"iot-device-02","1.5946606062800374E9","62.5","76.64","true","false","0.0068","0.0042","0.018","2020-11-26T17:31:45.149+0000","{defaultclientid=iot-device-02, thingname=iot-device-02, thingid=4ae4927a-aefb-4584-a45a-fc4839feffd6, thingarn=arn:aws:iot:us-east-1:507441099951:thing/iot-device-02, thingtypename=null, attributes={installed=1593361211, latitude=32.8205865, longitude=-96.871627}, version=1, billinggroupname=null}","2020-11-26 00:00:00.000"
"iot-device-02","1.5946615854583795E9","61.6","76.64","true","false","0.0068","0.0042","0.018","2020-11-26T17:31:57.521+0000","{defaultclientid=iot-device-02, thingname=iot-device-02, thingid=4ae4927a-aefb-4584-a45a-fc4839feffd6, thingarn=arn:aws:iot:us-east-1:507441099951:thing/iot-device-02, thingtypename=null, attributes={installed=1593361211, latitude=32.8205865, longitude=-96.871627}, version=1, billinggroupname=null}","2020-11-26 00:00:00.000"
"iot-device-03","1.5946615856797495E9","51.9","71.6","false","false","0.0079","0.0051","0.021","2020-11-26T17:31:57.815+0000","{defaultclientid=iot-device-03, thingname=iot-device-03, thingid=877352b9-a35d-45d3-9c98-162d89965a13, thingarn=arn:aws:iot:us-east-1:507441099951:thing/iot-device-03, thingtypename=null, attributes={installed=1592562234, latitude=37.4133144, longitude=-122.1513069}, version=1, billinggroupname=null}","2020-11-26 00:00:00.000"
"iot-device-01","1.5946615891275046E9","75.3","66.38","false","false","0.0077","0.005","0.0204","2020-11-26T17:31:58.110+0000","{defaultclientid=iot-device-01, thingname=iot-device-01, thingid=983c2b68-f9a3-4e83-b3c6-9f6f8ad5431b, thingarn=arn:aws:iot:us-east-1:507441099951:thing/iot-device-01, thingtypename=null, attributes={installed=1594665292, latitude=37.4133144, longitude=-122.1513069}, version=1, billinggroupname=null}","2020-11-26 00:00:00.000"
"iot-device-03","1.5946615893781207E9","51.9","71.6","false","false","0.0079","0.0052","0.0211","2020-11-26T17:31:58.413+0000","{defaultclientid=iot-device-03, thingname=iot-device-03, thingid=877352b9-a35d-45d3-9c98-162d89965a13, thingarn=arn:aws:iot:us-east-1:507441099951:thing/iot-device-03, thingtypename=null, attributes={installed=1592562234, latitude=37.4133144, longitude=-122.1513069}, version=1, billinggroupname=null}","2020-11-26 00:00:00.000"
"iot-device-02","1.5946615898023686E9","61.6","76.64","true","false","0.0068","0.0042","0.018","2020-11-26T17:31:58.700+0000","{defaultclientid=iot-device-02, thingname=iot-device-02, thingid=4ae4927a-aefb-4584-a45a-fc4839feffd6, thingarn=arn:aws:iot:us-east-1:507441099951:thing/iot-device-02, thingtypename=null, attributes={installed=1593361211, latitude=32.8205865, longitude=-96.871627}, version=1, billinggroupname=null}","2020-11-26 00:00:00.000"
"iot-device-03","1.5946615930638945E9","51.9","71.6","false","false","0.0079","0.0051","0.021","2020-11-26T17:31:59.001+0000","{defaultclientid=iot-device-03, thingname=iot-device-03, thingid=877352b9-a35d-45d3-9c98-162d89965a13, thingarn=arn:aws:iot:us-east-1:507441099951:thing/iot-device-03, thingtypename=null, attributes={installed=1592562234, latitude=37.4133144, longitude=-122.1513069}, version=1, billinggroupname=null}","2020-11-26 00:00:00.000"
"iot-device-03","1.5946615967501912E9","51.9","71.6","false","false","0.0078","0.0051","0.0209","2020-11-26T17:31:59.302+0000","{defaultclientid=iot-device-03, thingname=iot-device-03, thingid=877352b9-a35d-45d3-9c98-162d89965a13, thingarn=arn:aws:iot:us-east-1:507441099951:thing/iot-device-03, thingtypename=null, attributes={installed=1592562234, latitude=37.4133144, longitude=-122.1513069}, version=1, billinggroupname=null}","2020-11-26 00:00:00.000"
"iot-device-01","1.5946615973004205E9","75.3","66.38","false","false","0.0077","0.005","0.0204","2020-11-26T17:31:59.601+0000","{defaultclientid=iot-device-01, thingname=iot-device-01, thingid=983c2b68-f9a3-4e83-b3c6-9f6f8ad5431b, thingarn=arn:aws:iot:us-east-1:507441099951:thing/iot-device-01, thingtypename=null, attributes={installed=1594665292, latitude=37.4133144, longitude=-122.1513069}, version=1, billinggroupname=null}","2020-11-26 00:00:00.000"
"iot-device-02","1.5946615973512099E9","61.6","76.64","true","false","0.0068","0.0042","0.018","2020-11-26T17:31:59.902+0000","{defaultclientid=iot-device-02, thingname=iot-device-02, thingid=4ae4927a-aefb-4584-a45a-fc4839feffd6, thingarn=arn:aws:iot:us-east-1:507441099951:thing/iot-device-02, thingtypename=null, attributes={installed=1593361211, latitude=32.8205865, longitude=-96.871627}, version=1, billinggroupname=null}","2020-11-26 00:00:00.000"
"iot-device-03","1.5946606078407462E9","51.7","72.5","false","false","0.0078","0.0051","0.021","2020-11-26T17:31:45.451+0000","{defaultclientid=iot-device-03, thingname=iot-device-03, thingid=877352b9-a35d-45d3-9c98-162d89965a13, thingarn=arn:aws:iot:us-east-1:507441099951:thing/iot-device-03, thingtypename=null, attributes={installed=1592562234, latitude=37.4133144, longitude=-122.1513069}, version=1, billinggroupname=null}","2020-11-26 00:00:00.000"
"iot-device-03","1.5946606115279186E9","51.7","72.5","false","false","0.0079","0.0051","0.021","2020-11-26T17:31:45.818+0000","{defaultclientid=iot-device-03, thingname=iot-device-03, thingid=877352b9-a35d-45d3-9c98-162d89965a13, thingarn=arn:aws:iot:us-east-1:507441099951:thing/iot-device-03, thingtypename=null, attributes={installed=1592562234, latitude=37.4133144, longitude=-122.1513069}, version=1, billinggroupname=null}","2020-11-26 00:00:00.000"
"iot-device-03","1.5946606151878176E9","51.7","72.5","false","false","0.0079","0.0052","0.0211","2020-11-26T17:31:46.115+0000","{defaultclientid=iot-device-03, thingname=iot-device-03, thingid=877352b9-a35d-45d3-9c98-162d89965a13, thingarn=arn:aws:iot:us-east-1:507441099951:thing/iot-device-03, thingtypename=null, attributes={installed=1592562234, latitude=37.4133144, longitude=-122.1513069}, version=1, billinggroupname=null}","2020-11-26 00:00:00.000"
"iot-device-01","1.594660616458017E9","75.7","66.74","false","false","0.0076","0.0049","0.0204","2020-11-26T17:31:46.410+0000","{defaultclientid=iot-device-01, thingname=iot-device-01, thingid=983c2b68-f9a3-4e83-b3c6-9f6f8ad5431b, thingarn=arn:aws:iot:us-east-1:507441099951:thing/iot-device-01, thingtypename=null, attributes={installed=1594665292, latitude=37.4133144, longitude=-122.1513069}, version=1, billinggroupname=null}","2020-11-26 00:00:00.000"
"iot-device-02","1.594660616501145E9","62.5","76.64","true","false","0.0068","0.0042","0.018","2020-11-26T17:31:46.711+0000","{defaultclientid=iot-device-02, thingname=iot-device-02, thingid=4ae4927a-aefb-4584-a45a-fc4839feffd6, thingarn=arn:aws:iot:us-east-1:507441099951:thing/iot-device-02, thingtypename=null, attributes={installed=1593361211, latitude=32.8205865, longitude=-96.871627}, version=1, billinggroupname=null}","2020-11-26 00:00:00.000"
"iot-device-03","1.5946606188765745E9","51.7","72.32","false","false","0.0079","0.0052","0.0211","2020-11-26T17:31:47.012+0000","{defaultclientid=iot-device-03, thingname=iot-device-03, thingid=877352b9-a35d-45d3-9c98-162d89965a13, thingarn=arn:aws:iot:us-east-1:507441099951:thing/iot-device-03, thingtypename=null, attributes={installed=1592562234, latitude=37.4133144, longitude=-122.1513069}, version=1, billinggroupname=null}","2020-11-26 00:00:00.000"
"iot-device-03","1.5946606225645494E9","51.8","72.5","false","false","0.0079","0.0052","0.0211","2020-11-26T17:31:47.302+0000","{defaultclientid=iot-device-03, thingname=iot-device-03, thingid=877352b9-a35d-45d3-9c98-162d89965a13, thingarn=arn:aws:iot:us-east-1:507441099951:thing/iot-device-03, thingtypename=null, attributes={installed=1592562234, latitude=37.4133144, longitude=-122.1513069}, version=1, billinggroupname=null}","2020-11-26 00:00:00.000"
"iot-device-02","1.5946606246336784E9","62.5","76.64","true","false","0.0068","0.0042","0.018","2020-11-26T17:31:47.601+0000","{defaultclientid=iot-device-02, thingname=iot-device-02, thingid=4ae4927a-aefb-4584-a45a-fc4839feffd6, thingarn=arn:aws:iot:us-east-1:507441099951:thing/iot-device-02, thingtypename=null, attributes={installed=1593361211, latitude=32.8205865, longitude=-96.871627}, version=1, billinggroupname=null}","2020-11-26 00:00:00.000"
"iot-device-03","1.594661530396435E9","51.9","71.42","false","false","0.0079","0.0052","0.021","2020-11-26T17:31:47.890+0000","{defaultclientid=iot-device-03, thingname=iot-device-03, thingid=877352b9-a35d-45d3-9c98-162d89965a13, thingarn=arn:aws:iot:us-east-1:507441099951:thing/iot-device-03, thingtypename=null, attributes={installed=1592562234, latitude=37.4133144, longitude=-122.1513069}, version=1, billinggroupname=null}","2020-11-26 00:00:00.000"
"iot-device-02","1.594661532210864E9","61.8","76.64","true","false","0.0068","0.0042","0.018","2020-11-26T17:31:48.181+0000","{defaultclientid=iot-device-02, thingname=iot-device-02, thingid=4ae4927a-aefb-4584-a45a-fc4839feffd6, thingarn=arn:aws:iot:us-east-1:507441099951:thing/iot-device-02, thingtypename=null, attributes={installed=1593361211, latitude=32.8205865, longitude=-96.871627}, version=1, billinggroupname=null}","2020-11-26 00:00:00.000"
"iot-device-01","1.5946615333022316E9","75.4","66.38","false","false","0.0077","0.005","0.0204","2020-11-26T17:31:48.481+0000","{defaultclientid=iot-device-01, thingname=iot-device-01, thingid=983c2b68-f9a3-4e83-b3c6-9f6f8ad5431b, thingarn=arn:aws:iot:us-east-1:507441099951:thing/iot-device-01, thingtypename=null, attributes={installed=1594665292, latitude=37.4133144, longitude=-122.1513069}, version=1, billinggroupname=null}","2020-11-26 00:00:00.000"
"iot-device-03","1.5946615340825412E9","51.9","71.42","false","false","0.0079","0.0052","0.0211","2020-11-26T17:31:48.785+0000","{defaultclientid=iot-device-03, thingname=iot-device-03, thingid=877352b9-a35d-45d3-9c98-162d89965a13, thingarn=arn:aws:iot:us-east-1:507441099951:thing/iot-device-03, thingtypename=null, attributes={installed=1592562234, latitude=37.4133144, longitude=-122.1513069}, version=1, billinggroupname=null}","2020-11-26 00:00:00.000"
"iot-device-03","1.5946615377698414E9","52.0","71.6","false","false","0.0079","0.0052","0.0211","2020-11-26T17:31:49.081+0000","{defaultclientid=iot-device-03, thingname=iot-device-03, thingid=877352b9-a35d-45d3-9c98-162d89965a13, thingarn=arn:aws:iot:us-east-1:507441099951:thing/iot-device-03, thingtypename=null, attributes={installed=1592562234, latitude=37.4133144, longitude=-122.1513069}, version=1, billinggroupname=null}","2020-11-26 00:00:00.000"
"iot-device-03","1.5946615414559634E9","51.9","71.6","false","false","0.0079","0.0052","0.021","2020-11-26T17:31:49.389+0000","{defaultclientid=iot-device-03, thingname=iot-device-03, thingid=877352b9-a35d-45d3-9c98-162d89965a13, thingarn=arn:aws:iot:us-east-1:507441099951:thing/iot-device-03, thingtypename=null, attributes={installed=1592562234, latitude=37.4133144, longitude=-122.1513069}, version=1, billinggroupname=null}","2020-11-26 00:00:00.000"
"iot-device-02","1.5946615435181909E9","61.5","76.64","true","false","0.0068","0.0042","0.0181","2020-11-26T17:31:49.679+0000","{defaultclientid=iot-device-02, thingname=iot-device-02, thingid=4ae4927a-aefb-4584-a45a-fc4839feffd6, thingarn=arn:aws:iot:us-east-1:507441099951:thing/iot-device-02, thingtypename=null, attributes={installed=1593361211, latitude=32.8205865, longitude=-96.871627}, version=1, billinggroupname=null}","2020-11-26 00:00:00.000"
"iot-device-01","1.5946615435541859E9","75.2","66.38","false","false","0.0077","0.005","0.0204","2020-11-26T17:31:49.968+0000","{defaultclientid=iot-device-01, thingname=iot-device-01, thingid=983c2b68-f9a3-4e83-b3c6-9f6f8ad5431b, thingarn=arn:aws:iot:us-east-1:507441099951:thing/iot-device-01, thingtypename=null, attributes={installed=1594665292, latitude=37.4133144, longitude=-122.1513069}, version=1, billinggroupname=null}","2020-11-26 00:00:00.000"
"iot-device-03","1.5946615451420734E9","51.9","71.6","false","false","0.0079","0.0051","0.021","2020-11-26T17:31:50.262+0000","{defaultclientid=iot-device-03, thingname=iot-device-03, thingid=877352b9-a35d-45d3-9c98-162d89965a13, thingarn=arn:aws:iot:us-east-1:507441099951:thing/iot-device-03, thingtypename=null, attributes={installed=1592562234, latitude=37.4133144, longitude=-122.1513069}, version=1, billinggroupname=null}","2020-11-26 00:00:00.000"
"iot-device-02","1.594661547861011E9","61.5","76.64","true","false","0.0068","0.0042","0.0181","2020-11-26T17:31:50.582+0000","{defaultclientid=iot-device-02, thingname=iot-device-02, thingid=4ae4927a-aefb-4584-a45a-fc4839feffd6, thingarn=arn:aws:iot:us-east-1:507441099951:thing/iot-device-02, thingtypename=null, attributes={installed=1593361211, latitude=32.8205865, longitude=-96.871627}, version=1, billinggroupname=null}","2020-11-26 00:00:00.000"
"iot-device-03","1.5946615488279836E9","51.9","71.6","false","false","0.0079","0.0052","0.021","2020-11-26T17:31:50.872+0000","{defaultclientid=iot-device-03, thingname=iot-device-03, thingid=877352b9-a35d-45d3-9c98-162d89965a13, thingarn=arn:aws:iot:us-east-1:507441099951:thing/iot-device-03, thingtypename=null, attributes={installed=1592562234, latitude=37.4133144, longitude=-122.1513069}, version=1, billinggroupname=null}","2020-11-26 00:00:00.000"
"iot-device-01","1.5946615489814165E9","75.2","66.38","false","false","0.0077","0.005","0.0204","2020-11-26T17:31:51.163+0000","{defaultclientid=iot-device-01, thingname=iot-device-01, thingid=983c2b68-f9a3-4e83-b3c6-9f6f8ad5431b, thingarn=arn:aws:iot:us-east-1:507441099951:thing/iot-device-01, thingtypename=null, attributes={installed=1594665292, latitude=37.4133144, longitude=-122.1513069}, version=1, billinggroupname=null}","2020-11-26 00:00:00.000"
"iot-device-02","1.5946605373086307E9","62.6","76.64","true","false","0.0068","0.0042","0.018","2020-11-26T17:31:33.360+0000","{defaultclientid=iot-device-02, thingname=iot-device-02, thingid=4ae4927a-aefb-4584-a45a-fc4839feffd6, thingarn=arn:aws:iot:us-east-1:507441099951:thing/iot-device-02, thingtypename=null, attributes={installed=1593361211, latitude=32.8205865, longitude=-96.871627}, version=1, billinggroupname=null}","2020-11-26 00:00:00.000"
"iot-device-01","1.594660537587518E9","76.5","66.74","false","false","0.0076","0.0049","0.0203","2020-11-26T17:31:33.651+0000","{defaultclientid=iot-device-01, thingname=iot-device-01, thingid=983c2b68-f9a3-4e83-b3c6-9f6f8ad5431b, thingarn=arn:aws:iot:us-east-1:507441099951:thing/iot-device-01, thingtypename=null, attributes={installed=1594665292, latitude=37.4133144, longitude=-122.1513069}, version=1, billinggroupname=null}","2020-11-26 00:00:00.000"
"iot-device-03","1.5946605378531964E9","51.9","72.5","false","false","0.0079","0.0051","0.021","2020-11-26T17:31:34.039+0000","{defaultclientid=iot-device-03, thingname=iot-device-03, thingid=877352b9-a35d-45d3-9c98-162d89965a13, thingarn=arn:aws:iot:us-east-1:507441099951:thing/iot-device-03, thingtypename=null, attributes={installed=1592562234, latitude=37.4133144, longitude=-122.1513069}, version=1, billinggroupname=null}","2020-11-26 00:00:00.000"
"iot-device-02","1.5946605411152475E9","62.7","76.64","true","false","0.0068","0.0042","0.0179","2020-11-26T17:31:34.359+0000","{defaultclientid=iot-device-02, thingname=iot-device-02, thingid=4ae4927a-aefb-4584-a45a-fc4839feffd6, thingarn=arn:aws:iot:us-east-1:507441099951:thing/iot-device-02, thingtypename=null, attributes={installed=1593361211, latitude=32.8205865, longitude=-96.871627}, version=1, billinggroupname=null}","2020-11-26 00:00:00.000"
"iot-device-03","1.594660541540195E9","51.9","72.5","false","false","0.0079","0.0052","0.0211","2020-11-26T17:31:34.652+0000","{defaultclientid=iot-device-03, thingname=iot-device-03, thingid=877352b9-a35d-45d3-9c98-162d89965a13, thingarn=arn:aws:iot:us-east-1:507441099951:thing/iot-device-03, thingtypename=null, attributes={installed=1592562234, latitude=37.4133144, longitude=-122.1513069}, version=1, billinggroupname=null}","2020-11-26 00:00:00.000"
"iot-device-01","1.5946605430146694E9","76.4","66.74","false","false","0.0076","0.0049","0.0203","2020-11-26T17:31:34.951+0000","{defaultclientid=iot-device-01, thingname=iot-device-01, thingid=983c2b68-f9a3-4e83-b3c6-9f6f8ad5431b, thingarn=arn:aws:iot:us-east-1:507441099951:thing/iot-device-01, thingtypename=null, attributes={installed=1594665292, latitude=37.4133144, longitude=-122.1513069}, version=1, billinggroupname=null}","2020-11-26 00:00:00.000"
"iot-device-03","1.5946605452277038E9","51.9","72.5","false","false","0.0078","0.0051","0.021","2020-11-26T17:31:35.241+0000","{defaultclientid=iot-device-03, thingname=iot-device-03, thingid=877352b9-a35d-45d3-9c98-162d89965a13, thingarn=arn:aws:iot:us-east-1:507441099951:thing/iot-device-03, thingtypename=null, attributes={installed=1592562234, latitude=37.4133144, longitude=-122.1513069}, version=1, billinggroupname=null}","2020-11-26 00:00:00.000"
"iot-device-02","1.5946605459935784E9","62.7","76.64","true","false","0.0068","0.0042","0.018","2020-11-26T17:31:35.541+0000","{defaultclientid=iot-device-02, thingname=iot-device-02, thingid=4ae4927a-aefb-4584-a45a-fc4839feffd6, thingarn=arn:aws:iot:us-east-1:507441099951:thing/iot-device-02, thingtypename=null, attributes={installed=1593361211, latitude=32.8205865, longitude=-96.871627}, version=1, billinggroupname=null}","2020-11-26 00:00:00.000"
"iot-device-01","1.594660546830158E9","76.6","66.56","false","false","0.0076","0.0049","0.0204","2020-11-26T17:31:35.842+0000","{defaultclientid=iot-device-01, thingname=iot-device-01, thingid=983c2b68-f9a3-4e83-b3c6-9f6f8ad5431b, thingarn=arn:aws:iot:us-east-1:507441099951:thing/iot-device-01, thingtypename=null, attributes={installed=1594665292, latitude=37.4133144, longitude=-122.1513069}, version=1, billinggroupname=null}","2020-11-26 00:00:00.000"
"iot-device-03","1.5946605489152093E9","51.9","72.5","false","false","0.0078","0.0051","0.021","2020-11-26T17:31:36.152+0000","{defaultclientid=iot-device-03, thingname=iot-device-03, thingid=877352b9-a35d-45d3-9c98-162d89965a13, thingarn=arn:aws:iot:us-east-1:507441099951:thing/iot-device-03, thingtypename=null, attributes={installed=1592562234, latitude=37.4133144, longitude=-122.1513069}, version=1, billinggroupname=null}","2020-11-26 00:00:00.000"
"iot-device-03","1.5946605710346453E9","51.7","72.5","false","false","0.0078","0.0051","0.021","2020-11-26T17:31:39.421+0000","{defaultclientid=iot-device-03, thingname=iot-device-03, thingid=877352b9-a35d-45d3-9c98-162d89965a13, thingarn=arn:aws:iot:us-east-1:507441099951:thing/iot-device-03, thingtypename=null, attributes={installed=1592562234, latitude=37.4133144, longitude=-122.1513069}, version=1, billinggroupname=null}","2020-11-26 00:00:00.000"
"iot-device-03","1.594660574720823E9","51.6","72.5","false","false","0.0079","0.0051","0.021","2020-11-26T17:31:39.722+0000","{defaultclientid=iot-device-03, thingname=iot-device-03, thingid=877352b9-a35d-45d3-9c98-162d89965a13, thingarn=arn:aws:iot:us-east-1:507441099951:thing/iot-device-03, thingtypename=null, attributes={installed=1592562234, latitude=37.4133144, longitude=-122.1513069}, version=1, billinggroupname=null}","2020-11-26 00:00:00.000"
"iot-device-02","1.594660574825392E9","63.7","76.64","true","false","0.0068","0.0042","0.018","2020-11-26T17:31:40.011+0000","{defaultclientid=iot-device-02, thingname=iot-device-02, thingid=4ae4927a-aefb-4584-a45a-fc4839feffd6, thingarn=arn:aws:iot:us-east-1:507441099951:thing/iot-device-02, thingtypename=null, attributes={installed=1593361211, latitude=32.8205865, longitude=-96.871627}, version=1, billinggroupname=null}","2020-11-26 00:00:00.000"
"iot-device-01","1.5946605761008995E9","76.0","66.74","false","false","0.0076","0.0049","0.0204","2020-11-26T17:31:40.309+0000","{defaultclientid=iot-device-01, thingname=iot-device-01, thingid=983c2b68-f9a3-4e83-b3c6-9f6f8ad5431b, thingarn=arn:aws:iot:us-east-1:507441099951:thing/iot-device-01, thingtypename=null, attributes={installed=1594665292, latitude=37.4133144, longitude=-122.1513069}, version=1, billinggroupname=null}","2020-11-26 00:00:00.000"
"iot-device-03","1.594660578407011E9","51.6","72.5","false","false","0.0079","0.0052","0.0211","2020-11-26T17:31:40.609+0000","{defaultclientid=iot-device-03, thingname=iot-device-03, thingid=877352b9-a35d-45d3-9c98-162d89965a13, thingarn=arn:aws:iot:us-east-1:507441099951:thing/iot-device-03, thingtypename=null, attributes={installed=1592562234, latitude=37.4133144, longitude=-122.1513069}, version=1, billinggroupname=null}","2020-11-26 00:00:00.000"
"iot-device-02","1.5946605791675868E9","62.7","76.64","true","false","0.0068","0.0042","0.018","2020-11-26T17:31:40.913+0000","{defaultclientid=iot-device-02, thingname=iot-device-02, thingid=4ae4927a-aefb-4584-a45a-fc4839feffd6, thingarn=arn:aws:iot:us-east-1:507441099951:thing/iot-device-02, thingtypename=null, attributes={installed=1593361211, latitude=32.8205865, longitude=-96.871627}, version=1, billinggroupname=null}","2020-11-26 00:00:00.000"
"iot-device-01","1.5946605809908366E9","76.0","66.74","false","false","0.0076","0.0049","0.0203","2020-11-26T17:31:41.210+0000","{defaultclientid=iot-device-01, thingname=iot-device-01, thingid=983c2b68-f9a3-4e83-b3c6-9f6f8ad5431b, thingarn=arn:aws:iot:us-east-1:507441099951:thing/iot-device-01, thingtypename=null, attributes={installed=1594665292, latitude=37.4133144, longitude=-122.1513069}, version=1, billinggroupname=null}","2020-11-26 00:00:00.000"
"iot-device-03","1.594660582090919E9","51.6","72.5","false","false","0.0078","0.0051","0.021","2020-11-26T17:31:41.511+0000","{defaultclientid=iot-device-03, thingname=iot-device-03, thingid=877352b9-a35d-45d3-9c98-162d89965a13, thingarn=arn:aws:iot:us-east-1:507441099951:thing/iot-device-03, thingtypename=null, attributes={installed=1592562234, latitude=37.4133144, longitude=-122.1513069}, version=1, billinggroupname=null}","2020-11-26 00:00:00.000"
"iot-device-01","1.5946605848060095E9","76.0","66.74","false","false","0.0076","0.0049","0.0203","2020-11-26T17:31:41.820+0000","{defaultclientid=iot-device-01, thingname=iot-device-01, thingid=983c2b68-f9a3-4e83-b3c6-9f6f8ad5431b, thingarn=arn:aws:iot:us-east-1:507441099951:thing/iot-device-01, thingtypename=null, attributes={installed=1594665292, latitude=37.4133144, longitude=-122.1513069}, version=1, billinggroupname=null}","2020-11-26 00:00:00.000"
"iot-device-03","1.5946605857766724E9","51.6","72.5","false","false","0.0079","0.0052","0.0211","2020-11-26T17:31:42.113+0000","{defaultclientid=iot-device-03, thingname=iot-device-03, thingid=877352b9-a35d-45d3-9c98-162d89965a13, thingarn=arn:aws:iot:us-east-1:507441099951:thing/iot-device-03, thingtypename=null, attributes={installed=1592562234, latitude=37.4133144, longitude=-122.1513069}, version=1, billinggroupname=null}","2020-11-26 00:00:00.000"
"iot-device-01","1.5946605202240355E9","76.5","66.56","false","false","0.0076","0.0049","0.0204","2020-11-26T17:31:30.325+0000","{defaultclientid=iot-device-01, thingname=iot-device-01, thingid=983c2b68-f9a3-4e83-b3c6-9f6f8ad5431b, thingarn=arn:aws:iot:us-east-1:507441099951:thing/iot-device-01, thingtypename=null, attributes={installed=1594665292, latitude=37.4133144, longitude=-122.1513069}, version=1, billinggroupname=null}","2020-11-26 00:00:00.000"
"iot-device-02","1.594660521071299E9","62.6","76.64","true","false","0.0068","0.0042","0.018","2020-11-26T17:31:30.624+0000","{defaultclientid=iot-device-02, thingname=iot-device-02, thingid=4ae4927a-aefb-4584-a45a-fc4839feffd6, thingarn=arn:aws:iot:us-east-1:507441099951:thing/iot-device-02, thingtypename=null, attributes={installed=1593361211, latitude=32.8205865, longitude=-96.871627}, version=1, billinggroupname=null}","2020-11-26 00:00:00.000"
"iot-device-03","1.594660523109514E9","52.0","72.5","false","false","0.0079","0.0052","0.0211","2020-11-26T17:31:30.909+0000","{defaultclientid=iot-device-03, thingname=iot-device-03, thingid=877352b9-a35d-45d3-9c98-162d89965a13, thingarn=arn:aws:iot:us-east-1:507441099951:thing/iot-device-03, thingtypename=null, attributes={installed=1592562234, latitude=37.4133144, longitude=-122.1513069}, version=1, billinggroupname=null}","2020-11-26 00:00:00.000"
"iot-device-01","1.5946605256548364E9","76.8","66.56","false","false","0.0076","0.0049","0.0202","2020-11-26T17:31:31.205+0000","{defaultclientid=iot-device-01, thingname=iot-device-01, thingid=983c2b68-f9a3-4e83-b3c6-9f6f8ad5431b, thingarn=arn:aws:iot:us-east-1:507441099951:thing/iot-device-01, thingtypename=null, attributes={installed=1594665292, latitude=37.4133144, longitude=-122.1513069}, version=1, billinggroupname=null}","2020-11-26 00:00:00.000"
"iot-device-03","1.5946605267952573E9","52.0","72.5","false","false","0.0079","0.0052","0.0211","2020-11-26T17:31:31.501+0000","{defaultclientid=iot-device-03, thingname=iot-device-03, thingid=877352b9-a35d-45d3-9c98-162d89965a13, thingarn=arn:aws:iot:us-east-1:507441099951:thing/iot-device-03, thingtypename=null, attributes={installed=1592562234, latitude=37.4133144, longitude=-122.1513069}, version=1, billinggroupname=null}","2020-11-26 00:00:00.000"
"iot-device-02","1.5946605291536095E9","62.6","76.64","true","false","0.0068","0.0042","0.018","2020-11-26T17:31:31.865+0000","{defaultclientid=iot-device-02, thingname=iot-device-02, thingid=4ae4927a-aefb-4584-a45a-fc4839feffd6, thingarn=arn:aws:iot:us-east-1:507441099951:thing/iot-device-02, thingtypename=null, attributes={installed=1593361211, latitude=32.8205865, longitude=-96.871627}, version=1, billinggroupname=null}","2020-11-26 00:00:00.000"
"iot-device-03","1.5946605304814384E9","51.9","72.5","false","false","0.0079","0.0051","0.021","2020-11-26T17:31:32.161+0000","{defaultclientid=iot-device-03, thingname=iot-device-03, thingid=877352b9-a35d-45d3-9c98-162d89965a13, thingarn=arn:aws:iot:us-east-1:507441099951:thing/iot-device-03, thingtypename=null, attributes={installed=1592562234, latitude=37.4133144, longitude=-122.1513069}, version=1, billinggroupname=null}","2020-11-26 00:00:00.000"
"iot-device-02","1.5946605329624922E9","62.6","76.64","true","false","0.0068","0.0042","0.018","2020-11-26T17:31:32.461+0000","{defaultclientid=iot-device-02, thingname=iot-device-02, thingid=4ae4927a-aefb-4584-a45a-fc4839feffd6, thingarn=arn:aws:iot:us-east-1:507441099951:thing/iot-device-02, thingtypename=null, attributes={installed=1593361211, latitude=32.8205865, longitude=-96.871627}, version=1, billinggroupname=null}","2020-11-26 00:00:00.000"
"iot-device-01","1.59466053323715E9","76.5","66.74","false","false","0.0076","0.0049","0.0203","2020-11-26T17:31:32.751+0000","{defaultclientid=iot-device-01, thingname=iot-device-01, thingid=983c2b68-f9a3-4e83-b3c6-9f6f8ad5431b, thingarn=arn:aws:iot:us-east-1:507441099951:thing/iot-device-01, thingtypename=null, attributes={installed=1594665292, latitude=37.4133144, longitude=-122.1513069}, version=1, billinggroupname=null}","2020-11-26 00:00:00.000"
"iot-device-03","1.5946605341673436E9","51.9","72.5","false","false","0.0079","0.0052","0.0211","2020-11-26T17:31:33.062+0000","{defaultclientid=iot-device-03, thingname=iot-device-03, thingid=877352b9-a35d-45d3-9c98-162d89965a13, thingarn=arn:aws:iot:us-east-1:507441099951:thing/iot-device-03, thingtypename=null, attributes={installed=1592562234, latitude=37.4133144, longitude=-122.1513069}, version=1, billinggroupname=null}","2020-11-26 00:00:00.000"
"iot-device-02","1.5946615691697402E9","61.5","76.64","true","false","0.0068","0.0042","0.0179","2020-11-26T17:31:54.432+0000","{defaultclientid=iot-device-02, thingname=iot-device-02, thingid=4ae4927a-aefb-4584-a45a-fc4839feffd6, thingarn=arn:aws:iot:us-east-1:507441099951:thing/iot-device-02, thingtypename=null, attributes={installed=1593361211, latitude=32.8205865, longitude=-96.871627}, version=1, billinggroupname=null}","2020-11-26 00:00:00.000"
"iot-device-01","1.5946615696149194E9","75.2","66.38","false","false","0.0077","0.005","0.0204","2020-11-26T17:31:54.733+0000","{defaultclientid=iot-device-01, thingname=iot-device-01, thingid=983c2b68-f9a3-4e83-b3c6-9f6f8ad5431b, thingarn=arn:aws:iot:us-east-1:507441099951:thing/iot-device-01, thingtypename=null, attributes={installed=1594665292, latitude=37.4133144, longitude=-122.1513069}, version=1, billinggroupname=null}","2020-11-26 00:00:00.000"
"iot-device-03","1.5946615709376829E9","52.0","71.6","false","false","0.0079","0.0052","0.0211","2020-11-26T17:31:55.031+0000","{defaultclientid=iot-device-03, thingname=iot-device-03, thingid=877352b9-a35d-45d3-9c98-162d89965a13, thingarn=arn:aws:iot:us-east-1:507441099951:thing/iot-device-03, thingtypename=null, attributes={installed=1592562234, latitude=37.4133144, longitude=-122.1513069}, version=1, billinggroupname=null}","2020-11-26 00:00:00.000"
"iot-device-01","1.594661573967557E9","75.2","66.38","false","false","0.0077","0.005","0.0204","2020-11-26T17:31:55.337+0000","{defaultclientid=iot-device-01, thingname=iot-device-01, thingid=983c2b68-f9a3-4e83-b3c6-9f6f8ad5431b, thingarn=arn:aws:iot:us-east-1:507441099951:thing/iot-device-01, thingtypename=null, attributes={installed=1594665292, latitude=37.4133144, longitude=-122.1513069}, version=1, billinggroupname=null}","2020-11-26 00:00:00.000"
"iot-device-02","1.5946615740481205E9","61.6","76.64","true","false","0.0068","0.0042","0.018","2020-11-26T17:31:55.645+0000","{defaultclientid=iot-device-02, thingname=iot-device-02, thingid=4ae4927a-aefb-4584-a45a-fc4839feffd6, thingarn=arn:aws:iot:us-east-1:507441099951:thing/iot-device-02, thingtypename=null, attributes={installed=1593361211, latitude=32.8205865, longitude=-96.871627}, version=1, billinggroupname=null}","2020-11-26 00:00:00.000"
"iot-device-03","1.5946615746240914E9","51.9","71.6","false","false","0.0079","0.0051","0.021","2020-11-26T17:31:55.941+0000","{defaultclientid=iot-device-03, thingname=iot-device-03, thingid=877352b9-a35d-45d3-9c98-162d89965a13, thingarn=arn:aws:iot:us-east-1:507441099951:thing/iot-device-03, thingtypename=null, attributes={installed=1592562234, latitude=37.4133144, longitude=-122.1513069}, version=1, billinggroupname=null}","2020-11-26 00:00:00.000"
"iot-device-03","1.5946615783080153E9","51.9","71.6","false","false","0.0079","0.0051","0.021","2020-11-26T17:31:56.230+0000","{defaultclientid=iot-device-03, thingname=iot-device-03, thingid=877352b9-a35d-45d3-9c98-162d89965a13, thingarn=arn:aws:iot:us-east-1:507441099951:thing/iot-device-03, thingtypename=null, attributes={installed=1592562234, latitude=37.4133144, longitude=-122.1513069}, version=1, billinggroupname=null}","2020-11-26 00:00:00.000"
"iot-device-01","1.5946615783200054E9","75.2","66.38","false","false","0.0077","0.005","0.0204","2020-11-26T17:31:56.522+0000","{defaultclientid=iot-device-01, thingname=iot-device-01, thingid=983c2b68-f9a3-4e83-b3c6-9f6f8ad5431b, thingarn=arn:aws:iot:us-east-1:507441099951:thing/iot-device-01, thingtypename=null, attributes={installed=1594665292, latitude=37.4133144, longitude=-122.1513069}, version=1, billinggroupname=null}","2020-11-26 00:00:00.000"
"iot-device-02","1.594661578391968E9","61.6","76.64","true","false","0.0068","0.0042","0.018","2020-11-26T17:31:56.934+0000","{defaultclientid=iot-device-02, thingname=iot-device-02, thingid=4ae4927a-aefb-4584-a45a-fc4839feffd6, thingarn=arn:aws:iot:us-east-1:507441099951:thing/iot-device-02, thingtypename=null, attributes={installed=1593361211, latitude=32.8205865, longitude=-96.871627}, version=1, billinggroupname=null}","2020-11-26 00:00:00.000"
"iot-device-03","1.5946615819929068E9","51.9","71.6","false","false","0.0079","0.0052","0.0211","2020-11-26T17:31:57.220+0000","{defaultclientid=iot-device-03, thingname=iot-device-03, thingid=877352b9-a35d-45d3-9c98-162d89965a13, thingarn=arn:aws:iot:us-east-1:507441099951:thing/iot-device-03, thingtypename=null, attributes={installed=1592562234, latitude=37.4133144, longitude=-122.1513069}, version=1, billinggroupname=null}","2020-11-26 00:00:00.000"
"iot-device-02","1.5946615516682248E9","61.5","76.64","true","false","0.0068","0.0042","0.0179","2020-11-26T17:31:51.467+0000","{defaultclientid=iot-device-02, thingname=iot-device-02, thingid=4ae4927a-aefb-4584-a45a-fc4839feffd6, thingarn=arn:aws:iot:us-east-1:507441099951:thing/iot-device-02, thingtypename=null, attributes={installed=1593361211, latitude=32.8205865, longitude=-96.871627}, version=1, billinggroupname=null}","2020-11-26 00:00:00.000"
"iot-device-03","1.594661552514182E9","51.9","71.6","false","false","0.0079","0.0052","0.0211","2020-11-26T17:31:51.781+0000","{defaultclientid=iot-device-03, thingname=iot-device-03, thingid=877352b9-a35d-45d3-9c98-162d89965a13, thingarn=arn:aws:iot:us-east-1:507441099951:thing/iot-device-03, thingtypename=null, attributes={installed=1592562234, latitude=37.4133144, longitude=-122.1513069}, version=1, billinggroupname=null}","2020-11-26 00:00:00.000"
"iot-device-01","1.594661553340439E9","75.2","66.38","false","false","0.0077","0.005","0.0204","2020-11-26T17:31:52.074+0000","{defaultclientid=iot-device-01, thingname=iot-device-01, thingid=983c2b68-f9a3-4e83-b3c6-9f6f8ad5431b, thingarn=arn:aws:iot:us-east-1:507441099951:thing/iot-device-01, thingtypename=null, attributes={installed=1594665292, latitude=37.4133144, longitude=-122.1513069}, version=1, billinggroupname=null}","2020-11-26 00:00:00.000"
"iot-device-03","1.5946615562003276E9","51.9","71.6","false","false","0.0079","0.0052","0.0211","2020-11-26T17:31:52.373+0000","{defaultclientid=iot-device-03, thingname=iot-device-03, thingid=877352b9-a35d-45d3-9c98-162d89965a13, thingarn=arn:aws:iot:us-east-1:507441099951:thing/iot-device-03, thingtypename=null, attributes={installed=1592562234, latitude=37.4133144, longitude=-122.1513069}, version=1, billinggroupname=null}","2020-11-26 00:00:00.000"
"iot-device-01","1.5946615576930695E9","75.2","66.38","false","false","0.0077","0.005","0.0204","2020-11-26T17:31:52.661+0000","{defaultclientid=iot-device-01, thingname=iot-device-01, thingid=983c2b68-f9a3-4e83-b3c6-9f6f8ad5431b, thingarn=arn:aws:iot:us-east-1:507441099951:thing/iot-device-01, thingtypename=null, attributes={installed=1594665292, latitude=37.4133144, longitude=-122.1513069}, version=1, billinggroupname=null}","2020-11-26 00:00:00.000"
"iot-device-03","1.594661559886338E9","51.9","71.6","false","false","0.0078","0.0051","0.0209","2020-11-26T17:31:52.950+0000","{defaultclientid=iot-device-03, thingname=iot-device-03, thingid=877352b9-a35d-45d3-9c98-162d89965a13, thingarn=arn:aws:iot:us-east-1:507441099951:thing/iot-device-03, thingtypename=null, attributes={installed=1592562234, latitude=37.4133144, longitude=-122.1513069}, version=1, billinggroupname=null}","2020-11-26 00:00:00.000"
"iot-device-03","1.5946615635687845E9","51.9","71.6","false","false","0.0079","0.0052","0.0211","2020-11-26T17:31:53.240+0000","{defaultclientid=iot-device-03, thingname=iot-device-03, thingid=877352b9-a35d-45d3-9c98-162d89965a13, thingarn=arn:aws:iot:us-east-1:507441099951:thing/iot-device-03, thingtypename=null, attributes={installed=1592562234, latitude=37.4133144, longitude=-122.1513069}, version=1, billinggroupname=null}","2020-11-26 00:00:00.000"
"iot-device-02","1.5946615642966292E9","61.6","76.64","true","false","0.0068","0.0042","0.018","2020-11-26T17:31:53.542+0000","{defaultclientid=iot-device-02, thingname=iot-device-02, thingid=4ae4927a-aefb-4584-a45a-fc4839feffd6, thingarn=arn:aws:iot:us-east-1:507441099951:thing/iot-device-02, thingtypename=null, attributes={installed=1593361211, latitude=32.8205865, longitude=-96.871627}, version=1, billinggroupname=null}","2020-11-26 00:00:00.000"
"iot-device-01","1.5946615647265804E9","75.2","66.38","false","false","0.0077","0.005","0.0204","2020-11-26T17:31:53.840+0000","{defaultclientid=iot-device-01, thingname=iot-device-01, thingid=983c2b68-f9a3-4e83-b3c6-9f6f8ad5431b, thingarn=arn:aws:iot:us-east-1:507441099951:thing/iot-device-01, thingtypename=null, attributes={installed=1594665292, latitude=37.4133144, longitude=-122.1513069}, version=1, billinggroupname=null}","2020-11-26 00:00:00.000"
"iot-device-03","1.594661567253355E9","52.0","71.6","false","false","0.0078","0.0051","0.0209","2020-11-26T17:31:54.141+0000","{defaultclientid=iot-device-03, thingname=iot-device-03, thingid=877352b9-a35d-45d3-9c98-162d89965a13, thingarn=arn:aws:iot:us-east-1:507441099951:thing/iot-device-03, thingtypename=null, attributes={installed=1592562234, latitude=37.4133144, longitude=-122.1513069}, version=1, billinggroupname=null}","2020-11-26 00:00:00.000"
"iot-device-02","1.5946079821676395E9","59.3","78.8","true","false","0.0073","0.0046","0.0194","2020-11-26T17:01:30.243+0000","{defaultclientid=iot-device-02, thingname=iot-device-02, thingid=4ae4927a-aefb-4584-a45a-fc4839feffd6, thingarn=arn:aws:iot:us-east-1:507441099951:thing/iot-device-02, thingtypename=null, attributes={installed=1593361211, latitude=32.8205865, longitude=-96.871627}, version=1, billinggroupname=null}","2020-11-26 00:00:00.000"
"iot-device-01","1.594607982214227E9","74.3","66.56","false","false","0.0091","0.0063","0.0246","2020-11-26T17:01:30.528+0000","{defaultclientid=iot-device-01, thingname=iot-device-01, thingid=983c2b68-f9a3-4e83-b3c6-9f6f8ad5431b, thingarn=arn:aws:iot:us-east-1:507441099951:thing/iot-device-01, thingtypename=null, attributes={installed=1594665292, latitude=37.4133144, longitude=-122.1513069}, version=1, billinggroupname=null}","2020-11-26 00:00:00.000"
"iot-device-03","1.5946079830205312E9","50.0","72.14","false","false","0.0079","0.0052","0.0211","2020-11-26T17:01:30.817+0000","{defaultclientid=iot-device-03, thingname=iot-device-03, thingid=877352b9-a35d-45d3-9c98-162d89965a13, thingarn=arn:aws:iot:us-east-1:507441099951:thing/iot-device-03, thingtypename=null, attributes={installed=1592562234, latitude=37.4133144, longitude=-122.1513069}, version=1, billinggroupname=null}","2020-11-26 00:00:00.000"
"iot-device-02","1.5946079865139208E9","59.4","78.8","true","false","0.0072","0.0046","0.0192","2020-11-26T17:01:31.116+0000","{defaultclientid=iot-device-02, thingname=iot-device-02, thingid=4ae4927a-aefb-4584-a45a-fc4839feffd6, thingarn=arn:aws:iot:us-east-1:507441099951:thing/iot-device-02, thingtypename=null, attributes={installed=1593361211, latitude=32.8205865, longitude=-96.871627}, version=1, billinggroupname=null}","2020-11-26 00:00:00.000"
"iot-device-03","1.5946079867068698E9","50.0","72.14","false","false","0.0078","0.0051","0.021","2020-11-26T17:01:31.398+0000","{defaultclientid=iot-device-03, thingname=iot-device-03, thingid=877352b9-a35d-45d3-9c98-162d89965a13, thingarn=arn:aws:iot:us-east-1:507441099951:thing/iot-device-03, thingtypename=null, attributes={installed=1592562234, latitude=37.4133144, longitude=-122.1513069}, version=1, billinggroupname=null}","2020-11-26 00:00:00.000"
"iot-device-01","1.5946079897954063E9","74.2","66.56","false","false","0.0093","0.0064","0.025","2020-11-26T17:01:31.679+0000","{defaultclientid=iot-device-01, thingname=iot-device-01, thingid=983c2b68-f9a3-4e83-b3c6-9f6f8ad5431b, thingarn=arn:aws:iot:us-east-1:507441099951:thing/iot-device-01, thingtypename=null, attributes={installed=1594665292, latitude=37.4133144, longitude=-122.1513069}, version=1, billinggroupname=null}","2020-11-26 00:00:00.000"
"iot-device-03","1.5946079903914757E9","50.0","72.14","false","false","0.0079","0.0052","0.021","2020-11-26T17:01:31.980+0000","{defaultclientid=iot-device-03, thingname=iot-device-03, thingid=877352b9-a35d-45d3-9c98-162d89965a13, thingarn=arn:aws:iot:us-east-1:507441099951:thing/iot-device-03, thingtypename=null, attributes={installed=1592562234, latitude=37.4133144, longitude=-122.1513069}, version=1, billinggroupname=null}","2020-11-26 00:00:00.000"
"iot-device-02","1.59460799299521E9","59.3","78.62","true","false","0.0072","0.0046","0.0192","2020-11-26T17:01:32.286+0000","{defaultclientid=iot-device-02, thingname=iot-device-02, thingid=4ae4927a-aefb-4584-a45a-fc4839feffd6, thingarn=arn:aws:iot:us-east-1:507441099951:thing/iot-device-02, thingtypename=null, attributes={installed=1593361211, latitude=32.8205865, longitude=-96.871627}, version=1, billinggroupname=null}","2020-11-26 00:00:00.000"
"iot-device-03","1.594607994077344E9","50.1","72.14","false","false","0.0078","0.0051","0.0209","2020-11-26T17:01:32.579+0000","{defaultclientid=iot-device-03, thingname=iot-device-03, thingid=877352b9-a35d-45d3-9c98-162d89965a13, thingarn=arn:aws:iot:us-east-1:507441099951:thing/iot-device-03, thingtypename=null, attributes={installed=1592562234, latitude=37.4133144, longitude=-122.1513069}, version=1, billinggroupname=null}","2020-11-26 00:00:00.000"
"iot-device-01","1.5946079941488779E9","74.3","66.56","false","false","0.0091","0.0063","0.0244","2020-11-26T17:01:32.884+0000","{defaultclientid=iot-device-01, thingname=iot-device-01, thingid=983c2b68-f9a3-4e83-b3c6-9f6f8ad5431b, thingarn=arn:aws:iot:us-east-1:507441099951:thing/iot-device-01, thingtypename=null, attributes={installed=1594665292, latitude=37.4133144, longitude=-122.1513069}, version=1, billinggroupname=null}","2020-11-26 00:00:00.000"
"iot-device-02","1.5946079973362465E9","59.4","78.8","true","false","0.0072","0.0046","0.0192","2020-11-26T17:01:33.180+0000","{defaultclientid=iot-device-02, thingname=iot-device-02, thingid=4ae4927a-aefb-4584-a45a-fc4839feffd6, thingarn=arn:aws:iot:us-east-1:507441099951:thing/iot-device-02, thingtypename=null, attributes={installed=1593361211, latitude=32.8205865, longitude=-96.871627}, version=1, billinggroupname=null}","2020-11-26 00:00:00.000"
"iot-device-03","1.5946079977632494E9","50.1","72.14","false","false","0.0079","0.0051","0.021","2020-11-26T17:01:33.458+0000","{defaultclientid=iot-device-03, thingname=iot-device-03, thingid=877352b9-a35d-45d3-9c98-162d89965a13, thingarn=arn:aws:iot:us-east-1:507441099951:thing/iot-device-03, thingtypename=null, attributes={installed=1592562234, latitude=37.4133144, longitude=-122.1513069}, version=1, billinggroupname=null}","2020-11-26 00:00:00.000"
"iot-device-01","1.5946080001175046E9","74.3","66.56","false","false","0.0091","0.0063","0.0244","2020-11-26T17:01:33.748+0000","{defaultclientid=iot-device-01, thingname=iot-device-01, thingid=983c2b68-f9a3-4e83-b3c6-9f6f8ad5431b, thingarn=arn:aws:iot:us-east-1:507441099951:thing/iot-device-01, thingtypename=null, attributes={installed=1594665292, latitude=37.4133144, longitude=-122.1513069}, version=1, billinggroupname=null}","2020-11-26 00:00:00.000"
"iot-device-02","1.5946080011433108E9","59.3","78.8","true","false","0.0072","0.0046","0.0192","2020-11-26T17:01:34.051+0000","{defaultclientid=iot-device-02, thingname=iot-device-02, thingid=4ae4927a-aefb-4584-a45a-fc4839feffd6, thingarn=arn:aws:iot:us-east-1:507441099951:thing/iot-device-02, thingtypename=null, attributes={installed=1593361211, latitude=32.8205865, longitude=-96.871627}, version=1, billinggroupname=null}","2020-11-26 00:00:00.000"
"iot-device-03","1.5946080014491892E9","50.1","72.14","false","false","0.0079","0.0052","0.021","2020-11-26T17:01:34.347+0000","{defaultclientid=iot-device-03, thingname=iot-device-03, thingid=877352b9-a35d-45d3-9c98-162d89965a13, thingarn=arn:aws:iot:us-east-1:507441099951:thing/iot-device-03, thingtypename=null, attributes={installed=1592562234, latitude=37.4133144, longitude=-122.1513069}, version=1, billinggroupname=null}","2020-11-26 00:00:00.000"
"iot-device-03","1.5946080051350744E9","50.0","72.14","false","false","0.0079","0.0051","0.021","2020-11-26T17:01:34.649+0000","{defaultclientid=iot-device-03, thingname=iot-device-03, thingid=877352b9-a35d-45d3-9c98-162d89965a13, thingarn=arn:aws:iot:us-east-1:507441099951:thing/iot-device-03, thingtypename=null, attributes={installed=1592562234, latitude=37.4133144, longitude=-122.1513069}, version=1, billinggroupname=null}","2020-11-26 00:00:00.000"
"iot-device-01","1.5946080066279466E9","74.3","66.56","false","false","0.0091","0.0063","0.0244","2020-11-26T17:01:34.939+0000","{defaultclientid=iot-device-01, thingname=iot-device-01, thingid=983c2b68-f9a3-4e83-b3c6-9f6f8ad5431b, thingarn=arn:aws:iot:us-east-1:507441099951:thing/iot-device-01, thingtypename=null, attributes={installed=1594665292, latitude=37.4133144, longitude=-122.1513069}, version=1, billinggroupname=null}","2020-11-26 00:00:00.000"
"iot-device-03","1.5946080088211029E9","50.0","72.14","false","false","0.0079","0.0051","0.021","2020-11-26T17:01:35.235+0000","{defaultclientid=iot-device-03, thingname=iot-device-03, thingid=877352b9-a35d-45d3-9c98-162d89965a13, thingarn=arn:aws:iot:us-east-1:507441099951:thing/iot-device-03, thingtypename=null, attributes={installed=1592562234, latitude=37.4133144, longitude=-122.1513069}, version=1, billinggroupname=null}","2020-11-26 00:00:00.000"
"iot-device-02","1.594608010841951E9","59.3","78.62","true","false","0.0072","0.0046","0.0192","2020-11-26T17:01:35.538+0000","{defaultclientid=iot-device-02, thingname=iot-device-02, thingid=4ae4927a-aefb-4584-a45a-fc4839feffd6, thingarn=arn:aws:iot:us-east-1:507441099951:thing/iot-device-02, thingtypename=null, attributes={installed=1593361211, latitude=32.8205865, longitude=-96.871627}, version=1, billinggroupname=null}","2020-11-26 00:00:00.000"
"iot-device-03","1.5946080125072064E9","50.1","72.32","false","false","0.0079","0.0052","0.0211","2020-11-26T17:01:35.830+0000","{defaultclientid=iot-device-03, thingname=iot-device-03, thingid=877352b9-a35d-45d3-9c98-162d89965a13, thingarn=arn:aws:iot:us-east-1:507441099951:thing/iot-device-03, thingtypename=null, attributes={installed=1592562234, latitude=37.4133144, longitude=-122.1513069}, version=1, billinggroupname=null}","2020-11-26 00:00:00.000"
"iot-device-01","1.5946080545249147E9","74.2","66.56","false","false","0.0091","0.0063","0.0244","2020-11-26T17:01:42.021+0000","{defaultclientid=iot-device-01, thingname=iot-device-01, thingid=983c2b68-f9a3-4e83-b3c6-9f6f8ad5431b, thingarn=arn:aws:iot:us-east-1:507441099951:thing/iot-device-01, thingtypename=null, attributes={installed=1594665292, latitude=37.4133144, longitude=-122.1513069}, version=1, billinggroupname=null}","2020-11-26 00:00:00.000"
"iot-device-03","1.5946080567497091E9","50.1","72.14","false","false","0.0079","0.0051","0.021","2020-11-26T17:01:42.317+0000","{defaultclientid=iot-device-03, thingname=iot-device-03, thingid=877352b9-a35d-45d3-9c98-162d89965a13, thingarn=arn:aws:iot:us-east-1:507441099951:thing/iot-device-03, thingtypename=null, attributes={installed=1592562234, latitude=37.4133144, longitude=-122.1513069}, version=1, billinggroupname=null}","2020-11-26 00:00:00.000"
"iot-device-01","1.594608058876748E9","74.3","66.56","false","false","0.0091","0.0063","0.0244","2020-11-26T17:01:42.607+0000","{defaultclientid=iot-device-01, thingname=iot-device-01, thingid=983c2b68-f9a3-4e83-b3c6-9f6f8ad5431b, thingarn=arn:aws:iot:us-east-1:507441099951:thing/iot-device-01, thingtypename=null, attributes={installed=1594665292, latitude=37.4133144, longitude=-122.1513069}, version=1, billinggroupname=null}","2020-11-26 00:00:00.000"
"iot-device-02","1.594608059822284E9","59.2","78.62","true","false","0.0072","0.0046","0.0192","2020-11-26T17:01:42.921+0000","{defaultclientid=iot-device-02, thingname=iot-device-02, thingid=4ae4927a-aefb-4584-a45a-fc4839feffd6, thingarn=arn:aws:iot:us-east-1:507441099951:thing/iot-device-02, thingtypename=null, attributes={installed=1593361211, latitude=32.8205865, longitude=-96.871627}, version=1, billinggroupname=null}","2020-11-26 00:00:00.000"
"iot-device-03","1.5946080604373355E9","50.2","72.32","false","false","0.0078","0.0051","0.0209","2020-11-26T17:01:43.240+0000","{defaultclientid=iot-device-03, thingname=iot-device-03, thingid=877352b9-a35d-45d3-9c98-162d89965a13, thingarn=arn:aws:iot:us-east-1:507441099951:thing/iot-device-03, thingtypename=null, attributes={installed=1592562234, latitude=37.4133144, longitude=-122.1513069}, version=1, billinggroupname=null}","2020-11-26 00:00:00.000"
"iot-device-01","1.5946080626947966E9","74.3","66.56","false","false","0.0091","0.0063","0.0244","2020-11-26T17:01:43.533+0000","{defaultclientid=iot-device-01, thingname=iot-device-01, thingid=983c2b68-f9a3-4e83-b3c6-9f6f8ad5431b, thingarn=arn:aws:iot:us-east-1:507441099951:thing/iot-device-01, thingtypename=null, attributes={installed=1594665292, latitude=37.4133144, longitude=-122.1513069}, version=1, billinggroupname=null}","2020-11-26 00:00:00.000"
"iot-device-03","1.5946080641249313E9","50.2","72.32","false","false","0.0079","0.0051","0.021","2020-11-26T17:01:43.834+0000","{defaultclientid=iot-device-03, thingname=iot-device-03, thingid=877352b9-a35d-45d3-9c98-162d89965a13, thingarn=arn:aws:iot:us-east-1:507441099951:thing/iot-device-03, thingtypename=null, attributes={installed=1592562234, latitude=37.4133144, longitude=-122.1513069}, version=1, billinggroupname=null}","2020-11-26 00:00:00.000"
"iot-device-01","1.594608067047991E9","74.4","66.56","false","false","0.0091","0.0063","0.0244","2020-11-26T17:01:44.154+0000","{defaultclientid=iot-device-01, thingname=iot-device-01, thingid=983c2b68-f9a3-4e83-b3c6-9f6f8ad5431b, thingarn=arn:aws:iot:us-east-1:507441099951:thing/iot-device-01, thingtypename=null, attributes={installed=1594665292, latitude=37.4133144, longitude=-122.1513069}, version=1, billinggroupname=null}","2020-11-26 00:00:00.000"
"iot-device-03","1.5946080678123307E9","50.1","72.14","false","false","0.0079","0.0051","0.021","2020-11-26T17:01:44.448+0000","{defaultclientid=iot-device-03, thingname=iot-device-03, thingid=877352b9-a35d-45d3-9c98-162d89965a13, thingarn=arn:aws:iot:us-east-1:507441099951:thing/iot-device-03, thingtypename=null, attributes={installed=1592562234, latitude=37.4133144, longitude=-122.1513069}, version=1, billinggroupname=null}","2020-11-26 00:00:00.000"
"iot-device-03","1.5946080714999194E9","50.1","72.14","false","false","0.0078","0.0051","0.0209","2020-11-26T17:01:44.739+0000","{defaultclientid=iot-device-03, thingname=iot-device-03, thingid=877352b9-a35d-45d3-9c98-162d89965a13, thingarn=arn:aws:iot:us-east-1:507441099951:thing/iot-device-03, thingtypename=null, attributes={installed=1592562234, latitude=37.4133144, longitude=-122.1513069}, version=1, billinggroupname=null}","2020-11-26 00:00:00.000"
"iot-device-03","1.5946084287911339E9","48.4","71.6","false","false","0.0078","0.0051","0.021","2020-11-26T17:01:54.120+0000","{defaultclientid=iot-device-03, thingname=iot-device-03, thingid=877352b9-a35d-45d3-9c98-162d89965a13, thingarn=arn:aws:iot:us-east-1:507441099951:thing/iot-device-03, thingtypename=null, attributes={installed=1592562234, latitude=37.4133144, longitude=-122.1513069}, version=1, billinggroupname=null}","2020-11-26 00:00:00.000"
"iot-device-03","1.5946084324776294E9","48.3","71.6","false","false","0.0079","0.0052","0.021","2020-11-26T17:01:54.411+0000","{defaultclientid=iot-device-03, thingname=iot-device-03, thingid=877352b9-a35d-45d3-9c98-162d89965a13, thingarn=arn:aws:iot:us-east-1:507441099951:thing/iot-device-03, thingtypename=null, attributes={installed=1592562234, latitude=37.4133144, longitude=-122.1513069}, version=1, billinggroupname=null}","2020-11-26 00:00:00.000"
"iot-device-02","1.5946084333111935E9","59.5","78.62","true","false","0.0073","0.0046","0.0193","2020-11-26T17:01:54.707+0000","{defaultclientid=iot-device-02, thingname=iot-device-02, thingid=4ae4927a-aefb-4584-a45a-fc4839feffd6, thingarn=arn:aws:iot:us-east-1:507441099951:thing/iot-device-02, thingtypename=null, attributes={installed=1593361211, latitude=32.8205865, longitude=-96.871627}, version=1, billinggroupname=null}","2020-11-26 00:00:00.000"
"iot-device-01","1.5946084347500794E9","73.6","66.38","false","false","0.0091","0.0063","0.0244","2020-11-26T17:01:54.999+0000","{defaultclientid=iot-device-01, thingname=iot-device-01, thingid=983c2b68-f9a3-4e83-b3c6-9f6f8ad5431b, thingarn=arn:aws:iot:us-east-1:507441099951:thing/iot-device-01, thingtypename=null, attributes={installed=1594665292, latitude=37.4133144, longitude=-122.1513069}, version=1, billinggroupname=null}","2020-11-26 00:00:00.000"
"iot-device-03","1.5946084361654177E9","48.3","71.6","false","false","0.0078","0.0051","0.0209","2020-11-26T17:01:55.279+0000","{defaultclientid=iot-device-03, thingname=iot-device-03, thingid=877352b9-a35d-45d3-9c98-162d89965a13, thingarn=arn:aws:iot:us-east-1:507441099951:thing/iot-device-03, thingtypename=null, attributes={installed=1592562234, latitude=37.4133144, longitude=-122.1513069}, version=1, billinggroupname=null}","2020-11-26 00:00:00.000"
"iot-device-02","1.594608438185452E9","59.5","78.62","true","false","0.0072","0.0046","0.0192","2020-11-26T17:01:55.573+0000","{defaultclientid=iot-device-02, thingname=iot-device-02, thingid=4ae4927a-aefb-4584-a45a-fc4839feffd6, thingarn=arn:aws:iot:us-east-1:507441099951:thing/iot-device-02, thingtypename=null, attributes={installed=1593361211, latitude=32.8205865, longitude=-96.871627}, version=1, billinggroupname=null}","2020-11-26 00:00:00.000"
"iot-device-03","1.5946084398495288E9","48.3","71.6","false","false","0.0078","0.0051","0.0209","2020-11-26T17:01:55.883+0000","{defaultclientid=iot-device-03, thingname=iot-device-03, thingid=877352b9-a35d-45d3-9c98-162d89965a13, thingarn=arn:aws:iot:us-east-1:507441099951:thing/iot-device-03, thingtypename=null, attributes={installed=1592562234, latitude=37.4133144, longitude=-122.1513069}, version=1, billinggroupname=null}","2020-11-26 00:00:00.000"
"iot-device-01","1.5946084401821685E9","73.7","66.38","false","false","0.0091","0.0063","0.0244","2020-11-26T17:01:56.185+0000","{defaultclientid=iot-device-01, thingname=iot-device-01, thingid=983c2b68-f9a3-4e83-b3c6-9f6f8ad5431b, thingarn=arn:aws:iot:us-east-1:507441099951:thing/iot-device-01, thingtypename=null, attributes={installed=1594665292, latitude=37.4133144, longitude=-122.1513069}, version=1, billinggroupname=null}","2020-11-26 00:00:00.000"
"iot-device-03","1.5946084435339856E9","48.4","71.6","false","false","0.0079","0.0052","0.0211","2020-11-26T17:01:56.471+0000","{defaultclientid=iot-device-03, thingname=iot-device-03, thingid=877352b9-a35d-45d3-9c98-162d89965a13, thingarn=arn:aws:iot:us-east-1:507441099951:thing/iot-device-03, thingtypename=null, attributes={installed=1592562234, latitude=37.4133144, longitude=-122.1513069}, version=1, billinggroupname=null}","2020-11-26 00:00:00.000"
"iot-device-01","1.5946084439962716E9","73.6","66.38","false","false","0.0091","0.0063","0.0244","2020-11-26T17:01:56.767+0000","{defaultclientid=iot-device-01, thingname=iot-device-01, thingid=983c2b68-f9a3-4e83-b3c6-9f6f8ad5431b, thingarn=arn:aws:iot:us-east-1:507441099951:thing/iot-device-01, thingtypename=null, attributes={installed=1594665292, latitude=37.4133144, longitude=-122.1513069}, version=1, billinggroupname=null}","2020-11-26 00:00:00.000"
"iot-device-03","1.5946084103629568E9","48.3","71.78","false","false","0.0078","0.0051","0.021","2020-11-26T17:01:51.022+0000","{defaultclientid=iot-device-03, thingname=iot-device-03, thingid=877352b9-a35d-45d3-9c98-162d89965a13, thingarn=arn:aws:iot:us-east-1:507441099951:thing/iot-device-03, thingtypename=null, attributes={installed=1592562234, latitude=37.4133144, longitude=-122.1513069}, version=1, billinggroupname=null}","2020-11-26 00:00:00.000"
"iot-device-01","1.594608411410012E9","73.6","66.56","false","false","0.0091","0.0063","0.0244","2020-11-26T17:01:51.310+0000","{defaultclientid=iot-device-01, thingname=iot-device-01, thingid=983c2b68-f9a3-4e83-b3c6-9f6f8ad5431b, thingarn=arn:aws:iot:us-east-1:507441099951:thing/iot-device-01, thingtypename=null, attributes={installed=1594665292, latitude=37.4133144, longitude=-122.1513069}, version=1, billinggroupname=null}","2020-11-26 00:00:00.000"
"iot-device-03","1.5946084140462716E9","48.3","71.6","false","false","0.0078","0.0051","0.0209","2020-11-26T17:01:51.602+0000","{defaultclientid=iot-device-03, thingname=iot-device-03, thingid=877352b9-a35d-45d3-9c98-162d89965a13, thingarn=arn:aws:iot:us-east-1:507441099951:thing/iot-device-03, thingtypename=null, attributes={installed=1592562234, latitude=37.4133144, longitude=-122.1513069}, version=1, billinggroupname=null}","2020-11-26 00:00:00.000"
"iot-device-02","1.5946084141445768E9","59.4","78.62","true","false","0.0072","0.0046","0.0192","2020-11-26T17:01:51.892+0000","{defaultclientid=iot-device-02, thingname=iot-device-02, thingid=4ae4927a-aefb-4584-a45a-fc4839feffd6, thingarn=arn:aws:iot:us-east-1:507441099951:thing/iot-device-02, thingtypename=null, attributes={installed=1593361211, latitude=32.8205865, longitude=-96.871627}, version=1, billinggroupname=null}","2020-11-26 00:00:00.000"
"iot-device-01","1.5946084173769114E9","73.6","66.38","false","false","0.0091","0.0063","0.0244","2020-11-26T17:01:52.188+0000","{defaultclientid=iot-device-01, thingname=iot-device-01, thingid=983c2b68-f9a3-4e83-b3c6-9f6f8ad5431b, thingarn=arn:aws:iot:us-east-1:507441099951:thing/iot-device-01, thingtypename=null, attributes={installed=1594665292, latitude=37.4133144, longitude=-122.1513069}, version=1, billinggroupname=null}","2020-11-26 00:00:00.000"
"iot-device-03","1.5946084177333386E9","48.3","71.78","false","false","0.0078","0.0051","0.021","2020-11-26T17:01:52.544+0000","{defaultclientid=iot-device-03, thingname=iot-device-03, thingid=877352b9-a35d-45d3-9c98-162d89965a13, thingarn=arn:aws:iot:us-east-1:507441099951:thing/iot-device-03, thingtypename=null, attributes={installed=1592562234, latitude=37.4133144, longitude=-122.1513069}, version=1, billinggroupname=null}","2020-11-26 00:00:00.000"
"iot-device-02","1.5946084195610735E9","59.4","78.62","true","false","0.0072","0.0046","0.0192","2020-11-26T17:01:52.832+0000","{defaultclientid=iot-device-02, thingname=iot-device-02, thingid=4ae4927a-aefb-4584-a45a-fc4839feffd6, thingarn=arn:aws:iot:us-east-1:507441099951:thing/iot-device-02, thingtypename=null, attributes={installed=1593361211, latitude=32.8205865, longitude=-96.871627}, version=1, billinggroupname=null}","2020-11-26 00:00:00.000"
"iot-device-03","1.5946084214181385E9","48.3","71.6","false","false","0.0079","0.0052","0.021","2020-11-26T17:01:53.130+0000","{defaultclientid=iot-device-03, thingname=iot-device-03, thingid=877352b9-a35d-45d3-9c98-162d89965a13, thingarn=arn:aws:iot:us-east-1:507441099951:thing/iot-device-03, thingtypename=null, attributes={installed=1592562234, latitude=37.4133144, longitude=-122.1513069}, version=1, billinggroupname=null}","2020-11-26 00:00:00.000"
"iot-device-01","1.5946084238781135E9","73.5","66.38","false","false","0.0091","0.0063","0.0244","2020-11-26T17:01:53.432+0000","{defaultclientid=iot-device-01, thingname=iot-device-01, thingid=983c2b68-f9a3-4e83-b3c6-9f6f8ad5431b, thingarn=arn:aws:iot:us-east-1:507441099951:thing/iot-device-01, thingtypename=null, attributes={installed=1594665292, latitude=37.4133144, longitude=-122.1513069}, version=1, billinggroupname=null}","2020-11-26 00:00:00.000"
"iot-device-03","1.5946084251047366E9","48.3","71.6","false","false","0.0078","0.0051","0.0209","2020-11-26T17:01:53.720+0000","{defaultclientid=iot-device-03, thingname=iot-device-03, thingid=877352b9-a35d-45d3-9c98-162d89965a13, thingarn=arn:aws:iot:us-east-1:507441099951:thing/iot-device-03, thingtypename=null, attributes={installed=1592562234, latitude=37.4133144, longitude=-122.1513069}, version=1, billinggroupname=null}","2020-11-26 00:00:00.000"
"iot-device-03","1.5946080383111734E9","50.1","72.32","false","false","0.0078","0.0051","0.0209","2020-11-26T17:01:39.090+0000","{defaultclientid=iot-device-03, thingname=iot-device-03, thingid=877352b9-a35d-45d3-9c98-162d89965a13, thingarn=arn:aws:iot:us-east-1:507441099951:thing/iot-device-03, thingtypename=null, attributes={installed=1592562234, latitude=37.4133144, longitude=-122.1513069}, version=1, billinggroupname=null}","2020-11-26 00:00:00.000"
"iot-device-02","1.5946080409047856E9","59.2","78.62","true","false","0.0072","0.0046","0.0192","2020-11-26T17:01:39.382+0000","{defaultclientid=iot-device-02, thingname=iot-device-02, thingid=4ae4927a-aefb-4584-a45a-fc4839feffd6, thingarn=arn:aws:iot:us-east-1:507441099951:thing/iot-device-02, thingtypename=null, attributes={installed=1593361211, latitude=32.8205865, longitude=-96.871627}, version=1, billinggroupname=null}","2020-11-26 00:00:00.000"
"iot-device-03","1.594608041998872E9","50.0","72.14","false","false","0.0079","0.0052","0.0211","2020-11-26T17:01:39.680+0000","{defaultclientid=iot-device-03, thingname=iot-device-03, thingid=877352b9-a35d-45d3-9c98-162d89965a13, thingarn=arn:aws:iot:us-east-1:507441099951:thing/iot-device-03, thingtypename=null, attributes={installed=1592562234, latitude=37.4133144, longitude=-122.1513069}, version=1, billinggroupname=null}","2020-11-26 00:00:00.000"
"iot-device-01","1.594608043136758E9","74.2","66.56","false","false","0.0091","0.0063","0.0246","2020-11-26T17:01:39.970+0000","{defaultclientid=iot-device-01, thingname=iot-device-01, thingid=983c2b68-f9a3-4e83-b3c6-9f6f8ad5431b, thingarn=arn:aws:iot:us-east-1:507441099951:thing/iot-device-01, thingtypename=null, attributes={installed=1594665292, latitude=37.4133144, longitude=-122.1513069}, version=1, billinggroupname=null}","2020-11-26 00:00:00.000"
"iot-device-02","1.594608044710562E9","59.2","78.62","true","false","0.0072","0.0046","0.0192","2020-11-26T17:01:40.260+0000","{defaultclientid=iot-device-02, thingname=iot-device-02, thingid=4ae4927a-aefb-4584-a45a-fc4839feffd6, thingarn=arn:aws:iot:us-east-1:507441099951:thing/iot-device-02, thingtypename=null, attributes={installed=1593361211, latitude=32.8205865, longitude=-96.871627}, version=1, billinggroupname=null}","2020-11-26 00:00:00.000"
"iot-device-03","1.5946080456864116E9","50.1","72.32","false","false","0.0078","0.0051","0.021","2020-11-26T17:01:40.550+0000","{defaultclientid=iot-device-03, thingname=iot-device-03, thingid=877352b9-a35d-45d3-9c98-162d89965a13, thingarn=arn:aws:iot:us-east-1:507441099951:thing/iot-device-03, thingtypename=null, attributes={installed=1592562234, latitude=37.4133144, longitude=-122.1513069}, version=1, billinggroupname=null}","2020-11-26 00:00:00.000"
"iot-device-01","1.5946080474902215E9","74.2","66.56","false","false","0.0091","0.0063","0.0244","2020-11-26T17:01:40.858+0000","{defaultclientid=iot-device-01, thingname=iot-device-01, thingid=983c2b68-f9a3-4e83-b3c6-9f6f8ad5431b, thingarn=arn:aws:iot:us-east-1:507441099951:thing/iot-device-01, thingtypename=null, attributes={installed=1594665292, latitude=37.4133144, longitude=-122.1513069}, version=1, billinggroupname=null}","2020-11-26 00:00:00.000"
"iot-device-03","1.5946080493744814E9","50.1","72.14","false","false","0.0078","0.0051","0.0209","2020-11-26T17:01:41.155+0000","{defaultclientid=iot-device-03, thingname=iot-device-03, thingid=877352b9-a35d-45d3-9c98-162d89965a13, thingarn=arn:aws:iot:us-east-1:507441099951:thing/iot-device-03, thingtypename=null, attributes={installed=1592562234, latitude=37.4133144, longitude=-122.1513069}, version=1, billinggroupname=null}","2020-11-26 00:00:00.000"
"iot-device-02","1.5946080495859325E9","59.2","78.62","true","false","0.0072","0.0046","0.0192","2020-11-26T17:01:41.441+0000","{defaultclientid=iot-device-02, thingname=iot-device-02, thingid=4ae4927a-aefb-4584-a45a-fc4839feffd6, thingarn=arn:aws:iot:us-east-1:507441099951:thing/iot-device-02, thingtypename=null, attributes={installed=1593361211, latitude=32.8205865, longitude=-96.871627}, version=1, billinggroupname=null}","2020-11-26 00:00:00.000"
"iot-device-03","1.5946080530619574E9","50.1","72.32","false","false","0.0078","0.0051","0.0209","2020-11-26T17:01:41.727+0000","{defaultclientid=iot-device-03, thingname=iot-device-03, thingid=877352b9-a35d-45d3-9c98-162d89965a13, thingarn=arn:aws:iot:us-east-1:507441099951:thing/iot-device-03, thingtypename=null, attributes={installed=1592562234, latitude=37.4133144, longitude=-122.1513069}, version=1, billinggroupname=null}","2020-11-26 00:00:00.000"
"iot-device-01","1.5946080911317382E9","74.3","66.56","false","false","0.0091","0.0063","0.0244","2020-11-26T17:01:48.100+0000","{defaultclientid=iot-device-01, thingname=iot-device-01, thingid=983c2b68-f9a3-4e83-b3c6-9f6f8ad5431b, thingarn=arn:aws:iot:us-east-1:507441099951:thing/iot-device-01, thingtypename=null, attributes={installed=1594665292, latitude=37.4133144, longitude=-122.1513069}, version=1, billinggroupname=null}","2020-11-26 00:00:00.000"
"iot-device-02","1.5946080929607468E9","59.2","78.62","true","false","0.0072","0.0046","0.0192","2020-11-26T17:01:48.381+0000","{defaultclientid=iot-device-02, thingname=iot-device-02, thingid=4ae4927a-aefb-4584-a45a-fc4839feffd6, thingarn=arn:aws:iot:us-east-1:507441099951:thing/iot-device-02, thingtypename=null, attributes={installed=1593361211, latitude=32.8205865, longitude=-96.871627}, version=1, billinggroupname=null}","2020-11-26 00:00:00.000"
"iot-device-03","1.594608093614292E9","50.2","72.32","false","false","0.0078","0.0051","0.0209","2020-11-26T17:01:48.672+0000","{defaultclientid=iot-device-03, thingname=iot-device-03, thingid=877352b9-a35d-45d3-9c98-162d89965a13, thingarn=arn:aws:iot:us-east-1:507441099951:thing/iot-device-03, thingtypename=null, attributes={installed=1592562234, latitude=37.4133144, longitude=-122.1513069}, version=1, billinggroupname=null}","2020-11-26 00:00:00.000"
"iot-device-02","1.5946080967707949E9","59.2","78.8","true","false","0.0072","0.0046","0.0192","2020-11-26T17:01:48.969+0000","{defaultclientid=iot-device-02, thingname=iot-device-02, thingid=4ae4927a-aefb-4584-a45a-fc4839feffd6, thingarn=arn:aws:iot:us-east-1:507441099951:thing/iot-device-02, thingtypename=null, attributes={installed=1593361211, latitude=32.8205865, longitude=-96.871627}, version=1, billinggroupname=null}","2020-11-26 00:00:00.000"
"iot-device-03","1.5946080973000786E9","50.2","72.32","false","false","0.0078","0.0051","0.021","2020-11-26T17:01:49.262+0000","{defaultclientid=iot-device-03, thingname=iot-device-03, thingid=877352b9-a35d-45d3-9c98-162d89965a13, thingarn=arn:aws:iot:us-east-1:507441099951:thing/iot-device-03, thingtypename=null, attributes={installed=1592562234, latitude=37.4133144, longitude=-122.1513069}, version=1, billinggroupname=null}","2020-11-26 00:00:00.000"
"iot-device-02","1.5946084027830768E9","59.4","78.62","true","false","0.0072","0.0046","0.0192","2020-11-26T17:01:49.550+0000","{defaultclientid=iot-device-02, thingname=iot-device-02, thingid=4ae4927a-aefb-4584-a45a-fc4839feffd6, thingarn=arn:aws:iot:us-east-1:507441099951:thing/iot-device-02, thingtypename=null, attributes={installed=1593361211, latitude=32.8205865, longitude=-96.871627}, version=1, billinggroupname=null}","2020-11-26 00:00:00.000"
"iot-device-03","1.5946084029910376E9","48.5","71.78","false","false","0.0078","0.0051","0.0209","2020-11-26T17:01:49.839+0000","{defaultclientid=iot-device-03, thingname=iot-device-03, thingid=877352b9-a35d-45d3-9c98-162d89965a13, thingarn=arn:aws:iot:us-east-1:507441099951:thing/iot-device-03, thingtypename=null, attributes={installed=1592562234, latitude=37.4133144, longitude=-122.1513069}, version=1, billinggroupname=null}","2020-11-26 00:00:00.000"
"iot-device-03","1.5946084066770685E9","48.3","71.78","false","false","0.0079","0.0052","0.021","2020-11-26T17:01:50.135+0000","{defaultclientid=iot-device-03, thingname=iot-device-03, thingid=877352b9-a35d-45d3-9c98-162d89965a13, thingarn=arn:aws:iot:us-east-1:507441099951:thing/iot-device-03, thingtypename=null, attributes={installed=1592562234, latitude=37.4133144, longitude=-122.1513069}, version=1, billinggroupname=null}","2020-11-26 00:00:00.000"
"iot-device-01","1.594608407597241E9","73.6","66.38","false","false","0.0091","0.0063","0.0244","2020-11-26T17:01:50.429+0000","{defaultclientid=iot-device-01, thingname=iot-device-01, thingid=983c2b68-f9a3-4e83-b3c6-9f6f8ad5431b, thingarn=arn:aws:iot:us-east-1:507441099951:thing/iot-device-01, thingtypename=null, attributes={installed=1594665292, latitude=37.4133144, longitude=-122.1513069}, version=1, billinggroupname=null}","2020-11-26 00:00:00.000"
"iot-device-02","1.5946084087303088E9","59.4","78.62","true","false","0.0073","0.0046","0.0193","2020-11-26T17:01:50.722+0000","{defaultclientid=iot-device-02, thingname=iot-device-02, thingid=4ae4927a-aefb-4584-a45a-fc4839feffd6, thingarn=arn:aws:iot:us-east-1:507441099951:thing/iot-device-02, thingtypename=null, attributes={installed=1593361211, latitude=32.8205865, longitude=-96.871627}, version=1, billinggroupname=null}","2020-11-26 00:00:00.000"
"iot-device-03","1.5946084472244568E9","48.3","71.42","false","false","0.0079","0.0052","0.0211","2020-11-26T17:01:57.072+0000","{defaultclientid=iot-device-03, thingname=iot-device-03, thingid=877352b9-a35d-45d3-9c98-162d89965a13, thingarn=arn:aws:iot:us-east-1:507441099951:thing/iot-device-03, thingtypename=null, attributes={installed=1592562234, latitude=37.4133144, longitude=-122.1513069}, version=1, billinggroupname=null}","2020-11-26 00:00:00.000"
"iot-device-01","1.5946084483477256E9","73.8","66.38","false","false","0.0091","0.0063","0.0244","2020-11-26T17:01:57.372+0000","{defaultclientid=iot-device-01, thingname=iot-device-01, thingid=983c2b68-f9a3-4e83-b3c6-9f6f8ad5431b, thingarn=arn:aws:iot:us-east-1:507441099951:thing/iot-device-01, thingtypename=null, attributes={installed=1594665292, latitude=37.4133144, longitude=-122.1513069}, version=1, billinggroupname=null}","2020-11-26 00:00:00.000"
"iot-device-02","1.5946084489457312E9","59.5","78.62","true","false","0.0073","0.0046","0.0193","2020-11-26T17:01:57.670+0000","{defaultclientid=iot-device-02, thingname=iot-device-02, thingid=4ae4927a-aefb-4584-a45a-fc4839feffd6, thingarn=arn:aws:iot:us-east-1:507441099951:thing/iot-device-02, thingtypename=null, attributes={installed=1593361211, latitude=32.8205865, longitude=-96.871627}, version=1, billinggroupname=null}","2020-11-26 00:00:00.000"
"iot-device-03","1.5946084509088495E9","48.4","71.6","false","false","0.0079","0.0051","0.021","2020-11-26T17:01:57.960+0000","{defaultclientid=iot-device-03, thingname=iot-device-03, thingid=877352b9-a35d-45d3-9c98-162d89965a13, thingarn=arn:aws:iot:us-east-1:507441099951:thing/iot-device-03, thingtypename=null, attributes={installed=1592562234, latitude=37.4133144, longitude=-122.1513069}, version=1, billinggroupname=null}","2020-11-26 00:00:00.000"
"iot-device-01","1.5946084521615922E9","73.7","66.38","false","false","0.009","0.0062","0.0242","2020-11-26T17:01:58.249+0000","{defaultclientid=iot-device-01, thingname=iot-device-01, thingid=983c2b68-f9a3-4e83-b3c6-9f6f8ad5431b, thingarn=arn:aws:iot:us-east-1:507441099951:thing/iot-device-01, thingtypename=null, attributes={installed=1594665292, latitude=37.4133144, longitude=-122.1513069}, version=1, billinggroupname=null}","2020-11-26 00:00:00.000"
"iot-device-02","1.5946084532882774E9","59.5","78.62","true","false","0.0073","0.0046","0.0193","2020-11-26T17:01:58.549+0000","{defaultclientid=iot-device-02, thingname=iot-device-02, thingid=4ae4927a-aefb-4584-a45a-fc4839feffd6, thingarn=arn:aws:iot:us-east-1:507441099951:thing/iot-device-02, thingtypename=null, attributes={installed=1593361211, latitude=32.8205865, longitude=-96.871627}, version=1, billinggroupname=null}","2020-11-26 00:00:00.000"
"iot-device-03","1.5946084545930407E9","48.3","71.6","false","false","0.0079","0.0051","0.021","2020-11-26T17:01:58.841+0000","{defaultclientid=iot-device-03, thingname=iot-device-03, thingid=877352b9-a35d-45d3-9c98-162d89965a13, thingarn=arn:aws:iot:us-east-1:507441099951:thing/iot-device-03, thingtypename=null, attributes={installed=1592562234, latitude=37.4133144, longitude=-122.1513069}, version=1, billinggroupname=null}","2020-11-26 00:00:00.000"
"iot-device-01","1.5946084575886302E9","73.6","66.38","false","false","0.009","0.0062","0.0242","2020-11-26T17:01:59.121+0000","{defaultclientid=iot-device-01, thingname=iot-device-01, thingid=983c2b68-f9a3-4e83-b3c6-9f6f8ad5431b, thingarn=arn:aws:iot:us-east-1:507441099951:thing/iot-device-01, thingtypename=null, attributes={installed=1594665292, latitude=37.4133144, longitude=-122.1513069}, version=1, billinggroupname=null}","2020-11-26 00:00:00.000"
"iot-device-03","1.594608458278399E9","48.2","71.42","false","false","0.0079","0.0052","0.0211","2020-11-26T17:01:59.405+0000","{defaultclientid=iot-device-03, thingname=iot-device-03, thingid=877352b9-a35d-45d3-9c98-162d89965a13, thingarn=arn:aws:iot:us-east-1:507441099951:thing/iot-device-03, thingtypename=null, attributes={installed=1592562234, latitude=37.4133144, longitude=-122.1513069}, version=1, billinggroupname=null}","2020-11-26 00:00:00.000"
"iot-device-03","1.5946084619656115E9","48.3","71.6","false","false","0.0079","0.0051","0.021","2020-11-26T17:01:59.691+0000","{defaultclientid=iot-device-03, thingname=iot-device-03, thingid=877352b9-a35d-45d3-9c98-162d89965a13, thingarn=arn:aws:iot:us-east-1:507441099951:thing/iot-device-03, thingtypename=null, attributes={installed=1592562234, latitude=37.4133144, longitude=-122.1513069}, version=1, billinggroupname=null}","2020-11-26 00:00:00.000"
"iot-device-01","1.5946080158440216E9","74.3","66.56","false","false","0.0091","0.0063","0.0244","2020-11-26T17:01:36.144+0000","{defaultclientid=iot-device-01, thingname=iot-device-01, thingid=983c2b68-f9a3-4e83-b3c6-9f6f8ad5431b, thingarn=arn:aws:iot:us-east-1:507441099951:thing/iot-device-01, thingtypename=null, attributes={installed=1594665292, latitude=37.4133144, longitude=-122.1513069}, version=1, billinggroupname=null}","2020-11-26 00:00:00.000"
"iot-device-03","1.5946080161932604E9","50.0","72.14","false","false","0.0079","0.0052","0.0211","2020-11-26T17:01:36.450+0000","{defaultclientid=iot-device-03, thingname=iot-device-03, thingid=877352b9-a35d-45d3-9c98-162d89965a13, thingarn=arn:aws:iot:us-east-1:507441099951:thing/iot-device-03, thingtypename=null, attributes={installed=1592562234, latitude=37.4133144, longitude=-122.1513069}, version=1, billinggroupname=null}","2020-11-26 00:00:00.000"
"iot-device-01","1.5946080196589634E9","74.3","66.56","false","false","0.0091","0.0063","0.0244","2020-11-26T17:01:36.740+0000","{defaultclientid=iot-device-01, thingname=iot-device-01, thingid=983c2b68-f9a3-4e83-b3c6-9f6f8ad5431b, thingarn=arn:aws:iot:us-east-1:507441099951:thing/iot-device-01, thingtypename=null, attributes={installed=1594665292, latitude=37.4133144, longitude=-122.1513069}, version=1, billinggroupname=null}","2020-11-26 00:00:00.000"
"iot-device-03","1.5946080198795414E9","50.1","72.32","false","false","0.0079","0.0051","0.021","2020-11-26T17:01:37.044+0000","{defaultclientid=iot-device-03, thingname=iot-device-03, thingid=877352b9-a35d-45d3-9c98-162d89965a13, thingarn=arn:aws:iot:us-east-1:507441099951:thing/iot-device-03, thingtypename=null, attributes={installed=1592562234, latitude=37.4133144, longitude=-122.1513069}, version=1, billinggroupname=null}","2020-11-26 00:00:00.000"
"iot-device-03","1.5946080235652895E9","50.0","72.14","false","false","0.0079","0.0051","0.021","2020-11-26T17:01:37.341+0000","{defaultclientid=iot-device-03, thingname=iot-device-03, thingid=877352b9-a35d-45d3-9c98-162d89965a13, thingarn=arn:aws:iot:us-east-1:507441099951:thing/iot-device-03, thingtypename=null, attributes={installed=1592562234, latitude=37.4133144, longitude=-122.1513069}, version=1, billinggroupname=null}","2020-11-26 00:00:00.000"
"iot-device-03","1.5946080272510586E9","50.1","72.32","false","false","0.0078","0.0051","0.021","2020-11-26T17:01:37.628+0000","{defaultclientid=iot-device-03, thingname=iot-device-03, thingid=877352b9-a35d-45d3-9c98-162d89965a13, thingarn=arn:aws:iot:us-east-1:507441099951:thing/iot-device-03, thingtypename=null, attributes={installed=1592562234, latitude=37.4133144, longitude=-122.1513069}, version=1, billinggroupname=null}","2020-11-26 00:00:00.000"
"iot-device-03","1.594608030936872E9","50.1","72.32","false","false","0.0079","0.0051","0.021","2020-11-26T17:01:37.922+0000","{defaultclientid=iot-device-03, thingname=iot-device-03, thingid=877352b9-a35d-45d3-9c98-162d89965a13, thingarn=arn:aws:iot:us-east-1:507441099951:thing/iot-device-03, thingtypename=null, attributes={installed=1592562234, latitude=37.4133144, longitude=-122.1513069}, version=1, billinggroupname=null}","2020-11-26 00:00:00.000"
"iot-device-02","1.5946080328178926E9","59.2","78.62","true","false","0.0072","0.0046","0.0192","2020-11-26T17:01:38.220+0000","{defaultclientid=iot-device-02, thingname=iot-device-02, thingid=4ae4927a-aefb-4584-a45a-fc4839feffd6, thingarn=arn:aws:iot:us-east-1:507441099951:thing/iot-device-02, thingtypename=null, attributes={installed=1593361211, latitude=32.8205865, longitude=-96.871627}, version=1, billinggroupname=null}","2020-11-26 00:00:00.000"
"iot-device-01","1.594608034485E9","74.2","66.56","false","false","0.0091","0.0063","0.0244","2020-11-26T17:01:38.508+0000","{defaultclientid=iot-device-01, thingname=iot-device-01, thingid=983c2b68-f9a3-4e83-b3c6-9f6f8ad5431b, thingarn=arn:aws:iot:us-east-1:507441099951:thing/iot-device-01, thingtypename=null, attributes={installed=1594665292, latitude=37.4133144, longitude=-122.1513069}, version=1, billinggroupname=null}","2020-11-26 00:00:00.000"
"iot-device-03","1.594608034623282E9","50.0","72.14","false","false","0.0079","0.0051","0.021","2020-11-26T17:01:38.800+0000","{defaultclientid=iot-device-03, thingname=iot-device-03, thingid=877352b9-a35d-45d3-9c98-162d89965a13, thingarn=arn:aws:iot:us-east-1:507441099951:thing/iot-device-03, thingtypename=null, attributes={installed=1592562234, latitude=37.4133144, longitude=-122.1513069}, version=1, billinggroupname=null}","2020-11-26 00:00:00.000"
"iot-device-03","1.5946080751873837E9","50.2","72.32","false","false","0.0078","0.0051","0.0209","2020-11-26T17:01:45.030+0000","{defaultclientid=iot-device-03, thingname=iot-device-03, thingid=877352b9-a35d-45d3-9c98-162d89965a13, thingarn=arn:aws:iot:us-east-1:507441099951:thing/iot-device-03, thingtypename=null, attributes={installed=1592562234, latitude=37.4133144, longitude=-122.1513069}, version=1, billinggroupname=null}","2020-11-26 00:00:00.000"
"iot-device-03","1.5946080788712742E9","50.1","72.14","false","false","0.0078","0.0051","0.0209","2020-11-26T17:01:45.325+0000","{defaultclientid=iot-device-03, thingname=iot-device-03, thingid=877352b9-a35d-45d3-9c98-162d89965a13, thingarn=arn:aws:iot:us-east-1:507441099951:thing/iot-device-03, thingtypename=null, attributes={installed=1592562234, latitude=37.4133144, longitude=-122.1513069}, version=1, billinggroupname=null}","2020-11-26 00:00:00.000"
"iot-device-02","1.5946080794001071E9","59.2","78.8","true","false","0.0072","0.0046","0.0192","2020-11-26T17:01:45.621+0000","{defaultclientid=iot-device-02, thingname=iot-device-02, thingid=4ae4927a-aefb-4584-a45a-fc4839feffd6, thingarn=arn:aws:iot:us-east-1:507441099951:thing/iot-device-02, thingtypename=null, attributes={installed=1593361211, latitude=32.8205865, longitude=-96.871627}, version=1, billinggroupname=null}","2020-11-26 00:00:00.000"
"iot-device-01","1.5946080808172793E9","74.3","66.56","false","false","0.0091","0.0063","0.0244","2020-11-26T17:01:46.013+0000","{defaultclientid=iot-device-01, thingname=iot-device-01, thingid=983c2b68-f9a3-4e83-b3c6-9f6f8ad5431b, thingarn=arn:aws:iot:us-east-1:507441099951:thing/iot-device-01, thingtypename=null, attributes={installed=1594665292, latitude=37.4133144, longitude=-122.1513069}, version=1, billinggroupname=null}","2020-11-26 00:00:00.000"
"iot-device-03","1.594608082557294E9","50.2","72.32","false","false","0.0079","0.0051","0.021","2020-11-26T17:01:46.310+0000","{defaultclientid=iot-device-03, thingname=iot-device-03, thingid=877352b9-a35d-45d3-9c98-162d89965a13, thingarn=arn:aws:iot:us-east-1:507441099951:thing/iot-device-03, thingtypename=null, attributes={installed=1592562234, latitude=37.4133144, longitude=-122.1513069}, version=1, billinggroupname=null}","2020-11-26 00:00:00.000"
"iot-device-02","1.5946080842782302E9","59.2","78.8","true","false","0.0072","0.0046","0.0191","2020-11-26T17:01:46.648+0000","{defaultclientid=iot-device-02, thingname=iot-device-02, thingid=4ae4927a-aefb-4584-a45a-fc4839feffd6, thingarn=arn:aws:iot:us-east-1:507441099951:thing/iot-device-02, thingtypename=null, attributes={installed=1593361211, latitude=32.8205865, longitude=-96.871627}, version=1, billinggroupname=null}","2020-11-26 00:00:00.000"
"iot-device-03","1.5946080862431314E9","50.2","72.32","false","false","0.0079","0.0051","0.021","2020-11-26T17:01:46.938+0000","{defaultclientid=iot-device-03, thingname=iot-device-03, thingid=877352b9-a35d-45d3-9c98-162d89965a13, thingarn=arn:aws:iot:us-east-1:507441099951:thing/iot-device-03, thingtypename=null, attributes={installed=1592562234, latitude=37.4133144, longitude=-122.1513069}, version=1, billinggroupname=null}","2020-11-26 00:00:00.000"
"iot-device-01","1.5946080862432618E9","74.4","66.56","false","false","0.0091","0.0063","0.0244","2020-11-26T17:01:47.229+0000","{defaultclientid=iot-device-01, thingname=iot-device-01, thingid=983c2b68-f9a3-4e83-b3c6-9f6f8ad5431b, thingarn=arn:aws:iot:us-east-1:507441099951:thing/iot-device-01, thingtypename=null, attributes={installed=1594665292, latitude=37.4133144, longitude=-122.1513069}, version=1, billinggroupname=null}","2020-11-26 00:00:00.000"
"iot-device-02","1.5946080891500382E9","59.2","78.8","true","false","0.0072","0.0046","0.0192","2020-11-26T17:01:47.520+0000","{defaultclientid=iot-device-02, thingname=iot-device-02, thingid=4ae4927a-aefb-4584-a45a-fc4839feffd6, thingarn=arn:aws:iot:us-east-1:507441099951:thing/iot-device-02, thingtypename=null, attributes={installed=1593361211, latitude=32.8205865, longitude=-96.871627}, version=1, billinggroupname=null}","2020-11-26 00:00:00.000"
"iot-device-03","1.5946080899288654E9","50.2","72.32","false","false","0.0079","0.0052","0.021","2020-11-26T17:01:47.811+0000","{defaultclientid=iot-device-03, thingname=iot-device-03, thingid=877352b9-a35d-45d3-9c98-162d89965a13, thingarn=arn:aws:iot:us-east-1:507441099951:thing/iot-device-03, thingtypename=null, attributes={installed=1592562234, latitude=37.4133144, longitude=-122.1513069}, version=1, billinggroupname=null}","2020-11-26 00:00:00.000"
"iot-device-01","1.5946428452525856E9","76.1","67.28","false","false","0.0062","0.0037","0.0164","2020-11-26T17:23:00.019+0000","{defaultclientid=iot-device-01, thingname=iot-device-01, thingid=983c2b68-f9a3-4e83-b3c6-9f6f8ad5431b, thingarn=arn:aws:iot:us-east-1:507441099951:thing/iot-device-01, thingtypename=null, attributes={installed=1594665292, latitude=37.4133144, longitude=-122.1513069}, version=1, billinggroupname=null}","2020-11-26 00:00:00.000"
"iot-device-03","1.594642845798927E9","52.8","71.24","false","false","0.0078","0.0051","0.0209","2020-11-26T17:23:00.320+0000","{defaultclientid=iot-device-03, thingname=iot-device-03, thingid=877352b9-a35d-45d3-9c98-162d89965a13, thingarn=arn:aws:iot:us-east-1:507441099951:thing/iot-device-03, thingtypename=null, attributes={installed=1592562234, latitude=37.4133144, longitude=-122.1513069}, version=1, billinggroupname=null}","2020-11-26 00:00:00.000"
"iot-device-01","1.5946428490677743E9","76.3","67.28","false","false","0.0062","0.0037","0.0164","2020-11-26T17:23:00.646+0000","{defaultclientid=iot-device-01, thingname=iot-device-01, thingid=983c2b68-f9a3-4e83-b3c6-9f6f8ad5431b, thingarn=arn:aws:iot:us-east-1:507441099951:thing/iot-device-01, thingtypename=null, attributes={installed=1594665292, latitude=37.4133144, longitude=-122.1513069}, version=1, billinggroupname=null}","2020-11-26 00:00:00.000"
"iot-device-03","1.5946428494844167E9","52.8","71.24","false","false","0.0078","0.0051","0.0208","2020-11-26T17:23:00.952+0000","{defaultclientid=iot-device-03, thingname=iot-device-03, thingid=877352b9-a35d-45d3-9c98-162d89965a13, thingarn=arn:aws:iot:us-east-1:507441099951:thing/iot-device-03, thingtypename=null, attributes={installed=1592562234, latitude=37.4133144, longitude=-122.1513069}, version=1, billinggroupname=null}","2020-11-26 00:00:00.000"
"iot-device-03","1.594642853170732E9","52.8","71.24","false","false","0.0078","0.0051","0.021","2020-11-26T17:23:01.240+0000","{defaultclientid=iot-device-03, thingname=iot-device-03, thingid=877352b9-a35d-45d3-9c98-162d89965a13, thingarn=arn:aws:iot:us-east-1:507441099951:thing/iot-device-03, thingtypename=null, attributes={installed=1592562234, latitude=37.4133144, longitude=-122.1513069}, version=1, billinggroupname=null}","2020-11-26 00:00:00.000"
"iot-device-01","1.5946428550295255E9","76.1","67.28","false","false","0.0062","0.0037","0.0164","2020-11-26T17:23:01.530+0000","{defaultclientid=iot-device-01, thingname=iot-device-01, thingid=983c2b68-f9a3-4e83-b3c6-9f6f8ad5431b, thingarn=arn:aws:iot:us-east-1:507441099951:thing/iot-device-01, thingtypename=null, attributes={installed=1594665292, latitude=37.4133144, longitude=-122.1513069}, version=1, billinggroupname=null}","2020-11-26 00:00:00.000"
"iot-device-02","1.594642856817319E9","59.8","74.66","true","false","0.007","0.0044","0.0185","2020-11-26T17:23:01.809+0000","{defaultclientid=iot-device-02, thingname=iot-device-02, thingid=4ae4927a-aefb-4584-a45a-fc4839feffd6, thingarn=arn:aws:iot:us-east-1:507441099951:thing/iot-device-02, thingtypename=null, attributes={installed=1593361211, latitude=32.8205865, longitude=-96.871627}, version=1, billinggroupname=null}","2020-11-26 00:00:00.000"
"iot-device-03","1.5946428568587892E9","52.8","71.24","false","false","0.0078","0.0051","0.0208","2020-11-26T17:23:02.102+0000","{defaultclientid=iot-device-03, thingname=iot-device-03, thingid=877352b9-a35d-45d3-9c98-162d89965a13, thingarn=arn:aws:iot:us-east-1:507441099951:thing/iot-device-03, thingtypename=null, attributes={installed=1592562234, latitude=37.4133144, longitude=-122.1513069}, version=1, billinggroupname=null}","2020-11-26 00:00:00.000"
"iot-device-01","1.5946428593805401E9","76.2","67.28","false","false","0.0062","0.0037","0.0164","2020-11-26T17:23:02.519+0000","{defaultclientid=iot-device-01, thingname=iot-device-01, thingid=983c2b68-f9a3-4e83-b3c6-9f6f8ad5431b, thingarn=arn:aws:iot:us-east-1:507441099951:thing/iot-device-01, thingtypename=null, attributes={installed=1594665292, latitude=37.4133144, longitude=-122.1513069}, version=1, billinggroupname=null}","2020-11-26 00:00:00.000"
"iot-device-03","1.594642860544869E9","52.8","71.24","false","false","0.0078","0.0051","0.0208","2020-11-26T17:23:02.812+0000","{defaultclientid=iot-device-03, thingname=iot-device-03, thingid=877352b9-a35d-45d3-9c98-162d89965a13, thingarn=arn:aws:iot:us-east-1:507441099951:thing/iot-device-03, thingtypename=null, attributes={installed=1592562234, latitude=37.4133144, longitude=-122.1513069}, version=1, billinggroupname=null}","2020-11-26 00:00:00.000"
"iot-device-01","1.5946429985570762E9","76.1","67.28","false","false","0.0062","0.0037","0.0164","2020-11-26T17:23:26.962+0000","{defaultclientid=iot-device-01, thingname=iot-device-01, thingid=983c2b68-f9a3-4e83-b3c6-9f6f8ad5431b, thingarn=arn:aws:iot:us-east-1:507441099951:thing/iot-device-01, thingtypename=null, attributes={installed=1594665292, latitude=37.4133144, longitude=-122.1513069}, version=1, billinggroupname=null}","2020-11-26 00:00:00.000"
"iot-device-02","1.5946430000594835E9","60.2","74.48","true","false","0.007","0.0044","0.0186","2020-11-26T17:23:27.251+0000","{defaultclientid=iot-device-02, thingname=iot-device-02, thingid=4ae4927a-aefb-4584-a45a-fc4839feffd6, thingarn=arn:aws:iot:us-east-1:507441099951:thing/iot-device-02, thingtypename=null, attributes={installed=1593361211, latitude=32.8205865, longitude=-96.871627}, version=1, billinggroupname=null}","2020-11-26 00:00:00.000"
"iot-device-03","1.5946430007540472E9","52.9","71.24","false","false","0.0078","0.0051","0.0209","2020-11-26T17:23:27.548+0000","{defaultclientid=iot-device-03, thingname=iot-device-03, thingid=877352b9-a35d-45d3-9c98-162d89965a13, thingarn=arn:aws:iot:us-east-1:507441099951:thing/iot-device-03, thingtypename=null, attributes={installed=1592562234, latitude=37.4133144, longitude=-122.1513069}, version=1, billinggroupname=null}","2020-11-26 00:00:00.000"
"iot-device-03","1.5946430044408224E9","52.9","71.24","false","false","0.0078","0.0051","0.0209","2020-11-26T17:23:27.839+0000","{defaultclientid=iot-device-03, thingname=iot-device-03, thingid=877352b9-a35d-45d3-9c98-162d89965a13, thingarn=arn:aws:iot:us-east-1:507441099951:thing/iot-device-03, thingtypename=null, attributes={installed=1592562234, latitude=37.4133144, longitude=-122.1513069}, version=1, billinggroupname=null}","2020-11-26 00:00:00.000"
"iot-device-02","1.5946430065455227E9","59.9","74.48","true","false","0.007","0.0044","0.0186","2020-11-26T17:23:28.128+0000","{defaultclientid=iot-device-02, thingname=iot-device-02, thingid=4ae4927a-aefb-4584-a45a-fc4839feffd6, thingarn=arn:aws:iot:us-east-1:507441099951:thing/iot-device-02, thingtypename=null, attributes={installed=1593361211, latitude=32.8205865, longitude=-96.871627}, version=1, billinggroupname=null}","2020-11-26 00:00:00.000"
"iot-device-01","1.5946430066654224E9","76.1","67.28","false","false","0.0062","0.0037","0.0164","2020-11-26T17:23:28.421+0000","{defaultclientid=iot-device-01, thingname=iot-device-01, thingid=983c2b68-f9a3-4e83-b3c6-9f6f8ad5431b, thingarn=arn:aws:iot:us-east-1:507441099951:thing/iot-device-01, thingtypename=null, attributes={installed=1594665292, latitude=37.4133144, longitude=-122.1513069}, version=1, billinggroupname=null}","2020-11-26 00:00:00.000"
"iot-device-03","1.5946430081243894E9","52.9","71.24","false","false","0.0078","0.0051","0.0209","2020-11-26T17:23:28.711+0000","{defaultclientid=iot-device-03, thingname=iot-device-03, thingid=877352b9-a35d-45d3-9c98-162d89965a13, thingarn=arn:aws:iot:us-east-1:507441099951:thing/iot-device-03, thingtypename=null, attributes={installed=1592562234, latitude=37.4133144, longitude=-122.1513069}, version=1, billinggroupname=null}","2020-11-26 00:00:00.000"
"iot-device-02","1.5946430114194E9","59.9","74.48","true","false","0.007","0.0044","0.0185","2020-11-26T17:23:28.998+0000","{defaultclientid=iot-device-02, thingname=iot-device-02, thingid=4ae4927a-aefb-4584-a45a-fc4839feffd6, thingarn=arn:aws:iot:us-east-1:507441099951:thing/iot-device-02, thingtypename=null, attributes={installed=1593361211, latitude=32.8205865, longitude=-96.871627}, version=1, billinggroupname=null}","2020-11-26 00:00:00.000"
"iot-device-03","1.5946430118093545E9","52.9","71.24","false","false","0.0078","0.0051","0.0209","2020-11-26T17:23:29.291+0000","{defaultclientid=iot-device-03, thingname=iot-device-03, thingid=877352b9-a35d-45d3-9c98-162d89965a13, thingarn=arn:aws:iot:us-east-1:507441099951:thing/iot-device-03, thingtypename=null, attributes={installed=1592562234, latitude=37.4133144, longitude=-122.1513069}, version=1, billinggroupname=null}","2020-11-26 00:00:00.000"
"iot-device-03","1.5946430154952958E9","52.9","71.24","false","false","0.0078","0.0051","0.0209","2020-11-26T17:23:29.594+0000","{defaultclientid=iot-device-03, thingname=iot-device-03, thingid=877352b9-a35d-45d3-9c98-162d89965a13, thingarn=arn:aws:iot:us-east-1:507441099951:thing/iot-device-03, thingtypename=null, attributes={installed=1592562234, latitude=37.4133144, longitude=-122.1513069}, version=1, billinggroupname=null}","2020-11-26 00:00:00.000"
"iot-device-02","1.5946429141073186E9","59.9","74.48","true","false","0.007","0.0044","0.0187","2020-11-26T17:23:12.140+0000","{defaultclientid=iot-device-02, thingname=iot-device-02, thingid=4ae4927a-aefb-4584-a45a-fc4839feffd6, thingarn=arn:aws:iot:us-east-1:507441099951:thing/iot-device-02, thingtypename=null, attributes={installed=1593361211, latitude=32.8205865, longitude=-96.871627}, version=1, billinggroupname=null}","2020-11-26 00:00:00.000"
"iot-device-01","1.5946429141881485E9","76.1","67.28","false","false","0.0062","0.0037","0.0163","2020-11-26T17:23:12.438+0000","{defaultclientid=iot-device-01, thingname=iot-device-01, thingid=983c2b68-f9a3-4e83-b3c6-9f6f8ad5431b, thingarn=arn:aws:iot:us-east-1:507441099951:thing/iot-device-01, thingtypename=null, attributes={installed=1594665292, latitude=37.4133144, longitude=-122.1513069}, version=1, billinggroupname=null}","2020-11-26 00:00:00.000"
"iot-device-03","1.5946429157821395E9","52.9","71.24","false","false","0.0078","0.0051","0.0209","2020-11-26T17:23:12.741+0000","{defaultclientid=iot-device-03, thingname=iot-device-03, thingid=877352b9-a35d-45d3-9c98-162d89965a13, thingarn=arn:aws:iot:us-east-1:507441099951:thing/iot-device-03, thingtypename=null, attributes={installed=1592562234, latitude=37.4133144, longitude=-122.1513069}, version=1, billinggroupname=null}","2020-11-26 00:00:00.000"
"iot-device-03","1.5946429194638562E9","52.8","71.24","false","false","0.0078","0.0051","0.0208","2020-11-26T17:23:13.028+0000","{defaultclientid=iot-device-03, thingname=iot-device-03, thingid=877352b9-a35d-45d3-9c98-162d89965a13, thingarn=arn:aws:iot:us-east-1:507441099951:thing/iot-device-03, thingtypename=null, attributes={installed=1592562234, latitude=37.4133144, longitude=-122.1513069}, version=1, billinggroupname=null}","2020-11-26 00:00:00.000"
"iot-device-01","1.5946429196152892E9","76.1","67.28","false","false","0.0062","0.0037","0.0164","2020-11-26T17:23:13.325+0000","{defaultclientid=iot-device-01, thingname=iot-device-01, thingid=983c2b68-f9a3-4e83-b3c6-9f6f8ad5431b, thingarn=arn:aws:iot:us-east-1:507441099951:thing/iot-device-01, thingtypename=null, attributes={installed=1594665292, latitude=37.4133144, longitude=-122.1513069}, version=1, billinggroupname=null}","2020-11-26 00:00:00.000"
"iot-device-03","1.5946429231498845E9","52.9","71.24","false","false","0.0078","0.0051","0.0209","2020-11-26T17:23:13.647+0000","{defaultclientid=iot-device-03, thingname=iot-device-03, thingid=877352b9-a35d-45d3-9c98-162d89965a13, thingarn=arn:aws:iot:us-east-1:507441099951:thing/iot-device-03, thingtypename=null, attributes={installed=1592562234, latitude=37.4133144, longitude=-122.1513069}, version=1, billinggroupname=null}","2020-11-26 00:00:00.000"
"iot-device-02","1.594642923801992E9","59.9","74.48","true","false","0.007","0.0044","0.0185","2020-11-26T17:23:13.940+0000","{defaultclientid=iot-device-02, thingname=iot-device-02, thingid=4ae4927a-aefb-4584-a45a-fc4839feffd6, thingarn=arn:aws:iot:us-east-1:507441099951:thing/iot-device-02, thingtypename=null, attributes={installed=1593361211, latitude=32.8205865, longitude=-96.871627}, version=1, billinggroupname=null}","2020-11-26 00:00:00.000"
"iot-device-03","1.5946429267795649E9","52.9","71.24","false","false","0.0078","0.0051","0.0209","2020-11-26T17:23:14.248+0000","{defaultclientid=iot-device-03, thingname=iot-device-03, thingid=877352b9-a35d-45d3-9c98-162d89965a13, thingarn=arn:aws:iot:us-east-1:507441099951:thing/iot-device-03, thingtypename=null, attributes={installed=1592562234, latitude=37.4133144, longitude=-122.1513069}, version=1, billinggroupname=null}","2020-11-26 00:00:00.000"
"iot-device-03","1.5946429304722984E9","52.8","71.24","false","false","0.0078","0.0051","0.0209","2020-11-26T17:23:14.543+0000","{defaultclientid=iot-device-03, thingname=iot-device-03, thingid=877352b9-a35d-45d3-9c98-162d89965a13, thingarn=arn:aws:iot:us-east-1:507441099951:thing/iot-device-03, thingtypename=null, attributes={installed=1592562234, latitude=37.4133144, longitude=-122.1513069}, version=1, billinggroupname=null}","2020-11-26 00:00:00.000"
"iot-device-01","1.5946429309614437E9","76.1","67.28","false","false","0.0062","0.0037","0.0164","2020-11-26T17:23:14.840+0000","{defaultclientid=iot-device-01, thingname=iot-device-01, thingid=983c2b68-f9a3-4e83-b3c6-9f6f8ad5431b, thingarn=arn:aws:iot:us-east-1:507441099951:thing/iot-device-01, thingtypename=null, attributes={installed=1594665292, latitude=37.4133144, longitude=-122.1513069}, version=1, billinggroupname=null}","2020-11-26 00:00:00.000"
"iot-device-01","1.5946428637306638E9","76.2","67.28","false","false","0.0062","0.0037","0.0164","2020-11-26T17:23:03.100+0000","{defaultclientid=iot-device-01, thingname=iot-device-01, thingid=983c2b68-f9a3-4e83-b3c6-9f6f8ad5431b, thingarn=arn:aws:iot:us-east-1:507441099951:thing/iot-device-01, thingtypename=null, attributes={installed=1594665292, latitude=37.4133144, longitude=-122.1513069}, version=1, billinggroupname=null}","2020-11-26 00:00:00.000"
"iot-device-03","1.5946428642307782E9","52.8","71.24","false","false","0.0078","0.0051","0.0208","2020-11-26T17:23:03.392+0000","{defaultclientid=iot-device-03, thingname=iot-device-03, thingid=877352b9-a35d-45d3-9c98-162d89965a13, thingarn=arn:aws:iot:us-east-1:507441099951:thing/iot-device-03, thingtypename=null, attributes={installed=1592562234, latitude=37.4133144, longitude=-122.1513069}, version=1, billinggroupname=null}","2020-11-26 00:00:00.000"
"iot-device-02","1.594642865997982E9","59.8","74.48","true","false","0.007","0.0044","0.0187","2020-11-26T17:23:03.682+0000","{defaultclientid=iot-device-02, thingname=iot-device-02, thingid=4ae4927a-aefb-4584-a45a-fc4839feffd6, thingarn=arn:aws:iot:us-east-1:507441099951:thing/iot-device-02, thingtypename=null, attributes={installed=1593361211, latitude=32.8205865, longitude=-96.871627}, version=1, billinggroupname=null}","2020-11-26 00:00:00.000"
"iot-device-03","1.594642867916948E9","52.8","71.24","false","false","0.0078","0.0051","0.0208","2020-11-26T17:23:03.970+0000","{defaultclientid=iot-device-03, thingname=iot-device-03, thingid=877352b9-a35d-45d3-9c98-162d89965a13, thingarn=arn:aws:iot:us-east-1:507441099951:thing/iot-device-03, thingtypename=null, attributes={installed=1592562234, latitude=37.4133144, longitude=-122.1513069}, version=1, billinggroupname=null}","2020-11-26 00:00:00.000"
"iot-device-01","1.5946428691593695E9","76.2","67.28","false","false","0.0062","0.0037","0.0164","2020-11-26T17:23:04.260+0000","{defaultclientid=iot-device-01, thingname=iot-device-01, thingid=983c2b68-f9a3-4e83-b3c6-9f6f8ad5431b, thingarn=arn:aws:iot:us-east-1:507441099951:thing/iot-device-01, thingtypename=null, attributes={installed=1594665292, latitude=37.4133144, longitude=-122.1513069}, version=1, billinggroupname=null}","2020-11-26 00:00:00.000"
"iot-device-02","1.5946428714082146E9","59.8","74.48","true","false","0.007","0.0043","0.0185","2020-11-26T17:23:04.561+0000","{defaultclientid=iot-device-02, thingname=iot-device-02, thingid=4ae4927a-aefb-4584-a45a-fc4839feffd6, thingarn=arn:aws:iot:us-east-1:507441099951:thing/iot-device-02, thingtypename=null, attributes={installed=1593361211, latitude=32.8205865, longitude=-96.871627}, version=1, billinggroupname=null}","2020-11-26 00:00:00.000"
"iot-device-03","1.5946428716029346E9","52.8","71.24","false","false","0.0078","0.0051","0.0208","2020-11-26T17:23:04.849+0000","{defaultclientid=iot-device-03, thingname=iot-device-03, thingid=877352b9-a35d-45d3-9c98-162d89965a13, thingarn=arn:aws:iot:us-east-1:507441099951:thing/iot-device-03, thingtypename=null, attributes={installed=1592562234, latitude=37.4133144, longitude=-122.1513069}, version=1, billinggroupname=null}","2020-11-26 00:00:00.000"
"iot-device-02","1.5946428752224073E9","59.9","74.66","true","false","0.007","0.0044","0.0185","2020-11-26T17:23:05.141+0000","{defaultclientid=iot-device-02, thingname=iot-device-02, thingid=4ae4927a-aefb-4584-a45a-fc4839feffd6, thingarn=arn:aws:iot:us-east-1:507441099951:thing/iot-device-02, thingtypename=null, attributes={installed=1593361211, latitude=32.8205865, longitude=-96.871627}, version=1, billinggroupname=null}","2020-11-26 00:00:00.000"
"iot-device-03","1.5946428752888515E9","52.8","71.24","false","false","0.0078","0.0051","0.0208","2020-11-26T17:23:05.481+0000","{defaultclientid=iot-device-03, thingname=iot-device-03, thingid=877352b9-a35d-45d3-9c98-162d89965a13, thingarn=arn:aws:iot:us-east-1:507441099951:thing/iot-device-03, thingtypename=null, attributes={installed=1592562234, latitude=37.4133144, longitude=-122.1513069}, version=1, billinggroupname=null}","2020-11-26 00:00:00.000"
"iot-device-01","1.5946428757070806E9","76.2","67.28","false","false","0.0062","0.0037","0.0164","2020-11-26T17:23:05.783+0000","{defaultclientid=iot-device-01, thingname=iot-device-01, thingid=983c2b68-f9a3-4e83-b3c6-9f6f8ad5431b, thingarn=arn:aws:iot:us-east-1:507441099951:thing/iot-device-01, thingtypename=null, attributes={installed=1594665292, latitude=37.4133144, longitude=-122.1513069}, version=1, billinggroupname=null}","2020-11-26 00:00:00.000"
"iot-device-01","1.5946429483609786E9","76.1","67.28","false","false","0.0062","0.0037","0.0164","2020-11-26T17:23:18.106+0000","{defaultclientid=iot-device-01, thingname=iot-device-01, thingid=983c2b68-f9a3-4e83-b3c6-9f6f8ad5431b, thingarn=arn:aws:iot:us-east-1:507441099951:thing/iot-device-01, thingtypename=null, attributes={installed=1594665292, latitude=37.4133144, longitude=-122.1513069}, version=1, billinggroupname=null}","2020-11-26 00:00:00.000"
"iot-device-03","1.5946429489074304E9","52.9","71.24","false","false","0.0078","0.0051","0.0208","2020-11-26T17:23:18.414+0000","{defaultclientid=iot-device-03, thingname=iot-device-03, thingid=877352b9-a35d-45d3-9c98-162d89965a13, thingarn=arn:aws:iot:us-east-1:507441099951:thing/iot-device-03, thingtypename=null, attributes={installed=1592562234, latitude=37.4133144, longitude=-122.1513069}, version=1, billinggroupname=null}","2020-11-26 00:00:00.000"
"iot-device-01","1.5946429521760602E9","77.0","67.28","false","false","0.0062","0.0037","0.0164","2020-11-26T17:23:18.698+0000","{defaultclientid=iot-device-01, thingname=iot-device-01, thingid=983c2b68-f9a3-4e83-b3c6-9f6f8ad5431b, thingarn=arn:aws:iot:us-east-1:507441099951:thing/iot-device-01, thingtypename=null, attributes={installed=1594665292, latitude=37.4133144, longitude=-122.1513069}, version=1, billinggroupname=null}","2020-11-26 00:00:00.000"
"iot-device-03","1.5946429525948474E9","52.9","71.24","false","false","0.0078","0.0051","0.0209","2020-11-26T17:23:18.991+0000","{defaultclientid=iot-device-03, thingname=iot-device-03, thingid=877352b9-a35d-45d3-9c98-162d89965a13, thingarn=arn:aws:iot:us-east-1:507441099951:thing/iot-device-03, thingtypename=null, attributes={installed=1592562234, latitude=37.4133144, longitude=-122.1513069}, version=1, billinggroupname=null}","2020-11-26 00:00:00.000"
"iot-device-03","1.594642956280008E9","52.9","71.42","false","false","0.0078","0.0051","0.0208","2020-11-26T17:23:19.282+0000","{defaultclientid=iot-device-03, thingname=iot-device-03, thingid=877352b9-a35d-45d3-9c98-162d89965a13, thingarn=arn:aws:iot:us-east-1:507441099951:thing/iot-device-03, thingtypename=null, attributes={installed=1592562234, latitude=37.4133144, longitude=-122.1513069}, version=1, billinggroupname=null}","2020-11-26 00:00:00.000"
"iot-device-01","1.5946429570724554E9","76.2","67.28","false","false","0.0062","0.0037","0.0164","2020-11-26T17:23:19.570+0000","{defaultclientid=iot-device-01, thingname=iot-device-01, thingid=983c2b68-f9a3-4e83-b3c6-9f6f8ad5431b, thingarn=arn:aws:iot:us-east-1:507441099951:thing/iot-device-01, thingtypename=null, attributes={installed=1594665292, latitude=37.4133144, longitude=-122.1513069}, version=1, billinggroupname=null}","2020-11-26 00:00:00.000"
"iot-device-02","1.5946429583474278E9","59.9","74.66","true","false","0.007","0.0044","0.0185","2020-11-26T17:23:19.870+0000","{defaultclientid=iot-device-02, thingname=iot-device-02, thingid=4ae4927a-aefb-4584-a45a-fc4839feffd6, thingarn=arn:aws:iot:us-east-1:507441099951:thing/iot-device-02, thingtypename=null, attributes={installed=1593361211, latitude=32.8205865, longitude=-96.871627}, version=1, billinggroupname=null}","2020-11-26 00:00:00.000"
"iot-device-03","1.5946429599654405E9","52.9","71.42","false","false","0.0078","0.0051","0.0208","2020-11-26T17:23:20.170+0000","{defaultclientid=iot-device-03, thingname=iot-device-03, thingid=877352b9-a35d-45d3-9c98-162d89965a13, thingarn=arn:aws:iot:us-east-1:507441099951:thing/iot-device-03, thingtypename=null, attributes={installed=1592562234, latitude=37.4133144, longitude=-122.1513069}, version=1, billinggroupname=null}","2020-11-26 00:00:00.000"
"iot-device-01","1.5946429619609964E9","76.2","67.28","false","false","0.0062","0.0037","0.0163","2020-11-26T17:23:20.460+0000","{defaultclientid=iot-device-01, thingname=iot-device-01, thingid=983c2b68-f9a3-4e83-b3c6-9f6f8ad5431b, thingarn=arn:aws:iot:us-east-1:507441099951:thing/iot-device-01, thingtypename=null, attributes={installed=1594665292, latitude=37.4133144, longitude=-122.1513069}, version=1, billinggroupname=null}","2020-11-26 00:00:00.000"
"iot-device-02","1.5946429621561015E9","59.9","74.48","true","false","0.007","0.0044","0.0186","2020-11-26T17:23:20.753+0000","{defaultclientid=iot-device-02, thingname=iot-device-02, thingid=4ae4927a-aefb-4584-a45a-fc4839feffd6, thingarn=arn:aws:iot:us-east-1:507441099951:thing/iot-device-02, thingtypename=null, attributes={installed=1593361211, latitude=32.8205865, longitude=-96.871627}, version=1, billinggroupname=null}","2020-11-26 00:00:00.000"
"iot-device-03","1.5946429636490474E9","52.9","71.42","false","false","0.0078","0.0051","0.0209","2020-11-26T17:23:21.041+0000","{defaultclientid=iot-device-03, thingname=iot-device-03, thingid=877352b9-a35d-45d3-9c98-162d89965a13, thingarn=arn:aws:iot:us-east-1:507441099951:thing/iot-device-03, thingtypename=null, attributes={installed=1592562234, latitude=37.4133144, longitude=-122.1513069}, version=1, billinggroupname=null}","2020-11-26 00:00:00.000"
"iot-device-03","1.5946429673341794E9","52.9","71.24","false","false","0.0078","0.0051","0.0209","2020-11-26T17:23:21.329+0000","{defaultclientid=iot-device-03, thingname=iot-device-03, thingid=877352b9-a35d-45d3-9c98-162d89965a13, thingarn=arn:aws:iot:us-east-1:507441099951:thing/iot-device-03, thingtypename=null, attributes={installed=1592562234, latitude=37.4133144, longitude=-122.1513069}, version=1, billinggroupname=null}","2020-11-26 00:00:00.000"
"iot-device-02","1.5946429681007788E9","59.8","74.48","true","false","0.007","0.0044","0.0186","2020-11-26T17:23:21.677+0000","{defaultclientid=iot-device-02, thingname=iot-device-02, thingid=4ae4927a-aefb-4584-a45a-fc4839feffd6, thingarn=arn:aws:iot:us-east-1:507441099951:thing/iot-device-02, thingtypename=null, attributes={installed=1593361211, latitude=32.8205865, longitude=-96.871627}, version=1, billinggroupname=null}","2020-11-26 00:00:00.000"
"iot-device-01","1.5946429684611962E9","76.2","67.28","false","false","0.0062","0.0037","0.0164","2020-11-26T17:23:21.971+0000","{defaultclientid=iot-device-01, thingname=iot-device-01, thingid=983c2b68-f9a3-4e83-b3c6-9f6f8ad5431b, thingarn=arn:aws:iot:us-east-1:507441099951:thing/iot-device-01, thingtypename=null, attributes={installed=1594665292, latitude=37.4133144, longitude=-122.1513069}, version=1, billinggroupname=null}","2020-11-26 00:00:00.000"
"iot-device-03","1.5946429710206954E9","52.9","71.24","false","false","0.0078","0.0051","0.0208","2020-11-26T17:23:22.259+0000","{defaultclientid=iot-device-03, thingname=iot-device-03, thingid=877352b9-a35d-45d3-9c98-162d89965a13, thingarn=arn:aws:iot:us-east-1:507441099951:thing/iot-device-03, thingtypename=null, attributes={installed=1592562234, latitude=37.4133144, longitude=-122.1513069}, version=1, billinggroupname=null}","2020-11-26 00:00:00.000"
"iot-device-02","1.5946429719085767E9","59.9","74.48","true","false","0.007","0.0044","0.0186","2020-11-26T17:23:22.569+0000","{defaultclientid=iot-device-02, thingname=iot-device-02, thingid=4ae4927a-aefb-4584-a45a-fc4839feffd6, thingarn=arn:aws:iot:us-east-1:507441099951:thing/iot-device-02, thingtypename=null, attributes={installed=1593361211, latitude=32.8205865, longitude=-96.871627}, version=1, billinggroupname=null}","2020-11-26 00:00:00.000"
"iot-device-01","1.5946429722763994E9","76.5","67.28","false","false","0.0062","0.0037","0.0164","2020-11-26T17:23:22.860+0000","{defaultclientid=iot-device-01, thingname=iot-device-01, thingid=983c2b68-f9a3-4e83-b3c6-9f6f8ad5431b, thingarn=arn:aws:iot:us-east-1:507441099951:thing/iot-device-01, thingtypename=null, attributes={installed=1594665292, latitude=37.4133144, longitude=-122.1513069}, version=1, billinggroupname=null}","2020-11-26 00:00:00.000"
"iot-device-03","1.5946429747068715E9","52.8","71.24","false","false","0.0078","0.0051","0.0209","2020-11-26T17:23:23.158+0000","{defaultclientid=iot-device-03, thingname=iot-device-03, thingid=877352b9-a35d-45d3-9c98-162d89965a13, thingarn=arn:aws:iot:us-east-1:507441099951:thing/iot-device-03, thingtypename=null, attributes={installed=1592562234, latitude=37.4133144, longitude=-122.1513069}, version=1, billinggroupname=null}","2020-11-26 00:00:00.000"
"iot-device-02","1.5946429757155907E9","59.9","74.66","true","false","0.007","0.0044","0.0185","2020-11-26T17:23:23.450+0000","{defaultclientid=iot-device-02, thingname=iot-device-02, thingid=4ae4927a-aefb-4584-a45a-fc4839feffd6, thingarn=arn:aws:iot:us-east-1:507441099951:thing/iot-device-02, thingtypename=null, attributes={installed=1593361211, latitude=32.8205865, longitude=-96.871627}, version=1, billinggroupname=null}","2020-11-26 00:00:00.000"
"iot-device-01","1.5946429771665025E9","76.2","67.28","false","false","0.0062","0.0037","0.0164","2020-11-26T17:23:23.754+0000","{defaultclientid=iot-device-01, thingname=iot-device-01, thingid=983c2b68-f9a3-4e83-b3c6-9f6f8ad5431b, thingarn=arn:aws:iot:us-east-1:507441099951:thing/iot-device-01, thingtypename=null, attributes={installed=1594665292, latitude=37.4133144, longitude=-122.1513069}, version=1, billinggroupname=null}","2020-11-26 00:00:00.000"
"iot-device-02","1.5946430179068274E9","60.0","74.48","true","false","0.007","0.0044","0.0185","2020-11-26T17:23:29.896+0000","{defaultclientid=iot-device-02, thingname=iot-device-02, thingid=4ae4927a-aefb-4584-a45a-fc4839feffd6, thingarn=arn:aws:iot:us-east-1:507441099951:thing/iot-device-02, thingtypename=null, attributes={installed=1593361211, latitude=32.8205865, longitude=-96.871627}, version=1, billinggroupname=null}","2020-11-26 00:00:00.000"
"iot-device-03","1.5946429783930695E9","52.9","71.24","false","false","0.0078","0.0051","0.0208","2020-11-26T17:23:24.040+0000","{defaultclientid=iot-device-03, thingname=iot-device-03, thingid=877352b9-a35d-45d3-9c98-162d89965a13, thingarn=arn:aws:iot:us-east-1:507441099951:thing/iot-device-03, thingtypename=null, attributes={installed=1592562234, latitude=37.4133144, longitude=-122.1513069}, version=1, billinggroupname=null}","2020-11-26 00:00:00.000"
"iot-device-02","1.5946429816595788E9","59.9","74.48","true","false","0.007","0.0044","0.0186","2020-11-26T17:23:24.329+0000","{defaultclientid=iot-device-02, thingname=iot-device-02, thingid=4ae4927a-aefb-4584-a45a-fc4839feffd6, thingarn=arn:aws:iot:us-east-1:507441099951:thing/iot-device-02, thingtypename=null, attributes={installed=1593361211, latitude=32.8205865, longitude=-96.871627}, version=1, billinggroupname=null}","2020-11-26 00:00:00.000"
"iot-device-01","1.594642982055325E9","76.3","67.28","false","false","0.0062","0.0037","0.0163","2020-11-26T17:23:24.619+0000","{defaultclientid=iot-device-01, thingname=iot-device-01, thingid=983c2b68-f9a3-4e83-b3c6-9f6f8ad5431b, thingarn=arn:aws:iot:us-east-1:507441099951:thing/iot-device-01, thingtypename=null, attributes={installed=1594665292, latitude=37.4133144, longitude=-122.1513069}, version=1, billinggroupname=null}","2020-11-26 00:00:00.000"
"iot-device-03","1.5946429860181642E9","52.9","71.24","false","false","0.0078","0.0051","0.0209","2020-11-26T17:23:25.201+0000","{defaultclientid=iot-device-03, thingname=iot-device-03, thingid=877352b9-a35d-45d3-9c98-162d89965a13, thingarn=arn:aws:iot:us-east-1:507441099951:thing/iot-device-03, thingtypename=null, attributes={installed=1592562234, latitude=37.4133144, longitude=-122.1513069}, version=1, billinggroupname=null}","2020-11-26 00:00:00.000"
"iot-device-03","1.5946429820783222E9","52.9","71.24","false","false","0.0078","0.0051","0.0208","2020-11-26T17:23:24.908+0000","{defaultclientid=iot-device-03, thingname=iot-device-03, thingid=877352b9-a35d-45d3-9c98-162d89965a13, thingarn=arn:aws:iot:us-east-1:507441099951:thing/iot-device-03, thingtypename=null, attributes={installed=1592562234, latitude=37.4133144, longitude=-122.1513069}, version=1, billinggroupname=null}","2020-11-26 00:00:00.000"
"iot-device-02","1.5946429870963073E9","59.9","74.48","true","false","0.007","0.0044","0.0186","2020-11-26T17:23:25.491+0000","{defaultclientid=iot-device-02, thingname=iot-device-02, thingid=4ae4927a-aefb-4584-a45a-fc4839feffd6, thingarn=arn:aws:iot:us-east-1:507441099951:thing/iot-device-02, thingtypename=null, attributes={installed=1593361211, latitude=32.8205865, longitude=-96.871627}, version=1, billinggroupname=null}","2020-11-26 00:00:00.000"
"iot-device-03","1.5946429897050087E9","52.9","71.24","false","false","0.0078","0.0051","0.0208","2020-11-26T17:23:25.782+0000","{defaultclientid=iot-device-03, thingname=iot-device-03, thingid=877352b9-a35d-45d3-9c98-162d89965a13, thingarn=arn:aws:iot:us-east-1:507441099951:thing/iot-device-03, thingtypename=null, attributes={installed=1592562234, latitude=37.4133144, longitude=-122.1513069}, version=1, billinggroupname=null}","2020-11-26 00:00:00.000"
"iot-device-02","1.5946429930436854E9","59.9","74.48","true","false","0.007","0.0044","0.0185","2020-11-26T17:23:26.070+0000","{defaultclientid=iot-device-02, thingname=iot-device-02, thingid=4ae4927a-aefb-4584-a45a-fc4839feffd6, thingarn=arn:aws:iot:us-east-1:507441099951:thing/iot-device-02, thingtypename=null, attributes={installed=1593361211, latitude=32.8205865, longitude=-96.871627}, version=1, billinggroupname=null}","2020-11-26 00:00:00.000"
"iot-device-03","1.5946429933683555E9","52.9","71.24","false","false","0.0078","0.0051","0.0209","2020-11-26T17:23:26.362+0000","{defaultclientid=iot-device-03, thingname=iot-device-03, thingid=877352b9-a35d-45d3-9c98-162d89965a13, thingarn=arn:aws:iot:us-east-1:507441099951:thing/iot-device-03, thingtypename=null, attributes={installed=1592562234, latitude=37.4133144, longitude=-122.1513069}, version=1, billinggroupname=null}","2020-11-26 00:00:00.000"
"iot-device-03","1.5946429970680938E9","52.9","71.24","false","false","0.0078","0.0051","0.0208","2020-11-26T17:23:26.669+0000","{defaultclientid=iot-device-03, thingname=iot-device-03, thingid=877352b9-a35d-45d3-9c98-162d89965a13, thingarn=arn:aws:iot:us-east-1:507441099951:thing/iot-device-03, thingtypename=null, attributes={installed=1592562234, latitude=37.4133144, longitude=-122.1513069}, version=1, billinggroupname=null}","2020-11-26 00:00:00.000"
"iot-device-03","1.594642897350423E9","52.8","71.24","false","false","0.0078","0.0051","0.0209","2020-11-26T17:23:09.047+0000","{defaultclientid=iot-device-03, thingname=iot-device-03, thingid=877352b9-a35d-45d3-9c98-162d89965a13, thingarn=arn:aws:iot:us-east-1:507441099951:thing/iot-device-03, thingtypename=null, attributes={installed=1592562234, latitude=37.4133144, longitude=-122.1513069}, version=1, billinggroupname=null}","2020-11-26 00:00:00.000"
"iot-device-02","1.594642898398577E9","59.8","74.48","true","false","0.007","0.0043","0.0185","2020-11-26T17:23:09.350+0000","{defaultclientid=iot-device-02, thingname=iot-device-02, thingid=4ae4927a-aefb-4584-a45a-fc4839feffd6, thingarn=arn:aws:iot:us-east-1:507441099951:thing/iot-device-02, thingtypename=null, attributes={installed=1593361211, latitude=32.8205865, longitude=-96.871627}, version=1, billinggroupname=null}","2020-11-26 00:00:00.000"
"iot-device-01","1.5946429006398644E9","76.1","67.28","false","false","0.0062","0.0037","0.0164","2020-11-26T17:23:09.659+0000","{defaultclientid=iot-device-01, thingname=iot-device-01, thingid=983c2b68-f9a3-4e83-b3c6-9f6f8ad5431b, thingarn=arn:aws:iot:us-east-1:507441099951:thing/iot-device-01, thingtypename=null, attributes={installed=1594665292, latitude=37.4133144, longitude=-122.1513069}, version=1, billinggroupname=null}","2020-11-26 00:00:00.000"
"iot-device-03","1.5946429010380876E9","52.8","71.24","false","false","0.0078","0.0051","0.0209","2020-11-26T17:23:09.957+0000","{defaultclientid=iot-device-03, thingname=iot-device-03, thingid=877352b9-a35d-45d3-9c98-162d89965a13, thingarn=arn:aws:iot:us-east-1:507441099951:thing/iot-device-03, thingtypename=null, attributes={installed=1592562234, latitude=37.4133144, longitude=-122.1513069}, version=1, billinggroupname=null}","2020-11-26 00:00:00.000"
"iot-device-02","1.5946429043500726E9","59.8","74.48","true","false","0.007","0.0044","0.0186","2020-11-26T17:23:10.250+0000","{defaultclientid=iot-device-02, thingname=iot-device-02, thingid=4ae4927a-aefb-4584-a45a-fc4839feffd6, thingarn=arn:aws:iot:us-east-1:507441099951:thing/iot-device-02, thingtypename=null, attributes={installed=1593361211, latitude=32.8205865, longitude=-96.871627}, version=1, billinggroupname=null}","2020-11-26 00:00:00.000"
"iot-device-03","1.5946429047240574E9","52.8","71.24","false","false","0.0078","0.0051","0.0208","2020-11-26T17:23:10.596+0000","{defaultclientid=iot-device-03, thingname=iot-device-03, thingid=877352b9-a35d-45d3-9c98-162d89965a13, thingarn=arn:aws:iot:us-east-1:507441099951:thing/iot-device-03, thingtypename=null, attributes={installed=1592562234, latitude=37.4133144, longitude=-122.1513069}, version=1, billinggroupname=null}","2020-11-26 00:00:00.000"
"iot-device-03","1.5946429084100866E9","52.8","71.24","false","false","0.0078","0.0051","0.0209","2020-11-26T17:23:10.890+0000","{defaultclientid=iot-device-03, thingname=iot-device-03, thingid=877352b9-a35d-45d3-9c98-162d89965a13, thingarn=arn:aws:iot:us-east-1:507441099951:thing/iot-device-03, thingtypename=null, attributes={installed=1592562234, latitude=37.4133144, longitude=-122.1513069}, version=1, billinggroupname=null}","2020-11-26 00:00:00.000"
"iot-device-02","1.5946429092306983E9","59.8","74.48","true","false","0.007","0.0044","0.0186","2020-11-26T17:23:11.185+0000","{defaultclientid=iot-device-02, thingname=iot-device-02, thingid=4ae4927a-aefb-4584-a45a-fc4839feffd6, thingarn=arn:aws:iot:us-east-1:507441099951:thing/iot-device-02, thingtypename=null, attributes={installed=1593361211, latitude=32.8205865, longitude=-96.871627}, version=1, billinggroupname=null}","2020-11-26 00:00:00.000"
"iot-device-01","1.5946429098297012E9","76.1","67.28","false","false","0.0062","0.0037","0.0163","2020-11-26T17:23:11.498+0000","{defaultclientid=iot-device-01, thingname=iot-device-01, thingid=983c2b68-f9a3-4e83-b3c6-9f6f8ad5431b, thingarn=arn:aws:iot:us-east-1:507441099951:thing/iot-device-01, thingtypename=null, attributes={installed=1594665292, latitude=37.4133144, longitude=-122.1513069}, version=1, billinggroupname=null}","2020-11-26 00:00:00.000"
"iot-device-03","1.594642912096268E9","52.8","71.24","false","false","0.0078","0.0051","0.0209","2020-11-26T17:23:11.848+0000","{defaultclientid=iot-device-03, thingname=iot-device-03, thingid=877352b9-a35d-45d3-9c98-162d89965a13, thingarn=arn:aws:iot:us-east-1:507441099951:thing/iot-device-03, thingtypename=null, attributes={installed=1592562234, latitude=37.4133144, longitude=-122.1513069}, version=1, billinggroupname=null}","2020-11-26 00:00:00.000"
"iot-device-03","1.5946428789749956E9","52.8","71.24","false","false","0.0078","0.0051","0.0208","2020-11-26T17:23:06.080+0000","{defaultclientid=iot-device-03, thingname=iot-device-03, thingid=877352b9-a35d-45d3-9c98-162d89965a13, thingarn=arn:aws:iot:us-east-1:507441099951:thing/iot-device-03, thingtypename=null, attributes={installed=1592562234, latitude=37.4133144, longitude=-122.1513069}, version=1, billinggroupname=null}","2020-11-26 00:00:00.000"
"iot-device-01","1.5946428822123654E9","76.1","67.28","false","false","0.0062","0.0037","0.0164","2020-11-26T17:23:06.368+0000","{defaultclientid=iot-device-01, thingname=iot-device-01, thingid=983c2b68-f9a3-4e83-b3c6-9f6f8ad5431b, thingarn=arn:aws:iot:us-east-1:507441099951:thing/iot-device-01, thingtypename=null, attributes={installed=1594665292, latitude=37.4133144, longitude=-122.1513069}, version=1, billinggroupname=null}","2020-11-26 00:00:00.000"
"iot-device-03","1.594642882588989E9","52.8","71.24","false","false","0.0078","0.0051","0.0209","2020-11-26T17:23:06.660+0000","{defaultclientid=iot-device-03, thingname=iot-device-03, thingid=877352b9-a35d-45d3-9c98-162d89965a13, thingarn=arn:aws:iot:us-east-1:507441099951:thing/iot-device-03, thingtypename=null, attributes={installed=1592562234, latitude=37.4133144, longitude=-122.1513069}, version=1, billinggroupname=null}","2020-11-26 00:00:00.000"
"iot-device-02","1.5946428859770772E9","59.8","74.48","true","false","0.007","0.0044","0.0186","2020-11-26T17:23:06.953+0000","{defaultclientid=iot-device-02, thingname=iot-device-02, thingid=4ae4927a-aefb-4584-a45a-fc4839feffd6, thingarn=arn:aws:iot:us-east-1:507441099951:thing/iot-device-02, thingtypename=null, attributes={installed=1593361211, latitude=32.8205865, longitude=-96.871627}, version=1, billinggroupname=null}","2020-11-26 00:00:00.000"
"iot-device-03","1.5946428862883422E9","52.8","71.24","false","false","0.0078","0.0051","0.0209","2020-11-26T17:23:07.245+0000","{defaultclientid=iot-device-03, thingname=iot-device-03, thingid=877352b9-a35d-45d3-9c98-162d89965a13, thingarn=arn:aws:iot:us-east-1:507441099951:thing/iot-device-03, thingtypename=null, attributes={installed=1592562234, latitude=37.4133144, longitude=-122.1513069}, version=1, billinggroupname=null}","2020-11-26 00:00:00.000"
"iot-device-01","1.594642886559825E9","76.1","67.28","false","false","0.0062","0.0037","0.0164","2020-11-26T17:23:07.537+0000","{defaultclientid=iot-device-01, thingname=iot-device-01, thingid=983c2b68-f9a3-4e83-b3c6-9f6f8ad5431b, thingarn=arn:aws:iot:us-east-1:507441099951:thing/iot-device-01, thingtypename=null, attributes={installed=1594665292, latitude=37.4133144, longitude=-122.1513069}, version=1, billinggroupname=null}","2020-11-26 00:00:00.000"
"iot-device-03","1.5946428899758596E9","52.8","71.24","false","false","0.0078","0.0051","0.0208","2020-11-26T17:23:07.831+0000","{defaultclientid=iot-device-03, thingname=iot-device-03, thingid=877352b9-a35d-45d3-9c98-162d89965a13, thingarn=arn:aws:iot:us-east-1:507441099951:thing/iot-device-03, thingtypename=null, attributes={installed=1592562234, latitude=37.4133144, longitude=-122.1513069}, version=1, billinggroupname=null}","2020-11-26 00:00:00.000"
"iot-device-01","1.594642891984541E9","76.2","67.28","false","false","0.0062","0.0037","0.0163","2020-11-26T17:23:08.148+0000","{defaultclientid=iot-device-01, thingname=iot-device-01, thingid=983c2b68-f9a3-4e83-b3c6-9f6f8ad5431b, thingarn=arn:aws:iot:us-east-1:507441099951:thing/iot-device-01, thingtypename=null, attributes={installed=1594665292, latitude=37.4133144, longitude=-122.1513069}, version=1, billinggroupname=null}","2020-11-26 00:00:00.000"
"iot-device-02","1.5946428929873154E9","59.9","74.48","true","false","0.007","0.0044","0.0186","2020-11-26T17:23:08.441+0000","{defaultclientid=iot-device-02, thingname=iot-device-02, thingid=4ae4927a-aefb-4584-a45a-fc4839feffd6, thingarn=arn:aws:iot:us-east-1:507441099951:thing/iot-device-02, thingtypename=null, attributes={installed=1593361211, latitude=32.8205865, longitude=-96.871627}, version=1, billinggroupname=null}","2020-11-26 00:00:00.000"
"iot-device-03","1.5946428936628568E9","52.8","71.24","false","false","0.0078","0.0051","0.0209","2020-11-26T17:23:08.739+0000","{defaultclientid=iot-device-03, thingname=iot-device-03, thingid=877352b9-a35d-45d3-9c98-162d89965a13, thingarn=arn:aws:iot:us-east-1:507441099951:thing/iot-device-03, thingtypename=null, attributes={installed=1592562234, latitude=37.4133144, longitude=-122.1513069}, version=1, billinggroupname=null}","2020-11-26 00:00:00.000"
"iot-device-02","1.594642934028687E9","59.8","74.48","true","false","0.007","0.0044","0.0186","2020-11-26T17:23:15.151+0000","{defaultclientid=iot-device-02, thingname=iot-device-02, thingid=4ae4927a-aefb-4584-a45a-fc4839feffd6, thingarn=arn:aws:iot:us-east-1:507441099951:thing/iot-device-02, thingtypename=null, attributes={installed=1593361211, latitude=32.8205865, longitude=-96.871627}, version=1, billinggroupname=null}","2020-11-26 00:00:00.000"
"iot-device-03","1.594642934160901E9","52.8","71.24","false","false","0.0078","0.0051","0.0208","2020-11-26T17:23:15.452+0000","{defaultclientid=iot-device-03, thingname=iot-device-03, thingid=877352b9-a35d-45d3-9c98-162d89965a13, thingarn=arn:aws:iot:us-east-1:507441099951:thing/iot-device-03, thingtypename=null, attributes={installed=1592562234, latitude=37.4133144, longitude=-122.1513069}, version=1, billinggroupname=null}","2020-11-26 00:00:00.000"
"iot-device-01","1.5946429353425643E9","76.1","67.28","false","false","0.0062","0.0037","0.0164","2020-11-26T17:23:15.769+0000","{defaultclientid=iot-device-01, thingname=iot-device-01, thingid=983c2b68-f9a3-4e83-b3c6-9f6f8ad5431b, thingarn=arn:aws:iot:us-east-1:507441099951:thing/iot-device-01, thingtypename=null, attributes={installed=1594665292, latitude=37.4133144, longitude=-122.1513069}, version=1, billinggroupname=null}","2020-11-26 00:00:00.000"
"iot-device-02","1.594642937836468E9","59.9","74.48","true","false","0.007","0.0044","0.0185","2020-11-26T17:23:16.058+0000","{defaultclientid=iot-device-02, thingname=iot-device-02, thingid=4ae4927a-aefb-4584-a45a-fc4839feffd6, thingarn=arn:aws:iot:us-east-1:507441099951:thing/iot-device-02, thingtypename=null, attributes={installed=1593361211, latitude=32.8205865, longitude=-96.871627}, version=1, billinggroupname=null}","2020-11-26 00:00:00.000"
"iot-device-03","1.5946429378472786E9","52.9","71.24","false","false","0.0078","0.0051","0.0208","2020-11-26T17:23:16.350+0000","{defaultclientid=iot-device-03, thingname=iot-device-03, thingid=877352b9-a35d-45d3-9c98-162d89965a13, thingarn=arn:aws:iot:us-east-1:507441099951:thing/iot-device-03, thingtypename=null, attributes={installed=1592562234, latitude=37.4133144, longitude=-122.1513069}, version=1, billinggroupname=null}","2020-11-26 00:00:00.000"
"iot-device-03","1.59464294153238E9","52.9","71.24","false","false","0.0078","0.0051","0.0209","2020-11-26T17:23:16.656+0000","{defaultclientid=iot-device-03, thingname=iot-device-03, thingid=877352b9-a35d-45d3-9c98-162d89965a13, thingarn=arn:aws:iot:us-east-1:507441099951:thing/iot-device-03, thingtypename=null, attributes={installed=1592562234, latitude=37.4133144, longitude=-122.1513069}, version=1, billinggroupname=null}","2020-11-26 00:00:00.000"
"iot-device-02","1.594642942710508E9","59.9","74.48","true","false","0.007","0.0044","0.0185","2020-11-26T17:23:16.949+0000","{defaultclientid=iot-device-02, thingname=iot-device-02, thingid=4ae4927a-aefb-4584-a45a-fc4839feffd6, thingarn=arn:aws:iot:us-east-1:507441099951:thing/iot-device-02, thingtypename=null, attributes={installed=1593361211, latitude=32.8205865, longitude=-96.871627}, version=1, billinggroupname=null}","2020-11-26 00:00:00.000"
"iot-device-01","1.5946429429296744E9","76.1","67.28","false","false","0.0062","0.0037","0.0164","2020-11-26T17:23:17.239+0000","{defaultclientid=iot-device-01, thingname=iot-device-01, thingid=983c2b68-f9a3-4e83-b3c6-9f6f8ad5431b, thingarn=arn:aws:iot:us-east-1:507441099951:thing/iot-device-01, thingtypename=null, attributes={installed=1594665292, latitude=37.4133144, longitude=-122.1513069}, version=1, billinggroupname=null}","2020-11-26 00:00:00.000"
"iot-device-03","1.5946429452189827E9","52.9","71.24","false","false","0.0078","0.0051","0.0208","2020-11-26T17:23:17.531+0000","{defaultclientid=iot-device-03, thingname=iot-device-03, thingid=877352b9-a35d-45d3-9c98-162d89965a13, thingarn=arn:aws:iot:us-east-1:507441099951:thing/iot-device-03, thingtypename=null, attributes={installed=1592562234, latitude=37.4133144, longitude=-122.1513069}, version=1, billinggroupname=null}","2020-11-26 00:00:00.000"
"iot-device-02","1.5946429475858026E9","59.9","74.66","true","false","0.007","0.0044","0.0185","2020-11-26T17:23:17.821+0000","{defaultclientid=iot-device-02, thingname=iot-device-02, thingid=4ae4927a-aefb-4584-a45a-fc4839feffd6, thingarn=arn:aws:iot:us-east-1:507441099951:thing/iot-device-02, thingtypename=null, attributes={installed=1593361211, latitude=32.8205865, longitude=-96.871627}, version=1, billinggroupname=null}","2020-11-26 00:00:00.000"
"iot-device-03","1.5946244978938446E9","51.1","71.42","false","false","0.0078","0.0051","0.0209","2020-11-26T17:06:35.961+0000","{defaultclientid=iot-device-03, thingname=iot-device-03, thingid=877352b9-a35d-45d3-9c98-162d89965a13, thingarn=arn:aws:iot:us-east-1:507441099951:thing/iot-device-03, thingtypename=null, attributes={installed=1592562234, latitude=37.4133144, longitude=-122.1513069}, version=1, billinggroupname=null}","2020-11-26 00:00:00.000"
"iot-device-01","1.594624499171731E9","75.8","67.1","false","false","0.0067","0.0042","0.0179","2020-11-26T17:06:36.260+0000","{defaultclientid=iot-device-01, thingname=iot-device-01, thingid=983c2b68-f9a3-4e83-b3c6-9f6f8ad5431b, thingarn=arn:aws:iot:us-east-1:507441099951:thing/iot-device-01, thingtypename=null, attributes={installed=1594665292, latitude=37.4133144, longitude=-122.1513069}, version=1, billinggroupname=null}","2020-11-26 00:00:00.000"
"iot-device-03","1.5946245015784466E9","51.1","71.42","false","false","0.0079","0.0052","0.0211","2020-11-26T17:06:36.557+0000","{defaultclientid=iot-device-03, thingname=iot-device-03, thingid=877352b9-a35d-45d3-9c98-162d89965a13, thingarn=arn:aws:iot:us-east-1:507441099951:thing/iot-device-03, thingtypename=null, attributes={installed=1592562234, latitude=37.4133144, longitude=-122.1513069}, version=1, billinggroupname=null}","2020-11-26 00:00:00.000"
"iot-device-01","1.5946245045993981E9","75.8","67.1","false","false","0.0067","0.0041","0.0177","2020-11-26T17:06:36.857+0000","{defaultclientid=iot-device-01, thingname=iot-device-01, thingid=983c2b68-f9a3-4e83-b3c6-9f6f8ad5431b, thingarn=arn:aws:iot:us-east-1:507441099951:thing/iot-device-01, thingtypename=null, attributes={installed=1594665292, latitude=37.4133144, longitude=-122.1513069}, version=1, billinggroupname=null}","2020-11-26 00:00:00.000"
"iot-device-03","1.5946245052638044E9","51.1","71.42","false","false","0.0079","0.0051","0.021","2020-11-26T17:06:37.150+0000","{defaultclientid=iot-device-03, thingname=iot-device-03, thingid=877352b9-a35d-45d3-9c98-162d89965a13, thingarn=arn:aws:iot:us-east-1:507441099951:thing/iot-device-03, thingtypename=null, attributes={installed=1592562234, latitude=37.4133144, longitude=-122.1513069}, version=1, billinggroupname=null}","2020-11-26 00:00:00.000"
"iot-device-02","1.5946245057183206E9","59.8","75.74","true","false","0.0073","0.0047","0.0195","2020-11-26T17:06:37.437+0000","{defaultclientid=iot-device-02, thingname=iot-device-02, thingid=4ae4927a-aefb-4584-a45a-fc4839feffd6, thingarn=arn:aws:iot:us-east-1:507441099951:thing/iot-device-02, thingtypename=null, attributes={installed=1593361211, latitude=32.8205865, longitude=-96.871627}, version=1, billinggroupname=null}","2020-11-26 00:00:00.000"
"iot-device-03","1.5946245089501998E9","51.1","71.42","false","false","0.0079","0.0051","0.021","2020-11-26T17:06:37.729+0000","{defaultclientid=iot-device-03, thingname=iot-device-03, thingid=877352b9-a35d-45d3-9c98-162d89965a13, thingarn=arn:aws:iot:us-east-1:507441099951:thing/iot-device-03, thingtypename=null, attributes={installed=1592562234, latitude=37.4133144, longitude=-122.1513069}, version=1, billinggroupname=null}","2020-11-26 00:00:00.000"
"iot-device-01","1.5946245105668845E9","75.8","67.1","false","false","0.0067","0.0042","0.0179","2020-11-26T17:06:38.030+0000","{defaultclientid=iot-device-01, thingname=iot-device-01, thingid=983c2b68-f9a3-4e83-b3c6-9f6f8ad5431b, thingarn=arn:aws:iot:us-east-1:507441099951:thing/iot-device-01, thingtypename=null, attributes={installed=1594665292, latitude=37.4133144, longitude=-122.1513069}, version=1, billinggroupname=null}","2020-11-26 00:00:00.000"
"iot-device-03","1.5946245126366644E9","51.1","71.42","false","false","0.0078","0.0051","0.021","2020-11-26T17:06:38.321+0000","{defaultclientid=iot-device-03, thingname=iot-device-03, thingid=877352b9-a35d-45d3-9c98-162d89965a13, thingarn=arn:aws:iot:us-east-1:507441099951:thing/iot-device-03, thingtypename=null, attributes={installed=1592562234, latitude=37.4133144, longitude=-122.1513069}, version=1, billinggroupname=null}","2020-11-26 00:00:00.000"
"iot-device-02","1.5946245154189005E9","59.7","75.74","true","false","0.0073","0.0047","0.0195","2020-11-26T17:06:38.612+0000","{defaultclientid=iot-device-02, thingname=iot-device-02, thingid=4ae4927a-aefb-4584-a45a-fc4839feffd6, thingarn=arn:aws:iot:us-east-1:507441099951:thing/iot-device-02, thingtypename=null, attributes={installed=1593361211, latitude=32.8205865, longitude=-96.871627}, version=1, billinggroupname=null}","2020-11-26 00:00:00.000"
"iot-device-03","1.5946246270646133E9","51.1","71.42","false","false","0.0079","0.0051","0.021","2020-11-26T17:06:56.735+0000","{defaultclientid=iot-device-03, thingname=iot-device-03, thingid=877352b9-a35d-45d3-9c98-162d89965a13, thingarn=arn:aws:iot:us-east-1:507441099951:thing/iot-device-03, thingtypename=null, attributes={installed=1592562234, latitude=37.4133144, longitude=-122.1513069}, version=1, billinggroupname=null}","2020-11-26 00:00:00.000"
"iot-device-01","1.5946246285658689E9","75.2","67.1","false","false","0.0067","0.0042","0.0179","2020-11-26T17:06:57.040+0000","{defaultclientid=iot-device-01, thingname=iot-device-01, thingid=983c2b68-f9a3-4e83-b3c6-9f6f8ad5431b, thingarn=arn:aws:iot:us-east-1:507441099951:thing/iot-device-01, thingtypename=null, attributes={installed=1594665292, latitude=37.4133144, longitude=-122.1513069}, version=1, billinggroupname=null}","2020-11-26 00:00:00.000"
"iot-device-02","1.5946246289768353E9","59.7","75.74","true","false","0.0072","0.0046","0.0192","2020-11-26T17:06:57.334+0000","{defaultclientid=iot-device-02, thingname=iot-device-02, thingid=4ae4927a-aefb-4584-a45a-fc4839feffd6, thingarn=arn:aws:iot:us-east-1:507441099951:thing/iot-device-02, thingtypename=null, attributes={installed=1593361211, latitude=32.8205865, longitude=-96.871627}, version=1, billinggroupname=null}","2020-11-26 00:00:00.000"
"iot-device-03","1.5946246307506936E9","51.1","71.42","false","false","0.0078","0.0051","0.021","2020-11-26T17:06:57.633+0000","{defaultclientid=iot-device-03, thingname=iot-device-03, thingid=877352b9-a35d-45d3-9c98-162d89965a13, thingarn=arn:aws:iot:us-east-1:507441099951:thing/iot-device-03, thingtypename=null, attributes={installed=1592562234, latitude=37.4133144, longitude=-122.1513069}, version=1, billinggroupname=null}","2020-11-26 00:00:00.000"
"iot-device-02","1.5946246338567064E9","59.7","75.74","true","false","0.0072","0.0046","0.0192","2020-11-26T17:06:57.918+0000","{defaultclientid=iot-device-02, thingname=iot-device-02, thingid=4ae4927a-aefb-4584-a45a-fc4839feffd6, thingarn=arn:aws:iot:us-east-1:507441099951:thing/iot-device-02, thingtypename=null, attributes={installed=1593361211, latitude=32.8205865, longitude=-96.871627}, version=1, billinggroupname=null}","2020-11-26 00:00:00.000"
"iot-device-03","1.5946246344368722E9","51.1","71.42","false","false","0.0079","0.0051","0.021","2020-11-26T17:06:58.207+0000","{defaultclientid=iot-device-03, thingname=iot-device-03, thingid=877352b9-a35d-45d3-9c98-162d89965a13, thingarn=arn:aws:iot:us-east-1:507441099951:thing/iot-device-03, thingtypename=null, attributes={installed=1592562234, latitude=37.4133144, longitude=-122.1513069}, version=1, billinggroupname=null}","2020-11-26 00:00:00.000"
"iot-device-01","1.5946246377989132E9","75.7","67.1","false","false","0.0067","0.0042","0.0179","2020-11-26T17:06:58.510+0000","{defaultclientid=iot-device-01, thingname=iot-device-01, thingid=983c2b68-f9a3-4e83-b3c6-9f6f8ad5431b, thingarn=arn:aws:iot:us-east-1:507441099951:thing/iot-device-01, thingtypename=null, attributes={installed=1594665292, latitude=37.4133144, longitude=-122.1513069}, version=1, billinggroupname=null}","2020-11-26 00:00:00.000"
"iot-device-03","1.594624638123083E9","51.1","71.42","false","false","0.0079","0.0051","0.021","2020-11-26T17:06:58.793+0000","{defaultclientid=iot-device-03, thingname=iot-device-03, thingid=877352b9-a35d-45d3-9c98-162d89965a13, thingarn=arn:aws:iot:us-east-1:507441099951:thing/iot-device-03, thingtypename=null, attributes={installed=1592562234, latitude=37.4133144, longitude=-122.1513069}, version=1, billinggroupname=null}","2020-11-26 00:00:00.000"
"iot-device-02","1.5946246387339365E9","59.7","75.74","true","false","0.0072","0.0046","0.0192","2020-11-26T17:06:59.088+0000","{defaultclientid=iot-device-02, thingname=iot-device-02, thingid=4ae4927a-aefb-4584-a45a-fc4839feffd6, thingarn=arn:aws:iot:us-east-1:507441099951:thing/iot-device-02, thingtypename=null, attributes={installed=1593361211, latitude=32.8205865, longitude=-96.871627}, version=1, billinggroupname=null}","2020-11-26 00:00:00.000"
"iot-device-03","1.5946246418097365E9","51.1","71.42","false","false","0.0078","0.0051","0.0209","2020-11-26T17:06:59.376+0000","{defaultclientid=iot-device-03, thingname=iot-device-03, thingid=877352b9-a35d-45d3-9c98-162d89965a13, thingarn=arn:aws:iot:us-east-1:507441099951:thing/iot-device-03, thingtypename=null, attributes={installed=1592562234, latitude=37.4133144, longitude=-122.1513069}, version=1, billinggroupname=null}","2020-11-26 00:00:00.000"
"iot-device-03","1.5946246050384364E9","51.1","71.42","false","false","0.0078","0.0051","0.0209","2020-11-26T17:06:53.757+0000","{defaultclientid=iot-device-03, thingname=iot-device-03, thingid=877352b9-a35d-45d3-9c98-162d89965a13, thingarn=arn:aws:iot:us-east-1:507441099951:thing/iot-device-03, thingtypename=null, attributes={installed=1592562234, latitude=37.4133144, longitude=-122.1513069}, version=1, billinggroupname=null}","2020-11-26 00:00:00.000"
"iot-device-02","1.5946246076501641E9","59.7","75.74","true","false","0.0072","0.0046","0.0192","2020-11-26T17:06:54.066+0000","{defaultclientid=iot-device-02, thingname=iot-device-02, thingid=4ae4927a-aefb-4584-a45a-fc4839feffd6, thingarn=arn:aws:iot:us-east-1:507441099951:thing/iot-device-02, thingtypename=null, attributes={installed=1593361211, latitude=32.8205865, longitude=-96.871627}, version=1, billinggroupname=null}","2020-11-26 00:00:00.000"
"iot-device-03","1.5946246086200686E9","51.1","71.42","false","false","0.0079","0.0051","0.021","2020-11-26T17:06:54.349+0000","{defaultclientid=iot-device-03, thingname=iot-device-03, thingid=877352b9-a35d-45d3-9c98-162d89965a13, thingarn=arn:aws:iot:us-east-1:507441099951:thing/iot-device-03, thingtypename=null, attributes={installed=1592562234, latitude=37.4133144, longitude=-122.1513069}, version=1, billinggroupname=null}","2020-11-26 00:00:00.000"
"iot-device-01","1.5946246088295882E9","75.9","67.1","false","false","0.0067","0.0042","0.0179","2020-11-26T17:06:54.648+0000","{defaultclientid=iot-device-01, thingname=iot-device-01, thingid=983c2b68-f9a3-4e83-b3c6-9f6f8ad5431b, thingarn=arn:aws:iot:us-east-1:507441099951:thing/iot-device-01, thingtypename=null, attributes={installed=1594665292, latitude=37.4133144, longitude=-122.1513069}, version=1, billinggroupname=null}","2020-11-26 00:00:00.000"
"iot-device-03","1.5946246123176525E9","51.1","71.42","false","false","0.0078","0.0051","0.0209","2020-11-26T17:06:54.960+0000","{defaultclientid=iot-device-03, thingname=iot-device-03, thingid=877352b9-a35d-45d3-9c98-162d89965a13, thingarn=arn:aws:iot:us-east-1:507441099951:thing/iot-device-03, thingtypename=null, attributes={installed=1592562234, latitude=37.4133144, longitude=-122.1513069}, version=1, billinggroupname=null}","2020-11-26 00:00:00.000"
"iot-device-02","1.594624615735497E9","59.7","75.74","true","false","0.0073","0.0046","0.0194","2020-11-26T17:06:55.260+0000","{defaultclientid=iot-device-02, thingname=iot-device-02, thingid=4ae4927a-aefb-4584-a45a-fc4839feffd6, thingarn=arn:aws:iot:us-east-1:507441099951:thing/iot-device-02, thingtypename=null, attributes={installed=1593361211, latitude=32.8205865, longitude=-96.871627}, version=1, billinggroupname=null}","2020-11-26 00:00:00.000"
"iot-device-03","1.5946246160035546E9","51.1","71.42","false","false","0.0078","0.0051","0.0209","2020-11-26T17:06:55.552+0000","{defaultclientid=iot-device-03, thingname=iot-device-03, thingid=877352b9-a35d-45d3-9c98-162d89965a13, thingarn=arn:aws:iot:us-east-1:507441099951:thing/iot-device-03, thingtypename=null, attributes={installed=1592562234, latitude=37.4133144, longitude=-122.1513069}, version=1, billinggroupname=null}","2020-11-26 00:00:00.000"
"iot-device-01","1.594624616410381E9","75.8","67.1","false","false","0.0067","0.0042","0.0179","2020-11-26T17:06:55.839+0000","{defaultclientid=iot-device-01, thingname=iot-device-01, thingid=983c2b68-f9a3-4e83-b3c6-9f6f8ad5431b, thingarn=arn:aws:iot:us-east-1:507441099951:thing/iot-device-01, thingtypename=null, attributes={installed=1594665292, latitude=37.4133144, longitude=-122.1513069}, version=1, billinggroupname=null}","2020-11-26 00:00:00.000"
"iot-device-03","1.5946246196887069E9","51.1","71.42","false","false","0.0079","0.0051","0.021","2020-11-26T17:06:56.140+0000","{defaultclientid=iot-device-03, thingname=iot-device-03, thingid=877352b9-a35d-45d3-9c98-162d89965a13, thingarn=arn:aws:iot:us-east-1:507441099951:thing/iot-device-03, thingtypename=null, attributes={installed=1592562234, latitude=37.4133144, longitude=-122.1513069}, version=1, billinggroupname=null}","2020-11-26 00:00:00.000"
"iot-device-03","1.5946246233781862E9","51.1","71.42","false","false","0.0078","0.0051","0.0209","2020-11-26T17:06:56.434+0000","{defaultclientid=iot-device-03, thingname=iot-device-03, thingid=877352b9-a35d-45d3-9c98-162d89965a13, thingarn=arn:aws:iot:us-east-1:507441099951:thing/iot-device-03, thingtypename=null, attributes={installed=1592562234, latitude=37.4133144, longitude=-122.1513069}, version=1, billinggroupname=null}","2020-11-26 00:00:00.000"
"iot-device-01","1.5946245333908644E9","75.8","67.1","false","false","0.0067","0.0042","0.0179","2020-11-26T17:06:41.927+0000","{defaultclientid=iot-device-01, thingname=iot-device-01, thingid=983c2b68-f9a3-4e83-b3c6-9f6f8ad5431b, thingarn=arn:aws:iot:us-east-1:507441099951:thing/iot-device-01, thingtypename=null, attributes={installed=1594665292, latitude=37.4133144, longitude=-122.1513069}, version=1, billinggroupname=null}","2020-11-26 00:00:00.000"
"iot-device-02","1.5946245348685315E9","59.7","75.74","true","false","0.0075","0.0048","0.0199","2020-11-26T17:06:42.219+0000","{defaultclientid=iot-device-02, thingname=iot-device-02, thingid=4ae4927a-aefb-4584-a45a-fc4839feffd6, thingarn=arn:aws:iot:us-east-1:507441099951:thing/iot-device-02, thingtypename=null, attributes={installed=1593361211, latitude=32.8205865, longitude=-96.871627}, version=1, billinggroupname=null}","2020-11-26 00:00:00.000"
"iot-device-03","1.5946245349992533E9","51.1","71.42","false","false","0.0078","0.0051","0.0209","2020-11-26T17:06:42.500+0000","{defaultclientid=iot-device-03, thingname=iot-device-03, thingid=877352b9-a35d-45d3-9c98-162d89965a13, thingarn=arn:aws:iot:us-east-1:507441099951:thing/iot-device-03, thingtypename=null, attributes={installed=1592562234, latitude=37.4133144, longitude=-122.1513069}, version=1, billinggroupname=null}","2020-11-26 00:00:00.000"
"iot-device-01","1.5946245377425306E9","75.9","67.1","false","false","0.0067","0.0042","0.0179","2020-11-26T17:06:42.786+0000","{defaultclientid=iot-device-01, thingname=iot-device-01, thingid=983c2b68-f9a3-4e83-b3c6-9f6f8ad5431b, thingarn=arn:aws:iot:us-east-1:507441099951:thing/iot-device-01, thingtypename=null, attributes={installed=1594665292, latitude=37.4133144, longitude=-122.1513069}, version=1, billinggroupname=null}","2020-11-26 00:00:00.000"
"iot-device-03","1.594624538685178E9","51.1","71.42","false","false","0.0078","0.0051","0.021","2020-11-26T17:06:43.080+0000","{defaultclientid=iot-device-03, thingname=iot-device-03, thingid=877352b9-a35d-45d3-9c98-162d89965a13, thingarn=arn:aws:iot:us-east-1:507441099951:thing/iot-device-03, thingtypename=null, attributes={installed=1592562234, latitude=37.4133144, longitude=-122.1513069}, version=1, billinggroupname=null}","2020-11-26 00:00:00.000"
"iot-device-01","1.594624542094894E9","76.1","67.1","false","false","0.0067","0.0041","0.0177","2020-11-26T17:06:43.393+0000","{defaultclientid=iot-device-01, thingname=iot-device-01, thingid=983c2b68-f9a3-4e83-b3c6-9f6f8ad5431b, thingarn=arn:aws:iot:us-east-1:507441099951:thing/iot-device-01, thingtypename=null, attributes={installed=1594665292, latitude=37.4133144, longitude=-122.1513069}, version=1, billinggroupname=null}","2020-11-26 00:00:00.000"
"iot-device-03","1.5946245423710725E9","51.1","71.42","false","false","0.0079","0.0052","0.021","2020-11-26T17:06:43.680+0000","{defaultclientid=iot-device-03, thingname=iot-device-03, thingid=877352b9-a35d-45d3-9c98-162d89965a13, thingarn=arn:aws:iot:us-east-1:507441099951:thing/iot-device-03, thingtypename=null, attributes={installed=1592562234, latitude=37.4133144, longitude=-122.1513069}, version=1, billinggroupname=null}","2020-11-26 00:00:00.000"
"iot-device-02","1.594624542415894E9","59.7","75.74","true","false","0.0074","0.0048","0.0198","2020-11-26T17:06:43.989+0000","{defaultclientid=iot-device-02, thingname=iot-device-02, thingid=4ae4927a-aefb-4584-a45a-fc4839feffd6, thingarn=arn:aws:iot:us-east-1:507441099951:thing/iot-device-02, thingtypename=null, attributes={installed=1593361211, latitude=32.8205865, longitude=-96.871627}, version=1, billinggroupname=null}","2020-11-26 00:00:00.000"
"iot-device-03","1.594624546057179E9","51.1","71.42","false","false","0.0078","0.0051","0.0209","2020-11-26T17:06:44.273+0000","{defaultclientid=iot-device-03, thingname=iot-device-03, thingid=877352b9-a35d-45d3-9c98-162d89965a13, thingarn=arn:aws:iot:us-east-1:507441099951:thing/iot-device-03, thingtypename=null, attributes={installed=1592562234, latitude=37.4133144, longitude=-122.1513069}, version=1, billinggroupname=null}","2020-11-26 00:00:00.000"
"iot-device-02","1.5946245467575026E9","59.7","75.74","true","false","0.0075","0.0048","0.02","2020-11-26T17:06:44.571+0000","{defaultclientid=iot-device-02, thingname=iot-device-02, thingid=4ae4927a-aefb-4584-a45a-fc4839feffd6, thingarn=arn:aws:iot:us-east-1:507441099951:thing/iot-device-02, thingtypename=null, attributes={installed=1593361211, latitude=32.8205865, longitude=-96.871627}, version=1, billinggroupname=null}","2020-11-26 00:00:00.000"
"iot-device-01","1.5946245491303947E9","75.9","67.1","false","false","0.0067","0.0042","0.0179","2020-11-26T17:06:44.873+0000","{defaultclientid=iot-device-01, thingname=iot-device-01, thingid=983c2b68-f9a3-4e83-b3c6-9f6f8ad5431b, thingarn=arn:aws:iot:us-east-1:507441099951:thing/iot-device-01, thingtypename=null, attributes={installed=1594665292, latitude=37.4133144, longitude=-122.1513069}, version=1, billinggroupname=null}","2020-11-26 00:00:00.000"
"iot-device-03","1.5946245497434225E9","51.1","71.42","false","false","0.0079","0.0051","0.021","2020-11-26T17:06:45.173+0000","{defaultclientid=iot-device-03, thingname=iot-device-03, thingid=877352b9-a35d-45d3-9c98-162d89965a13, thingarn=arn:aws:iot:us-east-1:507441099951:thing/iot-device-03, thingtypename=null, attributes={installed=1592562234, latitude=37.4133144, longitude=-122.1513069}, version=1, billinggroupname=null}","2020-11-26 00:00:00.000"
"iot-device-03","1.5946245534326112E9","51.1","71.42","false","false","0.0078","0.0051","0.021","2020-11-26T17:06:45.478+0000","{defaultclientid=iot-device-03, thingname=iot-device-03, thingid=877352b9-a35d-45d3-9c98-162d89965a13, thingarn=arn:aws:iot:us-east-1:507441099951:thing/iot-device-03, thingtypename=null, attributes={installed=1592562234, latitude=37.4133144, longitude=-122.1513069}, version=1, billinggroupname=null}","2020-11-26 00:00:00.000"
"iot-device-03","1.5946245571184685E9","51.1","71.42","false","false","0.0079","0.0051","0.021","2020-11-26T17:06:45.768+0000","{defaultclientid=iot-device-03, thingname=iot-device-03, thingid=877352b9-a35d-45d3-9c98-162d89965a13, thingarn=arn:aws:iot:us-east-1:507441099951:thing/iot-device-03, thingtypename=null, attributes={installed=1592562234, latitude=37.4133144, longitude=-122.1513069}, version=1, billinggroupname=null}","2020-11-26 00:00:00.000"
"iot-device-01","1.5946245599351046E9","75.9","67.1","false","false","0.0068","0.0042","0.0181","2020-11-26T17:06:46.070+0000","{defaultclientid=iot-device-01, thingname=iot-device-01, thingid=983c2b68-f9a3-4e83-b3c6-9f6f8ad5431b, thingarn=arn:aws:iot:us-east-1:507441099951:thing/iot-device-01, thingtypename=null, attributes={installed=1594665292, latitude=37.4133144, longitude=-122.1513069}, version=1, billinggroupname=null}","2020-11-26 00:00:00.000"
"iot-device-03","1.5946245608043444E9","51.1","71.42","false","false","0.0078","0.0051","0.0209","2020-11-26T17:06:46.372+0000","{defaultclientid=iot-device-03, thingname=iot-device-03, thingid=877352b9-a35d-45d3-9c98-162d89965a13, thingarn=arn:aws:iot:us-east-1:507441099951:thing/iot-device-03, thingtypename=null, attributes={installed=1592562234, latitude=37.4133144, longitude=-122.1513069}, version=1, billinggroupname=null}","2020-11-26 00:00:00.000"
"iot-device-03","1.5946245644901135E9","51.1","71.42","false","false","0.0078","0.0051","0.021","2020-11-26T17:06:46.663+0000","{defaultclientid=iot-device-03, thingname=iot-device-03, thingid=877352b9-a35d-45d3-9c98-162d89965a13, thingarn=arn:aws:iot:us-east-1:507441099951:thing/iot-device-03, thingtypename=null, attributes={installed=1592562234, latitude=37.4133144, longitude=-122.1513069}, version=1, billinggroupname=null}","2020-11-26 00:00:00.000"
"iot-device-02","1.594624564743715E9","59.7","75.74","true","false","0.0075","0.0048","0.0201","2020-11-26T17:06:46.954+0000","{defaultclientid=iot-device-02, thingname=iot-device-02, thingid=4ae4927a-aefb-4584-a45a-fc4839feffd6, thingarn=arn:aws:iot:us-east-1:507441099951:thing/iot-device-02, thingtypename=null, attributes={installed=1593361211, latitude=32.8205865, longitude=-96.871627}, version=1, billinggroupname=null}","2020-11-26 00:00:00.000"
"iot-device-03","1.5946245681698418E9","51.1","71.42","false","false","0.0078","0.0051","0.0209","2020-11-26T17:06:47.242+0000","{defaultclientid=iot-device-03, thingname=iot-device-03, thingid=877352b9-a35d-45d3-9c98-162d89965a13, thingarn=arn:aws:iot:us-east-1:507441099951:thing/iot-device-03, thingtypename=null, attributes={installed=1592562234, latitude=37.4133144, longitude=-122.1513069}, version=1, billinggroupname=null}","2020-11-26 00:00:00.000"
"iot-device-02","1.5946245696229296E9","59.8","75.74","true","false","0.0075","0.0048","0.0198","2020-11-26T17:06:47.530+0000","{defaultclientid=iot-device-02, thingname=iot-device-02, thingid=4ae4927a-aefb-4584-a45a-fc4839feffd6, thingarn=arn:aws:iot:us-east-1:507441099951:thing/iot-device-02, thingtypename=null, attributes={installed=1593361211, latitude=32.8205865, longitude=-96.871627}, version=1, billinggroupname=null}","2020-11-26 00:00:00.000"
"iot-device-02","1.5946246430747795E9","59.7","75.74","true","false","0.0072","0.0046","0.0193","2020-11-26T17:06:59.678+0000","{defaultclientid=iot-device-02, thingname=iot-device-02, thingid=4ae4927a-aefb-4584-a45a-fc4839feffd6, thingarn=arn:aws:iot:us-east-1:507441099951:thing/iot-device-02, thingtypename=null, attributes={installed=1593361211, latitude=32.8205865, longitude=-96.871627}, version=1, billinggroupname=null}","2020-11-26 00:00:00.000"
"iot-device-01","1.5946245696677446E9","75.8","67.1","false","false","0.0067","0.0042","0.0179","2020-11-26T17:06:47.824+0000","{defaultclientid=iot-device-01, thingname=iot-device-01, thingid=983c2b68-f9a3-4e83-b3c6-9f6f8ad5431b, thingarn=arn:aws:iot:us-east-1:507441099951:thing/iot-device-01, thingtypename=null, attributes={installed=1594665292, latitude=37.4133144, longitude=-122.1513069}, version=1, billinggroupname=null}","2020-11-26 00:00:00.000"
"iot-device-03","1.5946245718523464E9","51.1","71.42","false","false","0.0078","0.0051","0.021","2020-11-26T17:06:48.120+0000","{defaultclientid=iot-device-03, thingname=iot-device-03, thingid=877352b9-a35d-45d3-9c98-162d89965a13, thingarn=arn:aws:iot:us-east-1:507441099951:thing/iot-device-03, thingtypename=null, attributes={installed=1592562234, latitude=37.4133144, longitude=-122.1513069}, version=1, billinggroupname=null}","2020-11-26 00:00:00.000"
"iot-device-01","1.5946245740435016E9","75.9","67.1","false","false","0.0067","0.0042","0.0179","2020-11-26T17:06:48.400+0000","{defaultclientid=iot-device-01, thingname=iot-device-01, thingid=983c2b68-f9a3-4e83-b3c6-9f6f8ad5431b, thingarn=arn:aws:iot:us-east-1:507441099951:thing/iot-device-01, thingtypename=null, attributes={installed=1594665292, latitude=37.4133144, longitude=-122.1513069}, version=1, billinggroupname=null}","2020-11-26 00:00:00.000"
"iot-device-02","1.5946245745054538E9","59.8","75.74","true","false","0.0073","0.0047","0.0195","2020-11-26T17:06:48.689+0000","{defaultclientid=iot-device-02, thingname=iot-device-02, thingid=4ae4927a-aefb-4584-a45a-fc4839feffd6, thingarn=arn:aws:iot:us-east-1:507441099951:thing/iot-device-02, thingtypename=null, attributes={installed=1593361211, latitude=32.8205865, longitude=-96.871627}, version=1, billinggroupname=null}","2020-11-26 00:00:00.000"
"iot-device-03","1.5946245755362566E9","51.1","71.42","false","false","0.0078","0.0051","0.0209","2020-11-26T17:06:48.989+0000","{defaultclientid=iot-device-03, thingname=iot-device-03, thingid=877352b9-a35d-45d3-9c98-162d89965a13, thingarn=arn:aws:iot:us-east-1:507441099951:thing/iot-device-03, thingtypename=null, attributes={installed=1592562234, latitude=37.4133144, longitude=-122.1513069}, version=1, billinggroupname=null}","2020-11-26 00:00:00.000"
"iot-device-03","1.5946245792221534E9","51.1","71.42","false","false","0.0078","0.0051","0.0209","2020-11-26T17:06:49.281+0000","{defaultclientid=iot-device-03, thingname=iot-device-03, thingid=877352b9-a35d-45d3-9c98-162d89965a13, thingarn=arn:aws:iot:us-east-1:507441099951:thing/iot-device-03, thingtypename=null, attributes={installed=1592562234, latitude=37.4133144, longitude=-122.1513069}, version=1, billinggroupname=null}","2020-11-26 00:00:00.000"
"iot-device-02","1.5946245799140446E9","59.7","75.74","true","false","0.0072","0.0046","0.0192","2020-11-26T17:06:49.610+0000","{defaultclientid=iot-device-02, thingname=iot-device-02, thingid=4ae4927a-aefb-4584-a45a-fc4839feffd6, thingarn=arn:aws:iot:us-east-1:507441099951:thing/iot-device-02, thingtypename=null, attributes={installed=1593361211, latitude=32.8205865, longitude=-96.871627}, version=1, billinggroupname=null}","2020-11-26 00:00:00.000"
"iot-device-01","1.5946245805439832E9","75.8","67.1","false","false","0.0067","0.0042","0.0179","2020-11-26T17:06:49.897+0000","{defaultclientid=iot-device-01, thingname=iot-device-01, thingid=983c2b68-f9a3-4e83-b3c6-9f6f8ad5431b, thingarn=arn:aws:iot:us-east-1:507441099951:thing/iot-device-01, thingtypename=null, attributes={installed=1594665292, latitude=37.4133144, longitude=-122.1513069}, version=1, billinggroupname=null}","2020-11-26 00:00:00.000"
"iot-device-03","1.5946245829073784E9","51.1","71.42","false","false","0.0079","0.0051","0.021","2020-11-26T17:06:50.196+0000","{defaultclientid=iot-device-03, thingname=iot-device-03, thingid=877352b9-a35d-45d3-9c98-162d89965a13, thingarn=arn:aws:iot:us-east-1:507441099951:thing/iot-device-03, thingtypename=null, attributes={installed=1592562234, latitude=37.4133144, longitude=-122.1513069}, version=1, billinggroupname=null}","2020-11-26 00:00:00.000"
"iot-device-01","1.5946245848966274E9","75.8","67.1","false","false","0.0067","0.0041","0.0177","2020-11-26T17:06:50.478+0000","{defaultclientid=iot-device-01, thingname=iot-device-01, thingid=983c2b68-f9a3-4e83-b3c6-9f6f8ad5431b, thingarn=arn:aws:iot:us-east-1:507441099951:thing/iot-device-01, thingtypename=null, attributes={installed=1594665292, latitude=37.4133144, longitude=-122.1513069}, version=1, billinggroupname=null}","2020-11-26 00:00:00.000"
"iot-device-01","1.5946244655377202E9","75.8","67.1","false","false","0.0067","0.0042","0.0179","2020-11-26T17:06:30.019+0000","{defaultclientid=iot-device-01, thingname=iot-device-01, thingid=983c2b68-f9a3-4e83-b3c6-9f6f8ad5431b, thingarn=arn:aws:iot:us-east-1:507441099951:thing/iot-device-01, thingtypename=null, attributes={installed=1594665292, latitude=37.4133144, longitude=-122.1513069}, version=1, billinggroupname=null}","2020-11-26 00:00:00.000"
"iot-device-03","1.5946244684194946E9","51.2","71.42","false","false","0.0079","0.0051","0.021","2020-11-26T17:06:30.332+0000","{defaultclientid=iot-device-03, thingname=iot-device-03, thingid=877352b9-a35d-45d3-9c98-162d89965a13, thingarn=arn:aws:iot:us-east-1:507441099951:thing/iot-device-03, thingtypename=null, attributes={installed=1592562234, latitude=37.4133144, longitude=-122.1513069}, version=1, billinggroupname=null}","2020-11-26 00:00:00.000"
"iot-device-02","1.5946244689172404E9","59.8","75.74","true","false","0.0073","0.0047","0.0195","2020-11-26T17:06:30.639+0000","{defaultclientid=iot-device-02, thingname=iot-device-02, thingid=4ae4927a-aefb-4584-a45a-fc4839feffd6, thingarn=arn:aws:iot:us-east-1:507441099951:thing/iot-device-02, thingtypename=null, attributes={installed=1593361211, latitude=32.8205865, longitude=-96.871627}, version=1, billinggroupname=null}","2020-11-26 00:00:00.000"
"iot-device-01","1.5946244698903234E9","75.9","67.1","false","false","0.0067","0.0042","0.0179","2020-11-26T17:06:30.948+0000","{defaultclientid=iot-device-01, thingname=iot-device-01, thingid=983c2b68-f9a3-4e83-b3c6-9f6f8ad5431b, thingarn=arn:aws:iot:us-east-1:507441099951:thing/iot-device-01, thingtypename=null, attributes={installed=1594665292, latitude=37.4133144, longitude=-122.1513069}, version=1, billinggroupname=null}","2020-11-26 00:00:00.000"
"iot-device-03","1.594624472103339E9","51.2","71.42","false","false","0.0078","0.0051","0.0209","2020-11-26T17:06:31.229+0000","{defaultclientid=iot-device-03, thingname=iot-device-03, thingid=877352b9-a35d-45d3-9c98-162d89965a13, thingarn=arn:aws:iot:us-east-1:507441099951:thing/iot-device-03, thingtypename=null, attributes={installed=1592562234, latitude=37.4133144, longitude=-122.1513069}, version=1, billinggroupname=null}","2020-11-26 00:00:00.000"
"iot-device-03","1.5946244757895935E9","51.2","71.42","false","false","0.0078","0.0051","0.021","2020-11-26T17:06:31.529+0000","{defaultclientid=iot-device-03, thingname=iot-device-03, thingid=877352b9-a35d-45d3-9c98-162d89965a13, thingarn=arn:aws:iot:us-east-1:507441099951:thing/iot-device-03, thingtypename=null, attributes={installed=1592562234, latitude=37.4133144, longitude=-122.1513069}, version=1, billinggroupname=null}","2020-11-26 00:00:00.000"
"iot-device-01","1.594624477457511E9","75.9","67.1","false","false","0.0067","0.0042","0.0179","2020-11-26T17:06:31.830+0000","{defaultclientid=iot-device-01, thingname=iot-device-01, thingid=983c2b68-f9a3-4e83-b3c6-9f6f8ad5431b, thingarn=arn:aws:iot:us-east-1:507441099951:thing/iot-device-01, thingtypename=null, attributes={installed=1594665292, latitude=37.4133144, longitude=-122.1513069}, version=1, billinggroupname=null}","2020-11-26 00:00:00.000"
"iot-device-02","1.5946244775390005E9","59.8","75.38","true","false","0.0073","0.0047","0.0195","2020-11-26T17:06:32.129+0000","{defaultclientid=iot-device-02, thingname=iot-device-02, thingid=4ae4927a-aefb-4584-a45a-fc4839feffd6, thingarn=arn:aws:iot:us-east-1:507441099951:thing/iot-device-02, thingtypename=null, attributes={installed=1593361211, latitude=32.8205865, longitude=-96.871627}, version=1, billinggroupname=null}","2020-11-26 00:00:00.000"
"iot-device-03","1.5946244794759955E9","51.2","71.42","false","false","0.0078","0.0051","0.021","2020-11-26T17:06:32.429+0000","{defaultclientid=iot-device-03, thingname=iot-device-03, thingid=877352b9-a35d-45d3-9c98-162d89965a13, thingarn=arn:aws:iot:us-east-1:507441099951:thing/iot-device-03, thingtypename=null, attributes={installed=1592562234, latitude=37.4133144, longitude=-122.1513069}, version=1, billinggroupname=null}","2020-11-26 00:00:00.000"
"iot-device-02","1.594624481350706E9","59.9","75.92","true","false","0.0073","0.0047","0.0195","2020-11-26T17:06:32.716+0000","{defaultclientid=iot-device-02, thingname=iot-device-02, thingid=4ae4927a-aefb-4584-a45a-fc4839feffd6, thingarn=arn:aws:iot:us-east-1:507441099951:thing/iot-device-02, thingtypename=null, attributes={installed=1593361211, latitude=32.8205865, longitude=-96.871627}, version=1, billinggroupname=null}","2020-11-26 00:00:00.000"
"iot-device-03","1.5946245865932305E9","51.1","71.42","false","false","0.0078","0.0051","0.0209","2020-11-26T17:06:50.782+0000","{defaultclientid=iot-device-03, thingname=iot-device-03, thingid=877352b9-a35d-45d3-9c98-162d89965a13, thingarn=arn:aws:iot:us-east-1:507441099951:thing/iot-device-03, thingtypename=null, attributes={installed=1592562234, latitude=37.4133144, longitude=-122.1513069}, version=1, billinggroupname=null}","2020-11-26 00:00:00.000"
"iot-device-03","1.5946245902791233E9","51.1","71.42","false","false","0.0079","0.0051","0.021","2020-11-26T17:06:51.077+0000","{defaultclientid=iot-device-03, thingname=iot-device-03, thingid=877352b9-a35d-45d3-9c98-162d89965a13, thingarn=arn:aws:iot:us-east-1:507441099951:thing/iot-device-03, thingtypename=null, attributes={installed=1592562234, latitude=37.4133144, longitude=-122.1513069}, version=1, billinggroupname=null}","2020-11-26 00:00:00.000"
"iot-device-01","1.594624590332623E9","75.9","67.1","false","false","0.0067","0.0042","0.0179","2020-11-26T17:06:51.367+0000","{defaultclientid=iot-device-01, thingname=iot-device-01, thingid=983c2b68-f9a3-4e83-b3c6-9f6f8ad5431b, thingarn=arn:aws:iot:us-east-1:507441099951:thing/iot-device-01, thingtypename=null, attributes={installed=1594665292, latitude=37.4133144, longitude=-122.1513069}, version=1, billinggroupname=null}","2020-11-26 00:00:00.000"
"iot-device-02","1.5946245936148055E9","59.7","75.74","true","false","0.0072","0.0046","0.0192","2020-11-26T17:06:51.684+0000","{defaultclientid=iot-device-02, thingname=iot-device-02, thingid=4ae4927a-aefb-4584-a45a-fc4839feffd6, thingarn=arn:aws:iot:us-east-1:507441099951:thing/iot-device-02, thingtypename=null, attributes={installed=1593361211, latitude=32.8205865, longitude=-96.871627}, version=1, billinggroupname=null}","2020-11-26 00:00:00.000"
"iot-device-03","1.594624593965075E9","51.1","71.42","false","false","0.0078","0.0051","0.021","2020-11-26T17:06:51.996+0000","{defaultclientid=iot-device-03, thingname=iot-device-03, thingid=877352b9-a35d-45d3-9c98-162d89965a13, thingarn=arn:aws:iot:us-east-1:507441099951:thing/iot-device-03, thingtypename=null, attributes={installed=1592562234, latitude=37.4133144, longitude=-122.1513069}, version=1, billinggroupname=null}","2020-11-26 00:00:00.000"
"iot-device-01","1.5946245958236628E9","75.8","67.1","false","false","0.0067","0.0042","0.0179","2020-11-26T17:06:52.282+0000","{defaultclientid=iot-device-01, thingname=iot-device-01, thingid=983c2b68-f9a3-4e83-b3c6-9f6f8ad5431b, thingarn=arn:aws:iot:us-east-1:507441099951:thing/iot-device-01, thingtypename=null, attributes={installed=1594665292, latitude=37.4133144, longitude=-122.1513069}, version=1, billinggroupname=null}","2020-11-26 00:00:00.000"
"iot-device-03","1.594624597651108E9","51.1","71.42","false","false","0.0078","0.0051","0.0209","2020-11-26T17:06:52.581+0000","{defaultclientid=iot-device-03, thingname=iot-device-03, thingid=877352b9-a35d-45d3-9c98-162d89965a13, thingarn=arn:aws:iot:us-east-1:507441099951:thing/iot-device-03, thingtypename=null, attributes={installed=1592562234, latitude=37.4133144, longitude=-122.1513069}, version=1, billinggroupname=null}","2020-11-26 00:00:00.000"
"iot-device-02","1.5946245995629985E9","59.7","75.74","true","false","0.0073","0.0046","0.0193","2020-11-26T17:06:52.875+0000","{defaultclientid=iot-device-02, thingname=iot-device-02, thingid=4ae4927a-aefb-4584-a45a-fc4839feffd6, thingarn=arn:aws:iot:us-east-1:507441099951:thing/iot-device-02, thingtypename=null, attributes={installed=1593361211, latitude=32.8205865, longitude=-96.871627}, version=1, billinggroupname=null}","2020-11-26 00:00:00.000"
"iot-device-01","1.594624600724902E9","75.8","67.1","false","false","0.0067","0.0042","0.0179","2020-11-26T17:06:53.166+0000","{defaultclientid=iot-device-01, thingname=iot-device-01, thingid=983c2b68-f9a3-4e83-b3c6-9f6f8ad5431b, thingarn=arn:aws:iot:us-east-1:507441099951:thing/iot-device-01, thingtypename=null, attributes={installed=1594665292, latitude=37.4133144, longitude=-122.1513069}, version=1, billinggroupname=null}","2020-11-26 00:00:00.000"
"iot-device-03","1.5946246013379688E9","51.1","71.42","false","false","0.0079","0.0051","0.021","2020-11-26T17:06:53.454+0000","{defaultclientid=iot-device-03, thingname=iot-device-03, thingid=877352b9-a35d-45d3-9c98-162d89965a13, thingarn=arn:aws:iot:us-east-1:507441099951:thing/iot-device-03, thingtypename=null, attributes={installed=1592562234, latitude=37.4133144, longitude=-122.1513069}, version=1, billinggroupname=null}","2020-11-26 00:00:00.000"
"iot-device-01","1.5946244828822858E9","75.8","67.1","false","false","0.0067","0.0041","0.0177","2020-11-26T17:06:33.008+0000","{defaultclientid=iot-device-01, thingname=iot-device-01, thingid=983c2b68-f9a3-4e83-b3c6-9f6f8ad5431b, thingarn=arn:aws:iot:us-east-1:507441099951:thing/iot-device-01, thingtypename=null, attributes={installed=1594665292, latitude=37.4133144, longitude=-122.1513069}, version=1, billinggroupname=null}","2020-11-26 00:00:00.000"
"iot-device-03","1.5946244831602886E9","51.2","71.42","false","false","0.0079","0.0051","0.021","2020-11-26T17:06:33.287+0000","{defaultclientid=iot-device-03, thingname=iot-device-03, thingid=877352b9-a35d-45d3-9c98-162d89965a13, thingarn=arn:aws:iot:us-east-1:507441099951:thing/iot-device-03, thingtypename=null, attributes={installed=1592562234, latitude=37.4133144, longitude=-122.1513069}, version=1, billinggroupname=null}","2020-11-26 00:00:00.000"
"iot-device-03","1.5946244868448515E9","51.2","71.42","false","false","0.0078","0.0051","0.021","2020-11-26T17:06:33.594+0000","{defaultclientid=iot-device-03, thingname=iot-device-03, thingid=877352b9-a35d-45d3-9c98-162d89965a13, thingarn=arn:aws:iot:us-east-1:507441099951:thing/iot-device-03, thingtypename=null, attributes={installed=1592562234, latitude=37.4133144, longitude=-122.1513069}, version=1, billinggroupname=null}","2020-11-26 00:00:00.000"
"iot-device-02","1.5946244889022071E9","59.8","75.74","true","false","0.0074","0.0047","0.0197","2020-11-26T17:06:33.891+0000","{defaultclientid=iot-device-02, thingname=iot-device-02, thingid=4ae4927a-aefb-4584-a45a-fc4839feffd6, thingarn=arn:aws:iot:us-east-1:507441099951:thing/iot-device-02, thingtypename=null, attributes={installed=1593361211, latitude=32.8205865, longitude=-96.871627}, version=1, billinggroupname=null}","2020-11-26 00:00:00.000"
"iot-device-01","1.59462449046615E9","75.8","67.1","false","false","0.0067","0.0042","0.0179","2020-11-26T17:06:34.175+0000","{defaultclientid=iot-device-01, thingname=iot-device-01, thingid=983c2b68-f9a3-4e83-b3c6-9f6f8ad5431b, thingarn=arn:aws:iot:us-east-1:507441099951:thing/iot-device-01, thingtypename=null, attributes={installed=1594665292, latitude=37.4133144, longitude=-122.1513069}, version=1, billinggroupname=null}","2020-11-26 00:00:00.000"
"iot-device-03","1.5946244905285585E9","51.1","71.42","false","false","0.0079","0.0051","0.021","2020-11-26T17:06:34.460+0000","{defaultclientid=iot-device-03, thingname=iot-device-03, thingid=877352b9-a35d-45d3-9c98-162d89965a13, thingarn=arn:aws:iot:us-east-1:507441099951:thing/iot-device-03, thingtypename=null, attributes={installed=1592562234, latitude=37.4133144, longitude=-122.1513069}, version=1, billinggroupname=null}","2020-11-26 00:00:00.000"
"iot-device-02","1.5946244927074535E9","60.1","75.74","true","false","0.0073","0.0047","0.0195","2020-11-26T17:06:34.756+0000","{defaultclientid=iot-device-02, thingname=iot-device-02, thingid=4ae4927a-aefb-4584-a45a-fc4839feffd6, thingarn=arn:aws:iot:us-east-1:507441099951:thing/iot-device-02, thingtypename=null, attributes={installed=1593361211, latitude=32.8205865, longitude=-96.871627}, version=1, billinggroupname=null}","2020-11-26 00:00:00.000"
"iot-device-03","1.5946244942148714E9","51.1","71.42","false","false","0.0078","0.0051","0.0209","2020-11-26T17:06:35.052+0000","{defaultclientid=iot-device-03, thingname=iot-device-03, thingid=877352b9-a35d-45d3-9c98-162d89965a13, thingarn=arn:aws:iot:us-east-1:507441099951:thing/iot-device-03, thingtypename=null, attributes={installed=1592562234, latitude=37.4133144, longitude=-122.1513069}, version=1, billinggroupname=null}","2020-11-26 00:00:00.000"
"iot-device-01","1.594624494818991E9","75.8","67.1","false","false","0.0067","0.0042","0.0179","2020-11-26T17:06:35.355+0000","{defaultclientid=iot-device-01, thingname=iot-device-01, thingid=983c2b68-f9a3-4e83-b3c6-9f6f8ad5431b, thingarn=arn:aws:iot:us-east-1:507441099951:thing/iot-device-01, thingtypename=null, attributes={installed=1594665292, latitude=37.4133144, longitude=-122.1513069}, version=1, billinggroupname=null}","2020-11-26 00:00:00.000"
"iot-device-02","1.5946244970516725E9","59.8","75.74","true","false","0.0073","0.0046","0.0194","2020-11-26T17:06:35.653+0000","{defaultclientid=iot-device-02, thingname=iot-device-02, thingid=4ae4927a-aefb-4584-a45a-fc4839feffd6, thingarn=arn:aws:iot:us-east-1:507441099951:thing/iot-device-02, thingtypename=null, attributes={installed=1593361211, latitude=32.8205865, longitude=-96.871627}, version=1, billinggroupname=null}","2020-11-26 00:00:00.000"
"iot-device-01","1.5946245160183058E9","75.8","67.1","false","false","0.0067","0.0042","0.0179","2020-11-26T17:06:38.903+0000","{defaultclientid=iot-device-01, thingname=iot-device-01, thingid=983c2b68-f9a3-4e83-b3c6-9f6f8ad5431b, thingarn=arn:aws:iot:us-east-1:507441099951:thing/iot-device-01, thingtypename=null, attributes={installed=1594665292, latitude=37.4133144, longitude=-122.1513069}, version=1, billinggroupname=null}","2020-11-26 00:00:00.000"
"iot-device-03","1.5946245163230786E9","51.1","71.42","false","false","0.0078","0.0051","0.021","2020-11-26T17:06:39.200+0000","{defaultclientid=iot-device-03, thingname=iot-device-03, thingid=877352b9-a35d-45d3-9c98-162d89965a13, thingarn=arn:aws:iot:us-east-1:507441099951:thing/iot-device-03, thingtypename=null, attributes={installed=1592562234, latitude=37.4133144, longitude=-122.1513069}, version=1, billinggroupname=null}","2020-11-26 00:00:00.000"
"iot-device-03","1.594624519994774E9","51.1","71.42","false","false","0.0078","0.0051","0.0209","2020-11-26T17:06:39.499+0000","{defaultclientid=iot-device-03, thingname=iot-device-03, thingid=877352b9-a35d-45d3-9c98-162d89965a13, thingarn=arn:aws:iot:us-east-1:507441099951:thing/iot-device-03, thingtypename=null, attributes={installed=1592562234, latitude=37.4133144, longitude=-122.1513069}, version=1, billinggroupname=null}","2020-11-26 00:00:00.000"
"iot-device-03","1.5946245239361567E9","51.1","71.42","false","false","0.0079","0.0052","0.021","2020-11-26T17:06:39.811+0000","{defaultclientid=iot-device-03, thingname=iot-device-03, thingid=877352b9-a35d-45d3-9c98-162d89965a13, thingarn=arn:aws:iot:us-east-1:507441099951:thing/iot-device-03, thingtypename=null, attributes={installed=1592562234, latitude=37.4133144, longitude=-122.1513069}, version=1, billinggroupname=null}","2020-11-26 00:00:00.000"
"iot-device-02","1.5946245240419347E9","59.7","75.74","true","false","0.0074","0.0047","0.0196","2020-11-26T17:06:40.112+0000","{defaultclientid=iot-device-02, thingname=iot-device-02, thingid=4ae4927a-aefb-4584-a45a-fc4839feffd6, thingarn=arn:aws:iot:us-east-1:507441099951:thing/iot-device-02, thingtypename=null, attributes={installed=1593361211, latitude=32.8205865, longitude=-96.871627}, version=1, billinggroupname=null}","2020-11-26 00:00:00.000"
"iot-device-01","1.594624524142804E9","75.8","67.1","false","false","0.0068","0.0042","0.0181","2020-11-26T17:06:40.409+0000","{defaultclientid=iot-device-01, thingname=iot-device-01, thingid=983c2b68-f9a3-4e83-b3c6-9f6f8ad5431b, thingarn=arn:aws:iot:us-east-1:507441099951:thing/iot-device-01, thingtypename=null, attributes={installed=1594665292, latitude=37.4133144, longitude=-122.1513069}, version=1, billinggroupname=null}","2020-11-26 00:00:00.000"
"iot-device-03","1.5946245276255176E9","51.1","71.42","false","false","0.0078","0.0051","0.0209","2020-11-26T17:06:40.714+0000","{defaultclientid=iot-device-03, thingname=iot-device-03, thingid=877352b9-a35d-45d3-9c98-162d89965a13, thingarn=arn:aws:iot:us-east-1:507441099951:thing/iot-device-03, thingtypename=null, attributes={installed=1592562234, latitude=37.4133144, longitude=-122.1513069}, version=1, billinggroupname=null}","2020-11-26 00:00:00.000"
"iot-device-02","1.5946245278499992E9","59.8","75.74","true","false","0.0074","0.0048","0.0198","2020-11-26T17:06:41.010+0000","{defaultclientid=iot-device-02, thingname=iot-device-02, thingid=4ae4927a-aefb-4584-a45a-fc4839feffd6, thingarn=arn:aws:iot:us-east-1:507441099951:thing/iot-device-02, thingtypename=null, attributes={installed=1593361211, latitude=32.8205865, longitude=-96.871627}, version=1, billinggroupname=null}","2020-11-26 00:00:00.000"
"iot-device-01","1.5946245295717044E9","75.5","67.1","false","false","0.0067","0.0042","0.0179","2020-11-26T17:06:41.291+0000","{defaultclientid=iot-device-01, thingname=iot-device-01, thingid=983c2b68-f9a3-4e83-b3c6-9f6f8ad5431b, thingarn=arn:aws:iot:us-east-1:507441099951:thing/iot-device-01, thingtypename=null, attributes={installed=1594665292, latitude=37.4133144, longitude=-122.1513069}, version=1, billinggroupname=null}","2020-11-26 00:00:00.000"
"iot-device-03","1.5946245313116186E9","51.1","71.42","false","false","0.0079","0.0052","0.0211","2020-11-26T17:06:41.585+0000","{defaultclientid=iot-device-03, thingname=iot-device-03, thingid=877352b9-a35d-45d3-9c98-162d89965a13, thingarn=arn:aws:iot:us-east-1:507441099951:thing/iot-device-03, thingtypename=null, attributes={installed=1592562234, latitude=37.4133144, longitude=-122.1513069}, version=1, billinggroupname=null}","2020-11-26 00:00:00.000"
"iot-device-01","1.5946575101339948E9","75.9","66.56","false","false","0.0075","0.0048","0.02","2020-11-26T17:29:36.088+0000","{defaultclientid=iot-device-01, thingname=iot-device-01, thingid=983c2b68-f9a3-4e83-b3c6-9f6f8ad5431b, thingarn=arn:aws:iot:us-east-1:507441099951:thing/iot-device-01, thingtypename=null, attributes={installed=1594665292, latitude=37.4133144, longitude=-122.1513069}, version=1, billinggroupname=null}","2020-11-26 00:00:00.000"
"iot-device-02","1.5946575109606948E9","62.6","75.92","true","false","0.0068","0.0042","0.0179","2020-11-26T17:29:36.380+0000","{defaultclientid=iot-device-02, thingname=iot-device-02, thingid=4ae4927a-aefb-4584-a45a-fc4839feffd6, thingarn=arn:aws:iot:us-east-1:507441099951:thing/iot-device-02, thingtypename=null, attributes={installed=1593361211, latitude=32.8205865, longitude=-96.871627}, version=1, billinggroupname=null}","2020-11-26 00:00:00.000"
"iot-device-03","1.5946575121486294E9","52.6","71.6","false","false","0.008","0.0053","0.0213","2020-11-26T17:29:36.669+0000","{defaultclientid=iot-device-03, thingname=iot-device-03, thingid=877352b9-a35d-45d3-9c98-162d89965a13, thingarn=arn:aws:iot:us-east-1:507441099951:thing/iot-device-03, thingtypename=null, attributes={installed=1592562234, latitude=37.4133144, longitude=-122.1513069}, version=1, billinggroupname=null}","2020-11-26 00:00:00.000"
"iot-device-01","1.594657513948152E9","75.7","66.56","false","false","0.0072","0.0046","0.0192","2020-11-26T17:29:36.961+0000","{defaultclientid=iot-device-01, thingname=iot-device-01, thingid=983c2b68-f9a3-4e83-b3c6-9f6f8ad5431b, thingarn=arn:aws:iot:us-east-1:507441099951:thing/iot-device-01, thingtypename=null, attributes={installed=1594665292, latitude=37.4133144, longitude=-122.1513069}, version=1, billinggroupname=null}","2020-11-26 00:00:00.000"
"iot-device-03","1.5946575158321614E9","52.6","71.6","false","false","0.008","0.0052","0.0213","2020-11-26T17:29:37.260+0000","{defaultclientid=iot-device-03, thingname=iot-device-03, thingid=877352b9-a35d-45d3-9c98-162d89965a13, thingarn=arn:aws:iot:us-east-1:507441099951:thing/iot-device-03, thingtypename=null, attributes={installed=1592562234, latitude=37.4133144, longitude=-122.1513069}, version=1, billinggroupname=null}","2020-11-26 00:00:00.000"
"iot-device-02","1.5946575174177241E9","62.6","75.92","true","false","0.0068","0.0042","0.018","2020-11-26T17:29:37.549+0000","{defaultclientid=iot-device-02, thingname=iot-device-02, thingid=4ae4927a-aefb-4584-a45a-fc4839feffd6, thingarn=arn:aws:iot:us-east-1:507441099951:thing/iot-device-02, thingtypename=null, attributes={installed=1593361211, latitude=32.8205865, longitude=-96.871627}, version=1, billinggroupname=null}","2020-11-26 00:00:00.000"
"iot-device-01","1.594657518305665E9","75.7","66.56","false","false","0.0073","0.0046","0.0194","2020-11-26T17:29:37.841+0000","{defaultclientid=iot-device-01, thingname=iot-device-01, thingid=983c2b68-f9a3-4e83-b3c6-9f6f8ad5431b, thingarn=arn:aws:iot:us-east-1:507441099951:thing/iot-device-01, thingtypename=null, attributes={installed=1594665292, latitude=37.4133144, longitude=-122.1513069}, version=1, billinggroupname=null}","2020-11-26 00:00:00.000"
"iot-device-03","1.594657519517621E9","52.6","71.6","false","false","0.008","0.0052","0.0213","2020-11-26T17:29:38.138+0000","{defaultclientid=iot-device-03, thingname=iot-device-03, thingid=877352b9-a35d-45d3-9c98-162d89965a13, thingarn=arn:aws:iot:us-east-1:507441099951:thing/iot-device-03, thingtypename=null, attributes={installed=1592562234, latitude=37.4133144, longitude=-122.1513069}, version=1, billinggroupname=null}","2020-11-26 00:00:00.000"
"iot-device-02","1.594657521225549E9","62.6","75.92","true","false","0.0068","0.0042","0.018","2020-11-26T17:29:38.433+0000","{defaultclientid=iot-device-02, thingname=iot-device-02, thingid=4ae4927a-aefb-4584-a45a-fc4839feffd6, thingarn=arn:aws:iot:us-east-1:507441099951:thing/iot-device-02, thingtypename=null, attributes={installed=1593361211, latitude=32.8205865, longitude=-96.871627}, version=1, billinggroupname=null}","2020-11-26 00:00:00.000"
"iot-device-01","1.5946575226573822E9","75.7","66.56","false","false","0.0073","0.0046","0.0194","2020-11-26T17:29:38.720+0000","{defaultclientid=iot-device-01, thingname=iot-device-01, thingid=983c2b68-f9a3-4e83-b3c6-9f6f8ad5431b, thingarn=arn:aws:iot:us-east-1:507441099951:thing/iot-device-01, thingtypename=null, attributes={installed=1594665292, latitude=37.4133144, longitude=-122.1513069}, version=1, billinggroupname=null}","2020-11-26 00:00:00.000"
"iot-device-03","1.5946574752830966E9","52.2","71.42","false","false","0.0079","0.0052","0.0213","2020-11-26T17:29:30.203+0000","{defaultclientid=iot-device-03, thingname=iot-device-03, thingid=877352b9-a35d-45d3-9c98-162d89965a13, thingarn=arn:aws:iot:us-east-1:507441099951:thing/iot-device-03, thingtypename=null, attributes={installed=1592562234, latitude=37.4133144, longitude=-122.1513069}, version=1, billinggroupname=null}","2020-11-26 00:00:00.000"
"iot-device-03","1.5946574789709988E9","52.2","71.42","false","false","0.0079","0.0052","0.0212","2020-11-26T17:29:30.497+0000","{defaultclientid=iot-device-03, thingname=iot-device-03, thingid=877352b9-a35d-45d3-9c98-162d89965a13, thingarn=arn:aws:iot:us-east-1:507441099951:thing/iot-device-03, thingtypename=null, attributes={installed=1592562234, latitude=37.4133144, longitude=-122.1513069}, version=1, billinggroupname=null}","2020-11-26 00:00:00.000"
"iot-device-01","1.5946574813302994E9","75.5","66.56","false","false","0.0074","0.0048","0.0198","2020-11-26T17:29:30.792+0000","{defaultclientid=iot-device-01, thingname=iot-device-01, thingid=983c2b68-f9a3-4e83-b3c6-9f6f8ad5431b, thingarn=arn:aws:iot:us-east-1:507441099951:thing/iot-device-01, thingtypename=null, attributes={installed=1594665292, latitude=37.4133144, longitude=-122.1513069}, version=1, billinggroupname=null}","2020-11-26 00:00:00.000"
"iot-device-03","1.59465748265887E9","52.3","71.42","false","false","0.0079","0.0052","0.0212","2020-11-26T17:29:31.078+0000","{defaultclientid=iot-device-03, thingname=iot-device-03, thingid=877352b9-a35d-45d3-9c98-162d89965a13, thingarn=arn:aws:iot:us-east-1:507441099951:thing/iot-device-03, thingtypename=null, attributes={installed=1592562234, latitude=37.4133144, longitude=-122.1513069}, version=1, billinggroupname=null}","2020-11-26 00:00:00.000"
"iot-device-02","1.5946574854962564E9","62.5","75.92","true","false","0.0068","0.0042","0.018","2020-11-26T17:29:31.390+0000","{defaultclientid=iot-device-02, thingname=iot-device-02, thingid=4ae4927a-aefb-4584-a45a-fc4839feffd6, thingarn=arn:aws:iot:us-east-1:507441099951:thing/iot-device-02, thingtypename=null, attributes={installed=1593361211, latitude=32.8205865, longitude=-96.871627}, version=1, billinggroupname=null}","2020-11-26 00:00:00.000"
"iot-device-01","1.5946574856808667E9","75.5","66.56","false","false","0.0074","0.0048","0.0198","2020-11-26T17:29:31.679+0000","{defaultclientid=iot-device-01, thingname=iot-device-01, thingid=983c2b68-f9a3-4e83-b3c6-9f6f8ad5431b, thingarn=arn:aws:iot:us-east-1:507441099951:thing/iot-device-01, thingtypename=null, attributes={installed=1594665292, latitude=37.4133144, longitude=-122.1513069}, version=1, billinggroupname=null}","2020-11-26 00:00:00.000"
"iot-device-03","1.594657486344275E9","52.4","71.6","false","false","0.008","0.0052","0.0213","2020-11-26T17:29:31.969+0000","{defaultclientid=iot-device-03, thingname=iot-device-03, thingid=877352b9-a35d-45d3-9c98-162d89965a13, thingarn=arn:aws:iot:us-east-1:507441099951:thing/iot-device-03, thingtypename=null, attributes={installed=1592562234, latitude=37.4133144, longitude=-122.1513069}, version=1, billinggroupname=null}","2020-11-26 00:00:00.000"
"iot-device-02","1.5946574898502085E9","62.5","75.92","true","false","0.0068","0.0042","0.018","2020-11-26T17:29:32.260+0000","{defaultclientid=iot-device-02, thingname=iot-device-02, thingid=4ae4927a-aefb-4584-a45a-fc4839feffd6, thingarn=arn:aws:iot:us-east-1:507441099951:thing/iot-device-02, thingtypename=null, attributes={installed=1593361211, latitude=32.8205865, longitude=-96.871627}, version=1, billinggroupname=null}","2020-11-26 00:00:00.000"
"iot-device-03","1.5946574900323176E9","52.3","71.42","false","false","0.0079","0.0052","0.0212","2020-11-26T17:29:32.559+0000","{defaultclientid=iot-device-03, thingname=iot-device-03, thingid=877352b9-a35d-45d3-9c98-162d89965a13, thingarn=arn:aws:iot:us-east-1:507441099951:thing/iot-device-03, thingtypename=null, attributes={installed=1592562234, latitude=37.4133144, longitude=-122.1513069}, version=1, billinggroupname=null}","2020-11-26 00:00:00.000"
"iot-device-01","1.594657490570998E9","75.5","66.38","false","false","0.0073","0.0046","0.0194","2020-11-26T17:29:32.852+0000","{defaultclientid=iot-device-01, thingname=iot-device-01, thingid=983c2b68-f9a3-4e83-b3c6-9f6f8ad5431b, thingarn=arn:aws:iot:us-east-1:507441099951:thing/iot-device-01, thingtypename=null, attributes={installed=1594665292, latitude=37.4133144, longitude=-122.1513069}, version=1, billinggroupname=null}","2020-11-26 00:00:00.000"
"iot-device-01","1.5946575955089061E9","75.7","66.56","false","false","0.0076","0.0049","0.0202","2020-11-26T17:29:50.779+0000","{defaultclientid=iot-device-01, thingname=iot-device-01, thingid=983c2b68-f9a3-4e83-b3c6-9f6f8ad5431b, thingarn=arn:aws:iot:us-east-1:507441099951:thing/iot-device-01, thingtypename=null, attributes={installed=1594665292, latitude=37.4133144, longitude=-122.1513069}, version=1, billinggroupname=null}","2020-11-26 00:00:00.000"
"iot-device-03","1.5946575971290662E9","52.4","71.78","false","false","0.0079","0.0052","0.0212","2020-11-26T17:29:51.128+0000","{defaultclientid=iot-device-03, thingname=iot-device-03, thingid=877352b9-a35d-45d3-9c98-162d89965a13, thingarn=arn:aws:iot:us-east-1:507441099951:thing/iot-device-03, thingtypename=null, attributes={installed=1592562234, latitude=37.4133144, longitude=-122.1513069}, version=1, billinggroupname=null}","2020-11-26 00:00:00.000"
"iot-device-03","1.5946576008152275E9","52.4","71.78","false","false","0.0079","0.0052","0.0211","2020-11-26T17:29:51.432+0000","{defaultclientid=iot-device-03, thingname=iot-device-03, thingid=877352b9-a35d-45d3-9c98-162d89965a13, thingarn=arn:aws:iot:us-east-1:507441099951:thing/iot-device-03, thingtypename=null, attributes={installed=1592562234, latitude=37.4133144, longitude=-122.1513069}, version=1, billinggroupname=null}","2020-11-26 00:00:00.000"
"iot-device-02","1.5946576008954241E9","62.6","75.92","true","false","0.0068","0.0042","0.018","2020-11-26T17:29:51.728+0000","{defaultclientid=iot-device-02, thingname=iot-device-02, thingid=4ae4927a-aefb-4584-a45a-fc4839feffd6, thingarn=arn:aws:iot:us-east-1:507441099951:thing/iot-device-02, thingtypename=null, attributes={installed=1593361211, latitude=32.8205865, longitude=-96.871627}, version=1, billinggroupname=null}","2020-11-26 00:00:00.000"
"iot-device-01","1.5946576025466228E9","75.7","66.56","false","false","0.0075","0.0048","0.02","2020-11-26T17:29:52.020+0000","{defaultclientid=iot-device-01, thingname=iot-device-01, thingid=983c2b68-f9a3-4e83-b3c6-9f6f8ad5431b, thingarn=arn:aws:iot:us-east-1:507441099951:thing/iot-device-01, thingtypename=null, attributes={installed=1594665292, latitude=37.4133144, longitude=-122.1513069}, version=1, billinggroupname=null}","2020-11-26 00:00:00.000"
"iot-device-03","1.594657604501149E9","52.4","71.78","false","false","0.0079","0.0052","0.0212","2020-11-26T17:29:52.310+0000","{defaultclientid=iot-device-03, thingname=iot-device-03, thingid=877352b9-a35d-45d3-9c98-162d89965a13, thingarn=arn:aws:iot:us-east-1:507441099951:thing/iot-device-03, thingtypename=null, attributes={installed=1592562234, latitude=37.4133144, longitude=-122.1513069}, version=1, billinggroupname=null}","2020-11-26 00:00:00.000"
"iot-device-01","1.5946576069045708E9","75.7","66.56","false","false","0.0074","0.0048","0.0198","2020-11-26T17:29:52.600+0000","{defaultclientid=iot-device-01, thingname=iot-device-01, thingid=983c2b68-f9a3-4e83-b3c6-9f6f8ad5431b, thingarn=arn:aws:iot:us-east-1:507441099951:thing/iot-device-01, thingtypename=null, attributes={installed=1594665292, latitude=37.4133144, longitude=-122.1513069}, version=1, billinggroupname=null}","2020-11-26 00:00:00.000"
"iot-device-03","1.5946576081869426E9","52.3","71.6","false","false","0.0079","0.0052","0.0211","2020-11-26T17:29:52.913+0000","{defaultclientid=iot-device-03, thingname=iot-device-03, thingid=877352b9-a35d-45d3-9c98-162d89965a13, thingarn=arn:aws:iot:us-east-1:507441099951:thing/iot-device-03, thingtypename=null, attributes={installed=1592562234, latitude=37.4133144, longitude=-122.1513069}, version=1, billinggroupname=null}","2020-11-26 00:00:00.000"
"iot-device-02","1.5946588186040266E9","62.5","76.28","true","false","0.0068","0.0042","0.018","2020-11-26T17:29:53.215+0000","{defaultclientid=iot-device-02, thingname=iot-device-02, thingid=4ae4927a-aefb-4584-a45a-fc4839feffd6, thingarn=arn:aws:iot:us-east-1:507441099951:thing/iot-device-02, thingtypename=null, attributes={installed=1593361211, latitude=32.8205865, longitude=-96.871627}, version=1, billinggroupname=null}","2020-11-26 00:00:00.000"
"iot-device-03","1.594658818654394E9","52.4","71.6","false","false","0.0079","0.0052","0.0212","2020-11-26T17:29:53.501+0000","{defaultclientid=iot-device-03, thingname=iot-device-03, thingid=877352b9-a35d-45d3-9c98-162d89965a13, thingarn=arn:aws:iot:us-east-1:507441099951:thing/iot-device-03, thingtypename=null, attributes={installed=1592562234, latitude=37.4133144, longitude=-122.1513069}, version=1, billinggroupname=null}","2020-11-26 00:00:00.000"
"iot-device-03","1.5946575415771902E9","52.5","71.6","false","false","0.008","0.0052","0.0213","2020-11-26T17:29:41.971+0000","{defaultclientid=iot-device-03, thingname=iot-device-03, thingid=877352b9-a35d-45d3-9c98-162d89965a13, thingarn=arn:aws:iot:us-east-1:507441099951:thing/iot-device-03, thingtypename=null, attributes={installed=1592562234, latitude=37.4133144, longitude=-122.1513069}, version=1, billinggroupname=null}","2020-11-26 00:00:00.000"
"iot-device-03","1.5946575452628849E9","52.4","71.6","false","false","0.0079","0.0052","0.0212","2020-11-26T17:29:42.263+0000","{defaultclientid=iot-device-03, thingname=iot-device-03, thingid=877352b9-a35d-45d3-9c98-162d89965a13, thingarn=arn:aws:iot:us-east-1:507441099951:thing/iot-device-03, thingtypename=null, attributes={installed=1592562234, latitude=37.4133144, longitude=-122.1513069}, version=1, billinggroupname=null}","2020-11-26 00:00:00.000"
"iot-device-01","1.5946575461952028E9","75.8","66.56","false","false","0.0076","0.0049","0.0202","2020-11-26T17:29:42.552+0000","{defaultclientid=iot-device-01, thingname=iot-device-01, thingid=983c2b68-f9a3-4e83-b3c6-9f6f8ad5431b, thingarn=arn:aws:iot:us-east-1:507441099951:thing/iot-device-01, thingtypename=null, attributes={installed=1594665292, latitude=37.4133144, longitude=-122.1513069}, version=1, billinggroupname=null}","2020-11-26 00:00:00.000"
"iot-device-02","1.594657548211402E9","62.6","75.92","true","false","0.0068","0.0042","0.018","2020-11-26T17:29:42.845+0000","{defaultclientid=iot-device-02, thingname=iot-device-02, thingid=4ae4927a-aefb-4584-a45a-fc4839feffd6, thingarn=arn:aws:iot:us-east-1:507441099951:thing/iot-device-02, thingtypename=null, attributes={installed=1593361211, latitude=32.8205865, longitude=-96.871627}, version=1, billinggroupname=null}","2020-11-26 00:00:00.000"
"iot-device-03","1.594657548948666E9","52.3","71.6","false","false","0.0079","0.0052","0.0212","2020-11-26T17:29:43.135+0000","{defaultclientid=iot-device-03, thingname=iot-device-03, thingid=877352b9-a35d-45d3-9c98-162d89965a13, thingarn=arn:aws:iot:us-east-1:507441099951:thing/iot-device-03, thingtypename=null, attributes={installed=1592562234, latitude=37.4133144, longitude=-122.1513069}, version=1, billinggroupname=null}","2020-11-26 00:00:00.000"
"iot-device-01","1.5946575516228564E9","75.8","66.56","false","false","0.0075","0.0048","0.02","2020-11-26T17:29:43.422+0000","{defaultclientid=iot-device-01, thingname=iot-device-01, thingid=983c2b68-f9a3-4e83-b3c6-9f6f8ad5431b, thingarn=arn:aws:iot:us-east-1:507441099951:thing/iot-device-01, thingtypename=null, attributes={installed=1594665292, latitude=37.4133144, longitude=-122.1513069}, version=1, billinggroupname=null}","2020-11-26 00:00:00.000"
"iot-device-02","1.5946575520210545E9","62.6","75.92","true","false","0.0068","0.0042","0.018","2020-11-26T17:29:43.709+0000","{defaultclientid=iot-device-02, thingname=iot-device-02, thingid=4ae4927a-aefb-4584-a45a-fc4839feffd6, thingarn=arn:aws:iot:us-east-1:507441099951:thing/iot-device-02, thingtypename=null, attributes={installed=1593361211, latitude=32.8205865, longitude=-96.871627}, version=1, billinggroupname=null}","2020-11-26 00:00:00.000"
"iot-device-03","1.5946575526346633E9","52.3","71.6","false","false","0.008","0.0052","0.0213","2020-11-26T17:29:44.002+0000","{defaultclientid=iot-device-03, thingname=iot-device-03, thingid=877352b9-a35d-45d3-9c98-162d89965a13, thingarn=arn:aws:iot:us-east-1:507441099951:thing/iot-device-03, thingtypename=null, attributes={installed=1592562234, latitude=37.4133144, longitude=-122.1513069}, version=1, billinggroupname=null}","2020-11-26 00:00:00.000"
"iot-device-03","1.5946575563207872E9","52.3","71.6","false","false","0.0079","0.0052","0.0212","2020-11-26T17:29:44.289+0000","{defaultclientid=iot-device-03, thingname=iot-device-03, thingid=877352b9-a35d-45d3-9c98-162d89965a13, thingarn=arn:aws:iot:us-east-1:507441099951:thing/iot-device-03, thingtypename=null, attributes={installed=1592562234, latitude=37.4133144, longitude=-122.1513069}, version=1, billinggroupname=null}","2020-11-26 00:00:00.000"
"iot-device-01","1.594657559737829E9","75.8","66.56","false","false","0.0076","0.0049","0.0202","2020-11-26T17:29:44.581+0000","{defaultclientid=iot-device-01, thingname=iot-device-01, thingid=983c2b68-f9a3-4e83-b3c6-9f6f8ad5431b, thingarn=arn:aws:iot:us-east-1:507441099951:thing/iot-device-01, thingtypename=null, attributes={installed=1594665292, latitude=37.4133144, longitude=-122.1513069}, version=1, billinggroupname=null}","2020-11-26 00:00:00.000"
"iot-device-02","1.594657579777241E9","62.5","75.92","true","false","0.0068","0.0042","0.018","2020-11-26T17:29:47.830+0000","{defaultclientid=iot-device-02, thingname=iot-device-02, thingid=4ae4927a-aefb-4584-a45a-fc4839feffd6, thingarn=arn:aws:iot:us-east-1:507441099951:thing/iot-device-02, thingtypename=null, attributes={installed=1593361211, latitude=32.8205865, longitude=-96.871627}, version=1, billinggroupname=null}","2020-11-26 00:00:00.000"
"iot-device-03","1.594657582129909E9","52.4","71.6","false","false","0.008","0.0052","0.0213","2020-11-26T17:29:48.130+0000","{defaultclientid=iot-device-03, thingname=iot-device-03, thingid=877352b9-a35d-45d3-9c98-162d89965a13, thingarn=arn:aws:iot:us-east-1:507441099951:thing/iot-device-03, thingtypename=null, attributes={installed=1592562234, latitude=37.4133144, longitude=-122.1513069}, version=1, billinggroupname=null}","2020-11-26 00:00:00.000"
"iot-device-02","1.594657584121142E9","62.6","75.92","true","false","0.0068","0.0042","0.018","2020-11-26T17:29:48.421+0000","{defaultclientid=iot-device-02, thingname=iot-device-02, thingid=4ae4927a-aefb-4584-a45a-fc4839feffd6, thingarn=arn:aws:iot:us-east-1:507441099951:thing/iot-device-02, thingtypename=null, attributes={installed=1593361211, latitude=32.8205865, longitude=-96.871627}, version=1, billinggroupname=null}","2020-11-26 00:00:00.000"
"iot-device-03","1.594657586070365E9","52.4","71.6","false","false","0.0079","0.0052","0.0212","2020-11-26T17:29:48.720+0000","{defaultclientid=iot-device-03, thingname=iot-device-03, thingid=877352b9-a35d-45d3-9c98-162d89965a13, thingarn=arn:aws:iot:us-east-1:507441099951:thing/iot-device-03, thingtypename=null, attributes={installed=1592562234, latitude=37.4133144, longitude=-122.1513069}, version=1, billinggroupname=null}","2020-11-26 00:00:00.000"
"iot-device-01","1.5946575862667778E9","75.7","66.56","false","false","0.0076","0.0049","0.0202","2020-11-26T17:29:49.015+0000","{defaultclientid=iot-device-01, thingname=iot-device-01, thingid=983c2b68-f9a3-4e83-b3c6-9f6f8ad5431b, thingarn=arn:aws:iot:us-east-1:507441099951:thing/iot-device-01, thingtypename=null, attributes={installed=1594665292, latitude=37.4133144, longitude=-122.1513069}, version=1, billinggroupname=null}","2020-11-26 00:00:00.000"
"iot-device-03","1.5946575897568462E9","52.4","71.6","false","false","0.0079","0.0052","0.0212","2020-11-26T17:29:49.301+0000","{defaultclientid=iot-device-03, thingname=iot-device-03, thingid=877352b9-a35d-45d3-9c98-162d89965a13, thingarn=arn:aws:iot:us-east-1:507441099951:thing/iot-device-03, thingtypename=null, attributes={installed=1592562234, latitude=37.4133144, longitude=-122.1513069}, version=1, billinggroupname=null}","2020-11-26 00:00:00.000"
"iot-device-01","1.5946575900813015E9","75.8","66.56","false","false","0.0074","0.0048","0.0198","2020-11-26T17:29:49.599+0000","{defaultclientid=iot-device-01, thingname=iot-device-01, thingid=983c2b68-f9a3-4e83-b3c6-9f6f8ad5431b, thingarn=arn:aws:iot:us-east-1:507441099951:thing/iot-device-01, thingtypename=null, attributes={installed=1594665292, latitude=37.4133144, longitude=-122.1513069}, version=1, billinggroupname=null}","2020-11-26 00:00:00.000"
"iot-device-02","1.5946575911358776E9","62.6","75.92","true","false","0.0068","0.0042","0.018","2020-11-26T17:29:49.901+0000","{defaultclientid=iot-device-02, thingname=iot-device-02, thingid=4ae4927a-aefb-4584-a45a-fc4839feffd6, thingarn=arn:aws:iot:us-east-1:507441099951:thing/iot-device-02, thingtypename=null, attributes={installed=1593361211, latitude=32.8205865, longitude=-96.871627}, version=1, billinggroupname=null}","2020-11-26 00:00:00.000"
"iot-device-03","1.5946575934432235E9","52.4","71.6","false","false","0.0079","0.0052","0.0212","2020-11-26T17:29:50.192+0000","{defaultclientid=iot-device-03, thingname=iot-device-03, thingid=877352b9-a35d-45d3-9c98-162d89965a13, thingarn=arn:aws:iot:us-east-1:507441099951:thing/iot-device-03, thingtypename=null, attributes={installed=1592562234, latitude=37.4133144, longitude=-122.1513069}, version=1, billinggroupname=null}","2020-11-26 00:00:00.000"
"iot-device-02","1.5946575954785962E9","62.7","76.1","true","false","0.0068","0.0042","0.018","2020-11-26T17:29:50.490+0000","{defaultclientid=iot-device-02, thingname=iot-device-02, thingid=4ae4927a-aefb-4584-a45a-fc4839feffd6, thingarn=arn:aws:iot:us-east-1:507441099951:thing/iot-device-02, thingtypename=null, attributes={installed=1593361211, latitude=32.8205865, longitude=-96.871627}, version=1, billinggroupname=null}","2020-11-26 00:00:00.000"
"iot-device-03","1.5946588223403072E9","52.4","71.6","false","false","0.0079","0.0052","0.0212","2020-11-26T17:29:53.807+0000","{defaultclientid=iot-device-03, thingname=iot-device-03, thingid=877352b9-a35d-45d3-9c98-162d89965a13, thingarn=arn:aws:iot:us-east-1:507441099951:thing/iot-device-03, thingtypename=null, attributes={installed=1592562234, latitude=37.4133144, longitude=-122.1513069}, version=1, billinggroupname=null}","2020-11-26 00:00:00.000"
"iot-device-03","1.5946575231327007E9","52.7","71.6","false","false","0.008","0.0052","0.0213","2020-11-26T17:29:39.023+0000","{defaultclientid=iot-device-03, thingname=iot-device-03, thingid=877352b9-a35d-45d3-9c98-162d89965a13, thingarn=arn:aws:iot:us-east-1:507441099951:thing/iot-device-03, thingtypename=null, attributes={installed=1592562234, latitude=37.4133144, longitude=-122.1513069}, version=1, billinggroupname=null}","2020-11-26 00:00:00.000"
"iot-device-02","1.5946575261026006E9","62.6","75.92","true","false","0.0068","0.0042","0.018","2020-11-26T17:29:39.339+0000","{defaultclientid=iot-device-02, thingname=iot-device-02, thingid=4ae4927a-aefb-4584-a45a-fc4839feffd6, thingarn=arn:aws:iot:us-east-1:507441099951:thing/iot-device-02, thingtypename=null, attributes={installed=1593361211, latitude=32.8205865, longitude=-96.871627}, version=1, billinggroupname=null}","2020-11-26 00:00:00.000"
"iot-device-03","1.5946575268334694E9","52.7","71.6","false","false","0.008","0.0052","0.0213","2020-11-26T17:29:39.631+0000","{defaultclientid=iot-device-03, thingname=iot-device-03, thingid=877352b9-a35d-45d3-9c98-162d89965a13, thingarn=arn:aws:iot:us-east-1:507441099951:thing/iot-device-03, thingtypename=null, attributes={installed=1592562234, latitude=37.4133144, longitude=-122.1513069}, version=1, billinggroupname=null}","2020-11-26 00:00:00.000"
"iot-device-03","1.5946575305194032E9","52.7","71.6","false","false","0.008","0.0052","0.0213","2020-11-26T17:29:39.925+0000","{defaultclientid=iot-device-03, thingname=iot-device-03, thingid=877352b9-a35d-45d3-9c98-162d89965a13, thingarn=arn:aws:iot:us-east-1:507441099951:thing/iot-device-03, thingtypename=null, attributes={installed=1592562234, latitude=37.4133144, longitude=-122.1513069}, version=1, billinggroupname=null}","2020-11-26 00:00:00.000"
"iot-device-03","1.594657534205141E9","52.7","71.6","false","false","0.0079","0.0052","0.0212","2020-11-26T17:29:40.230+0000","{defaultclientid=iot-device-03, thingname=iot-device-03, thingid=877352b9-a35d-45d3-9c98-162d89965a13, thingarn=arn:aws:iot:us-east-1:507441099951:thing/iot-device-03, thingtypename=null, attributes={installed=1592562234, latitude=37.4133144, longitude=-122.1513069}, version=1, billinggroupname=null}","2020-11-26 00:00:00.000"
"iot-device-02","1.5946575357861266E9","62.5","75.92","true","false","0.0068","0.0042","0.018","2020-11-26T17:29:40.520+0000","{defaultclientid=iot-device-02, thingname=iot-device-02, thingid=4ae4927a-aefb-4584-a45a-fc4839feffd6, thingarn=arn:aws:iot:us-east-1:507441099951:thing/iot-device-02, thingtypename=null, attributes={installed=1593361211, latitude=32.8205865, longitude=-96.871627}, version=1, billinggroupname=null}","2020-11-26 00:00:00.000"
"iot-device-01","1.594657535877973E9","75.7","66.56","false","false","0.0076","0.0049","0.0202","2020-11-26T17:29:40.809+0000","{defaultclientid=iot-device-01, thingname=iot-device-01, thingid=983c2b68-f9a3-4e83-b3c6-9f6f8ad5431b, thingarn=arn:aws:iot:us-east-1:507441099951:thing/iot-device-01, thingtypename=null, attributes={installed=1594665292, latitude=37.4133144, longitude=-122.1513069}, version=1, billinggroupname=null}","2020-11-26 00:00:00.000"
"iot-device-03","1.5946575378910866E9","52.6","71.6","false","false","0.0079","0.0052","0.0212","2020-11-26T17:29:41.103+0000","{defaultclientid=iot-device-03, thingname=iot-device-03, thingid=877352b9-a35d-45d3-9c98-162d89965a13, thingarn=arn:aws:iot:us-east-1:507441099951:thing/iot-device-03, thingtypename=null, attributes={installed=1592562234, latitude=37.4133144, longitude=-122.1513069}, version=1, billinggroupname=null}","2020-11-26 00:00:00.000"
"iot-device-01","1.5946575402310991E9","75.7","66.56","false","false","0.0076","0.0049","0.0202","2020-11-26T17:29:41.388+0000","{defaultclientid=iot-device-01, thingname=iot-device-01, thingid=983c2b68-f9a3-4e83-b3c6-9f6f8ad5431b, thingarn=arn:aws:iot:us-east-1:507441099951:thing/iot-device-01, thingtypename=null, attributes={installed=1594665292, latitude=37.4133144, longitude=-122.1513069}, version=1, billinggroupname=null}","2020-11-26 00:00:00.000"
"iot-device-02","1.5946575412003865E9","62.5","75.92","true","false","0.0068","0.0042","0.018","2020-11-26T17:29:41.679+0000","{defaultclientid=iot-device-02, thingname=iot-device-02, thingid=4ae4927a-aefb-4584-a45a-fc4839feffd6, thingarn=arn:aws:iot:us-east-1:507441099951:thing/iot-device-02, thingtypename=null, attributes={installed=1593361211, latitude=32.8205865, longitude=-96.871627}, version=1, billinggroupname=null}","2020-11-26 00:00:00.000"
"iot-device-03","1.5946574937194846E9","52.4","71.42","false","false","0.0079","0.0052","0.0212","2020-11-26T17:29:33.150+0000","{defaultclientid=iot-device-03, thingname=iot-device-03, thingid=877352b9-a35d-45d3-9c98-162d89965a13, thingarn=arn:aws:iot:us-east-1:507441099951:thing/iot-device-03, thingtypename=null, attributes={installed=1592562234, latitude=37.4133144, longitude=-122.1513069}, version=1, billinggroupname=null}","2020-11-26 00:00:00.000"
"iot-device-02","1.5946574941929724E9","62.6","75.92","true","false","0.0068","0.0042","0.018","2020-11-26T17:29:33.445+0000","{defaultclientid=iot-device-02, thingname=iot-device-02, thingid=4ae4927a-aefb-4584-a45a-fc4839feffd6, thingarn=arn:aws:iot:us-east-1:507441099951:thing/iot-device-02, thingtypename=null, attributes={installed=1593361211, latitude=32.8205865, longitude=-96.871627}, version=1, billinggroupname=null}","2020-11-26 00:00:00.000"
"iot-device-01","1.5946574959938688E9","75.6","66.56","false","false","0.0074","0.0048","0.0198","2020-11-26T17:29:33.740+0000","{defaultclientid=iot-device-01, thingname=iot-device-01, thingid=983c2b68-f9a3-4e83-b3c6-9f6f8ad5431b, thingarn=arn:aws:iot:us-east-1:507441099951:thing/iot-device-01, thingtypename=null, attributes={installed=1594665292, latitude=37.4133144, longitude=-122.1513069}, version=1, billinggroupname=null}","2020-11-26 00:00:00.000"
"iot-device-03","1.5946574974052775E9","52.4","71.6","false","false","0.0079","0.0052","0.0212","2020-11-26T17:29:34.041+0000","{defaultclientid=iot-device-03, thingname=iot-device-03, thingid=877352b9-a35d-45d3-9c98-162d89965a13, thingarn=arn:aws:iot:us-east-1:507441099951:thing/iot-device-03, thingtypename=null, attributes={installed=1592562234, latitude=37.4133144, longitude=-122.1513069}, version=1, billinggroupname=null}","2020-11-26 00:00:00.000"
"iot-device-03","1.59465750109126E9","52.5","71.6","false","false","0.0079","0.0052","0.0212","2020-11-26T17:29:34.330+0000","{defaultclientid=iot-device-03, thingname=iot-device-03, thingid=877352b9-a35d-45d3-9c98-162d89965a13, thingarn=arn:aws:iot:us-east-1:507441099951:thing/iot-device-03, thingtypename=null, attributes={installed=1592562234, latitude=37.4133144, longitude=-122.1513069}, version=1, billinggroupname=null}","2020-11-26 00:00:00.000"
"iot-device-02","1.5946575012090652E9","62.7","75.92","true","false","0.0068","0.0042","0.018","2020-11-26T17:29:34.621+0000","{defaultclientid=iot-device-02, thingname=iot-device-02, thingid=4ae4927a-aefb-4584-a45a-fc4839feffd6, thingarn=arn:aws:iot:us-east-1:507441099951:thing/iot-device-02, thingtypename=null, attributes={installed=1593361211, latitude=32.8205865, longitude=-96.871627}, version=1, billinggroupname=null}","2020-11-26 00:00:00.000"
"iot-device-01","1.5946575014273322E9","75.6","66.56","false","false","0.0074","0.0047","0.0196","2020-11-26T17:29:34.909+0000","{defaultclientid=iot-device-01, thingname=iot-device-01, thingid=983c2b68-f9a3-4e83-b3c6-9f6f8ad5431b, thingarn=arn:aws:iot:us-east-1:507441099951:thing/iot-device-01, thingtypename=null, attributes={installed=1594665292, latitude=37.4133144, longitude=-122.1513069}, version=1, billinggroupname=null}","2020-11-26 00:00:00.000"
"iot-device-03","1.5946575047784474E9","52.5","71.42","false","false","0.008","0.0052","0.0213","2020-11-26T17:29:35.200+0000","{defaultclientid=iot-device-03, thingname=iot-device-03, thingid=877352b9-a35d-45d3-9c98-162d89965a13, thingarn=arn:aws:iot:us-east-1:507441099951:thing/iot-device-03, thingtypename=null, attributes={installed=1592562234, latitude=37.4133144, longitude=-122.1513069}, version=1, billinggroupname=null}","2020-11-26 00:00:00.000"
"iot-device-01","1.5946575063188374E9","75.6","66.56","false","false","0.0074","0.0047","0.0196","2020-11-26T17:29:35.499+0000","{defaultclientid=iot-device-01, thingname=iot-device-01, thingid=983c2b68-f9a3-4e83-b3c6-9f6f8ad5431b, thingarn=arn:aws:iot:us-east-1:507441099951:thing/iot-device-01, thingtypename=null, attributes={installed=1594665292, latitude=37.4133144, longitude=-122.1513069}, version=1, billinggroupname=null}","2020-11-26 00:00:00.000"
"iot-device-03","1.5946575084646347E9","52.6","71.6","false","false","0.0079","0.0052","0.0212","2020-11-26T17:29:35.792+0000","{defaultclientid=iot-device-03, thingname=iot-device-03, thingid=877352b9-a35d-45d3-9c98-162d89965a13, thingarn=arn:aws:iot:us-east-1:507441099951:thing/iot-device-03, thingtypename=null, attributes={installed=1592562234, latitude=37.4133144, longitude=-122.1513069}, version=1, billinggroupname=null}","2020-11-26 00:00:00.000"
"iot-device-03","1.5946575600083356E9","52.3","71.6","false","false","0.0079","0.0052","0.0212","2020-11-26T17:29:44.877+0000","{defaultclientid=iot-device-03, thingname=iot-device-03, thingid=877352b9-a35d-45d3-9c98-162d89965a13, thingarn=arn:aws:iot:us-east-1:507441099951:thing/iot-device-03, thingtypename=null, attributes={installed=1592562234, latitude=37.4133144, longitude=-122.1513069}, version=1, billinggroupname=null}","2020-11-26 00:00:00.000"
"iot-device-03","1.5946575636957133E9","52.3","71.6","false","false","0.0079","0.0052","0.0212","2020-11-26T17:29:45.191+0000","{defaultclientid=iot-device-03, thingname=iot-device-03, thingid=877352b9-a35d-45d3-9c98-162d89965a13, thingarn=arn:aws:iot:us-east-1:507441099951:thing/iot-device-03, thingtypename=null, attributes={installed=1592562234, latitude=37.4133144, longitude=-122.1513069}, version=1, billinggroupname=null}","2020-11-26 00:00:00.000"
"iot-device-03","1.594657567383127E9","52.4","71.6","false","false","0.008","0.0052","0.0213","2020-11-26T17:29:45.471+0000","{defaultclientid=iot-device-03, thingname=iot-device-03, thingid=877352b9-a35d-45d3-9c98-162d89965a13, thingarn=arn:aws:iot:us-east-1:507441099951:thing/iot-device-03, thingtypename=null, attributes={installed=1592562234, latitude=37.4133144, longitude=-122.1513069}, version=1, billinggroupname=null}","2020-11-26 00:00:00.000"
"iot-device-01","1.5946575678484619E9","75.7","66.56","false","false","0.0075","0.0048","0.02","2020-11-26T17:29:45.762+0000","{defaultclientid=iot-device-01, thingname=iot-device-01, thingid=983c2b68-f9a3-4e83-b3c6-9f6f8ad5431b, thingarn=arn:aws:iot:us-east-1:507441099951:thing/iot-device-01, thingtypename=null, attributes={installed=1594665292, latitude=37.4133144, longitude=-122.1513069}, version=1, billinggroupname=null}","2020-11-26 00:00:00.000"
"iot-device-02","1.5946575689465115E9","62.6","75.92","true","false","0.0068","0.0042","0.018","2020-11-26T17:29:46.067+0000","{defaultclientid=iot-device-02, thingname=iot-device-02, thingid=4ae4927a-aefb-4584-a45a-fc4839feffd6, thingarn=arn:aws:iot:us-east-1:507441099951:thing/iot-device-02, thingtypename=null, attributes={installed=1593361211, latitude=32.8205865, longitude=-96.871627}, version=1, billinggroupname=null}","2020-11-26 00:00:00.000"
"iot-device-03","1.5946575710706766E9","52.4","71.6","false","false","0.0079","0.0052","0.0212","2020-11-26T17:29:46.362+0000","{defaultclientid=iot-device-03, thingname=iot-device-03, thingid=877352b9-a35d-45d3-9c98-162d89965a13, thingarn=arn:aws:iot:us-east-1:507441099951:thing/iot-device-03, thingtypename=null, attributes={installed=1592562234, latitude=37.4133144, longitude=-122.1513069}, version=1, billinggroupname=null}","2020-11-26 00:00:00.000"
"iot-device-03","1.5946575747581427E9","52.5","71.78","false","false","0.0079","0.0052","0.0212","2020-11-26T17:29:46.657+0000","{defaultclientid=iot-device-03, thingname=iot-device-03, thingid=877352b9-a35d-45d3-9c98-162d89965a13, thingarn=arn:aws:iot:us-east-1:507441099951:thing/iot-device-03, thingtypename=null, attributes={installed=1592562234, latitude=37.4133144, longitude=-122.1513069}, version=1, billinggroupname=null}","2020-11-26 00:00:00.000"
"iot-device-02","1.5946575748974357E9","62.5","75.92","true","false","0.0068","0.0042","0.018","2020-11-26T17:29:46.951+0000","{defaultclientid=iot-device-02, thingname=iot-device-02, thingid=4ae4927a-aefb-4584-a45a-fc4839feffd6, thingarn=arn:aws:iot:us-east-1:507441099951:thing/iot-device-02, thingtypename=null, attributes={installed=1593361211, latitude=32.8205865, longitude=-96.871627}, version=1, billinggroupname=null}","2020-11-26 00:00:00.000"
"iot-device-01","1.5946575760099616E9","75.7","66.56","false","false","0.0076","0.0049","0.0202","2020-11-26T17:29:47.241+0000","{defaultclientid=iot-device-01, thingname=iot-device-01, thingid=983c2b68-f9a3-4e83-b3c6-9f6f8ad5431b, thingarn=arn:aws:iot:us-east-1:507441099951:thing/iot-device-01, thingtypename=null, attributes={installed=1594665292, latitude=37.4133144, longitude=-122.1513069}, version=1, billinggroupname=null}","2020-11-26 00:00:00.000"
"iot-device-03","1.5946575784439206E9","52.4","71.6","false","false","0.0079","0.0052","0.0212","2020-11-26T17:29:47.542+0000","{defaultclientid=iot-device-03, thingname=iot-device-03, thingid=877352b9-a35d-45d3-9c98-162d89965a13, thingarn=arn:aws:iot:us-east-1:507441099951:thing/iot-device-03, thingtypename=null, attributes={installed=1592562234, latitude=37.4133144, longitude=-122.1513069}, version=1, billinggroupname=null}","2020-11-26 00:00:00.000"
"iot-device-03","1.594652049891531E9","51.7","71.78","false","false","0.0078","0.0051","0.0209","2020-11-26T17:26:03.074+0000","{defaultclientid=iot-device-03, thingname=iot-device-03, thingid=877352b9-a35d-45d3-9c98-162d89965a13, thingarn=arn:aws:iot:us-east-1:507441099951:thing/iot-device-03, thingtypename=null, attributes={installed=1592562234, latitude=37.4133144, longitude=-122.1513069}, version=1, billinggroupname=null}","2020-11-26 00:00:00.000"
"iot-device-03","1.5946520535773609E9","51.7","71.78","false","false","0.0078","0.0051","0.0209","2020-11-26T17:26:03.358+0000","{defaultclientid=iot-device-03, thingname=iot-device-03, thingid=877352b9-a35d-45d3-9c98-162d89965a13, thingarn=arn:aws:iot:us-east-1:507441099951:thing/iot-device-03, thingtypename=null, attributes={installed=1592562234, latitude=37.4133144, longitude=-122.1513069}, version=1, billinggroupname=null}","2020-11-26 00:00:00.000"
"iot-device-01","1.5946520541856332E9","75.1","67.1","false","false","0.0065","0.0039","0.017","2020-11-26T17:26:03.664+0000","{defaultclientid=iot-device-01, thingname=iot-device-01, thingid=983c2b68-f9a3-4e83-b3c6-9f6f8ad5431b, thingarn=arn:aws:iot:us-east-1:507441099951:thing/iot-device-01, thingtypename=null, attributes={installed=1594665292, latitude=37.4133144, longitude=-122.1513069}, version=1, billinggroupname=null}","2020-11-26 00:00:00.000"
"iot-device-03","1.5946520572634752E9","51.7","71.78","false","false","0.0079","0.0052","0.021","2020-11-26T17:26:03.970+0000","{defaultclientid=iot-device-03, thingname=iot-device-03, thingid=877352b9-a35d-45d3-9c98-162d89965a13, thingarn=arn:aws:iot:us-east-1:507441099951:thing/iot-device-03, thingtypename=null, attributes={installed=1592562234, latitude=37.4133144, longitude=-122.1513069}, version=1, billinggroupname=null}","2020-11-26 00:00:00.000"
"iot-device-02","1.5946520572910213E9","62.0","74.66","true","false","0.0069","0.0043","0.0183","2020-11-26T17:26:04.260+0000","{defaultclientid=iot-device-02, thingname=iot-device-02, thingid=4ae4927a-aefb-4584-a45a-fc4839feffd6, thingarn=arn:aws:iot:us-east-1:507441099951:thing/iot-device-02, thingtypename=null, attributes={installed=1593361211, latitude=32.8205865, longitude=-96.871627}, version=1, billinggroupname=null}","2020-11-26 00:00:00.000"
"iot-device-01","1.5946520585475466E9","75.0","67.1","false","false","0.0065","0.0039","0.017","2020-11-26T17:26:04.548+0000","{defaultclientid=iot-device-01, thingname=iot-device-01, thingid=983c2b68-f9a3-4e83-b3c6-9f6f8ad5431b, thingarn=arn:aws:iot:us-east-1:507441099951:thing/iot-device-01, thingtypename=null, attributes={installed=1594665292, latitude=37.4133144, longitude=-122.1513069}, version=1, billinggroupname=null}","2020-11-26 00:00:00.000"
"iot-device-03","1.5946520609683378E9","51.7","71.78","false","false","0.0079","0.0052","0.0211","2020-11-26T17:26:04.837+0000","{defaultclientid=iot-device-03, thingname=iot-device-03, thingid=877352b9-a35d-45d3-9c98-162d89965a13, thingarn=arn:aws:iot:us-east-1:507441099951:thing/iot-device-03, thingtypename=null, attributes={installed=1592562234, latitude=37.4133144, longitude=-122.1513069}, version=1, billinggroupname=null}","2020-11-26 00:00:00.000"
"iot-device-02","1.5946520610961144E9","61.9","74.66","true","false","0.0069","0.0043","0.0183","2020-11-26T17:26:05.131+0000","{defaultclientid=iot-device-02, thingname=iot-device-02, thingid=4ae4927a-aefb-4584-a45a-fc4839feffd6, thingarn=arn:aws:iot:us-east-1:507441099951:thing/iot-device-02, thingtypename=null, attributes={installed=1593361211, latitude=32.8205865, longitude=-96.871627}, version=1, billinggroupname=null}","2020-11-26 00:00:00.000"
"iot-device-01","1.5946520645098705E9","75.0","67.1","false","false","0.0065","0.0039","0.017","2020-11-26T17:26:05.512+0000","{defaultclientid=iot-device-01, thingname=iot-device-01, thingid=983c2b68-f9a3-4e83-b3c6-9f6f8ad5431b, thingarn=arn:aws:iot:us-east-1:507441099951:thing/iot-device-01, thingtypename=null, attributes={installed=1594665292, latitude=37.4133144, longitude=-122.1513069}, version=1, billinggroupname=null}","2020-11-26 00:00:00.000"
"iot-device-03","1.594652064656061E9","51.7","71.78","false","false","0.0079","0.0052","0.0211","2020-11-26T17:26:05.798+0000","{defaultclientid=iot-device-03, thingname=iot-device-03, thingid=877352b9-a35d-45d3-9c98-162d89965a13, thingarn=arn:aws:iot:us-east-1:507441099951:thing/iot-device-03, thingtypename=null, attributes={installed=1592562234, latitude=37.4133144, longitude=-122.1513069}, version=1, billinggroupname=null}","2020-11-26 00:00:00.000"
"iot-device-02","1.594652034517678E9","61.8","74.66","true","false","0.0069","0.0043","0.0183","2020-11-26T17:26:00.092+0000","{defaultclientid=iot-device-02, thingname=iot-device-02, thingid=4ae4927a-aefb-4584-a45a-fc4839feffd6, thingarn=arn:aws:iot:us-east-1:507441099951:thing/iot-device-02, thingtypename=null, attributes={installed=1593361211, latitude=32.8205865, longitude=-96.871627}, version=1, billinggroupname=null}","2020-11-26 00:00:00.000"
"iot-device-03","1.594652034893E9","51.6","71.78","false","false","0.0078","0.0051","0.021","2020-11-26T17:26:00.388+0000","{defaultclientid=iot-device-03, thingname=iot-device-03, thingid=877352b9-a35d-45d3-9c98-162d89965a13, thingarn=arn:aws:iot:us-east-1:507441099951:thing/iot-device-03, thingtypename=null, attributes={installed=1592562234, latitude=37.4133144, longitude=-122.1513069}, version=1, billinggroupname=null}","2020-11-26 00:00:00.000"
"iot-device-01","1.594652037647216E9","75.1","67.1","false","false","0.0064","0.0039","0.0169","2020-11-26T17:26:00.691+0000","{defaultclientid=iot-device-01, thingname=iot-device-01, thingid=983c2b68-f9a3-4e83-b3c6-9f6f8ad5431b, thingarn=arn:aws:iot:us-east-1:507441099951:thing/iot-device-01, thingtypename=null, attributes={installed=1594665292, latitude=37.4133144, longitude=-122.1513069}, version=1, billinggroupname=null}","2020-11-26 00:00:00.000"
"iot-device-03","1.5946520385788262E9","51.7","71.78","false","false","0.0079","0.0051","0.021","2020-11-26T17:26:00.998+0000","{defaultclientid=iot-device-03, thingname=iot-device-03, thingid=877352b9-a35d-45d3-9c98-162d89965a13, thingarn=arn:aws:iot:us-east-1:507441099951:thing/iot-device-03, thingtypename=null, attributes={installed=1592562234, latitude=37.4133144, longitude=-122.1513069}, version=1, billinggroupname=null}","2020-11-26 00:00:00.000"
"iot-device-02","1.5946520410010235E9","61.8","74.66","true","false","0.0069","0.0043","0.0183","2020-11-26T17:26:01.297+0000","{defaultclientid=iot-device-02, thingname=iot-device-02, thingid=4ae4927a-aefb-4584-a45a-fc4839feffd6, thingarn=arn:aws:iot:us-east-1:507441099951:thing/iot-device-02, thingtypename=null, attributes={installed=1593361211, latitude=32.8205865, longitude=-96.871627}, version=1, billinggroupname=null}","2020-11-26 00:00:00.000"
"iot-device-01","1.5946520414624321E9","75.1","67.1","false","false","0.0064","0.0039","0.0169","2020-11-26T17:26:01.589+0000","{defaultclientid=iot-device-01, thingname=iot-device-01, thingid=983c2b68-f9a3-4e83-b3c6-9f6f8ad5431b, thingarn=arn:aws:iot:us-east-1:507441099951:thing/iot-device-01, thingtypename=null, attributes={installed=1594665292, latitude=37.4133144, longitude=-122.1513069}, version=1, billinggroupname=null}","2020-11-26 00:00:00.000"
"iot-device-03","1.5946520425193787E9","51.7","71.78","false","false","0.0079","0.0052","0.0212","2020-11-26T17:26:01.894+0000","{defaultclientid=iot-device-03, thingname=iot-device-03, thingid=877352b9-a35d-45d3-9c98-162d89965a13, thingarn=arn:aws:iot:us-east-1:507441099951:thing/iot-device-03, thingtypename=null, attributes={installed=1592562234, latitude=37.4133144, longitude=-122.1513069}, version=1, billinggroupname=null}","2020-11-26 00:00:00.000"
"iot-device-02","1.5946520459309628E9","61.8","74.66","true","false","0.0069","0.0043","0.0183","2020-11-26T17:26:02.192+0000","{defaultclientid=iot-device-02, thingname=iot-device-02, thingid=4ae4927a-aefb-4584-a45a-fc4839feffd6, thingarn=arn:aws:iot:us-east-1:507441099951:thing/iot-device-02, thingtypename=null, attributes={installed=1593361211, latitude=32.8205865, longitude=-96.871627}, version=1, billinggroupname=null}","2020-11-26 00:00:00.000"
"iot-device-03","1.5946520462055235E9","51.7","71.78","false","false","0.0079","0.0051","0.021","2020-11-26T17:26:02.490+0000","{defaultclientid=iot-device-03, thingname=iot-device-03, thingid=877352b9-a35d-45d3-9c98-162d89965a13, thingarn=arn:aws:iot:us-east-1:507441099951:thing/iot-device-03, thingtypename=null, attributes={installed=1592562234, latitude=37.4133144, longitude=-122.1513069}, version=1, billinggroupname=null}","2020-11-26 00:00:00.000"
"iot-device-02","1.5946520497369726E9","61.8","74.66","true","false","0.0069","0.0043","0.0183","2020-11-26T17:26:02.779+0000","{defaultclientid=iot-device-02, thingname=iot-device-02, thingid=4ae4927a-aefb-4584-a45a-fc4839feffd6, thingarn=arn:aws:iot:us-east-1:507441099951:thing/iot-device-02, thingtypename=null, attributes={installed=1593361211, latitude=32.8205865, longitude=-96.871627}, version=1, billinggroupname=null}","2020-11-26 00:00:00.000"
"iot-device-03","1.5946520683434355E9","51.7","71.78","false","false","0.0079","0.0051","0.021","2020-11-26T17:26:06.088+0000","{defaultclientid=iot-device-03, thingname=iot-device-03, thingid=877352b9-a35d-45d3-9c98-162d89965a13, thingarn=arn:aws:iot:us-east-1:507441099951:thing/iot-device-03, thingtypename=null, attributes={installed=1592562234, latitude=37.4133144, longitude=-122.1513069}, version=1, billinggroupname=null}","2020-11-26 00:00:00.000"
"iot-device-01","1.5946520693980196E9","75.0","67.1","false","false","0.0065","0.0039","0.017","2020-11-26T17:26:06.389+0000","{defaultclientid=iot-device-01, thingname=iot-device-01, thingid=983c2b68-f9a3-4e83-b3c6-9f6f8ad5431b, thingarn=arn:aws:iot:us-east-1:507441099951:thing/iot-device-01, thingtypename=null, attributes={installed=1594665292, latitude=37.4133144, longitude=-122.1513069}, version=1, billinggroupname=null}","2020-11-26 00:00:00.000"
"iot-device-03","1.5946520720293474E9","50.6","71.78","false","false","0.0079","0.0052","0.021","2020-11-26T17:26:06.681+0000","{defaultclientid=iot-device-03, thingname=iot-device-03, thingid=877352b9-a35d-45d3-9c98-162d89965a13, thingarn=arn:aws:iot:us-east-1:507441099951:thing/iot-device-03, thingtypename=null, attributes={installed=1592562234, latitude=37.4133144, longitude=-122.1513069}, version=1, billinggroupname=null}","2020-11-26 00:00:00.000"
"iot-device-02","1.5946520723963575E9","61.9","74.66","true","false","0.0069","0.0043","0.0183","2020-11-26T17:26:06.968+0000","{defaultclientid=iot-device-02, thingname=iot-device-02, thingid=4ae4927a-aefb-4584-a45a-fc4839feffd6, thingarn=arn:aws:iot:us-east-1:507441099951:thing/iot-device-02, thingtypename=null, attributes={installed=1593361211, latitude=32.8205865, longitude=-96.871627}, version=1, billinggroupname=null}","2020-11-26 00:00:00.000"
"iot-device-03","1.594652075715352E9","51.8","71.78","false","false","0.0079","0.0052","0.0211","2020-11-26T17:26:07.265+0000","{defaultclientid=iot-device-03, thingname=iot-device-03, thingid=877352b9-a35d-45d3-9c98-162d89965a13, thingarn=arn:aws:iot:us-east-1:507441099951:thing/iot-device-03, thingtypename=null, attributes={installed=1592562234, latitude=37.4133144, longitude=-122.1513069}, version=1, billinggroupname=null}","2020-11-26 00:00:00.000"
"iot-device-02","1.5946520767400415E9","61.9","74.66","true","false","0.0069","0.0043","0.0184","2020-11-26T17:26:07.560+0000","{defaultclientid=iot-device-02, thingname=iot-device-02, thingid=4ae4927a-aefb-4584-a45a-fc4839feffd6, thingarn=arn:aws:iot:us-east-1:507441099951:thing/iot-device-02, thingtypename=null, attributes={installed=1593361211, latitude=32.8205865, longitude=-96.871627}, version=1, billinggroupname=null}","2020-11-26 00:00:00.000"
"iot-device-01","1.5946520791294422E9","75.0","67.1","false","false","0.0065","0.0039","0.017","2020-11-26T17:26:07.860+0000","{defaultclientid=iot-device-01, thingname=iot-device-01, thingid=983c2b68-f9a3-4e83-b3c6-9f6f8ad5431b, thingarn=arn:aws:iot:us-east-1:507441099951:thing/iot-device-01, thingtypename=null, attributes={installed=1594665292, latitude=37.4133144, longitude=-122.1513069}, version=1, billinggroupname=null}","2020-11-26 00:00:00.000"
"iot-device-03","1.5946520793973188E9","51.9","71.78","false","false","0.0079","0.0052","0.021","2020-11-26T17:26:08.158+0000","{defaultclientid=iot-device-03, thingname=iot-device-03, thingid=877352b9-a35d-45d3-9c98-162d89965a13, thingarn=arn:aws:iot:us-east-1:507441099951:thing/iot-device-03, thingtypename=null, attributes={installed=1592562234, latitude=37.4133144, longitude=-122.1513069}, version=1, billinggroupname=null}","2020-11-26 00:00:00.000"
"iot-device-01","1.5946520829459035E9","75.3","67.1","false","false","0.0064","0.0039","0.0169","2020-11-26T17:26:08.457+0000","{defaultclientid=iot-device-01, thingname=iot-device-01, thingid=983c2b68-f9a3-4e83-b3c6-9f6f8ad5431b, thingarn=arn:aws:iot:us-east-1:507441099951:thing/iot-device-01, thingtypename=null, attributes={installed=1594665292, latitude=37.4133144, longitude=-122.1513069}, version=1, billinggroupname=null}","2020-11-26 00:00:00.000"
"iot-device-03","1.5946520830834148E9","51.9","71.78","false","false","0.0079","0.0052","0.0211","2020-11-26T17:26:08.752+0000","{defaultclientid=iot-device-03, thingname=iot-device-03, thingid=877352b9-a35d-45d3-9c98-162d89965a13, thingarn=arn:aws:iot:us-east-1:507441099951:thing/iot-device-03, thingtypename=null, attributes={installed=1592562234, latitude=37.4133144, longitude=-122.1513069}, version=1, billinggroupname=null}","2020-11-26 00:00:00.000"
"iot-device-02","1.5946520832144475E9","61.9","74.66","true","false","0.007","0.0043","0.0184","2020-11-26T17:26:09.043+0000","{defaultclientid=iot-device-02, thingname=iot-device-02, thingid=4ae4927a-aefb-4584-a45a-fc4839feffd6, thingarn=arn:aws:iot:us-east-1:507441099951:thing/iot-device-02, thingtypename=null, attributes={installed=1593361211, latitude=32.8205865, longitude=-96.871627}, version=1, billinggroupname=null}","2020-11-26 00:00:00.000"
"iot-device-03","1.5946520867684262E9","51.9","71.78","false","false","0.0079","0.0052","0.0211","2020-11-26T17:26:09.339+0000","{defaultclientid=iot-device-03, thingname=iot-device-03, thingid=877352b9-a35d-45d3-9c98-162d89965a13, thingarn=arn:aws:iot:us-east-1:507441099951:thing/iot-device-03, thingtypename=null, attributes={installed=1592562234, latitude=37.4133144, longitude=-122.1513069}, version=1, billinggroupname=null}","2020-11-26 00:00:00.000"
"iot-device-01","1.594652087300564E9","75.1","67.1","false","false","0.0065","0.0039","0.017","2020-11-26T17:26:09.629+0000","{defaultclientid=iot-device-01, thingname=iot-device-01, thingid=983c2b68-f9a3-4e83-b3c6-9f6f8ad5431b, thingarn=arn:aws:iot:us-east-1:507441099951:thing/iot-device-01, thingtypename=null, attributes={installed=1594665292, latitude=37.4133144, longitude=-122.1513069}, version=1, billinggroupname=null}","2020-11-26 00:00:00.000"
"iot-device-03","1.5946520904544466E9","51.9","71.78","false","false","0.0079","0.0051","0.021","2020-11-26T17:26:09.918+0000","{defaultclientid=iot-device-03, thingname=iot-device-03, thingid=877352b9-a35d-45d3-9c98-162d89965a13, thingarn=arn:aws:iot:us-east-1:507441099951:thing/iot-device-03, thingtypename=null, attributes={installed=1592562234, latitude=37.4133144, longitude=-122.1513069}, version=1, billinggroupname=null}","2020-11-26 00:00:00.000"
"iot-device-01","1.5946520916551735E9","75.1","67.1","false","false","0.0064","0.0039","0.0169","2020-11-26T17:26:10.208+0000","{defaultclientid=iot-device-01, thingname=iot-device-01, thingid=983c2b68-f9a3-4e83-b3c6-9f6f8ad5431b, thingarn=arn:aws:iot:us-east-1:507441099951:thing/iot-device-01, thingtypename=null, attributes={installed=1594665292, latitude=37.4133144, longitude=-122.1513069}, version=1, billinggroupname=null}","2020-11-26 00:00:00.000"
"iot-device-02","1.594652091843593E9","61.9","74.66","true","false","0.007","0.0043","0.0184","2020-11-26T17:26:10.499+0000","{defaultclientid=iot-device-02, thingname=iot-device-02, thingid=4ae4927a-aefb-4584-a45a-fc4839feffd6, thingarn=arn:aws:iot:us-east-1:507441099951:thing/iot-device-02, thingtypename=null, attributes={installed=1593361211, latitude=32.8205865, longitude=-96.871627}, version=1, billinggroupname=null}","2020-11-26 00:00:00.000"
"iot-device-03","1.594652094140699E9","52.0","71.78","false","false","0.0079","0.0051","0.021","2020-11-26T17:26:10.797+0000","{defaultclientid=iot-device-03, thingname=iot-device-03, thingid=877352b9-a35d-45d3-9c98-162d89965a13, thingarn=arn:aws:iot:us-east-1:507441099951:thing/iot-device-03, thingtypename=null, attributes={installed=1592562234, latitude=37.4133144, longitude=-122.1513069}, version=1, billinggroupname=null}","2020-11-26 00:00:00.000"
"iot-device-01","1.5946520960040612E9","75.1","67.1","false","false","0.0064","0.0039","0.0169","2020-11-26T17:26:11.088+0000","{defaultclientid=iot-device-01, thingname=iot-device-01, thingid=983c2b68-f9a3-4e83-b3c6-9f6f8ad5431b, thingarn=arn:aws:iot:us-east-1:507441099951:thing/iot-device-01, thingtypename=null, attributes={installed=1594665292, latitude=37.4133144, longitude=-122.1513069}, version=1, billinggroupname=null}","2020-11-26 00:00:00.000"
"iot-device-03","1.594652097799018E9","52.0","71.78","false","false","0.0079","0.0052","0.021","2020-11-26T17:26:11.381+0000","{defaultclientid=iot-device-03, thingname=iot-device-03, thingid=877352b9-a35d-45d3-9c98-162d89965a13, thingarn=arn:aws:iot:us-east-1:507441099951:thing/iot-device-03, thingtypename=null, attributes={installed=1592562234, latitude=37.4133144, longitude=-122.1513069}, version=1, billinggroupname=null}","2020-11-26 00:00:00.000"
"iot-device-02","1.5946520994074712E9","61.8","74.66","true","false","0.0069","0.0043","0.0183","2020-11-26T17:26:11.669+0000","{defaultclientid=iot-device-02, thingname=iot-device-02, thingid=4ae4927a-aefb-4584-a45a-fc4839feffd6, thingarn=arn:aws:iot:us-east-1:507441099951:thing/iot-device-02, thingtypename=null, attributes={installed=1593361211, latitude=32.8205865, longitude=-96.871627}, version=1, billinggroupname=null}","2020-11-26 00:00:00.000"
"iot-device-03","1.5946521199131484E9","51.9","71.78","false","false","0.0079","0.0052","0.0211","2020-11-26T17:26:14.899+0000","{defaultclientid=iot-device-03, thingname=iot-device-03, thingid=877352b9-a35d-45d3-9c98-162d89965a13, thingarn=arn:aws:iot:us-east-1:507441099951:thing/iot-device-03, thingtypename=null, attributes={installed=1592562234, latitude=37.4133144, longitude=-122.1513069}, version=1, billinggroupname=null}","2020-11-26 00:00:00.000"
"iot-device-02","1.5946521204945633E9","61.8","74.66","true","false","0.0069","0.0043","0.0184","2020-11-26T17:26:15.199+0000","{defaultclientid=iot-device-02, thingname=iot-device-02, thingid=4ae4927a-aefb-4584-a45a-fc4839feffd6, thingarn=arn:aws:iot:us-east-1:507441099951:thing/iot-device-02, thingtypename=null, attributes={installed=1593361211, latitude=32.8205865, longitude=-96.871627}, version=1, billinggroupname=null}","2020-11-26 00:00:00.000"
"iot-device-03","1.5946521235982206E9","51.9","71.78","false","false","0.0079","0.0052","0.0211","2020-11-26T17:26:15.488+0000","{defaultclientid=iot-device-03, thingname=iot-device-03, thingid=877352b9-a35d-45d3-9c98-162d89965a13, thingarn=arn:aws:iot:us-east-1:507441099951:thing/iot-device-03, thingtypename=null, attributes={installed=1592562234, latitude=37.4133144, longitude=-122.1513069}, version=1, billinggroupname=null}","2020-11-26 00:00:00.000"
"iot-device-01","1.5946521247508194E9","75.0","67.1","false","false","0.0065","0.0039","0.017","2020-11-26T17:26:15.781+0000","{defaultclientid=iot-device-01, thingname=iot-device-01, thingid=983c2b68-f9a3-4e83-b3c6-9f6f8ad5431b, thingarn=arn:aws:iot:us-east-1:507441099951:thing/iot-device-01, thingtypename=null, attributes={installed=1594665292, latitude=37.4133144, longitude=-122.1513069}, version=1, billinggroupname=null}","2020-11-26 00:00:00.000"
"iot-device-03","1.5946521272794578E9","51.9","71.78","false","false","0.0079","0.0051","0.021","2020-11-26T17:26:16.070+0000","{defaultclientid=iot-device-03, thingname=iot-device-03, thingid=877352b9-a35d-45d3-9c98-162d89965a13, thingarn=arn:aws:iot:us-east-1:507441099951:thing/iot-device-03, thingtypename=null, attributes={installed=1592562234, latitude=37.4133144, longitude=-122.1513069}, version=1, billinggroupname=null}","2020-11-26 00:00:00.000"
"iot-device-01","1.5946521301781902E9","75.1","67.1","false","false","0.0065","0.0039","0.017","2020-11-26T17:26:16.364+0000","{defaultclientid=iot-device-01, thingname=iot-device-01, thingid=983c2b68-f9a3-4e83-b3c6-9f6f8ad5431b, thingarn=arn:aws:iot:us-east-1:507441099951:thing/iot-device-01, thingtypename=null, attributes={installed=1594665292, latitude=37.4133144, longitude=-122.1513069}, version=1, billinggroupname=null}","2020-11-26 00:00:00.000"
"iot-device-03","1.5946521309649348E9","51.9","71.96","false","false","0.0079","0.0051","0.021","2020-11-26T17:26:16.810+0000","{defaultclientid=iot-device-03, thingname=iot-device-03, thingid=877352b9-a35d-45d3-9c98-162d89965a13, thingarn=arn:aws:iot:us-east-1:507441099951:thing/iot-device-03, thingtypename=null, attributes={installed=1592562234, latitude=37.4133144, longitude=-122.1513069}, version=1, billinggroupname=null}","2020-11-26 00:00:00.000"
"iot-device-02","1.5946521331056778E9","61.7","74.66","true","false","0.007","0.0043","0.0184","2020-11-26T17:26:17.109+0000","{defaultclientid=iot-device-02, thingname=iot-device-02, thingid=4ae4927a-aefb-4584-a45a-fc4839feffd6, thingarn=arn:aws:iot:us-east-1:507441099951:thing/iot-device-02, thingtypename=null, attributes={installed=1593361211, latitude=32.8205865, longitude=-96.871627}, version=1, billinggroupname=null}","2020-11-26 00:00:00.000"
"iot-device-03","1.5946521346516163E9","51.9","71.78","false","false","0.0079","0.0052","0.0211","2020-11-26T17:26:17.409+0000","{defaultclientid=iot-device-03, thingname=iot-device-03, thingid=877352b9-a35d-45d3-9c98-162d89965a13, thingarn=arn:aws:iot:us-east-1:507441099951:thing/iot-device-03, thingtypename=null, attributes={installed=1592562234, latitude=37.4133144, longitude=-122.1513069}, version=1, billinggroupname=null}","2020-11-26 00:00:00.000"
"iot-device-01","1.5946521366811552E9","75.1","67.1","false","false","0.0065","0.0039","0.017","2020-11-26T17:26:17.711+0000","{defaultclientid=iot-device-01, thingname=iot-device-01, thingid=983c2b68-f9a3-4e83-b3c6-9f6f8ad5431b, thingarn=arn:aws:iot:us-east-1:507441099951:thing/iot-device-01, thingtypename=null, attributes={installed=1594665292, latitude=37.4133144, longitude=-122.1513069}, version=1, billinggroupname=null}","2020-11-26 00:00:00.000"
"iot-device-02","1.5946521574466848E9","61.8","74.66","true","false","0.0069","0.0043","0.0183","2020-11-26T17:26:20.918+0000","{defaultclientid=iot-device-02, thingname=iot-device-02, thingid=4ae4927a-aefb-4584-a45a-fc4839feffd6, thingarn=arn:aws:iot:us-east-1:507441099951:thing/iot-device-02, thingtypename=null, attributes={installed=1593361211, latitude=32.8205865, longitude=-96.871627}, version=1, billinggroupname=null}","2020-11-26 00:00:00.000"
"iot-device-01","1.5946521574723213E9","75.2","67.1","false","false","0.0065","0.0039","0.017","2020-11-26T17:26:21.235+0000","{defaultclientid=iot-device-01, thingname=iot-device-01, thingid=983c2b68-f9a3-4e83-b3c6-9f6f8ad5431b, thingarn=arn:aws:iot:us-east-1:507441099951:thing/iot-device-01, thingtypename=null, attributes={installed=1594665292, latitude=37.4133144, longitude=-122.1513069}, version=1, billinggroupname=null}","2020-11-26 00:00:00.000"
"iot-device-03","1.594652160447235E9","51.9","71.78","false","false","0.0079","0.0052","0.021","2020-11-26T17:26:21.530+0000","{defaultclientid=iot-device-03, thingname=iot-device-03, thingid=877352b9-a35d-45d3-9c98-162d89965a13, thingarn=arn:aws:iot:us-east-1:507441099951:thing/iot-device-03, thingtypename=null, attributes={installed=1592562234, latitude=37.4133144, longitude=-122.1513069}, version=1, billinggroupname=null}","2020-11-26 00:00:00.000"
"iot-device-01","1.5946521613054993E9","75.1","67.1","false","false","0.0065","0.0039","0.017","2020-11-26T17:26:21.822+0000","{defaultclientid=iot-device-01, thingname=iot-device-01, thingid=983c2b68-f9a3-4e83-b3c6-9f6f8ad5431b, thingarn=arn:aws:iot:us-east-1:507441099951:thing/iot-device-01, thingtypename=null, attributes={installed=1594665292, latitude=37.4133144, longitude=-122.1513069}, version=1, billinggroupname=null}","2020-11-26 00:00:00.000"
"iot-device-02","1.5946521639720602E9","61.8","74.66","true","false","0.0069","0.0043","0.0183","2020-11-26T17:26:22.119+0000","{defaultclientid=iot-device-02, thingname=iot-device-02, thingid=4ae4927a-aefb-4584-a45a-fc4839feffd6, thingarn=arn:aws:iot:us-east-1:507441099951:thing/iot-device-02, thingtypename=null, attributes={installed=1593361211, latitude=32.8205865, longitude=-96.871627}, version=1, billinggroupname=null}","2020-11-26 00:00:00.000"
"iot-device-03","1.5946521641330595E9","52.0","71.78","false","false","0.0079","0.0052","0.0211","2020-11-26T17:26:22.410+0000","{defaultclientid=iot-device-03, thingname=iot-device-03, thingid=877352b9-a35d-45d3-9c98-162d89965a13, thingarn=arn:aws:iot:us-east-1:507441099951:thing/iot-device-03, thingtypename=null, attributes={installed=1592562234, latitude=37.4133144, longitude=-122.1513069}, version=1, billinggroupname=null}","2020-11-26 00:00:00.000"
"iot-device-01","1.5946521656573238E9","75.1","67.1","false","false","0.0065","0.0039","0.017","2020-11-26T17:26:22.701+0000","{defaultclientid=iot-device-01, thingname=iot-device-01, thingid=983c2b68-f9a3-4e83-b3c6-9f6f8ad5431b, thingarn=arn:aws:iot:us-east-1:507441099951:thing/iot-device-01, thingtypename=null, attributes={installed=1594665292, latitude=37.4133144, longitude=-122.1513069}, version=1, billinggroupname=null}","2020-11-26 00:00:00.000"
"iot-device-03","1.5946521678195589E9","52.0","71.96","false","false","0.0079","0.0052","0.0211","2020-11-26T17:26:22.989+0000","{defaultclientid=iot-device-03, thingname=iot-device-03, thingid=877352b9-a35d-45d3-9c98-162d89965a13, thingarn=arn:aws:iot:us-east-1:507441099951:thing/iot-device-03, thingtypename=null, attributes={installed=1592562234, latitude=37.4133144, longitude=-122.1513069}, version=1, billinggroupname=null}","2020-11-26 00:00:00.000"
"iot-device-02","1.5946521699208648E9","61.8","74.66","true","false","0.0069","0.0043","0.0183","2020-11-26T17:26:23.281+0000","{defaultclientid=iot-device-02, thingname=iot-device-02, thingid=4ae4927a-aefb-4584-a45a-fc4839feffd6, thingarn=arn:aws:iot:us-east-1:507441099951:thing/iot-device-02, thingtypename=null, attributes={installed=1593361211, latitude=32.8205865, longitude=-96.871627}, version=1, billinggroupname=null}","2020-11-26 00:00:00.000"
"iot-device-03","1.5946521715037608E9","52.0","71.78","false","false","0.0079","0.0052","0.0211","2020-11-26T17:26:23.578+0000","{defaultclientid=iot-device-03, thingname=iot-device-03, thingid=877352b9-a35d-45d3-9c98-162d89965a13, thingarn=arn:aws:iot:us-east-1:507441099951:thing/iot-device-03, thingtypename=null, attributes={installed=1592562234, latitude=37.4133144, longitude=-122.1513069}, version=1, billinggroupname=null}","2020-11-26 00:00:00.000"
"iot-device-01","1.594652099821281E9","75.1","67.1","false","false","0.0064","0.0039","0.0169","2020-11-26T17:26:11.960+0000","{defaultclientid=iot-device-01, thingname=iot-device-01, thingid=983c2b68-f9a3-4e83-b3c6-9f6f8ad5431b, thingarn=arn:aws:iot:us-east-1:507441099951:thing/iot-device-01, thingtypename=null, attributes={installed=1594665292, latitude=37.4133144, longitude=-122.1513069}, version=1, billinggroupname=null}","2020-11-26 00:00:00.000"
"iot-device-03","1.5946521014851575E9","52.0","71.78","false","false","0.0079","0.0051","0.021","2020-11-26T17:26:12.258+0000","{defaultclientid=iot-device-03, thingname=iot-device-03, thingid=877352b9-a35d-45d3-9c98-162d89965a13, thingarn=arn:aws:iot:us-east-1:507441099951:thing/iot-device-03, thingtypename=null, attributes={installed=1592562234, latitude=37.4133144, longitude=-122.1513069}, version=1, billinggroupname=null}","2020-11-26 00:00:00.000"
"iot-device-02","1.5946521037704928E9","62.5","74.66","true","false","0.0069","0.0043","0.0183","2020-11-26T17:26:12.554+0000","{defaultclientid=iot-device-02, thingname=iot-device-02, thingid=4ae4927a-aefb-4584-a45a-fc4839feffd6, thingarn=arn:aws:iot:us-east-1:507441099951:thing/iot-device-02, thingtypename=null, attributes={installed=1593361211, latitude=32.8205865, longitude=-96.871627}, version=1, billinggroupname=null}","2020-11-26 00:00:00.000"
"iot-device-03","1.5946521051710505E9","51.9","71.78","false","false","0.0079","0.0052","0.021","2020-11-26T17:26:12.852+0000","{defaultclientid=iot-device-03, thingname=iot-device-03, thingid=877352b9-a35d-45d3-9c98-162d89965a13, thingarn=arn:aws:iot:us-east-1:507441099951:thing/iot-device-03, thingtypename=null, attributes={installed=1592562234, latitude=37.4133144, longitude=-122.1513069}, version=1, billinggroupname=null}","2020-11-26 00:00:00.000"
"iot-device-01","1.5946521063173597E9","75.1","67.1","false","false","0.0066","0.004","0.0173","2020-11-26T17:26:13.148+0000","{defaultclientid=iot-device-01, thingname=iot-device-01, thingid=983c2b68-f9a3-4e83-b3c6-9f6f8ad5431b, thingarn=arn:aws:iot:us-east-1:507441099951:thing/iot-device-01, thingtypename=null, attributes={installed=1594665292, latitude=37.4133144, longitude=-122.1513069}, version=1, billinggroupname=null}","2020-11-26 00:00:00.000"
"iot-device-03","1.5946521088570328E9","51.9","71.96","false","false","0.0079","0.0052","0.0211","2020-11-26T17:26:13.453+0000","{defaultclientid=iot-device-03, thingname=iot-device-03, thingid=877352b9-a35d-45d3-9c98-162d89965a13, thingarn=arn:aws:iot:us-east-1:507441099951:thing/iot-device-03, thingtypename=null, attributes={installed=1592562234, latitude=37.4133144, longitude=-122.1513069}, version=1, billinggroupname=null}","2020-11-26 00:00:00.000"
"iot-device-03","1.5946521125431495E9","51.9","71.78","false","false","0.0079","0.0052","0.0211","2020-11-26T17:26:13.738+0000","{defaultclientid=iot-device-03, thingname=iot-device-03, thingid=877352b9-a35d-45d3-9c98-162d89965a13, thingarn=arn:aws:iot:us-east-1:507441099951:thing/iot-device-03, thingtypename=null, attributes={installed=1592562234, latitude=37.4133144, longitude=-122.1513069}, version=1, billinggroupname=null}","2020-11-26 00:00:00.000"
"iot-device-02","1.5946521145500324E9","61.9","74.66","true","false","0.0069","0.0043","0.0183","2020-11-26T17:26:14.020+0000","{defaultclientid=iot-device-02, thingname=iot-device-02, thingid=4ae4927a-aefb-4584-a45a-fc4839feffd6, thingarn=arn:aws:iot:us-east-1:507441099951:thing/iot-device-02, thingtypename=null, attributes={installed=1593361211, latitude=32.8205865, longitude=-96.871627}, version=1, billinggroupname=null}","2020-11-26 00:00:00.000"
"iot-device-01","1.594652115016493E9","75.1","67.1","false","false","0.0064","0.0039","0.0169","2020-11-26T17:26:14.319+0000","{defaultclientid=iot-device-01, thingname=iot-device-01, thingid=983c2b68-f9a3-4e83-b3c6-9f6f8ad5431b, thingarn=arn:aws:iot:us-east-1:507441099951:thing/iot-device-01, thingtypename=null, attributes={installed=1594665292, latitude=37.4133144, longitude=-122.1513069}, version=1, billinggroupname=null}","2020-11-26 00:00:00.000"
"iot-device-03","1.5946521162270105E9","51.9","71.78","false","false","0.0079","0.0052","0.0211","2020-11-26T17:26:14.610+0000","{defaultclientid=iot-device-03, thingname=iot-device-03, thingid=877352b9-a35d-45d3-9c98-162d89965a13, thingarn=arn:aws:iot:us-east-1:507441099951:thing/iot-device-03, thingtypename=null, attributes={installed=1592562234, latitude=37.4133144, longitude=-122.1513069}, version=1, billinggroupname=null}","2020-11-26 00:00:00.000"
"iot-device-03","1.5946543208580287E9","49.4","71.06","false","false","0.0079","0.0052","0.0211","2020-11-26T17:26:29.787+0000","{defaultclientid=iot-device-03, thingname=iot-device-03, thingid=877352b9-a35d-45d3-9c98-162d89965a13, thingarn=arn:aws:iot:us-east-1:507441099951:thing/iot-device-03, thingtypename=null, attributes={installed=1592562234, latitude=37.4133144, longitude=-122.1513069}, version=1, billinggroupname=null}","2020-11-26 00:00:00.000"
"iot-device-02","1.5946543058377097E9","61.7","75.02","true","false","0.0068","0.0042","0.018","2020-11-26T17:26:26.838+0000","{defaultclientid=iot-device-02, thingname=iot-device-02, thingid=4ae4927a-aefb-4584-a45a-fc4839feffd6, thingarn=arn:aws:iot:us-east-1:507441099951:thing/iot-device-02, thingtypename=null, attributes={installed=1593361211, latitude=32.8205865, longitude=-96.871627}, version=1, billinggroupname=null}","2020-11-26 00:00:00.000"
"iot-device-03","1.594654305868654E9","49.3","71.06","false","false","0.0079","0.0052","0.0211","2020-11-26T17:26:27.132+0000","{defaultclientid=iot-device-03, thingname=iot-device-03, thingid=877352b9-a35d-45d3-9c98-162d89965a13, thingarn=arn:aws:iot:us-east-1:507441099951:thing/iot-device-03, thingtypename=null, attributes={installed=1592562234, latitude=37.4133144, longitude=-122.1513069}, version=1, billinggroupname=null}","2020-11-26 00:00:00.000"
"iot-device-03","1.5946543098002524E9","49.3","71.06","false","false","0.0079","0.0052","0.0212","2020-11-26T17:26:27.432+0000","{defaultclientid=iot-device-03, thingname=iot-device-03, thingid=877352b9-a35d-45d3-9c98-162d89965a13, thingarn=arn:aws:iot:us-east-1:507441099951:thing/iot-device-03, thingtypename=null, attributes={installed=1592562234, latitude=37.4133144, longitude=-122.1513069}, version=1, billinggroupname=null}","2020-11-26 00:00:00.000"
"iot-device-01","1.5946543106764212E9","74.2","66.56","false","false","0.0066","0.004","0.0173","2020-11-26T17:26:27.720+0000","{defaultclientid=iot-device-01, thingname=iot-device-01, thingid=983c2b68-f9a3-4e83-b3c6-9f6f8ad5431b, thingarn=arn:aws:iot:us-east-1:507441099951:thing/iot-device-01, thingtypename=null, attributes={installed=1594665292, latitude=37.4133144, longitude=-122.1513069}, version=1, billinggroupname=null}","2020-11-26 00:00:00.000"
"iot-device-02","1.594654310715417E9","61.8","75.2","true","false","0.0068","0.0042","0.018","2020-11-26T17:26:28.020+0000","{defaultclientid=iot-device-02, thingname=iot-device-02, thingid=4ae4927a-aefb-4584-a45a-fc4839feffd6, thingarn=arn:aws:iot:us-east-1:507441099951:thing/iot-device-02, thingtypename=null, attributes={installed=1593361211, latitude=32.8205865, longitude=-96.871627}, version=1, billinggroupname=null}","2020-11-26 00:00:00.000"
"iot-device-03","1.5946543134866168E9","49.4","71.06","false","false","0.0079","0.0052","0.021","2020-11-26T17:26:28.307+0000","{defaultclientid=iot-device-03, thingname=iot-device-03, thingid=877352b9-a35d-45d3-9c98-162d89965a13, thingarn=arn:aws:iot:us-east-1:507441099951:thing/iot-device-03, thingtypename=null, attributes={installed=1592562234, latitude=37.4133144, longitude=-122.1513069}, version=1, billinggroupname=null}","2020-11-26 00:00:00.000"
"iot-device-01","1.5946543145002527E9","74.3","66.56","false","false","0.0065","0.004","0.0172","2020-11-26T17:26:28.602+0000","{defaultclientid=iot-device-01, thingname=iot-device-01, thingid=983c2b68-f9a3-4e83-b3c6-9f6f8ad5431b, thingarn=arn:aws:iot:us-east-1:507441099951:thing/iot-device-01, thingtypename=null, attributes={installed=1594665292, latitude=37.4133144, longitude=-122.1513069}, version=1, billinggroupname=null}","2020-11-26 00:00:00.000"
"iot-device-02","1.5946543145219188E9","61.8","75.2","true","false","0.0068","0.0042","0.0181","2020-11-26T17:26:28.891+0000","{defaultclientid=iot-device-02, thingname=iot-device-02, thingid=4ae4927a-aefb-4584-a45a-fc4839feffd6, thingarn=arn:aws:iot:us-east-1:507441099951:thing/iot-device-02, thingtypename=null, attributes={installed=1593361211, latitude=32.8205865, longitude=-96.871627}, version=1, billinggroupname=null}","2020-11-26 00:00:00.000"
"iot-device-03","1.594654317172251E9","49.4","71.06","false","false","0.0079","0.0052","0.0211","2020-11-26T17:26:29.181+0000","{defaultclientid=iot-device-03, thingname=iot-device-03, thingid=877352b9-a35d-45d3-9c98-162d89965a13, thingarn=arn:aws:iot:us-east-1:507441099951:thing/iot-device-03, thingtypename=null, attributes={installed=1592562234, latitude=37.4133144, longitude=-122.1513069}, version=1, billinggroupname=null}","2020-11-26 00:00:00.000"
"iot-device-01","1.594654318314474E9","22.9","66.38","false","false","0.0066","0.004","0.0173","2020-11-26T17:26:29.476+0000","{defaultclientid=iot-device-01, thingname=iot-device-01, thingid=983c2b68-f9a3-4e83-b3c6-9f6f8ad5431b, thingarn=arn:aws:iot:us-east-1:507441099951:thing/iot-device-01, thingtypename=null, attributes={installed=1594665292, latitude=37.4133144, longitude=-122.1513069}, version=1, billinggroupname=null}","2020-11-26 00:00:00.000"
"iot-device-03","1.59465213833822E9","51.9","71.78","false","false","0.0079","0.0052","0.021","2020-11-26T17:26:17.999+0000","{defaultclientid=iot-device-03, thingname=iot-device-03, thingid=877352b9-a35d-45d3-9c98-162d89965a13, thingarn=arn:aws:iot:us-east-1:507441099951:thing/iot-device-03, thingtypename=null, attributes={installed=1592562234, latitude=37.4133144, longitude=-122.1513069}, version=1, billinggroupname=null}","2020-11-26 00:00:00.000"
"iot-device-02","1.5946521406616335E9","61.7","74.66","true","false","0.0069","0.0043","0.0184","2020-11-26T17:26:18.288+0000","{defaultclientid=iot-device-02, thingname=iot-device-02, thingid=4ae4927a-aefb-4584-a45a-fc4839feffd6, thingarn=arn:aws:iot:us-east-1:507441099951:thing/iot-device-02, thingtypename=null, attributes={installed=1593361211, latitude=32.8205865, longitude=-96.871627}, version=1, billinggroupname=null}","2020-11-26 00:00:00.000"
"iot-device-03","1.594652142025251E9","51.8","71.78","false","false","0.0079","0.0052","0.0211","2020-11-26T17:26:18.590+0000","{defaultclientid=iot-device-03, thingname=iot-device-03, thingid=877352b9-a35d-45d3-9c98-162d89965a13, thingarn=arn:aws:iot:us-east-1:507441099951:thing/iot-device-03, thingtypename=null, attributes={installed=1592562234, latitude=37.4133144, longitude=-122.1513069}, version=1, billinggroupname=null}","2020-11-26 00:00:00.000"
"iot-device-03","1.5946521457109025E9","51.9","71.78","false","false","0.0078","0.0051","0.021","2020-11-26T17:26:18.876+0000","{defaultclientid=iot-device-03, thingname=iot-device-03, thingid=877352b9-a35d-45d3-9c98-162d89965a13, thingarn=arn:aws:iot:us-east-1:507441099951:thing/iot-device-03, thingtypename=null, attributes={installed=1592562234, latitude=37.4133144, longitude=-122.1513069}, version=1, billinggroupname=null}","2020-11-26 00:00:00.000"
"iot-device-02","1.5946521492812777E9","61.7","74.66","true","false","0.007","0.0043","0.0184","2020-11-26T17:26:19.177+0000","{defaultclientid=iot-device-02, thingname=iot-device-02, thingid=4ae4927a-aefb-4584-a45a-fc4839feffd6, thingarn=arn:aws:iot:us-east-1:507441099951:thing/iot-device-02, thingtypename=null, attributes={installed=1593361211, latitude=32.8205865, longitude=-96.871627}, version=1, billinggroupname=null}","2020-11-26 00:00:00.000"
"iot-device-03","1.5946521493971226E9","51.9","71.78","false","false","0.0079","0.0052","0.0211","2020-11-26T17:26:19.462+0000","{defaultclientid=iot-device-03, thingname=iot-device-03, thingid=877352b9-a35d-45d3-9c98-162d89965a13, thingarn=arn:aws:iot:us-east-1:507441099951:thing/iot-device-03, thingtypename=null, attributes={installed=1592562234, latitude=37.4133144, longitude=-122.1513069}, version=1, billinggroupname=null}","2020-11-26 00:00:00.000"
"iot-device-01","1.5946521509680722E9","75.1","67.1","false","false","0.0065","0.0039","0.017","2020-11-26T17:26:19.762+0000","{defaultclientid=iot-device-01, thingname=iot-device-01, thingid=983c2b68-f9a3-4e83-b3c6-9f6f8ad5431b, thingarn=arn:aws:iot:us-east-1:507441099951:thing/iot-device-01, thingtypename=null, attributes={installed=1594665292, latitude=37.4133144, longitude=-122.1513069}, version=1, billinggroupname=null}","2020-11-26 00:00:00.000"
"iot-device-03","1.5946521530808606E9","52.0","71.96","false","false","0.0079","0.0052","0.021","2020-11-26T17:26:20.052+0000","{defaultclientid=iot-device-03, thingname=iot-device-03, thingid=877352b9-a35d-45d3-9c98-162d89965a13, thingarn=arn:aws:iot:us-east-1:507441099951:thing/iot-device-03, thingtypename=null, attributes={installed=1592562234, latitude=37.4133144, longitude=-122.1513069}, version=1, billinggroupname=null}","2020-11-26 00:00:00.000"
"iot-device-02","1.5946521530868876E9","61.7","74.66","true","false","0.007","0.0043","0.0184","2020-11-26T17:26:20.340+0000","{defaultclientid=iot-device-02, thingname=iot-device-02, thingid=4ae4927a-aefb-4584-a45a-fc4839feffd6, thingarn=arn:aws:iot:us-east-1:507441099951:thing/iot-device-02, thingtypename=null, attributes={installed=1593361211, latitude=32.8205865, longitude=-96.871627}, version=1, billinggroupname=null}","2020-11-26 00:00:00.000"
"iot-device-03","1.5946521567647722E9","51.9","71.78","false","false","0.0079","0.0052","0.0211","2020-11-26T17:26:20.629+0000","{defaultclientid=iot-device-03, thingname=iot-device-03, thingid=877352b9-a35d-45d3-9c98-162d89965a13, thingarn=arn:aws:iot:us-east-1:507441099951:thing/iot-device-03, thingtypename=null, attributes={installed=1592562234, latitude=37.4133144, longitude=-122.1513069}, version=1, billinggroupname=null}","2020-11-26 00:00:00.000"
"iot-device-01","1.5946521721888974E9","75.0","67.1","false","false","0.0064","0.0039","0.0169","2020-11-26T17:26:23.886+0000","{defaultclientid=iot-device-01, thingname=iot-device-01, thingid=983c2b68-f9a3-4e83-b3c6-9f6f8ad5431b, thingarn=arn:aws:iot:us-east-1:507441099951:thing/iot-device-01, thingtypename=null, attributes={installed=1594665292, latitude=37.4133144, longitude=-122.1513069}, version=1, billinggroupname=null}","2020-11-26 00:00:00.000"
"iot-device-02","1.5946521737300518E9","61.8","74.66","true","false","0.007","0.0043","0.0184","2020-11-26T17:26:24.181+0000","{defaultclientid=iot-device-02, thingname=iot-device-02, thingid=4ae4927a-aefb-4584-a45a-fc4839feffd6, thingarn=arn:aws:iot:us-east-1:507441099951:thing/iot-device-02, thingtypename=null, attributes={installed=1593361211, latitude=32.8205865, longitude=-96.871627}, version=1, billinggroupname=null}","2020-11-26 00:00:00.000"
"iot-device-03","1.5946521751875277E9","52.0","71.78","false","false","0.0079","0.0052","0.0211","2020-11-26T17:26:24.474+0000","{defaultclientid=iot-device-03, thingname=iot-device-03, thingid=877352b9-a35d-45d3-9c98-162d89965a13, thingarn=arn:aws:iot:us-east-1:507441099951:thing/iot-device-03, thingtypename=null, attributes={installed=1592562234, latitude=37.4133144, longitude=-122.1513069}, version=1, billinggroupname=null}","2020-11-26 00:00:00.000"
"iot-device-03","1.594654294810386E9","49.2","71.06","false","false","0.0079","0.0052","0.0211","2020-11-26T17:26:24.768+0000","{defaultclientid=iot-device-03, thingname=iot-device-03, thingid=877352b9-a35d-45d3-9c98-162d89965a13, thingarn=arn:aws:iot:us-east-1:507441099951:thing/iot-device-03, thingtypename=null, attributes={installed=1592562234, latitude=37.4133144, longitude=-122.1513069}, version=1, billinggroupname=null}","2020-11-26 00:00:00.000"
"iot-device-01","1.5946542960082679E9","74.1","66.56","false","false","0.0066","0.004","0.0173","2020-11-26T17:26:25.062+0000","{defaultclientid=iot-device-01, thingname=iot-device-01, thingid=983c2b68-f9a3-4e83-b3c6-9f6f8ad5431b, thingarn=arn:aws:iot:us-east-1:507441099951:thing/iot-device-01, thingtypename=null, attributes={installed=1594665292, latitude=37.4133144, longitude=-122.1513069}, version=1, billinggroupname=null}","2020-11-26 00:00:00.000"
"iot-device-03","1.5946542984961722E9","49.3","71.06","false","false","0.0079","0.0052","0.0211","2020-11-26T17:26:25.349+0000","{defaultclientid=iot-device-03, thingname=iot-device-03, thingid=877352b9-a35d-45d3-9c98-162d89965a13, thingarn=arn:aws:iot:us-east-1:507441099951:thing/iot-device-03, thingtypename=null, attributes={installed=1592562234, latitude=37.4133144, longitude=-122.1513069}, version=1, billinggroupname=null}","2020-11-26 00:00:00.000"
"iot-device-02","1.5946542993507562E9","61.8","75.2","true","false","0.0068","0.0042","0.018","2020-11-26T17:26:25.642+0000","{defaultclientid=iot-device-02, thingname=iot-device-02, thingid=4ae4927a-aefb-4584-a45a-fc4839feffd6, thingarn=arn:aws:iot:us-east-1:507441099951:thing/iot-device-02, thingtypename=null, attributes={installed=1593361211, latitude=32.8205865, longitude=-96.871627}, version=1, billinggroupname=null}","2020-11-26 00:00:00.000"
"iot-device-01","1.594654300903375E9","74.1","66.56","false","false","0.0066","0.004","0.0173","2020-11-26T17:26:25.960+0000","{defaultclientid=iot-device-01, thingname=iot-device-01, thingid=983c2b68-f9a3-4e83-b3c6-9f6f8ad5431b, thingarn=arn:aws:iot:us-east-1:507441099951:thing/iot-device-01, thingtypename=null, attributes={installed=1594665292, latitude=37.4133144, longitude=-122.1513069}, version=1, billinggroupname=null}","2020-11-26 00:00:00.000"
"iot-device-03","1.5946543021819868E9","49.3","71.06","false","false","0.0079","0.0052","0.0211","2020-11-26T17:26:26.260+0000","{defaultclientid=iot-device-03, thingname=iot-device-03, thingid=877352b9-a35d-45d3-9c98-162d89965a13, thingarn=arn:aws:iot:us-east-1:507441099951:thing/iot-device-03, thingtypename=null, attributes={installed=1592562234, latitude=37.4133144, longitude=-122.1513069}, version=1, billinggroupname=null}","2020-11-26 00:00:00.000"
"iot-device-01","1.5946543057909012E9","74.1","66.56","false","false","0.0066","0.004","0.0173","2020-11-26T17:26:26.552+0000","{defaultclientid=iot-device-01, thingname=iot-device-01, thingid=983c2b68-f9a3-4e83-b3c6-9f6f8ad5431b, thingarn=arn:aws:iot:us-east-1:507441099951:thing/iot-device-01, thingtypename=null, attributes={installed=1594665292, latitude=37.4133144, longitude=-122.1513069}, version=1, billinggroupname=null}","2020-11-26 00:00:00.000"
"iot-device-03","1.5946324929267614E9","49.8","70.88","false","false","0.0078","0.0051","0.0209","2020-11-26T17:14:00.100+0000","{defaultclientid=iot-device-03, thingname=iot-device-03, thingid=877352b9-a35d-45d3-9c98-162d89965a13, thingarn=arn:aws:iot:us-east-1:507441099951:thing/iot-device-03, thingtypename=null, attributes={installed=1592562234, latitude=37.4133144, longitude=-122.1513069}, version=1, billinggroupname=null}","2020-11-26 00:00:00.000"
"iot-device-03","1.594632496612833E9","49.8","70.88","false","false","0.0078","0.0051","0.0209","2020-11-26T17:14:00.388+0000","{defaultclientid=iot-device-03, thingname=iot-device-03, thingid=877352b9-a35d-45d3-9c98-162d89965a13, thingarn=arn:aws:iot:us-east-1:507441099951:thing/iot-device-03, thingtypename=null, attributes={installed=1592562234, latitude=37.4133144, longitude=-122.1513069}, version=1, billinggroupname=null}","2020-11-26 00:00:00.000"
"iot-device-02","1.5946324966374333E9","59.5","75.02","true","false","0.0073","0.0046","0.0194","2020-11-26T17:14:00.679+0000","{defaultclientid=iot-device-02, thingname=iot-device-02, thingid=4ae4927a-aefb-4584-a45a-fc4839feffd6, thingarn=arn:aws:iot:us-east-1:507441099951:thing/iot-device-02, thingtypename=null, attributes={installed=1593361211, latitude=32.8205865, longitude=-96.871627}, version=1, billinggroupname=null}","2020-11-26 00:00:00.000"
"iot-device-03","1.5946325002986796E9","49.8","71.06","false","false","0.0078","0.0051","0.0209","2020-11-26T17:14:00.972+0000","{defaultclientid=iot-device-03, thingname=iot-device-03, thingid=877352b9-a35d-45d3-9c98-162d89965a13, thingarn=arn:aws:iot:us-east-1:507441099951:thing/iot-device-03, thingtypename=null, attributes={installed=1592562234, latitude=37.4133144, longitude=-122.1513069}, version=1, billinggroupname=null}","2020-11-26 00:00:00.000"
"iot-device-02","1.594632500980299E9","59.4","75.02","true","false","0.0072","0.0046","0.0192","2020-11-26T17:14:01.268+0000","{defaultclientid=iot-device-02, thingname=iot-device-02, thingid=4ae4927a-aefb-4584-a45a-fc4839feffd6, thingarn=arn:aws:iot:us-east-1:507441099951:thing/iot-device-02, thingtypename=null, attributes={installed=1593361211, latitude=32.8205865, longitude=-96.871627}, version=1, billinggroupname=null}","2020-11-26 00:00:00.000"
"iot-device-03","1.5946325039847286E9","49.7","70.88","false","false","0.0078","0.0051","0.0208","2020-11-26T17:14:01.577+0000","{defaultclientid=iot-device-03, thingname=iot-device-03, thingid=877352b9-a35d-45d3-9c98-162d89965a13, thingarn=arn:aws:iot:us-east-1:507441099951:thing/iot-device-03, thingtypename=null, attributes={installed=1592562234, latitude=37.4133144, longitude=-122.1513069}, version=1, billinggroupname=null}","2020-11-26 00:00:00.000"
"iot-device-01","1.5946325055680025E9","74.5","67.1","false","false","0.0065","0.0039","0.017","2020-11-26T17:14:01.868+0000","{defaultclientid=iot-device-01, thingname=iot-device-01, thingid=983c2b68-f9a3-4e83-b3c6-9f6f8ad5431b, thingarn=arn:aws:iot:us-east-1:507441099951:thing/iot-device-01, thingtypename=null, attributes={installed=1594665292, latitude=37.4133144, longitude=-122.1513069}, version=1, billinggroupname=null}","2020-11-26 00:00:00.000"
"iot-device-02","1.5946325069260025E9","59.4","75.02","true","false","0.0073","0.0047","0.0195","2020-11-26T17:14:02.167+0000","{defaultclientid=iot-device-02, thingname=iot-device-02, thingid=4ae4927a-aefb-4584-a45a-fc4839feffd6, thingarn=arn:aws:iot:us-east-1:507441099951:thing/iot-device-02, thingtypename=null, attributes={installed=1593361211, latitude=32.8205865, longitude=-96.871627}, version=1, billinggroupname=null}","2020-11-26 00:00:00.000"
"iot-device-03","1.5946325076711204E9","49.7","70.88","false","false","0.0078","0.0051","0.0209","2020-11-26T17:14:02.455+0000","{defaultclientid=iot-device-03, thingname=iot-device-03, thingid=877352b9-a35d-45d3-9c98-162d89965a13, thingarn=arn:aws:iot:us-east-1:507441099951:thing/iot-device-03, thingtypename=null, attributes={installed=1592562234, latitude=37.4133144, longitude=-122.1513069}, version=1, billinggroupname=null}","2020-11-26 00:00:00.000"
"iot-device-01","1.5946325104588046E9","74.4","67.1","false","false","0.0065","0.0039","0.017","2020-11-26T17:14:02.742+0000","{defaultclientid=iot-device-01, thingname=iot-device-01, thingid=983c2b68-f9a3-4e83-b3c6-9f6f8ad5431b, thingarn=arn:aws:iot:us-east-1:507441099951:thing/iot-device-01, thingtypename=null, attributes={installed=1594665292, latitude=37.4133144, longitude=-122.1513069}, version=1, billinggroupname=null}","2020-11-26 00:00:00.000"
"iot-device-03","1.5946325113569865E9","49.7","70.88","false","false","0.0078","0.0051","0.0209","2020-11-26T17:14:03.040+0000","{defaultclientid=iot-device-03, thingname=iot-device-03, thingid=877352b9-a35d-45d3-9c98-162d89965a13, thingarn=arn:aws:iot:us-east-1:507441099951:thing/iot-device-03, thingtypename=null, attributes={installed=1592562234, latitude=37.4133144, longitude=-122.1513069}, version=1, billinggroupname=null}","2020-11-26 00:00:00.000"
"iot-device-01","1.594632514808216E9","74.4","67.28","false","false","0.0064","0.0038","0.0168","2020-11-26T17:14:03.330+0000","{defaultclientid=iot-device-01, thingname=iot-device-01, thingid=983c2b68-f9a3-4e83-b3c6-9f6f8ad5431b, thingarn=arn:aws:iot:us-east-1:507441099951:thing/iot-device-01, thingtypename=null, attributes={installed=1594665292, latitude=37.4133144, longitude=-122.1513069}, version=1, billinggroupname=null}","2020-11-26 00:00:00.000"
"iot-device-02","1.594632515010806E9","59.4","75.02","true","false","0.0073","0.0046","0.0194","2020-11-26T17:14:03.620+0000","{defaultclientid=iot-device-02, thingname=iot-device-02, thingid=4ae4927a-aefb-4584-a45a-fc4839feffd6, thingarn=arn:aws:iot:us-east-1:507441099951:thing/iot-device-02, thingtypename=null, attributes={installed=1593361211, latitude=32.8205865, longitude=-96.871627}, version=1, billinggroupname=null}","2020-11-26 00:00:00.000"
"iot-device-03","1.5946325150429876E9","49.6","70.88","false","false","0.0078","0.0051","0.0209","2020-11-26T17:14:03.919+0000","{defaultclientid=iot-device-03, thingname=iot-device-03, thingid=877352b9-a35d-45d3-9c98-162d89965a13, thingarn=arn:aws:iot:us-east-1:507441099951:thing/iot-device-03, thingtypename=null, attributes={installed=1592562234, latitude=37.4133144, longitude=-122.1513069}, version=1, billinggroupname=null}","2020-11-26 00:00:00.000"
"iot-device-03","1.5946325187288013E9","49.6","70.88","false","false","0.0078","0.0051","0.0209","2020-11-26T17:14:04.254+0000","{defaultclientid=iot-device-03, thingname=iot-device-03, thingid=877352b9-a35d-45d3-9c98-162d89965a13, thingarn=arn:aws:iot:us-east-1:507441099951:thing/iot-device-03, thingtypename=null, attributes={installed=1592562234, latitude=37.4133144, longitude=-122.1513069}, version=1, billinggroupname=null}","2020-11-26 00:00:00.000"
"iot-device-01","1.594632519160027E9","74.4","67.1","false","false","0.0064","0.0039","0.0169","2020-11-26T17:14:04.552+0000","{defaultclientid=iot-device-01, thingname=iot-device-01, thingid=983c2b68-f9a3-4e83-b3c6-9f6f8ad5431b, thingarn=arn:aws:iot:us-east-1:507441099951:thing/iot-device-01, thingtypename=null, attributes={installed=1594665292, latitude=37.4133144, longitude=-122.1513069}, version=1, billinggroupname=null}","2020-11-26 00:00:00.000"
"iot-device-02","1.5946325193533947E9","59.4","75.02","true","false","0.0073","0.0046","0.0194","2020-11-26T17:14:04.838+0000","{defaultclientid=iot-device-02, thingname=iot-device-02, thingid=4ae4927a-aefb-4584-a45a-fc4839feffd6, thingarn=arn:aws:iot:us-east-1:507441099951:thing/iot-device-02, thingtypename=null, attributes={installed=1593361211, latitude=32.8205865, longitude=-96.871627}, version=1, billinggroupname=null}","2020-11-26 00:00:00.000"
"iot-device-03","1.5946325224147182E9","49.5","70.88","false","false","0.0078","0.0051","0.0209","2020-11-26T17:14:05.129+0000","{defaultclientid=iot-device-03, thingname=iot-device-03, thingid=877352b9-a35d-45d3-9c98-162d89965a13, thingarn=arn:aws:iot:us-east-1:507441099951:thing/iot-device-03, thingtypename=null, attributes={installed=1592562234, latitude=37.4133144, longitude=-122.1513069}, version=1, billinggroupname=null}","2020-11-26 00:00:00.000"
"iot-device-02","1.5946325231616688E9","59.4","75.02","true","false","0.0073","0.0047","0.0195","2020-11-26T17:14:05.443+0000","{defaultclientid=iot-device-02, thingname=iot-device-02, thingid=4ae4927a-aefb-4584-a45a-fc4839feffd6, thingarn=arn:aws:iot:us-east-1:507441099951:thing/iot-device-02, thingtypename=null, attributes={installed=1593361211, latitude=32.8205865, longitude=-96.871627}, version=1, billinggroupname=null}","2020-11-26 00:00:00.000"
"iot-device-01","1.5946325240519507E9","74.5","67.1","false","false","0.0064","0.0039","0.0169","2020-11-26T17:14:05.730+0000","{defaultclientid=iot-device-01, thingname=iot-device-01, thingid=983c2b68-f9a3-4e83-b3c6-9f6f8ad5431b, thingarn=arn:aws:iot:us-east-1:507441099951:thing/iot-device-01, thingtypename=null, attributes={installed=1594665292, latitude=37.4133144, longitude=-122.1513069}, version=1, billinggroupname=null}","2020-11-26 00:00:00.000"
"iot-device-03","1.59463254084488E9","49.5","70.88","false","false","0.0078","0.0051","0.0208","2020-11-26T17:14:09.028+0000","{defaultclientid=iot-device-03, thingname=iot-device-03, thingid=877352b9-a35d-45d3-9c98-162d89965a13, thingarn=arn:aws:iot:us-east-1:507441099951:thing/iot-device-03, thingtypename=null, attributes={installed=1592562234, latitude=37.4133144, longitude=-122.1513069}, version=1, billinggroupname=null}","2020-11-26 00:00:00.000"
"iot-device-02","1.5946325410851223E9","59.5","75.02","true","false","0.0073","0.0047","0.0195","2020-11-26T17:14:09.326+0000","{defaultclientid=iot-device-02, thingname=iot-device-02, thingid=4ae4927a-aefb-4584-a45a-fc4839feffd6, thingarn=arn:aws:iot:us-east-1:507441099951:thing/iot-device-02, thingtypename=null, attributes={installed=1593361211, latitude=32.8205865, longitude=-96.871627}, version=1, billinggroupname=null}","2020-11-26 00:00:00.000"
"iot-device-01","1.5946325430806928E9","74.6","67.1","false","false","0.0063","0.0038","0.0167","2020-11-26T17:14:09.622+0000","{defaultclientid=iot-device-01, thingname=iot-device-01, thingid=983c2b68-f9a3-4e83-b3c6-9f6f8ad5431b, thingarn=arn:aws:iot:us-east-1:507441099951:thing/iot-device-01, thingtypename=null, attributes={installed=1594665292, latitude=37.4133144, longitude=-122.1513069}, version=1, billinggroupname=null}","2020-11-26 00:00:00.000"
"iot-device-03","1.5946325445330176E9","49.5","70.88","false","false","0.0078","0.0051","0.0209","2020-11-26T17:14:09.909+0000","{defaultclientid=iot-device-03, thingname=iot-device-03, thingid=877352b9-a35d-45d3-9c98-162d89965a13, thingarn=arn:aws:iot:us-east-1:507441099951:thing/iot-device-03, thingtypename=null, attributes={installed=1592562234, latitude=37.4133144, longitude=-122.1513069}, version=1, billinggroupname=null}","2020-11-26 00:00:00.000"
"iot-device-01","1.594632546896003E9","74.6","67.1","false","false","0.0064","0.0038","0.0168","2020-11-26T17:14:10.201+0000","{defaultclientid=iot-device-01, thingname=iot-device-01, thingid=983c2b68-f9a3-4e83-b3c6-9f6f8ad5431b, thingarn=arn:aws:iot:us-east-1:507441099951:thing/iot-device-01, thingtypename=null, attributes={installed=1594665292, latitude=37.4133144, longitude=-122.1513069}, version=1, billinggroupname=null}","2020-11-26 00:00:00.000"
"iot-device-02","1.5946325475702055E9","59.5","75.02","true","false","0.0074","0.0048","0.0198","2020-11-26T17:14:10.505+0000","{defaultclientid=iot-device-02, thingname=iot-device-02, thingid=4ae4927a-aefb-4584-a45a-fc4839feffd6, thingarn=arn:aws:iot:us-east-1:507441099951:thing/iot-device-02, thingtypename=null, attributes={installed=1593361211, latitude=32.8205865, longitude=-96.871627}, version=1, billinggroupname=null}","2020-11-26 00:00:00.000"
"iot-device-03","1.5946325482179596E9","49.4","70.88","false","false","0.0078","0.0051","0.0209","2020-11-26T17:14:10.791+0000","{defaultclientid=iot-device-03, thingname=iot-device-03, thingid=877352b9-a35d-45d3-9c98-162d89965a13, thingarn=arn:aws:iot:us-east-1:507441099951:thing/iot-device-03, thingtypename=null, attributes={installed=1592562234, latitude=37.4133144, longitude=-122.1513069}, version=1, billinggroupname=null}","2020-11-26 00:00:00.000"
"iot-device-02","1.5946325513770163E9","59.5","75.02","true","false","0.0075","0.0048","0.0199","2020-11-26T17:14:11.101+0000","{defaultclientid=iot-device-02, thingname=iot-device-02, thingid=4ae4927a-aefb-4584-a45a-fc4839feffd6, thingarn=arn:aws:iot:us-east-1:507441099951:thing/iot-device-02, thingtypename=null, attributes={installed=1593361211, latitude=32.8205865, longitude=-96.871627}, version=1, billinggroupname=null}","2020-11-26 00:00:00.000"
"iot-device-03","1.5946325519033878E9","49.4","70.88","false","false","0.0078","0.0051","0.021","2020-11-26T17:14:11.392+0000","{defaultclientid=iot-device-03, thingname=iot-device-03, thingid=877352b9-a35d-45d3-9c98-162d89965a13, thingarn=arn:aws:iot:us-east-1:507441099951:thing/iot-device-03, thingtypename=null, attributes={installed=1592562234, latitude=37.4133144, longitude=-122.1513069}, version=1, billinggroupname=null}","2020-11-26 00:00:00.000"
"iot-device-03","1.5946325555899858E9","49.4","70.88","false","false","0.0078","0.0051","0.0209","2020-11-26T17:14:11.679+0000","{defaultclientid=iot-device-03, thingname=iot-device-03, thingid=877352b9-a35d-45d3-9c98-162d89965a13, thingarn=arn:aws:iot:us-east-1:507441099951:thing/iot-device-03, thingtypename=null, attributes={installed=1592562234, latitude=37.4133144, longitude=-122.1513069}, version=1, billinggroupname=null}","2020-11-26 00:00:00.000"
"iot-device-03","1.5946325261011164E9","49.6","70.88","false","false","0.0078","0.0051","0.021","2020-11-26T17:14:06.024+0000","{defaultclientid=iot-device-03, thingname=iot-device-03, thingid=877352b9-a35d-45d3-9c98-162d89965a13, thingarn=arn:aws:iot:us-east-1:507441099951:thing/iot-device-03, thingtypename=null, attributes={installed=1592562234, latitude=37.4133144, longitude=-122.1513069}, version=1, billinggroupname=null}","2020-11-26 00:00:00.000"
"iot-device-02","1.5946325269714193E9","59.4","75.02","true","false","0.0073","0.0046","0.0194","2020-11-26T17:14:06.317+0000","{defaultclientid=iot-device-02, thingname=iot-device-02, thingid=4ae4927a-aefb-4584-a45a-fc4839feffd6, thingarn=arn:aws:iot:us-east-1:507441099951:thing/iot-device-02, thingtypename=null, attributes={installed=1593361211, latitude=32.8205865, longitude=-96.871627}, version=1, billinggroupname=null}","2020-11-26 00:00:00.000"
"iot-device-01","1.5946325294790778E9","74.6","67.1","false","false","0.0064","0.0039","0.0169","2020-11-26T17:14:06.612+0000","{defaultclientid=iot-device-01, thingname=iot-device-01, thingid=983c2b68-f9a3-4e83-b3c6-9f6f8ad5431b, thingarn=arn:aws:iot:us-east-1:507441099951:thing/iot-device-01, thingtypename=null, attributes={installed=1594665292, latitude=37.4133144, longitude=-122.1513069}, version=1, billinggroupname=null}","2020-11-26 00:00:00.000"
"iot-device-03","1.5946325297871473E9","49.6","70.88","false","false","0.0078","0.0051","0.0209","2020-11-26T17:14:06.910+0000","{defaultclientid=iot-device-03, thingname=iot-device-03, thingid=877352b9-a35d-45d3-9c98-162d89965a13, thingarn=arn:aws:iot:us-east-1:507441099951:thing/iot-device-03, thingtypename=null, attributes={installed=1592562234, latitude=37.4133144, longitude=-122.1513069}, version=1, billinggroupname=null}","2020-11-26 00:00:00.000"
"iot-device-02","1.5946325329162116E9","59.4","74.84","true","false","0.0073","0.0047","0.0195","2020-11-26T17:14:07.214+0000","{defaultclientid=iot-device-02, thingname=iot-device-02, thingid=4ae4927a-aefb-4584-a45a-fc4839feffd6, thingarn=arn:aws:iot:us-east-1:507441099951:thing/iot-device-02, thingtypename=null, attributes={installed=1593361211, latitude=32.8205865, longitude=-96.871627}, version=1, billinggroupname=null}","2020-11-26 00:00:00.000"
"iot-device-03","1.5946325334724054E9","49.6","70.88","false","false","0.0078","0.0051","0.0209","2020-11-26T17:14:07.544+0000","{defaultclientid=iot-device-03, thingname=iot-device-03, thingid=877352b9-a35d-45d3-9c98-162d89965a13, thingarn=arn:aws:iot:us-east-1:507441099951:thing/iot-device-03, thingtypename=null, attributes={installed=1592562234, latitude=37.4133144, longitude=-122.1513069}, version=1, billinggroupname=null}","2020-11-26 00:00:00.000"
"iot-device-01","1.5946325343773015E9","74.5","67.1","false","false","0.0064","0.0038","0.0168","2020-11-26T17:14:07.830+0000","{defaultclientid=iot-device-01, thingname=iot-device-01, thingid=983c2b68-f9a3-4e83-b3c6-9f6f8ad5431b, thingarn=arn:aws:iot:us-east-1:507441099951:thing/iot-device-01, thingtypename=null, attributes={installed=1594665292, latitude=37.4133144, longitude=-122.1513069}, version=1, billinggroupname=null}","2020-11-26 00:00:00.000"
"iot-device-03","1.5946325371591642E9","49.5","70.88","false","false","0.0078","0.0051","0.0209","2020-11-26T17:14:08.128+0000","{defaultclientid=iot-device-03, thingname=iot-device-03, thingid=877352b9-a35d-45d3-9c98-162d89965a13, thingarn=arn:aws:iot:us-east-1:507441099951:thing/iot-device-03, thingtypename=null, attributes={installed=1592562234, latitude=37.4133144, longitude=-122.1513069}, version=1, billinggroupname=null}","2020-11-26 00:00:00.000"
"iot-device-02","1.5946325372593005E9","59.5","75.02","true","false","0.0073","0.0047","0.0195","2020-11-26T17:14:08.418+0000","{defaultclientid=iot-device-02, thingname=iot-device-02, thingid=4ae4927a-aefb-4584-a45a-fc4839feffd6, thingarn=arn:aws:iot:us-east-1:507441099951:thing/iot-device-02, thingtypename=null, attributes={installed=1593361211, latitude=32.8205865, longitude=-96.871627}, version=1, billinggroupname=null}","2020-11-26 00:00:00.000"
"iot-device-01","1.5946325387291071E9","74.6","67.1","false","false","0.0063","0.0038","0.0167","2020-11-26T17:14:08.738+0000","{defaultclientid=iot-device-01, thingname=iot-device-01, thingid=983c2b68-f9a3-4e83-b3c6-9f6f8ad5431b, thingarn=arn:aws:iot:us-east-1:507441099951:thing/iot-device-01, thingtypename=null, attributes={installed=1594665292, latitude=37.4133144, longitude=-122.1513069}, version=1, billinggroupname=null}","2020-11-26 00:00:00.000"
"iot-device-03","1.5946334997581048E9","51.7","70.88","false","false","0.0079","0.0051","0.021","2020-11-26T17:14:17.919+0000","{defaultclientid=iot-device-03, thingname=iot-device-03, thingid=877352b9-a35d-45d3-9c98-162d89965a13, thingarn=arn:aws:iot:us-east-1:507441099951:thing/iot-device-03, thingtypename=null, attributes={installed=1592562234, latitude=37.4133144, longitude=-122.1513069}, version=1, billinggroupname=null}","2020-11-26 00:00:00.000"
"iot-device-03","1.5946335034457517E9","51.7","70.88","false","false","0.0078","0.0051","0.0209","2020-11-26T17:14:18.212+0000","{defaultclientid=iot-device-03, thingname=iot-device-03, thingid=877352b9-a35d-45d3-9c98-162d89965a13, thingarn=arn:aws:iot:us-east-1:507441099951:thing/iot-device-03, thingtypename=null, attributes={installed=1592562234, latitude=37.4133144, longitude=-122.1513069}, version=1, billinggroupname=null}","2020-11-26 00:00:00.000"
"iot-device-02","1.5946335046418116E9","59.5","74.66","true","false","0.0073","0.0047","0.0195","2020-11-26T17:14:18.510+0000","{defaultclientid=iot-device-02, thingname=iot-device-02, thingid=4ae4927a-aefb-4584-a45a-fc4839feffd6, thingarn=arn:aws:iot:us-east-1:507441099951:thing/iot-device-02, thingtypename=null, attributes={installed=1593361211, latitude=32.8205865, longitude=-96.871627}, version=1, billinggroupname=null}","2020-11-26 00:00:00.000"
"iot-device-01","1.594633506309608E9","75.3","67.1","false","false","0.0064","0.0038","0.0168","2020-11-26T17:14:18.800+0000","{defaultclientid=iot-device-01, thingname=iot-device-01, thingid=983c2b68-f9a3-4e83-b3c6-9f6f8ad5431b, thingarn=arn:aws:iot:us-east-1:507441099951:thing/iot-device-01, thingtypename=null, attributes={installed=1594665292, latitude=37.4133144, longitude=-122.1513069}, version=1, billinggroupname=null}","2020-11-26 00:00:00.000"
"iot-device-03","1.594633507133655E9","51.7","70.88","false","false","0.0078","0.0051","0.0209","2020-11-26T17:14:19.098+0000","{defaultclientid=iot-device-03, thingname=iot-device-03, thingid=877352b9-a35d-45d3-9c98-162d89965a13, thingarn=arn:aws:iot:us-east-1:507441099951:thing/iot-device-03, thingtypename=null, attributes={installed=1592562234, latitude=37.4133144, longitude=-122.1513069}, version=1, billinggroupname=null}","2020-11-26 00:00:00.000"
"iot-device-02","1.5946335095177133E9","59.5","74.66","true","false","0.0074","0.0047","0.0196","2020-11-26T17:14:19.390+0000","{defaultclientid=iot-device-02, thingname=iot-device-02, thingid=4ae4927a-aefb-4584-a45a-fc4839feffd6, thingarn=arn:aws:iot:us-east-1:507441099951:thing/iot-device-02, thingtypename=null, attributes={installed=1593361211, latitude=32.8205865, longitude=-96.871627}, version=1, billinggroupname=null}","2020-11-26 00:00:00.000"
"iot-device-03","1.5946335108197598E9","51.7","70.88","false","false","0.0078","0.0051","0.0209","2020-11-26T17:14:19.689+0000","{defaultclientid=iot-device-03, thingname=iot-device-03, thingid=877352b9-a35d-45d3-9c98-162d89965a13, thingarn=arn:aws:iot:us-east-1:507441099951:thing/iot-device-03, thingtypename=null, attributes={installed=1592562234, latitude=37.4133144, longitude=-122.1513069}, version=1, billinggroupname=null}","2020-11-26 00:00:00.000"
"iot-device-01","1.5946335112249124E9","75.6","67.1","false","false","0.0065","0.0039","0.0171","2020-11-26T17:14:19.979+0000","{defaultclientid=iot-device-01, thingname=iot-device-01, thingid=983c2b68-f9a3-4e83-b3c6-9f6f8ad5431b, thingarn=arn:aws:iot:us-east-1:507441099951:thing/iot-device-01, thingtypename=null, attributes={installed=1594665292, latitude=37.4133144, longitude=-122.1513069}, version=1, billinggroupname=null}","2020-11-26 00:00:00.000"
"iot-device-03","1.5946335145057178E9","51.6","70.88","false","false","0.0078","0.0051","0.0208","2020-11-26T17:14:20.279+0000","{defaultclientid=iot-device-03, thingname=iot-device-03, thingid=877352b9-a35d-45d3-9c98-162d89965a13, thingarn=arn:aws:iot:us-east-1:507441099951:thing/iot-device-03, thingtypename=null, attributes={installed=1592562234, latitude=37.4133144, longitude=-122.1513069}, version=1, billinggroupname=null}","2020-11-26 00:00:00.000"
"iot-device-02","1.5946335170683765E9","59.5","74.84","true","false","0.0073","0.0047","0.0195","2020-11-26T17:14:20.579+0000","{defaultclientid=iot-device-02, thingname=iot-device-02, thingid=4ae4927a-aefb-4584-a45a-fc4839feffd6, thingarn=arn:aws:iot:us-east-1:507441099951:thing/iot-device-02, thingtypename=null, attributes={installed=1593361211, latitude=32.8205865, longitude=-96.871627}, version=1, billinggroupname=null}","2020-11-26 00:00:00.000"
"iot-device-02","1.5946335537584894E9","59.5","74.66","true","false","0.0072","0.0045","0.0191","2020-11-26T17:14:26.790+0000","{defaultclientid=iot-device-02, thingname=iot-device-02, thingid=4ae4927a-aefb-4584-a45a-fc4839feffd6, thingarn=arn:aws:iot:us-east-1:507441099951:thing/iot-device-02, thingtypename=null, attributes={installed=1593361211, latitude=32.8205865, longitude=-96.871627}, version=1, billinggroupname=null}","2020-11-26 00:00:00.000"
"iot-device-03","1.5946335550379689E9","51.9","70.88","false","false","0.0078","0.0051","0.0209","2020-11-26T17:14:27.090+0000","{defaultclientid=iot-device-03, thingname=iot-device-03, thingid=877352b9-a35d-45d3-9c98-162d89965a13, thingarn=arn:aws:iot:us-east-1:507441099951:thing/iot-device-03, thingtypename=null, attributes={installed=1592562234, latitude=37.4133144, longitude=-122.1513069}, version=1, billinggroupname=null}","2020-11-26 00:00:00.000"
"iot-device-02","1.59463355865018E9","59.5","74.84","true","false","0.0073","0.0046","0.0193","2020-11-26T17:14:27.383+0000","{defaultclientid=iot-device-02, thingname=iot-device-02, thingid=4ae4927a-aefb-4584-a45a-fc4839feffd6, thingarn=arn:aws:iot:us-east-1:507441099951:thing/iot-device-02, thingtypename=null, attributes={installed=1593361211, latitude=32.8205865, longitude=-96.871627}, version=1, billinggroupname=null}","2020-11-26 00:00:00.000"
"iot-device-01","1.5946335586649225E9","75.3","67.1","false","false","0.0064","0.0038","0.0168","2020-11-26T17:14:27.673+0000","{defaultclientid=iot-device-01, thingname=iot-device-01, thingid=983c2b68-f9a3-4e83-b3c6-9f6f8ad5431b, thingarn=arn:aws:iot:us-east-1:507441099951:thing/iot-device-01, thingtypename=null, attributes={installed=1594665292, latitude=37.4133144, longitude=-122.1513069}, version=1, billinggroupname=null}","2020-11-26 00:00:00.000"
"iot-device-03","1.5946335587258725E9","51.9","70.88","false","false","0.0079","0.0051","0.021","2020-11-26T17:14:27.968+0000","{defaultclientid=iot-device-03, thingname=iot-device-03, thingid=877352b9-a35d-45d3-9c98-162d89965a13, thingarn=arn:aws:iot:us-east-1:507441099951:thing/iot-device-03, thingtypename=null, attributes={installed=1592562234, latitude=37.4133144, longitude=-122.1513069}, version=1, billinggroupname=null}","2020-11-26 00:00:00.000"
"iot-device-03","1.5946335624100606E9","51.9","70.88","false","false","0.0078","0.0051","0.021","2020-11-26T17:14:28.268+0000","{defaultclientid=iot-device-03, thingname=iot-device-03, thingid=877352b9-a35d-45d3-9c98-162d89965a13, thingarn=arn:aws:iot:us-east-1:507441099951:thing/iot-device-03, thingtypename=null, attributes={installed=1592562234, latitude=37.4133144, longitude=-122.1513069}, version=1, billinggroupname=null}","2020-11-26 00:00:00.000"
"iot-device-02","1.5946335646267064E9","59.5","74.84","true","false","0.0072","0.0046","0.0192","2020-11-26T17:14:28.560+0000","{defaultclientid=iot-device-02, thingname=iot-device-02, thingid=4ae4927a-aefb-4584-a45a-fc4839feffd6, thingarn=arn:aws:iot:us-east-1:507441099951:thing/iot-device-02, thingtypename=null, attributes={installed=1593361211, latitude=32.8205865, longitude=-96.871627}, version=1, billinggroupname=null}","2020-11-26 00:00:00.000"
"iot-device-03","1.5946335660961895E9","51.9","70.88","false","false","0.0079","0.0051","0.021","2020-11-26T17:14:28.853+0000","{defaultclientid=iot-device-03, thingname=iot-device-03, thingid=877352b9-a35d-45d3-9c98-162d89965a13, thingarn=arn:aws:iot:us-east-1:507441099951:thing/iot-device-03, thingtypename=null, attributes={installed=1592562234, latitude=37.4133144, longitude=-122.1513069}, version=1, billinggroupname=null}","2020-11-26 00:00:00.000"
"iot-device-01","1.5946335667840168E9","75.3","67.1","false","false","0.0064","0.0039","0.0169","2020-11-26T17:14:29.151+0000","{defaultclientid=iot-device-01, thingname=iot-device-01, thingid=983c2b68-f9a3-4e83-b3c6-9f6f8ad5431b, thingarn=arn:aws:iot:us-east-1:507441099951:thing/iot-device-01, thingtypename=null, attributes={installed=1594665292, latitude=37.4133144, longitude=-122.1513069}, version=1, billinggroupname=null}","2020-11-26 00:00:00.000"
"iot-device-02","1.5946335695001626E9","59.5","74.66","true","false","0.0073","0.0046","0.0194","2020-11-26T17:14:29.446+0000","{defaultclientid=iot-device-02, thingname=iot-device-02, thingid=4ae4927a-aefb-4584-a45a-fc4839feffd6, thingarn=arn:aws:iot:us-east-1:507441099951:thing/iot-device-02, thingtypename=null, attributes={installed=1593361211, latitude=32.8205865, longitude=-96.871627}, version=1, billinggroupname=null}","2020-11-26 00:00:00.000"
"iot-device-01","1.5946325571655068E9","74.5","67.1","false","false","0.0065","0.0039","0.017","2020-11-26T17:14:11.969+0000","{defaultclientid=iot-device-01, thingname=iot-device-01, thingid=983c2b68-f9a3-4e83-b3c6-9f6f8ad5431b, thingarn=arn:aws:iot:us-east-1:507441099951:thing/iot-device-01, thingtypename=null, attributes={installed=1594665292, latitude=37.4133144, longitude=-122.1513069}, version=1, billinggroupname=null}","2020-11-26 00:00:00.000"
"iot-device-03","1.5946325592758298E9","49.3","70.7","false","false","0.0078","0.0051","0.0209","2020-11-26T17:14:12.269+0000","{defaultclientid=iot-device-03, thingname=iot-device-03, thingid=877352b9-a35d-45d3-9c98-162d89965a13, thingarn=arn:aws:iot:us-east-1:507441099951:thing/iot-device-03, thingtypename=null, attributes={installed=1592562234, latitude=37.4133144, longitude=-122.1513069}, version=1, billinggroupname=null}","2020-11-26 00:00:00.000"
"iot-device-02","1.5946334681687224E9","59.6","74.84","true","false","0.0072","0.0046","0.0192","2020-11-26T17:14:12.561+0000","{defaultclientid=iot-device-02, thingname=iot-device-02, thingid=4ae4927a-aefb-4584-a45a-fc4839feffd6, thingarn=arn:aws:iot:us-east-1:507441099951:thing/iot-device-02, thingtypename=null, attributes={installed=1593361211, latitude=32.8205865, longitude=-96.871627}, version=1, billinggroupname=null}","2020-11-26 00:00:00.000"
"iot-device-01","1.5946334689363687E9","75.3","67.1","false","false","0.0064","0.0038","0.0168","2020-11-26T17:14:12.848+0000","{defaultclientid=iot-device-01, thingname=iot-device-01, thingid=983c2b68-f9a3-4e83-b3c6-9f6f8ad5431b, thingarn=arn:aws:iot:us-east-1:507441099951:thing/iot-device-01, thingtypename=null, attributes={installed=1594665292, latitude=37.4133144, longitude=-122.1513069}, version=1, billinggroupname=null}","2020-11-26 00:00:00.000"
"iot-device-03","1.5946334700308695E9","51.7","70.88","false","false","0.0078","0.0051","0.0209","2020-11-26T17:14:13.139+0000","{defaultclientid=iot-device-03, thingname=iot-device-03, thingid=877352b9-a35d-45d3-9c98-162d89965a13, thingarn=arn:aws:iot:us-east-1:507441099951:thing/iot-device-03, thingtypename=null, attributes={installed=1592562234, latitude=37.4133144, longitude=-122.1513069}, version=1, billinggroupname=null}","2020-11-26 00:00:00.000"
"iot-device-02","1.594633471976123E9","59.6","74.84","true","false","0.0072","0.0046","0.0192","2020-11-26T17:14:13.429+0000","{defaultclientid=iot-device-02, thingname=iot-device-02, thingid=4ae4927a-aefb-4584-a45a-fc4839feffd6, thingarn=arn:aws:iot:us-east-1:507441099951:thing/iot-device-02, thingtypename=null, attributes={installed=1593361211, latitude=32.8205865, longitude=-96.871627}, version=1, billinggroupname=null}","2020-11-26 00:00:00.000"
"iot-device-03","1.5946334737183616E9","51.7","70.88","false","false","0.0079","0.0051","0.021","2020-11-26T17:14:13.720+0000","{defaultclientid=iot-device-03, thingname=iot-device-03, thingid=877352b9-a35d-45d3-9c98-162d89965a13, thingarn=arn:aws:iot:us-east-1:507441099951:thing/iot-device-03, thingtypename=null, attributes={installed=1592562234, latitude=37.4133144, longitude=-122.1513069}, version=1, billinggroupname=null}","2020-11-26 00:00:00.000"
"iot-device-03","1.5946334776587744E9","51.7","70.88","false","false","0.0079","0.0051","0.021","2020-11-26T17:14:14.020+0000","{defaultclientid=iot-device-03, thingname=iot-device-03, thingid=877352b9-a35d-45d3-9c98-162d89965a13, thingarn=arn:aws:iot:us-east-1:507441099951:thing/iot-device-03, thingtypename=null, attributes={installed=1592562234, latitude=37.4133144, longitude=-122.1513069}, version=1, billinggroupname=null}","2020-11-26 00:00:00.000"
"iot-device-01","1.5946334802902431E9","75.2","67.1","false","false","0.0064","0.0039","0.0169","2020-11-26T17:14:14.308+0000","{defaultclientid=iot-device-01, thingname=iot-device-01, thingid=983c2b68-f9a3-4e83-b3c6-9f6f8ad5431b, thingarn=arn:aws:iot:us-east-1:507441099951:thing/iot-device-01, thingtypename=null, attributes={installed=1594665292, latitude=37.4133144, longitude=-122.1513069}, version=1, billinggroupname=null}","2020-11-26 00:00:00.000"
"iot-device-02","1.5946334811301205E9","59.6","74.66","true","false","0.0072","0.0046","0.0191","2020-11-26T17:14:14.672+0000","{defaultclientid=iot-device-02, thingname=iot-device-02, thingid=4ae4927a-aefb-4584-a45a-fc4839feffd6, thingarn=arn:aws:iot:us-east-1:507441099951:thing/iot-device-02, thingtypename=null, attributes={installed=1593361211, latitude=32.8205865, longitude=-96.871627}, version=1, billinggroupname=null}","2020-11-26 00:00:00.000"
"iot-device-03","1.5946335697806046E9","51.9","70.88","false","false","0.0078","0.0051","0.0209","2020-11-26T17:14:29.740+0000","{defaultclientid=iot-device-03, thingname=iot-device-03, thingid=877352b9-a35d-45d3-9c98-162d89965a13, thingarn=arn:aws:iot:us-east-1:507441099951:thing/iot-device-03, thingtypename=null, attributes={installed=1592562234, latitude=37.4133144, longitude=-122.1513069}, version=1, billinggroupname=null}","2020-11-26 00:00:00.000"
"iot-device-03","1.594633536625799E9","51.8","70.88","false","false","0.0078","0.0051","0.0208","2020-11-26T17:14:23.841+0000","{defaultclientid=iot-device-03, thingname=iot-device-03, thingid=877352b9-a35d-45d3-9c98-162d89965a13, thingarn=arn:aws:iot:us-east-1:507441099951:thing/iot-device-03, thingtypename=null, attributes={installed=1592562234, latitude=37.4133144, longitude=-122.1513069}, version=1, billinggroupname=null}","2020-11-26 00:00:00.000"
"iot-device-03","1.594633540311977E9","51.8","70.88","false","false","0.0079","0.0052","0.021","2020-11-26T17:14:24.137+0000","{defaultclientid=iot-device-03, thingname=iot-device-03, thingid=877352b9-a35d-45d3-9c98-162d89965a13, thingarn=arn:aws:iot:us-east-1:507441099951:thing/iot-device-03, thingtypename=null, attributes={installed=1592562234, latitude=37.4133144, longitude=-122.1513069}, version=1, billinggroupname=null}","2020-11-26 00:00:00.000"
"iot-device-02","1.594633542938241E9","59.4","74.66","true","false","0.0073","0.0046","0.0193","2020-11-26T17:14:24.431+0000","{defaultclientid=iot-device-02, thingname=iot-device-02, thingid=4ae4927a-aefb-4584-a45a-fc4839feffd6, thingarn=arn:aws:iot:us-east-1:507441099951:thing/iot-device-02, thingtypename=null, attributes={installed=1593361211, latitude=32.8205865, longitude=-96.871627}, version=1, billinggroupname=null}","2020-11-26 00:00:00.000"
"iot-device-03","1.594633543965219E9","51.8","70.88","false","false","0.0078","0.0051","0.0209","2020-11-26T17:14:24.731+0000","{defaultclientid=iot-device-03, thingname=iot-device-03, thingid=877352b9-a35d-45d3-9c98-162d89965a13, thingarn=arn:aws:iot:us-east-1:507441099951:thing/iot-device-03, thingtypename=null, attributes={installed=1592562234, latitude=37.4133144, longitude=-122.1513069}, version=1, billinggroupname=null}","2020-11-26 00:00:00.000"
"iot-device-01","1.5946335445291088E9","75.2","67.1","false","false","0.0065","0.0039","0.017","2020-11-26T17:14:25.020+0000","{defaultclientid=iot-device-01, thingname=iot-device-01, thingid=983c2b68-f9a3-4e83-b3c6-9f6f8ad5431b, thingarn=arn:aws:iot:us-east-1:507441099951:thing/iot-device-01, thingtypename=null, attributes={installed=1594665292, latitude=37.4133144, longitude=-122.1513069}, version=1, billinggroupname=null}","2020-11-26 00:00:00.000"
"iot-device-02","1.594633546745699E9","59.4","74.66","true","false","0.0072","0.0046","0.0192","2020-11-26T17:14:25.308+0000","{defaultclientid=iot-device-02, thingname=iot-device-02, thingid=4ae4927a-aefb-4584-a45a-fc4839feffd6, thingarn=arn:aws:iot:us-east-1:507441099951:thing/iot-device-02, thingtypename=null, attributes={installed=1593361211, latitude=32.8205865, longitude=-96.871627}, version=1, billinggroupname=null}","2020-11-26 00:00:00.000"
"iot-device-03","1.5946335476671257E9","51.9","70.88","false","false","0.0078","0.0051","0.0209","2020-11-26T17:14:25.598+0000","{defaultclientid=iot-device-03, thingname=iot-device-03, thingid=877352b9-a35d-45d3-9c98-162d89965a13, thingarn=arn:aws:iot:us-east-1:507441099951:thing/iot-device-03, thingtypename=null, attributes={installed=1592562234, latitude=37.4133144, longitude=-122.1513069}, version=1, billinggroupname=null}","2020-11-26 00:00:00.000"
"iot-device-01","1.5946335483439484E9","75.4","67.1","false","false","0.0063","0.0038","0.0167","2020-11-26T17:14:25.889+0000","{defaultclientid=iot-device-01, thingname=iot-device-01, thingid=983c2b68-f9a3-4e83-b3c6-9f6f8ad5431b, thingarn=arn:aws:iot:us-east-1:507441099951:thing/iot-device-01, thingtypename=null, attributes={installed=1594665292, latitude=37.4133144, longitude=-122.1513069}, version=1, billinggroupname=null}","2020-11-26 00:00:00.000"
"iot-device-03","1.5946335513550599E9","51.9","70.88","false","false","0.0078","0.0051","0.021","2020-11-26T17:14:26.191+0000","{defaultclientid=iot-device-03, thingname=iot-device-03, thingid=877352b9-a35d-45d3-9c98-162d89965a13, thingarn=arn:aws:iot:us-east-1:507441099951:thing/iot-device-03, thingtypename=null, attributes={installed=1592562234, latitude=37.4133144, longitude=-122.1513069}, version=1, billinggroupname=null}","2020-11-26 00:00:00.000"
"iot-device-01","1.5946335521594894E9","75.3","67.1","false","false","0.0063","0.0038","0.0167","2020-11-26T17:14:26.494+0000","{defaultclientid=iot-device-01, thingname=iot-device-01, thingid=983c2b68-f9a3-4e83-b3c6-9f6f8ad5431b, thingarn=arn:aws:iot:us-east-1:507441099951:thing/iot-device-01, thingtypename=null, attributes={installed=1594665292, latitude=37.4133144, longitude=-122.1513069}, version=1, billinggroupname=null}","2020-11-26 00:00:00.000"
"iot-device-03","1.5946335181918356E9","51.6","70.88","false","false","0.0078","0.0051","0.0209","2020-11-26T17:14:20.871+0000","{defaultclientid=iot-device-03, thingname=iot-device-03, thingid=877352b9-a35d-45d3-9c98-162d89965a13, thingarn=arn:aws:iot:us-east-1:507441099951:thing/iot-device-03, thingtypename=null, attributes={installed=1592562234, latitude=37.4133144, longitude=-122.1513069}, version=1, billinggroupname=null}","2020-11-26 00:00:00.000"
"iot-device-03","1.5946335218779187E9","51.6","70.88","false","false","0.0078","0.0051","0.021","2020-11-26T17:14:21.160+0000","{defaultclientid=iot-device-03, thingname=iot-device-03, thingid=877352b9-a35d-45d3-9c98-162d89965a13, thingarn=arn:aws:iot:us-east-1:507441099951:thing/iot-device-03, thingtypename=null, attributes={installed=1592562234, latitude=37.4133144, longitude=-122.1513069}, version=1, billinggroupname=null}","2020-11-26 00:00:00.000"
"iot-device-02","1.5946335230118306E9","59.5","74.84","true","false","0.0072","0.0046","0.0192","2020-11-26T17:14:21.480+0000","{defaultclientid=iot-device-02, thingname=iot-device-02, thingid=4ae4927a-aefb-4584-a45a-fc4839feffd6, thingarn=arn:aws:iot:us-east-1:507441099951:thing/iot-device-02, thingtypename=null, attributes={installed=1593361211, latitude=32.8205865, longitude=-96.871627}, version=1, billinggroupname=null}","2020-11-26 00:00:00.000"
"iot-device-01","1.594633525555742E9","75.3","67.1","false","false","0.0065","0.0039","0.017","2020-11-26T17:14:21.787+0000","{defaultclientid=iot-device-01, thingname=iot-device-01, thingid=983c2b68-f9a3-4e83-b3c6-9f6f8ad5431b, thingarn=arn:aws:iot:us-east-1:507441099951:thing/iot-device-01, thingtypename=null, attributes={installed=1594665292, latitude=37.4133144, longitude=-122.1513069}, version=1, billinggroupname=null}","2020-11-26 00:00:00.000"
"iot-device-03","1.594633525565731E9","51.6","70.88","false","false","0.0079","0.0052","0.021","2020-11-26T17:14:22.085+0000","{defaultclientid=iot-device-03, thingname=iot-device-03, thingid=877352b9-a35d-45d3-9c98-162d89965a13, thingarn=arn:aws:iot:us-east-1:507441099951:thing/iot-device-03, thingtypename=null, attributes={installed=1592562234, latitude=37.4133144, longitude=-122.1513069}, version=1, billinggroupname=null}","2020-11-26 00:00:00.000"
"iot-device-03","1.5946335292533164E9","51.7","70.88","false","false","0.0078","0.0051","0.0209","2020-11-26T17:14:22.389+0000","{defaultclientid=iot-device-03, thingname=iot-device-03, thingid=877352b9-a35d-45d3-9c98-162d89965a13, thingarn=arn:aws:iot:us-east-1:507441099951:thing/iot-device-03, thingtypename=null, attributes={installed=1592562234, latitude=37.4133144, longitude=-122.1513069}, version=1, billinggroupname=null}","2020-11-26 00:00:00.000"
"iot-device-01","1.5946335299089222E9","75.3","67.1","false","false","0.0064","0.0038","0.0168","2020-11-26T17:14:22.680+0000","{defaultclientid=iot-device-01, thingname=iot-device-01, thingid=983c2b68-f9a3-4e83-b3c6-9f6f8ad5431b, thingarn=arn:aws:iot:us-east-1:507441099951:thing/iot-device-01, thingtypename=null, attributes={installed=1594665292, latitude=37.4133144, longitude=-122.1513069}, version=1, billinggroupname=null}","2020-11-26 00:00:00.000"
"iot-device-03","1.5946335329405982E9","51.7","70.88","false","false","0.0078","0.0051","0.0209","2020-11-26T17:14:22.961+0000","{defaultclientid=iot-device-03, thingname=iot-device-03, thingid=877352b9-a35d-45d3-9c98-162d89965a13, thingarn=arn:aws:iot:us-east-1:507441099951:thing/iot-device-03, thingtypename=null, attributes={installed=1592562234, latitude=37.4133144, longitude=-122.1513069}, version=1, billinggroupname=null}","2020-11-26 00:00:00.000"
"iot-device-02","1.5946335343163257E9","59.5","74.84","true","false","0.0072","0.0046","0.0192","2020-11-26T17:14:23.250+0000","{defaultclientid=iot-device-02, thingname=iot-device-02, thingid=4ae4927a-aefb-4584-a45a-fc4839feffd6, thingarn=arn:aws:iot:us-east-1:507441099951:thing/iot-device-02, thingtypename=null, attributes={installed=1593361211, latitude=32.8205865, longitude=-96.871627}, version=1, billinggroupname=null}","2020-11-26 00:00:00.000"
"iot-device-01","1.594633536419367E9","75.3","67.1","false","false","0.0064","0.0039","0.0169","2020-11-26T17:14:23.553+0000","{defaultclientid=iot-device-01, thingname=iot-device-01, thingid=983c2b68-f9a3-4e83-b3c6-9f6f8ad5431b, thingarn=arn:aws:iot:us-east-1:507441099951:thing/iot-device-01, thingtypename=null, attributes={installed=1594665292, latitude=37.4133144, longitude=-122.1513069}, version=1, billinggroupname=null}","2020-11-26 00:00:00.000"
"iot-device-03","1.5946334813583307E9","51.7","70.88","false","false","0.0079","0.0052","0.0211","2020-11-26T17:14:14.968+0000","{defaultclientid=iot-device-03, thingname=iot-device-03, thingid=877352b9-a35d-45d3-9c98-162d89965a13, thingarn=arn:aws:iot:us-east-1:507441099951:thing/iot-device-03, thingtypename=null, attributes={installed=1592562234, latitude=37.4133144, longitude=-122.1513069}, version=1, billinggroupname=null}","2020-11-26 00:00:00.000"
"iot-device-03","1.5946334850458336E9","51.7","70.88","false","false","0.0078","0.0051","0.0209","2020-11-26T17:14:15.273+0000","{defaultclientid=iot-device-03, thingname=iot-device-03, thingid=877352b9-a35d-45d3-9c98-162d89965a13, thingarn=arn:aws:iot:us-east-1:507441099951:thing/iot-device-03, thingtypename=null, attributes={installed=1592562234, latitude=37.4133144, longitude=-122.1513069}, version=1, billinggroupname=null}","2020-11-26 00:00:00.000"
"iot-device-02","1.594633486005381E9","59.6","74.66","true","false","0.0073","0.0046","0.0194","2020-11-26T17:14:15.558+0000","{defaultclientid=iot-device-02, thingname=iot-device-02, thingid=4ae4927a-aefb-4584-a45a-fc4839feffd6, thingarn=arn:aws:iot:us-east-1:507441099951:thing/iot-device-02, thingtypename=null, attributes={installed=1593361211, latitude=32.8205865, longitude=-96.871627}, version=1, billinggroupname=null}","2020-11-26 00:00:00.000"
"iot-device-01","1.5946334873305793E9","75.2","67.1","false","false","0.0064","0.0039","0.0169","2020-11-26T17:14:15.850+0000","{defaultclientid=iot-device-01, thingname=iot-device-01, thingid=983c2b68-f9a3-4e83-b3c6-9f6f8ad5431b, thingarn=arn:aws:iot:us-east-1:507441099951:thing/iot-device-01, thingtypename=null, attributes={installed=1594665292, latitude=37.4133144, longitude=-122.1513069}, version=1, billinggroupname=null}","2020-11-26 00:00:00.000"
"iot-device-03","1.5946334887333882E9","51.7","70.88","false","false","0.0078","0.0051","0.0209","2020-11-26T17:14:16.140+0000","{defaultclientid=iot-device-03, thingname=iot-device-03, thingid=877352b9-a35d-45d3-9c98-162d89965a13, thingarn=arn:aws:iot:us-east-1:507441099951:thing/iot-device-03, thingtypename=null, attributes={installed=1592562234, latitude=37.4133144, longitude=-122.1513069}, version=1, billinggroupname=null}","2020-11-26 00:00:00.000"
"iot-device-02","1.5946334914229734E9","59.6","74.66","true","false","0.0073","0.0046","0.0193","2020-11-26T17:14:16.430+0000","{defaultclientid=iot-device-02, thingname=iot-device-02, thingid=4ae4927a-aefb-4584-a45a-fc4839feffd6, thingarn=arn:aws:iot:us-east-1:507441099951:thing/iot-device-02, thingtypename=null, attributes={installed=1593361211, latitude=32.8205865, longitude=-96.871627}, version=1, billinggroupname=null}","2020-11-26 00:00:00.000"
"iot-device-03","1.594633492420418E9","51.7","70.88","false","false","0.0078","0.0051","0.021","2020-11-26T17:14:16.720+0000","{defaultclientid=iot-device-03, thingname=iot-device-03, thingid=877352b9-a35d-45d3-9c98-162d89965a13, thingarn=arn:aws:iot:us-east-1:507441099951:thing/iot-device-03, thingtypename=null, attributes={installed=1592562234, latitude=37.4133144, longitude=-122.1513069}, version=1, billinggroupname=null}","2020-11-26 00:00:00.000"
"iot-device-01","1.5946334927586474E9","75.3","67.1","false","false","0.0065","0.0039","0.017","2020-11-26T17:14:17.017+0000","{defaultclientid=iot-device-01, thingname=iot-device-01, thingid=983c2b68-f9a3-4e83-b3c6-9f6f8ad5431b, thingarn=arn:aws:iot:us-east-1:507441099951:thing/iot-device-01, thingtypename=null, attributes={installed=1594665292, latitude=37.4133144, longitude=-122.1513069}, version=1, billinggroupname=null}","2020-11-26 00:00:00.000"
"iot-device-03","1.594633496054375E9","51.7","70.88","false","false","0.0078","0.0051","0.0209","2020-11-26T17:14:17.326+0000","{defaultclientid=iot-device-03, thingname=iot-device-03, thingid=877352b9-a35d-45d3-9c98-162d89965a13, thingarn=arn:aws:iot:us-east-1:507441099951:thing/iot-device-03, thingtypename=null, attributes={installed=1592562234, latitude=37.4133144, longitude=-122.1513069}, version=1, billinggroupname=null}","2020-11-26 00:00:00.000"
"iot-device-01","1.594633497117178E9","75.3","67.1","false","false","0.0064","0.0038","0.0168","2020-11-26T17:14:17.632+0000","{defaultclientid=iot-device-01, thingname=iot-device-01, thingid=983c2b68-f9a3-4e83-b3c6-9f6f8ad5431b, thingarn=arn:aws:iot:us-east-1:507441099951:thing/iot-device-01, thingtypename=null, attributes={installed=1594665292, latitude=37.4133144, longitude=-122.1513069}, version=1, billinggroupname=null}","2020-11-26 00:00:00.000"
"iot-device-03","1.5946036606563275E9","49.0","71.6","false","false","0.0081","0.0053","0.0216","2020-11-26T16:57:41.936+0000","{defaultclientid=iot-device-03, thingname=iot-device-03, thingid=877352b9-a35d-45d3-9c98-162d89965a13, thingarn=arn:aws:iot:us-east-1:507441099951:thing/iot-device-03, thingtypename=null, attributes={installed=1592562234, latitude=37.4133144, longitude=-122.1513069}, version=1, billinggroupname=null}","2020-11-26 00:00:00.000"
"iot-device-01","1.59460366176704E9","73.6","66.38","false","false","0.0107","0.0078","0.0291","2020-11-26T16:57:42.220+0000","{defaultclientid=iot-device-01, thingname=iot-device-01, thingid=983c2b68-f9a3-4e83-b3c6-9f6f8ad5431b, thingarn=arn:aws:iot:us-east-1:507441099951:thing/iot-device-01, thingtypename=null, attributes={installed=1594665292, latitude=37.4133144, longitude=-122.1513069}, version=1, billinggroupname=null}","2020-11-26 00:00:00.000"
"iot-device-03","1.5946036643441432E9","49.0","71.6","false","false","0.008","0.0053","0.0214","2020-11-26T16:57:42.516+0000","{defaultclientid=iot-device-03, thingname=iot-device-03, thingid=877352b9-a35d-45d3-9c98-162d89965a13, thingarn=arn:aws:iot:us-east-1:507441099951:thing/iot-device-03, thingtypename=null, attributes={installed=1592562234, latitude=37.4133144, longitude=-122.1513069}, version=1, billinggroupname=null}","2020-11-26 00:00:00.000"
"iot-device-02","1.5946036649727519E9","59.6","79.16","true","false","0.0073","0.0046","0.0194","2020-11-26T16:57:42.809+0000","{defaultclientid=iot-device-02, thingname=iot-device-02, thingid=4ae4927a-aefb-4584-a45a-fc4839feffd6, thingarn=arn:aws:iot:us-east-1:507441099951:thing/iot-device-02, thingtypename=null, attributes={installed=1593361211, latitude=32.8205865, longitude=-96.871627}, version=1, billinggroupname=null}","2020-11-26 00:00:00.000"
"iot-device-01","1.5946036655801911E9","73.6","66.38","false","false","0.0107","0.0078","0.0291","2020-11-26T16:57:43.098+0000","{defaultclientid=iot-device-01, thingname=iot-device-01, thingid=983c2b68-f9a3-4e83-b3c6-9f6f8ad5431b, thingarn=arn:aws:iot:us-east-1:507441099951:thing/iot-device-01, thingtypename=null, attributes={installed=1594665292, latitude=37.4133144, longitude=-122.1513069}, version=1, billinggroupname=null}","2020-11-26 00:00:00.000"
"iot-device-03","1.5946036680324965E9","49.0","71.6","false","false","0.008","0.0053","0.0214","2020-11-26T16:57:43.390+0000","{defaultclientid=iot-device-03, thingname=iot-device-03, thingid=877352b9-a35d-45d3-9c98-162d89965a13, thingarn=arn:aws:iot:us-east-1:507441099951:thing/iot-device-03, thingtypename=null, attributes={installed=1592562234, latitude=37.4133144, longitude=-122.1513069}, version=1, billinggroupname=null}","2020-11-26 00:00:00.000"
"iot-device-02","1.5946036698470266E9","59.6","79.16","true","false","0.0073","0.0046","0.0193","2020-11-26T16:57:43.679+0000","{defaultclientid=iot-device-02, thingname=iot-device-02, thingid=4ae4927a-aefb-4584-a45a-fc4839feffd6, thingarn=arn:aws:iot:us-east-1:507441099951:thing/iot-device-02, thingtypename=null, attributes={installed=1593361211, latitude=32.8205865, longitude=-96.871627}, version=1, billinggroupname=null}","2020-11-26 00:00:00.000"
"iot-device-01","1.5946036699315946E9","73.8","66.38","false","false","0.0107","0.0078","0.0291","2020-11-26T16:57:43.965+0000","{defaultclientid=iot-device-01, thingname=iot-device-01, thingid=983c2b68-f9a3-4e83-b3c6-9f6f8ad5431b, thingarn=arn:aws:iot:us-east-1:507441099951:thing/iot-device-01, thingtypename=null, attributes={installed=1594665292, latitude=37.4133144, longitude=-122.1513069}, version=1, billinggroupname=null}","2020-11-26 00:00:00.000"
"iot-device-03","1.5946036717198622E9","49.0","71.6","false","false","0.0081","0.0053","0.0216","2020-11-26T16:57:44.261+0000","{defaultclientid=iot-device-03, thingname=iot-device-03, thingid=877352b9-a35d-45d3-9c98-162d89965a13, thingarn=arn:aws:iot:us-east-1:507441099951:thing/iot-device-03, thingtypename=null, attributes={installed=1592562234, latitude=37.4133144, longitude=-122.1513069}, version=1, billinggroupname=null}","2020-11-26 00:00:00.000"
"iot-device-01","1.5946036742862465E9","73.9","66.38","false","false","0.0107","0.0078","0.0291","2020-11-26T16:57:44.648+0000","{defaultclientid=iot-device-01, thingname=iot-device-01, thingid=983c2b68-f9a3-4e83-b3c6-9f6f8ad5431b, thingarn=arn:aws:iot:us-east-1:507441099951:thing/iot-device-01, thingtypename=null, attributes={installed=1594665292, latitude=37.4133144, longitude=-122.1513069}, version=1, billinggroupname=null}","2020-11-26 00:00:00.000"
"iot-device-03","1.5946036422266626E9","49.4","71.78","false","false","0.008","0.0053","0.0215","2020-11-26T16:57:38.881+0000","{defaultclientid=iot-device-03, thingname=iot-device-03, thingid=877352b9-a35d-45d3-9c98-162d89965a13, thingarn=arn:aws:iot:us-east-1:507441099951:thing/iot-device-03, thingtypename=null, attributes={installed=1592562234, latitude=37.4133144, longitude=-122.1513069}, version=1, billinggroupname=null}","2020-11-26 00:00:00.000"
"iot-device-02","1.594603643125468E9","59.6","79.16","true","false","0.0073","0.0046","0.0193","2020-11-26T16:57:39.170+0000","{defaultclientid=iot-device-02, thingname=iot-device-02, thingid=4ae4927a-aefb-4584-a45a-fc4839feffd6, thingarn=arn:aws:iot:us-east-1:507441099951:thing/iot-device-02, thingtypename=null, attributes={installed=1593361211, latitude=32.8205865, longitude=-96.871627}, version=1, billinggroupname=null}","2020-11-26 00:00:00.000"
"iot-device-01","1.594603643132013E9","73.8","66.38","false","false","0.011","0.0082","0.0302","2020-11-26T16:57:39.462+0000","{defaultclientid=iot-device-01, thingname=iot-device-01, thingid=983c2b68-f9a3-4e83-b3c6-9f6f8ad5431b, thingarn=arn:aws:iot:us-east-1:507441099951:thing/iot-device-01, thingtypename=null, attributes={installed=1594665292, latitude=37.4133144, longitude=-122.1513069}, version=1, billinggroupname=null}","2020-11-26 00:00:00.000"
"iot-device-03","1.5946036459126801E9","49.4","71.78","false","false","0.008","0.0053","0.0215","2020-11-26T16:57:39.787+0000","{defaultclientid=iot-device-03, thingname=iot-device-03, thingid=877352b9-a35d-45d3-9c98-162d89965a13, thingarn=arn:aws:iot:us-east-1:507441099951:thing/iot-device-03, thingtypename=null, attributes={installed=1592562234, latitude=37.4133144, longitude=-122.1513069}, version=1, billinggroupname=null}","2020-11-26 00:00:00.000"
"iot-device-03","1.5946036495986993E9","49.2","71.78","false","false","0.0081","0.0053","0.0216","2020-11-26T16:57:40.081+0000","{defaultclientid=iot-device-03, thingname=iot-device-03, thingid=877352b9-a35d-45d3-9c98-162d89965a13, thingarn=arn:aws:iot:us-east-1:507441099951:thing/iot-device-03, thingtypename=null, attributes={installed=1592562234, latitude=37.4133144, longitude=-122.1513069}, version=1, billinggroupname=null}","2020-11-26 00:00:00.000"
"iot-device-03","1.5946036532848964E9","49.1","71.78","false","false","0.008","0.0053","0.0215","2020-11-26T16:57:40.374+0000","{defaultclientid=iot-device-03, thingname=iot-device-03, thingid=877352b9-a35d-45d3-9c98-162d89965a13, thingarn=arn:aws:iot:us-east-1:507441099951:thing/iot-device-03, thingtypename=null, attributes={installed=1592562234, latitude=37.4133144, longitude=-122.1513069}, version=1, billinggroupname=null}","2020-11-26 00:00:00.000"
"iot-device-02","1.5946036552187831E9","59.6","79.16","true","false","0.0072","0.0046","0.0192","2020-11-26T16:57:40.750+0000","{defaultclientid=iot-device-02, thingname=iot-device-02, thingid=4ae4927a-aefb-4584-a45a-fc4839feffd6, thingarn=arn:aws:iot:us-east-1:507441099951:thing/iot-device-02, thingtypename=null, attributes={installed=1593361211, latitude=32.8205865, longitude=-96.871627}, version=1, billinggroupname=null}","2020-11-26 00:00:00.000"
"iot-device-01","1.5946036568783164E9","73.7","66.38","false","false","0.011","0.0082","0.0301","2020-11-26T16:57:41.048+0000","{defaultclientid=iot-device-01, thingname=iot-device-01, thingid=983c2b68-f9a3-4e83-b3c6-9f6f8ad5431b, thingarn=arn:aws:iot:us-east-1:507441099951:thing/iot-device-01, thingtypename=null, attributes={installed=1594665292, latitude=37.4133144, longitude=-122.1513069}, version=1, billinggroupname=null}","2020-11-26 00:00:00.000"
"iot-device-03","1.594603656970097E9","49.0","71.6","false","false","0.008","0.0053","0.0215","2020-11-26T16:57:41.334+0000","{defaultclientid=iot-device-03, thingname=iot-device-03, thingid=877352b9-a35d-45d3-9c98-162d89965a13, thingarn=arn:aws:iot:us-east-1:507441099951:thing/iot-device-03, thingtypename=null, attributes={installed=1592562234, latitude=37.4133144, longitude=-122.1513069}, version=1, billinggroupname=null}","2020-11-26 00:00:00.000"
"iot-device-02","1.5946036590262332E9","59.5","79.16","true","false","0.0073","0.0046","0.0193","2020-11-26T16:57:41.642+0000","{defaultclientid=iot-device-02, thingname=iot-device-02, thingid=4ae4927a-aefb-4584-a45a-fc4839feffd6, thingarn=arn:aws:iot:us-east-1:507441099951:thing/iot-device-02, thingtypename=null, attributes={installed=1593361211, latitude=32.8205865, longitude=-96.871627}, version=1, billinggroupname=null}","2020-11-26 00:00:00.000"
"iot-device-02","1.5946035876480107E9","59.6","79.16","true","false","0.0072","0.0046","0.0192","2020-11-26T16:57:30.017+0000","{defaultclientid=iot-device-02, thingname=iot-device-02, thingid=4ae4927a-aefb-4584-a45a-fc4839feffd6, thingarn=arn:aws:iot:us-east-1:507441099951:thing/iot-device-02, thingtypename=null, attributes={installed=1593361211, latitude=32.8205865, longitude=-96.871627}, version=1, billinggroupname=null}","2020-11-26 00:00:00.000"
"iot-device-01","1.5946035897716806E9","74.0","66.38","false","false","0.0109","0.0081","0.0298","2020-11-26T16:57:30.320+0000","{defaultclientid=iot-device-01, thingname=iot-device-01, thingid=983c2b68-f9a3-4e83-b3c6-9f6f8ad5431b, thingarn=arn:aws:iot:us-east-1:507441099951:thing/iot-device-01, thingtypename=null, attributes={installed=1594665292, latitude=37.4133144, longitude=-122.1513069}, version=1, billinggroupname=null}","2020-11-26 00:00:00.000"
"iot-device-03","1.594603590646842E9","50.5","71.96","false","false","0.008","0.0053","0.0215","2020-11-26T16:57:30.606+0000","{defaultclientid=iot-device-03, thingname=iot-device-03, thingid=877352b9-a35d-45d3-9c98-162d89965a13, thingarn=arn:aws:iot:us-east-1:507441099951:thing/iot-device-03, thingtypename=null, attributes={installed=1592562234, latitude=37.4133144, longitude=-122.1513069}, version=1, billinggroupname=null}","2020-11-26 00:00:00.000"
"iot-device-02","1.594603592526843E9","59.6","79.16","true","false","0.0072","0.0046","0.0192","2020-11-26T16:57:30.892+0000","{defaultclientid=iot-device-02, thingname=iot-device-02, thingid=4ae4927a-aefb-4584-a45a-fc4839feffd6, thingarn=arn:aws:iot:us-east-1:507441099951:thing/iot-device-02, thingtypename=null, attributes={installed=1593361211, latitude=32.8205865, longitude=-96.871627}, version=1, billinggroupname=null}","2020-11-26 00:00:00.000"
"iot-device-03","1.5946035943328435E9","50.4","71.96","false","false","0.008","0.0053","0.0214","2020-11-26T16:57:31.192+0000","{defaultclientid=iot-device-03, thingname=iot-device-03, thingid=877352b9-a35d-45d3-9c98-162d89965a13, thingarn=arn:aws:iot:us-east-1:507441099951:thing/iot-device-03, thingtypename=null, attributes={installed=1592562234, latitude=37.4133144, longitude=-122.1513069}, version=1, billinggroupname=null}","2020-11-26 00:00:00.000"
"iot-device-01","1.594603595199981E9","74.0","66.38","false","false","0.0108","0.008","0.0294","2020-11-26T16:57:31.500+0000","{defaultclientid=iot-device-01, thingname=iot-device-01, thingid=983c2b68-f9a3-4e83-b3c6-9f6f8ad5431b, thingarn=arn:aws:iot:us-east-1:507441099951:thing/iot-device-01, thingtypename=null, attributes={installed=1594665292, latitude=37.4133144, longitude=-122.1513069}, version=1, billinggroupname=null}","2020-11-26 00:00:00.000"
"iot-device-02","1.5946035979385507E9","59.6","79.16","true","false","0.0072","0.0046","0.0191","2020-11-26T16:57:31.799+0000","{defaultclientid=iot-device-02, thingname=iot-device-02, thingid=4ae4927a-aefb-4584-a45a-fc4839feffd6, thingarn=arn:aws:iot:us-east-1:507441099951:thing/iot-device-02, thingtypename=null, attributes={installed=1593361211, latitude=32.8205865, longitude=-96.871627}, version=1, billinggroupname=null}","2020-11-26 00:00:00.000"
"iot-device-03","1.5946035980187259E9","50.3","71.96","false","false","0.008","0.0053","0.0215","2020-11-26T16:57:32.117+0000","{defaultclientid=iot-device-03, thingname=iot-device-03, thingid=877352b9-a35d-45d3-9c98-162d89965a13, thingarn=arn:aws:iot:us-east-1:507441099951:thing/iot-device-03, thingtypename=null, attributes={installed=1592562234, latitude=37.4133144, longitude=-122.1513069}, version=1, billinggroupname=null}","2020-11-26 00:00:00.000"
"iot-device-03","1.5946036016600552E9","50.1","71.96","false","false","0.008","0.0053","0.0215","2020-11-26T16:57:32.416+0000","{defaultclientid=iot-device-03, thingname=iot-device-03, thingid=877352b9-a35d-45d3-9c98-162d89965a13, thingarn=arn:aws:iot:us-east-1:507441099951:thing/iot-device-03, thingtypename=null, attributes={installed=1592562234, latitude=37.4133144, longitude=-122.1513069}, version=1, billinggroupname=null}","2020-11-26 00:00:00.000"
"iot-device-02","1.594603602284188E9","59.6","79.16","true","false","0.0072","0.0046","0.0192","2020-11-26T16:57:32.704+0000","{defaultclientid=iot-device-02, thingname=iot-device-02, thingid=4ae4927a-aefb-4584-a45a-fc4839feffd6, thingarn=arn:aws:iot:us-east-1:507441099951:thing/iot-device-02, thingtypename=null, attributes={installed=1593361211, latitude=32.8205865, longitude=-96.871627}, version=1, billinggroupname=null}","2020-11-26 00:00:00.000"
"iot-device-01","1.5946037620623648E9","73.7","66.2","false","false","0.0108","0.008","0.0294","2020-11-26T16:57:59.590+0000","{defaultclientid=iot-device-01, thingname=iot-device-01, thingid=983c2b68-f9a3-4e83-b3c6-9f6f8ad5431b, thingarn=arn:aws:iot:us-east-1:507441099951:thing/iot-device-01, thingtypename=null, attributes={installed=1594665292, latitude=37.4133144, longitude=-122.1513069}, version=1, billinggroupname=null}","2020-11-26 00:00:00.000"
"iot-device-03","1.5946037637388177E9","48.9","71.24","false","false","0.008","0.0053","0.0215","2020-11-26T16:57:59.888+0000","{defaultclientid=iot-device-03, thingname=iot-device-03, thingid=877352b9-a35d-45d3-9c98-162d89965a13, thingarn=arn:aws:iot:us-east-1:507441099951:thing/iot-device-03, thingtypename=null, attributes={installed=1592562234, latitude=37.4133144, longitude=-122.1513069}, version=1, billinggroupname=null}","2020-11-26 00:00:00.000"
"iot-device-03","1.5946036938043947E9","49.1","71.6","false","false","0.008","0.0053","0.0215","2020-11-26T16:57:47.828+0000","{defaultclientid=iot-device-03, thingname=iot-device-03, thingid=877352b9-a35d-45d3-9c98-162d89965a13, thingarn=arn:aws:iot:us-east-1:507441099951:thing/iot-device-03, thingtypename=null, attributes={installed=1592562234, latitude=37.4133144, longitude=-122.1513069}, version=1, billinggroupname=null}","2020-11-26 00:00:00.000"
"iot-device-01","1.5946036965028238E9","73.7","66.2","false","false","0.0109","0.0081","0.0298","2020-11-26T16:57:48.120+0000","{defaultclientid=iot-device-01, thingname=iot-device-01, thingid=983c2b68-f9a3-4e83-b3c6-9f6f8ad5431b, thingarn=arn:aws:iot:us-east-1:507441099951:thing/iot-device-01, thingtypename=null, attributes={installed=1594665292, latitude=37.4133144, longitude=-122.1513069}, version=1, billinggroupname=null}","2020-11-26 00:00:00.000"
"iot-device-02","1.5946036971066494E9","59.6","79.16","true","false","0.0073","0.0046","0.0193","2020-11-26T16:57:48.412+0000","{defaultclientid=iot-device-02, thingname=iot-device-02, thingid=4ae4927a-aefb-4584-a45a-fc4839feffd6, thingarn=arn:aws:iot:us-east-1:507441099951:thing/iot-device-02, thingtypename=null, attributes={installed=1593361211, latitude=32.8205865, longitude=-96.871627}, version=1, billinggroupname=null}","2020-11-26 00:00:00.000"
"iot-device-03","1.5946036974907773E9","49.0","71.6","false","false","0.0081","0.0053","0.0216","2020-11-26T16:57:48.711+0000","{defaultclientid=iot-device-03, thingname=iot-device-03, thingid=877352b9-a35d-45d3-9c98-162d89965a13, thingarn=arn:aws:iot:us-east-1:507441099951:thing/iot-device-03, thingtypename=null, attributes={installed=1592562234, latitude=37.4133144, longitude=-122.1513069}, version=1, billinggroupname=null}","2020-11-26 00:00:00.000"
"iot-device-01","1.5946037008577466E9","73.7","66.2","false","false","0.0107","0.0078","0.0291","2020-11-26T16:57:49.023+0000","{defaultclientid=iot-device-01, thingname=iot-device-01, thingid=983c2b68-f9a3-4e83-b3c6-9f6f8ad5431b, thingarn=arn:aws:iot:us-east-1:507441099951:thing/iot-device-01, thingtypename=null, attributes={installed=1594665292, latitude=37.4133144, longitude=-122.1513069}, version=1, billinggroupname=null}","2020-11-26 00:00:00.000"
"iot-device-03","1.594603701174754E9","48.9","71.42","false","false","0.008","0.0053","0.0215","2020-11-26T16:57:49.325+0000","{defaultclientid=iot-device-03, thingname=iot-device-03, thingid=877352b9-a35d-45d3-9c98-162d89965a13, thingarn=arn:aws:iot:us-east-1:507441099951:thing/iot-device-03, thingtypename=null, attributes={installed=1592562234, latitude=37.4133144, longitude=-122.1513069}, version=1, billinggroupname=null}","2020-11-26 00:00:00.000"
"iot-device-02","1.5946037019844618E9","59.6","79.16","true","false","0.0073","0.0046","0.0194","2020-11-26T16:57:49.620+0000","{defaultclientid=iot-device-02, thingname=iot-device-02, thingid=4ae4927a-aefb-4584-a45a-fc4839feffd6, thingarn=arn:aws:iot:us-east-1:507441099951:thing/iot-device-02, thingtypename=null, attributes={installed=1593361211, latitude=32.8205865, longitude=-96.871627}, version=1, billinggroupname=null}","2020-11-26 00:00:00.000"
"iot-device-03","1.594603704859489E9","48.9","71.42","false","false","0.0081","0.0053","0.0216","2020-11-26T16:57:49.918+0000","{defaultclientid=iot-device-03, thingname=iot-device-03, thingid=877352b9-a35d-45d3-9c98-162d89965a13, thingarn=arn:aws:iot:us-east-1:507441099951:thing/iot-device-03, thingtypename=null, attributes={installed=1592562234, latitude=37.4133144, longitude=-122.1513069}, version=1, billinggroupname=null}","2020-11-26 00:00:00.000"
"iot-device-01","1.5946037068244386E9","73.7","66.2","false","false","0.0107","0.0078","0.0291","2020-11-26T16:57:50.209+0000","{defaultclientid=iot-device-01, thingname=iot-device-01, thingid=983c2b68-f9a3-4e83-b3c6-9f6f8ad5431b, thingarn=arn:aws:iot:us-east-1:507441099951:thing/iot-device-01, thingtypename=null, attributes={installed=1594665292, latitude=37.4133144, longitude=-122.1513069}, version=1, billinggroupname=null}","2020-11-26 00:00:00.000"
"iot-device-03","1.5946037085430095E9","49.0","71.42","false","false","0.008","0.0053","0.0215","2020-11-26T16:57:50.502+0000","{defaultclientid=iot-device-03, thingname=iot-device-03, thingid=877352b9-a35d-45d3-9c98-162d89965a13, thingarn=arn:aws:iot:us-east-1:507441099951:thing/iot-device-03, thingtypename=null, attributes={installed=1592562234, latitude=37.4133144, longitude=-122.1513069}, version=1, billinggroupname=null}","2020-11-26 00:00:00.000"
"iot-device-02","1.5946036174598706E9","59.7","79.16","true","false","0.0073","0.0046","0.0193","2020-11-26T16:57:35.939+0000","{defaultclientid=iot-device-02, thingname=iot-device-02, thingid=4ae4927a-aefb-4584-a45a-fc4839feffd6, thingarn=arn:aws:iot:us-east-1:507441099951:thing/iot-device-02, thingtypename=null, attributes={installed=1593361211, latitude=32.8205865, longitude=-96.871627}, version=1, billinggroupname=null}","2020-11-26 00:00:00.000"
"iot-device-03","1.5946036201011016E9","49.9","71.96","false","false","0.008","0.0053","0.0215","2020-11-26T16:57:36.229+0000","{defaultclientid=iot-device-03, thingname=iot-device-03, thingid=877352b9-a35d-45d3-9c98-162d89965a13, thingarn=arn:aws:iot:us-east-1:507441099951:thing/iot-device-03, thingtypename=null, attributes={installed=1592562234, latitude=37.4133144, longitude=-122.1513069}, version=1, billinggroupname=null}","2020-11-26 00:00:00.000"
"iot-device-03","1.5946036237875786E9","49.8","71.78","false","false","0.008","0.0053","0.0215","2020-11-26T16:57:36.525+0000","{defaultclientid=iot-device-03, thingname=iot-device-03, thingid=877352b9-a35d-45d3-9c98-162d89965a13, thingarn=arn:aws:iot:us-east-1:507441099951:thing/iot-device-03, thingtypename=null, attributes={installed=1592562234, latitude=37.4133144, longitude=-122.1513069}, version=1, billinggroupname=null}","2020-11-26 00:00:00.000"
"iot-device-03","1.5946036274749525E9","49.7","71.96","false","false","0.008","0.0053","0.0215","2020-11-26T16:57:36.817+0000","{defaultclientid=iot-device-03, thingname=iot-device-03, thingid=877352b9-a35d-45d3-9c98-162d89965a13, thingarn=arn:aws:iot:us-east-1:507441099951:thing/iot-device-03, thingtypename=null, attributes={installed=1592562234, latitude=37.4133144, longitude=-122.1513069}, version=1, billinggroupname=null}","2020-11-26 00:00:00.000"
"iot-device-01","1.5946036287909167E9","73.9","66.38","false","false","0.011","0.0082","0.0301","2020-11-26T16:57:37.111+0000","{defaultclientid=iot-device-01, thingname=iot-device-01, thingid=983c2b68-f9a3-4e83-b3c6-9f6f8ad5431b, thingarn=arn:aws:iot:us-east-1:507441099951:thing/iot-device-01, thingtypename=null, attributes={installed=1594665292, latitude=37.4133144, longitude=-122.1513069}, version=1, billinggroupname=null}","2020-11-26 00:00:00.000"
"iot-device-03","1.5946036311627474E9","49.5","71.78","false","false","0.0081","0.0053","0.0216","2020-11-26T16:57:37.410+0000","{defaultclientid=iot-device-03, thingname=iot-device-03, thingid=877352b9-a35d-45d3-9c98-162d89965a13, thingarn=arn:aws:iot:us-east-1:507441099951:thing/iot-device-03, thingtypename=null, attributes={installed=1592562234, latitude=37.4133144, longitude=-122.1513069}, version=1, billinggroupname=null}","2020-11-26 00:00:00.000"
"iot-device-02","1.5946036317637675E9","59.6","79.16","true","false","0.0073","0.0046","0.0193","2020-11-26T16:57:37.706+0000","{defaultclientid=iot-device-02, thingname=iot-device-02, thingid=4ae4927a-aefb-4584-a45a-fc4839feffd6, thingarn=arn:aws:iot:us-east-1:507441099951:thing/iot-device-02, thingtypename=null, attributes={installed=1593361211, latitude=32.8205865, longitude=-96.871627}, version=1, billinggroupname=null}","2020-11-26 00:00:00.000"
"iot-device-03","1.5946036348499365E9","49.5","71.78","false","false","0.008","0.0053","0.0215","2020-11-26T16:57:37.990+0000","{defaultclientid=iot-device-03, thingname=iot-device-03, thingid=877352b9-a35d-45d3-9c98-162d89965a13, thingarn=arn:aws:iot:us-east-1:507441099951:thing/iot-device-03, thingtypename=null, attributes={installed=1592562234, latitude=37.4133144, longitude=-122.1513069}, version=1, billinggroupname=null}","2020-11-26 00:00:00.000"
"iot-device-03","1.594603638534402E9","49.5","71.78","false","false","0.0081","0.0053","0.0216","2020-11-26T16:57:38.287+0000","{defaultclientid=iot-device-03, thingname=iot-device-03, thingid=877352b9-a35d-45d3-9c98-162d89965a13, thingarn=arn:aws:iot:us-east-1:507441099951:thing/iot-device-03, thingtypename=null, attributes={installed=1592562234, latitude=37.4133144, longitude=-122.1513069}, version=1, billinggroupname=null}","2020-11-26 00:00:00.000"
"iot-device-02","1.594603639317668E9","59.6","79.16","true","false","0.0073","0.0046","0.0194","2020-11-26T16:57:38.586+0000","{defaultclientid=iot-device-02, thingname=iot-device-02, thingid=4ae4927a-aefb-4584-a45a-fc4839feffd6, thingarn=arn:aws:iot:us-east-1:507441099951:thing/iot-device-02, thingtypename=null, attributes={installed=1593361211, latitude=32.8205865, longitude=-96.871627}, version=1, billinggroupname=null}","2020-11-26 00:00:00.000"
"iot-device-01","1.5946037268714304E9","73.7","66.2","false","false","0.0108","0.008","0.0294","2020-11-26T16:57:53.717+0000","{defaultclientid=iot-device-01, thingname=iot-device-01, thingid=983c2b68-f9a3-4e83-b3c6-9f6f8ad5431b, thingarn=arn:aws:iot:us-east-1:507441099951:thing/iot-device-01, thingtypename=null, attributes={installed=1594665292, latitude=37.4133144, longitude=-122.1513069}, version=1, billinggroupname=null}","2020-11-26 00:00:00.000"
"iot-device-03","1.59460372695745E9","48.9","71.42","false","false","0.008","0.0053","0.0215","2020-11-26T16:57:53.995+0000","{defaultclientid=iot-device-03, thingname=iot-device-03, thingid=877352b9-a35d-45d3-9c98-162d89965a13, thingarn=arn:aws:iot:us-east-1:507441099951:thing/iot-device-03, thingtypename=null, attributes={installed=1592562234, latitude=37.4133144, longitude=-122.1513069}, version=1, billinggroupname=null}","2020-11-26 00:00:00.000"
"iot-device-03","1.5946037306438096E9","48.9","71.42","false","false","0.0081","0.0053","0.0216","2020-11-26T16:57:54.295+0000","{defaultclientid=iot-device-03, thingname=iot-device-03, thingid=877352b9-a35d-45d3-9c98-162d89965a13, thingarn=arn:aws:iot:us-east-1:507441099951:thing/iot-device-03, thingtypename=null, attributes={installed=1592562234, latitude=37.4133144, longitude=-122.1513069}, version=1, billinggroupname=null}","2020-11-26 00:00:00.000"
"iot-device-02","1.5946037322629821E9","59.6","79.16","true","false","0.0073","0.0046","0.0193","2020-11-26T16:57:54.588+0000","{defaultclientid=iot-device-02, thingname=iot-device-02, thingid=4ae4927a-aefb-4584-a45a-fc4839feffd6, thingarn=arn:aws:iot:us-east-1:507441099951:thing/iot-device-02, thingtypename=null, attributes={installed=1593361211, latitude=32.8205865, longitude=-96.871627}, version=1, billinggroupname=null}","2020-11-26 00:00:00.000"
"iot-device-03","1.5946037343273466E9","48.9","71.42","false","false","0.008","0.0053","0.0215","2020-11-26T16:57:54.879+0000","{defaultclientid=iot-device-03, thingname=iot-device-03, thingid=877352b9-a35d-45d3-9c98-162d89965a13, thingarn=arn:aws:iot:us-east-1:507441099951:thing/iot-device-03, thingtypename=null, attributes={installed=1592562234, latitude=37.4133144, longitude=-122.1513069}, version=1, billinggroupname=null}","2020-11-26 00:00:00.000"
"iot-device-01","1.5946037344443293E9","73.8","66.2","false","false","0.0106","0.0078","0.029","2020-11-26T16:57:55.165+0000","{defaultclientid=iot-device-01, thingname=iot-device-01, thingid=983c2b68-f9a3-4e83-b3c6-9f6f8ad5431b, thingarn=arn:aws:iot:us-east-1:507441099951:thing/iot-device-01, thingtypename=null, attributes={installed=1594665292, latitude=37.4133144, longitude=-122.1513069}, version=1, billinggroupname=null}","2020-11-26 00:00:00.000"
"iot-device-03","1.594603738010631E9","49.0","71.42","false","false","0.008","0.0053","0.0215","2020-11-26T16:57:55.461+0000","{defaultclientid=iot-device-03, thingname=iot-device-03, thingid=877352b9-a35d-45d3-9c98-162d89965a13, thingarn=arn:aws:iot:us-east-1:507441099951:thing/iot-device-03, thingtypename=null, attributes={installed=1592562234, latitude=37.4133144, longitude=-122.1513069}, version=1, billinggroupname=null}","2020-11-26 00:00:00.000"
"iot-device-03","1.594603741696283E9","49.0","71.42","false","false","0.0081","0.0053","0.0216","2020-11-26T16:57:55.756+0000","{defaultclientid=iot-device-03, thingname=iot-device-03, thingid=877352b9-a35d-45d3-9c98-162d89965a13, thingarn=arn:aws:iot:us-east-1:507441099951:thing/iot-device-03, thingtypename=null, attributes={installed=1592562234, latitude=37.4133144, longitude=-122.1513069}, version=1, billinggroupname=null}","2020-11-26 00:00:00.000"
"iot-device-02","1.5946037419675233E9","59.6","79.16","true","false","0.0072","0.0046","0.0192","2020-11-26T16:57:56.051+0000","{defaultclientid=iot-device-02, thingname=iot-device-02, thingid=4ae4927a-aefb-4584-a45a-fc4839feffd6, thingarn=arn:aws:iot:us-east-1:507441099951:thing/iot-device-02, thingtypename=null, attributes={installed=1593361211, latitude=32.8205865, longitude=-96.871627}, version=1, billinggroupname=null}","2020-11-26 00:00:00.000"
"iot-device-01","1.5946037425537848E9","73.7","66.2","false","false","0.0107","0.0078","0.0291","2020-11-26T16:57:56.337+0000","{defaultclientid=iot-device-01, thingname=iot-device-01, thingid=983c2b68-f9a3-4e83-b3c6-9f6f8ad5431b, thingarn=arn:aws:iot:us-east-1:507441099951:thing/iot-device-01, thingtypename=null, attributes={installed=1594665292, latitude=37.4133144, longitude=-122.1513069}, version=1, billinggroupname=null}","2020-11-26 00:00:00.000"
"iot-device-03","1.5946037453750362E9","48.9","71.24","false","false","0.0081","0.0053","0.0216","2020-11-26T16:57:56.617+0000","{defaultclientid=iot-device-03, thingname=iot-device-03, thingid=877352b9-a35d-45d3-9c98-162d89965a13, thingarn=arn:aws:iot:us-east-1:507441099951:thing/iot-device-03, thingtypename=null, attributes={installed=1592562234, latitude=37.4133144, longitude=-122.1513069}, version=1, billinggroupname=null}","2020-11-26 00:00:00.000"
"iot-device-02","1.5946037490210285E9","59.6","79.16","true","false","0.0072","0.0046","0.0192","2020-11-26T16:57:56.915+0000","{defaultclientid=iot-device-02, thingname=iot-device-02, thingid=4ae4927a-aefb-4584-a45a-fc4839feffd6, thingarn=arn:aws:iot:us-east-1:507441099951:thing/iot-device-02, thingtypename=null, attributes={installed=1593361211, latitude=32.8205865, longitude=-96.871627}, version=1, billinggroupname=null}","2020-11-26 00:00:00.000"
"iot-device-03","1.5946037490591154E9","49.0","71.42","false","false","0.008","0.0053","0.0215","2020-11-26T16:57:57.218+0000","{defaultclientid=iot-device-03, thingname=iot-device-03, thingid=877352b9-a35d-45d3-9c98-162d89965a13, thingarn=arn:aws:iot:us-east-1:507441099951:thing/iot-device-03, thingtypename=null, attributes={installed=1592562234, latitude=37.4133144, longitude=-122.1513069}, version=1, billinggroupname=null}","2020-11-26 00:00:00.000"
"iot-device-01","1.5946037495869527E9","73.7","66.2","false","false","0.0108","0.008","0.0294","2020-11-26T16:57:57.514+0000","{defaultclientid=iot-device-01, thingname=iot-device-01, thingid=983c2b68-f9a3-4e83-b3c6-9f6f8ad5431b, thingarn=arn:aws:iot:us-east-1:507441099951:thing/iot-device-01, thingtypename=null, attributes={installed=1594665292, latitude=37.4133144, longitude=-122.1513069}, version=1, billinggroupname=null}","2020-11-26 00:00:00.000"
"iot-device-03","1.5946037526766331E9","49.0","71.42","false","false","0.008","0.0053","0.0215","2020-11-26T16:57:57.811+0000","{defaultclientid=iot-device-03, thingname=iot-device-03, thingid=877352b9-a35d-45d3-9c98-162d89965a13, thingarn=arn:aws:iot:us-east-1:507441099951:thing/iot-device-03, thingtypename=null, attributes={installed=1592562234, latitude=37.4133144, longitude=-122.1513069}, version=1, billinggroupname=null}","2020-11-26 00:00:00.000"
"iot-device-02","1.594603753898762E9","59.6","79.16","true","false","0.0072","0.0046","0.0192","2020-11-26T16:57:58.098+0000","{defaultclientid=iot-device-02, thingname=iot-device-02, thingid=4ae4927a-aefb-4584-a45a-fc4839feffd6, thingarn=arn:aws:iot:us-east-1:507441099951:thing/iot-device-02, thingtypename=null, attributes={installed=1593361211, latitude=32.8205865, longitude=-96.871627}, version=1, billinggroupname=null}","2020-11-26 00:00:00.000"
"iot-device-01","1.5946037544851046E9","73.7","66.2","false","false","0.0109","0.0081","0.0298","2020-11-26T16:57:58.389+0000","{defaultclientid=iot-device-01, thingname=iot-device-01, thingid=983c2b68-f9a3-4e83-b3c6-9f6f8ad5431b, thingarn=arn:aws:iot:us-east-1:507441099951:thing/iot-device-01, thingtypename=null, attributes={installed=1594665292, latitude=37.4133144, longitude=-122.1513069}, version=1, billinggroupname=null}","2020-11-26 00:00:00.000"
"iot-device-03","1.594603756366482E9","48.9","71.42","false","false","0.008","0.0053","0.0215","2020-11-26T16:57:58.685+0000","{defaultclientid=iot-device-03, thingname=iot-device-03, thingid=877352b9-a35d-45d3-9c98-162d89965a13, thingarn=arn:aws:iot:us-east-1:507441099951:thing/iot-device-03, thingtypename=null, attributes={installed=1592562234, latitude=37.4133144, longitude=-122.1513069}, version=1, billinggroupname=null}","2020-11-26 00:00:00.000"
"iot-device-03","1.5946037600527258E9","49.0","71.42","false","false","0.008","0.0053","0.0215","2020-11-26T16:57:59.003+0000","{defaultclientid=iot-device-03, thingname=iot-device-03, thingid=877352b9-a35d-45d3-9c98-162d89965a13, thingarn=arn:aws:iot:us-east-1:507441099951:thing/iot-device-03, thingtypename=null, attributes={installed=1592562234, latitude=37.4133144, longitude=-122.1513069}, version=1, billinggroupname=null}","2020-11-26 00:00:00.000"
"iot-device-02","1.5946037603728442E9","59.6","79.16","true","false","0.0072","0.0046","0.0192","2020-11-26T16:57:59.286+0000","{defaultclientid=iot-device-02, thingname=iot-device-02, thingid=4ae4927a-aefb-4584-a45a-fc4839feffd6, thingarn=arn:aws:iot:us-east-1:507441099951:thing/iot-device-02, thingtypename=null, attributes={installed=1593361211, latitude=32.8205865, longitude=-96.871627}, version=1, billinggroupname=null}","2020-11-26 00:00:00.000"
"iot-device-03","1.5946036754057794E9","49.1","71.6","false","false","0.008","0.0053","0.0215","2020-11-26T16:57:44.939+0000","{defaultclientid=iot-device-03, thingname=iot-device-03, thingid=877352b9-a35d-45d3-9c98-162d89965a13, thingarn=arn:aws:iot:us-east-1:507441099951:thing/iot-device-03, thingtypename=null, attributes={installed=1592562234, latitude=37.4133144, longitude=-122.1513069}, version=1, billinggroupname=null}","2020-11-26 00:00:00.000"
"iot-device-02","1.5946036757909384E9","59.6","79.16","true","false","0.0073","0.0046","0.0194","2020-11-26T16:57:45.242+0000","{defaultclientid=iot-device-02, thingname=iot-device-02, thingid=4ae4927a-aefb-4584-a45a-fc4839feffd6, thingarn=arn:aws:iot:us-east-1:507441099951:thing/iot-device-02, thingtypename=null, attributes={installed=1593361211, latitude=32.8205865, longitude=-96.871627}, version=1, billinggroupname=null}","2020-11-26 00:00:00.000"
"iot-device-03","1.594603679090599E9","49.1","71.6","false","false","0.008","0.0053","0.0215","2020-11-26T16:57:45.525+0000","{defaultclientid=iot-device-03, thingname=iot-device-03, thingid=877352b9-a35d-45d3-9c98-162d89965a13, thingarn=arn:aws:iot:us-east-1:507441099951:thing/iot-device-03, thingtypename=null, attributes={installed=1592562234, latitude=37.4133144, longitude=-122.1513069}, version=1, billinggroupname=null}","2020-11-26 00:00:00.000"
"iot-device-02","1.5946036795972419E9","59.6","79.16","true","false","0.0072","0.0046","0.0192","2020-11-26T16:57:45.815+0000","{defaultclientid=iot-device-02, thingname=iot-device-02, thingid=4ae4927a-aefb-4584-a45a-fc4839feffd6, thingarn=arn:aws:iot:us-east-1:507441099951:thing/iot-device-02, thingtypename=null, attributes={installed=1593361211, latitude=32.8205865, longitude=-96.871627}, version=1, billinggroupname=null}","2020-11-26 00:00:00.000"
"iot-device-03","1.5946036827417767E9","49.1","71.6","false","false","0.008","0.0053","0.0215","2020-11-26T16:57:46.101+0000","{defaultclientid=iot-device-03, thingname=iot-device-03, thingid=877352b9-a35d-45d3-9c98-162d89965a13, thingarn=arn:aws:iot:us-east-1:507441099951:thing/iot-device-03, thingtypename=null, attributes={installed=1592562234, latitude=37.4133144, longitude=-122.1513069}, version=1, billinggroupname=null}","2020-11-26 00:00:00.000"
"iot-device-01","1.5946036829526575E9","73.7","66.2","false","false","0.0108","0.008","0.0294","2020-11-26T16:57:46.391+0000","{defaultclientid=iot-device-01, thingname=iot-device-01, thingid=983c2b68-f9a3-4e83-b3c6-9f6f8ad5431b, thingarn=arn:aws:iot:us-east-1:507441099951:thing/iot-device-01, thingtypename=null, attributes={installed=1594665292, latitude=37.4133144, longitude=-122.1513069}, version=1, billinggroupname=null}","2020-11-26 00:00:00.000"
"iot-device-02","1.594603683948163E9","59.6","79.16","true","false","0.0072","0.0046","0.0192","2020-11-26T16:57:46.674+0000","{defaultclientid=iot-device-02, thingname=iot-device-02, thingid=4ae4927a-aefb-4584-a45a-fc4839feffd6, thingarn=arn:aws:iot:us-east-1:507441099951:thing/iot-device-02, thingtypename=null, attributes={installed=1593361211, latitude=32.8205865, longitude=-96.871627}, version=1, billinggroupname=null}","2020-11-26 00:00:00.000"
"iot-device-03","1.5946036864319954E9","49.1","71.6","false","false","0.008","0.0053","0.0214","2020-11-26T16:57:46.957+0000","{defaultclientid=iot-device-03, thingname=iot-device-03, thingid=877352b9-a35d-45d3-9c98-162d89965a13, thingarn=arn:aws:iot:us-east-1:507441099951:thing/iot-device-03, thingtypename=null, attributes={installed=1592562234, latitude=37.4133144, longitude=-122.1513069}, version=1, billinggroupname=null}","2020-11-26 00:00:00.000"
"iot-device-01","1.5946036867653675E9","73.7","66.2","false","false","0.0107","0.0078","0.0291","2020-11-26T16:57:47.249+0000","{defaultclientid=iot-device-01, thingname=iot-device-01, thingid=983c2b68-f9a3-4e83-b3c6-9f6f8ad5431b, thingarn=arn:aws:iot:us-east-1:507441099951:thing/iot-device-01, thingtypename=null, attributes={installed=1594665292, latitude=37.4133144, longitude=-122.1513069}, version=1, billinggroupname=null}","2020-11-26 00:00:00.000"
"iot-device-03","1.5946036901182005E9","49.2","71.6","false","false","0.008","0.0053","0.0215","2020-11-26T16:57:47.540+0000","{defaultclientid=iot-device-03, thingname=iot-device-03, thingid=877352b9-a35d-45d3-9c98-162d89965a13, thingarn=arn:aws:iot:us-east-1:507441099951:thing/iot-device-03, thingtypename=null, attributes={installed=1592562234, latitude=37.4133144, longitude=-122.1513069}, version=1, billinggroupname=null}","2020-11-26 00:00:00.000"
"iot-device-02","1.594603711139023E9","59.6","79.16","true","false","0.0072","0.0046","0.0192","2020-11-26T16:57:50.812+0000","{defaultclientid=iot-device-02, thingname=iot-device-02, thingid=4ae4927a-aefb-4584-a45a-fc4839feffd6, thingarn=arn:aws:iot:us-east-1:507441099951:thing/iot-device-02, thingtypename=null, attributes={installed=1593361211, latitude=32.8205865, longitude=-96.871627}, version=1, billinggroupname=null}","2020-11-26 00:00:00.000"
"iot-device-03","1.59460371222619E9","49.0","71.42","false","false","0.0081","0.0053","0.0216","2020-11-26T16:57:51.096+0000","{defaultclientid=iot-device-03, thingname=iot-device-03, thingid=877352b9-a35d-45d3-9c98-162d89965a13, thingarn=arn:aws:iot:us-east-1:507441099951:thing/iot-device-03, thingtypename=null, attributes={installed=1592562234, latitude=37.4133144, longitude=-122.1513069}, version=1, billinggroupname=null}","2020-11-26 00:00:00.000"
"iot-device-02","1.5946037149455593E9","59.6","79.16","true","false","0.0072","0.0046","0.0192","2020-11-26T16:57:51.390+0000","{defaultclientid=iot-device-02, thingname=iot-device-02, thingid=4ae4927a-aefb-4584-a45a-fc4839feffd6, thingarn=arn:aws:iot:us-east-1:507441099951:thing/iot-device-02, thingtypename=null, attributes={installed=1593361211, latitude=32.8205865, longitude=-96.871627}, version=1, billinggroupname=null}","2020-11-26 00:00:00.000"
"iot-device-03","1.5946037159121945E9","49.0","71.42","false","false","0.008","0.0053","0.0215","2020-11-26T16:57:51.679+0000","{defaultclientid=iot-device-03, thingname=iot-device-03, thingid=877352b9-a35d-45d3-9c98-162d89965a13, thingarn=arn:aws:iot:us-east-1:507441099951:thing/iot-device-03, thingtypename=null, attributes={installed=1592562234, latitude=37.4133144, longitude=-122.1513069}, version=1, billinggroupname=null}","2020-11-26 00:00:00.000"
"iot-device-01","1.5946037176307669E9","73.7","66.2","false","false","0.0109","0.0081","0.0298","2020-11-26T16:57:51.977+0000","{defaultclientid=iot-device-01, thingname=iot-device-01, thingid=983c2b68-f9a3-4e83-b3c6-9f6f8ad5431b, thingarn=arn:aws:iot:us-east-1:507441099951:thing/iot-device-01, thingtypename=null, attributes={installed=1594665292, latitude=37.4133144, longitude=-122.1513069}, version=1, billinggroupname=null}","2020-11-26 00:00:00.000"
"iot-device-03","1.5946037195961876E9","49.0","71.42","false","false","0.008","0.0053","0.0215","2020-11-26T16:57:52.271+0000","{defaultclientid=iot-device-03, thingname=iot-device-03, thingid=877352b9-a35d-45d3-9c98-162d89965a13, thingarn=arn:aws:iot:us-east-1:507441099951:thing/iot-device-03, thingtypename=null, attributes={installed=1592562234, latitude=37.4133144, longitude=-122.1513069}, version=1, billinggroupname=null}","2020-11-26 00:00:00.000"
"iot-device-02","1.59460372142593E9","59.6","79.16","true","false","0.0073","0.0046","0.0194","2020-11-26T16:57:52.550+0000","{defaultclientid=iot-device-02, thingname=iot-device-02, thingid=4ae4927a-aefb-4584-a45a-fc4839feffd6, thingarn=arn:aws:iot:us-east-1:507441099951:thing/iot-device-02, thingtypename=null, attributes={installed=1593361211, latitude=32.8205865, longitude=-96.871627}, version=1, billinggroupname=null}","2020-11-26 00:00:00.000"
"iot-device-01","1.594603721443614E9","73.8","66.2","false","false","0.0108","0.008","0.0294","2020-11-26T16:57:52.841+0000","{defaultclientid=iot-device-01, thingname=iot-device-01, thingid=983c2b68-f9a3-4e83-b3c6-9f6f8ad5431b, thingarn=arn:aws:iot:us-east-1:507441099951:thing/iot-device-01, thingtypename=null, attributes={installed=1594665292, latitude=37.4133144, longitude=-122.1513069}, version=1, billinggroupname=null}","2020-11-26 00:00:00.000"
"iot-device-03","1.5946037232739894E9","49.0","71.42","false","false","0.008","0.0053","0.0215","2020-11-26T16:57:53.126+0000","{defaultclientid=iot-device-03, thingname=iot-device-03, thingid=877352b9-a35d-45d3-9c98-162d89965a13, thingarn=arn:aws:iot:us-east-1:507441099951:thing/iot-device-03, thingtypename=null, attributes={installed=1592562234, latitude=37.4133144, longitude=-122.1513069}, version=1, billinggroupname=null}","2020-11-26 00:00:00.000"
"iot-device-02","1.5946037257731755E9","59.6","79.16","true","false","0.0073","0.0046","0.0194","2020-11-26T16:57:53.429+0000","{defaultclientid=iot-device-02, thingname=iot-device-02, thingid=4ae4927a-aefb-4584-a45a-fc4839feffd6, thingarn=arn:aws:iot:us-east-1:507441099951:thing/iot-device-02, thingtypename=null, attributes={installed=1593361211, latitude=32.8205865, longitude=-96.871627}, version=1, billinggroupname=null}","2020-11-26 00:00:00.000"
"iot-device-01","1.5946036033070314E9","73.9","66.38","false","false","0.011","0.0082","0.0301","2020-11-26T16:57:32.988+0000","{defaultclientid=iot-device-01, thingname=iot-device-01, thingid=983c2b68-f9a3-4e83-b3c6-9f6f8ad5431b, thingarn=arn:aws:iot:us-east-1:507441099951:thing/iot-device-01, thingtypename=null, attributes={installed=1594665292, latitude=37.4133144, longitude=-122.1513069}, version=1, billinggroupname=null}","2020-11-26 00:00:00.000"
"iot-device-03","1.5946036053580015E9","49.8","71.96","false","false","0.008","0.0053","0.0215","2020-11-26T16:57:33.290+0000","{defaultclientid=iot-device-03, thingname=iot-device-03, thingid=877352b9-a35d-45d3-9c98-162d89965a13, thingarn=arn:aws:iot:us-east-1:507441099951:thing/iot-device-03, thingtypename=null, attributes={installed=1592562234, latitude=37.4133144, longitude=-122.1513069}, version=1, billinggroupname=null}","2020-11-26 00:00:00.000"
"iot-device-01","1.594603607658909E9","74.0","66.38","false","false","0.0107","0.0078","0.0291","2020-11-26T16:57:33.593+0000","{defaultclientid=iot-device-01, thingname=iot-device-01, thingid=983c2b68-f9a3-4e83-b3c6-9f6f8ad5431b, thingarn=arn:aws:iot:us-east-1:507441099951:thing/iot-device-01, thingtypename=null, attributes={installed=1594665292, latitude=37.4133144, longitude=-122.1513069}, version=1, billinggroupname=null}","2020-11-26 00:00:00.000"
"iot-device-02","1.5946036076966922E9","59.6","79.16","true","false","0.0072","0.0046","0.0192","2020-11-26T16:57:33.897+0000","{defaultclientid=iot-device-02, thingname=iot-device-02, thingid=4ae4927a-aefb-4584-a45a-fc4839feffd6, thingarn=arn:aws:iot:us-east-1:507441099951:thing/iot-device-02, thingtypename=null, attributes={installed=1593361211, latitude=32.8205865, longitude=-96.871627}, version=1, billinggroupname=null}","2020-11-26 00:00:00.000"
"iot-device-03","1.5946036090431228E9","49.8","71.96","false","false","0.008","0.0053","0.0215","2020-11-26T16:57:34.192+0000","{defaultclientid=iot-device-03, thingname=iot-device-03, thingid=877352b9-a35d-45d3-9c98-162d89965a13, thingarn=arn:aws:iot:us-east-1:507441099951:thing/iot-device-03, thingtypename=null, attributes={installed=1592562234, latitude=37.4133144, longitude=-122.1513069}, version=1, billinggroupname=null}","2020-11-26 00:00:00.000"
"iot-device-03","1.5946036127295165E9","49.9","71.96","false","false","0.008","0.0053","0.0215","2020-11-26T16:57:34.489+0000","{defaultclientid=iot-device-03, thingname=iot-device-03, thingid=877352b9-a35d-45d3-9c98-162d89965a13, thingarn=arn:aws:iot:us-east-1:507441099951:thing/iot-device-03, thingtypename=null, attributes={installed=1592562234, latitude=37.4133144, longitude=-122.1513069}, version=1, billinggroupname=null}","2020-11-26 00:00:00.000"
"iot-device-01","1.5946036130962205E9","73.9","66.38","false","false","0.0108","0.008","0.0294","2020-11-26T16:57:34.777+0000","{defaultclientid=iot-device-01, thingname=iot-device-01, thingid=983c2b68-f9a3-4e83-b3c6-9f6f8ad5431b, thingarn=arn:aws:iot:us-east-1:507441099951:thing/iot-device-01, thingtypename=null, attributes={installed=1594665292, latitude=37.4133144, longitude=-122.1513069}, version=1, billinggroupname=null}","2020-11-26 00:00:00.000"
"iot-device-02","1.5946036131091125E9","59.6","79.16","true","false","0.0073","0.0046","0.0193","2020-11-26T16:57:35.069+0000","{defaultclientid=iot-device-02, thingname=iot-device-02, thingid=4ae4927a-aefb-4584-a45a-fc4839feffd6, thingarn=arn:aws:iot:us-east-1:507441099951:thing/iot-device-02, thingtypename=null, attributes={installed=1593361211, latitude=32.8205865, longitude=-96.871627}, version=1, billinggroupname=null}","2020-11-26 00:00:00.000"
"iot-device-03","1.594603616415019E9","49.9","71.96","false","false","0.008","0.0053","0.0215","2020-11-26T16:57:35.359+0000","{defaultclientid=iot-device-03, thingname=iot-device-03, thingid=877352b9-a35d-45d3-9c98-162d89965a13, thingarn=arn:aws:iot:us-east-1:507441099951:thing/iot-device-03, thingtypename=null, attributes={installed=1592562234, latitude=37.4133144, longitude=-122.1513069}, version=1, billinggroupname=null}","2020-11-26 00:00:00.000"
"iot-device-01","1.5946036174510546E9","73.9","66.38","false","false","0.0108","0.008","0.0294","2020-11-26T16:57:35.652+0000","{defaultclientid=iot-device-01, thingname=iot-device-01, thingid=983c2b68-f9a3-4e83-b3c6-9f6f8ad5431b, thingarn=arn:aws:iot:us-east-1:507441099951:thing/iot-device-01, thingtypename=null, attributes={installed=1594665292, latitude=37.4133144, longitude=-122.1513069}, version=1, billinggroupname=null}","2020-11-26 00:00:00.000"
"iot-device-03","1.5946175789243536E9","48.3","71.42","false","false","0.0078","0.0051","0.0208","2020-11-26T17:04:53.688+0000","{defaultclientid=iot-device-03, thingname=iot-device-03, thingid=877352b9-a35d-45d3-9c98-162d89965a13, thingarn=arn:aws:iot:us-east-1:507441099951:thing/iot-device-03, thingtypename=null, attributes={installed=1592562234, latitude=37.4133144, longitude=-122.1513069}, version=1, billinggroupname=null}","2020-11-26 00:00:00.000"
"iot-device-02","1.5946175812480268E9","59.9","77.0","true","false","0.0071","0.0045","0.0189","2020-11-26T17:04:53.992+0000","{defaultclientid=iot-device-02, thingname=iot-device-02, thingid=4ae4927a-aefb-4584-a45a-fc4839feffd6, thingarn=arn:aws:iot:us-east-1:507441099951:thing/iot-device-02, thingtypename=null, attributes={installed=1593361211, latitude=32.8205865, longitude=-96.871627}, version=1, billinggroupname=null}","2020-11-26 00:00:00.000"
"iot-device-01","1.594617581918794E9","74.2","66.92","false","false","0.0076","0.0049","0.0202","2020-11-26T17:04:54.295+0000","{defaultclientid=iot-device-01, thingname=iot-device-01, thingid=983c2b68-f9a3-4e83-b3c6-9f6f8ad5431b, thingarn=arn:aws:iot:us-east-1:507441099951:thing/iot-device-01, thingtypename=null, attributes={installed=1594665292, latitude=37.4133144, longitude=-122.1513069}, version=1, billinggroupname=null}","2020-11-26 00:00:00.000"
"iot-device-03","1.5946175826081407E9","48.4","71.42","false","false","0.0078","0.0051","0.0208","2020-11-26T17:04:54.588+0000","{defaultclientid=iot-device-03, thingname=iot-device-03, thingid=877352b9-a35d-45d3-9c98-162d89965a13, thingarn=arn:aws:iot:us-east-1:507441099951:thing/iot-device-03, thingtypename=null, attributes={installed=1592562234, latitude=37.4133144, longitude=-122.1513069}, version=1, billinggroupname=null}","2020-11-26 00:00:00.000"
"iot-device-01","1.59461758627044E9","74.4","66.92","false","false","0.0076","0.0049","0.0202","2020-11-26T17:04:54.871+0000","{defaultclientid=iot-device-01, thingname=iot-device-01, thingid=983c2b68-f9a3-4e83-b3c6-9f6f8ad5431b, thingarn=arn:aws:iot:us-east-1:507441099951:thing/iot-device-01, thingtypename=null, attributes={installed=1594665292, latitude=37.4133144, longitude=-122.1513069}, version=1, billinggroupname=null}","2020-11-26 00:00:00.000"
"iot-device-03","1.5946175862925484E9","48.3","71.24","false","false","0.0078","0.0051","0.0207","2020-11-26T17:04:55.167+0000","{defaultclientid=iot-device-03, thingname=iot-device-03, thingid=877352b9-a35d-45d3-9c98-162d89965a13, thingarn=arn:aws:iot:us-east-1:507441099951:thing/iot-device-03, thingtypename=null, attributes={installed=1592562234, latitude=37.4133144, longitude=-122.1513069}, version=1, billinggroupname=null}","2020-11-26 00:00:00.000"
"iot-device-02","1.5946175898668902E9","59.9","77.0","true","false","0.0071","0.0045","0.0189","2020-11-26T17:04:55.471+0000","{defaultclientid=iot-device-02, thingname=iot-device-02, thingid=4ae4927a-aefb-4584-a45a-fc4839feffd6, thingarn=arn:aws:iot:us-east-1:507441099951:thing/iot-device-02, thingtypename=null, attributes={installed=1593361211, latitude=32.8205865, longitude=-96.871627}, version=1, billinggroupname=null}","2020-11-26 00:00:00.000"
"iot-device-03","1.5946175899780278E9","48.3","71.24","false","false","0.0078","0.0051","0.0207","2020-11-26T17:04:55.758+0000","{defaultclientid=iot-device-03, thingname=iot-device-03, thingid=877352b9-a35d-45d3-9c98-162d89965a13, thingarn=arn:aws:iot:us-east-1:507441099951:thing/iot-device-03, thingtypename=null, attributes={installed=1592562234, latitude=37.4133144, longitude=-122.1513069}, version=1, billinggroupname=null}","2020-11-26 00:00:00.000"
"iot-device-01","1.5946175906195664E9","74.3","66.74","false","false","0.0075","0.0048","0.02","2020-11-26T17:04:56.063+0000","{defaultclientid=iot-device-01, thingname=iot-device-01, thingid=983c2b68-f9a3-4e83-b3c6-9f6f8ad5431b, thingarn=arn:aws:iot:us-east-1:507441099951:thing/iot-device-01, thingtypename=null, attributes={installed=1594665292, latitude=37.4133144, longitude=-122.1513069}, version=1, billinggroupname=null}","2020-11-26 00:00:00.000"
"iot-device-03","1.5946175936628485E9","48.3","71.24","false","false","0.0078","0.0051","0.0208","2020-11-26T17:04:56.363+0000","{defaultclientid=iot-device-03, thingname=iot-device-03, thingid=877352b9-a35d-45d3-9c98-162d89965a13, thingarn=arn:aws:iot:us-east-1:507441099951:thing/iot-device-03, thingtypename=null, attributes={installed=1592562234, latitude=37.4133144, longitude=-122.1513069}, version=1, billinggroupname=null}","2020-11-26 00:00:00.000"
"iot-device-01","1.5946176144748385E9","74.5","66.74","false","false","0.0076","0.0049","0.0202","2020-11-26T17:04:59.585+0000","{defaultclientid=iot-device-01, thingname=iot-device-01, thingid=983c2b68-f9a3-4e83-b3c6-9f6f8ad5431b, thingarn=arn:aws:iot:us-east-1:507441099951:thing/iot-device-01, thingtypename=null, attributes={installed=1594665292, latitude=37.4133144, longitude=-122.1513069}, version=1, billinggroupname=null}","2020-11-26 00:00:00.000"
"iot-device-03","1.5946176157773044E9","48.3","71.24","false","false","0.0078","0.0051","0.0207","2020-11-26T17:04:59.878+0000","{defaultclientid=iot-device-03, thingname=iot-device-03, thingid=877352b9-a35d-45d3-9c98-162d89965a13, thingarn=arn:aws:iot:us-east-1:507441099951:thing/iot-device-03, thingtypename=null, attributes={installed=1592562234, latitude=37.4133144, longitude=-122.1513069}, version=1, billinggroupname=null}","2020-11-26 00:00:00.000"
"iot-device-02","1.594617472485675E9","59.9","77.0","true","false","0.0071","0.0045","0.0189","2020-11-26T17:04:35.879+0000","{defaultclientid=iot-device-02, thingname=iot-device-02, thingid=4ae4927a-aefb-4584-a45a-fc4839feffd6, thingarn=arn:aws:iot:us-east-1:507441099951:thing/iot-device-02, thingtypename=null, attributes={installed=1593361211, latitude=32.8205865, longitude=-96.871627}, version=1, billinggroupname=null}","2020-11-26 00:00:00.000"
"iot-device-03","1.5946174753975155E9","48.4","71.6","false","false","0.0078","0.0051","0.0208","2020-11-26T17:04:36.186+0000","{defaultclientid=iot-device-03, thingname=iot-device-03, thingid=877352b9-a35d-45d3-9c98-162d89965a13, thingarn=arn:aws:iot:us-east-1:507441099951:thing/iot-device-03, thingtypename=null, attributes={installed=1592562234, latitude=37.4133144, longitude=-122.1513069}, version=1, billinggroupname=null}","2020-11-26 00:00:00.000"
"iot-device-01","1.5946174761674175E9","74.5","67.1","false","false","0.0075","0.0048","0.02","2020-11-26T17:04:36.480+0000","{defaultclientid=iot-device-01, thingname=iot-device-01, thingid=983c2b68-f9a3-4e83-b3c6-9f6f8ad5431b, thingarn=arn:aws:iot:us-east-1:507441099951:thing/iot-device-01, thingtypename=null, attributes={installed=1594665292, latitude=37.4133144, longitude=-122.1513069}, version=1, billinggroupname=null}","2020-11-26 00:00:00.000"
"iot-device-03","1.5946174790840182E9","48.3","71.6","false","false","0.0078","0.0051","0.0207","2020-11-26T17:04:36.761+0000","{defaultclientid=iot-device-03, thingname=iot-device-03, thingid=877352b9-a35d-45d3-9c98-162d89965a13, thingarn=arn:aws:iot:us-east-1:507441099951:thing/iot-device-03, thingtypename=null, attributes={installed=1592562234, latitude=37.4133144, longitude=-122.1513069}, version=1, billinggroupname=null}","2020-11-26 00:00:00.000"
"iot-device-01","1.5946174826657028E9","74.3","67.1","false","false","0.0074","0.0048","0.0198","2020-11-26T17:04:37.050+0000","{defaultclientid=iot-device-01, thingname=iot-device-01, thingid=983c2b68-f9a3-4e83-b3c6-9f6f8ad5431b, thingarn=arn:aws:iot:us-east-1:507441099951:thing/iot-device-01, thingtypename=null, attributes={installed=1594665292, latitude=37.4133144, longitude=-122.1513069}, version=1, billinggroupname=null}","2020-11-26 00:00:00.000"
"iot-device-02","1.5946174827017374E9","60.0","77.0","true","false","0.0071","0.0045","0.0188","2020-11-26T17:04:37.341+0000","{defaultclientid=iot-device-02, thingname=iot-device-02, thingid=4ae4927a-aefb-4584-a45a-fc4839feffd6, thingarn=arn:aws:iot:us-east-1:507441099951:thing/iot-device-02, thingtypename=null, attributes={installed=1593361211, latitude=32.8205865, longitude=-96.871627}, version=1, billinggroupname=null}","2020-11-26 00:00:00.000"
"iot-device-03","1.5946174830047555E9","48.3","71.6","false","false","0.0078","0.0051","0.0208","2020-11-26T17:04:37.654+0000","{defaultclientid=iot-device-03, thingname=iot-device-03, thingid=877352b9-a35d-45d3-9c98-162d89965a13, thingarn=arn:aws:iot:us-east-1:507441099951:thing/iot-device-03, thingtypename=null, attributes={installed=1592562234, latitude=37.4133144, longitude=-122.1513069}, version=1, billinggroupname=null}","2020-11-26 00:00:00.000"
"iot-device-03","1.5946174866175628E9","48.3","71.6","false","false","0.0078","0.0051","0.0209","2020-11-26T17:04:37.955+0000","{defaultclientid=iot-device-03, thingname=iot-device-03, thingid=877352b9-a35d-45d3-9c98-162d89965a13, thingarn=arn:aws:iot:us-east-1:507441099951:thing/iot-device-03, thingtypename=null, attributes={installed=1592562234, latitude=37.4133144, longitude=-122.1513069}, version=1, billinggroupname=null}","2020-11-26 00:00:00.000"
"iot-device-03","1.5946174903175778E9","48.3","71.6","false","false","0.0078","0.0051","0.0208","2020-11-26T17:04:38.246+0000","{defaultclientid=iot-device-03, thingname=iot-device-03, thingid=877352b9-a35d-45d3-9c98-162d89965a13, thingarn=arn:aws:iot:us-east-1:507441099951:thing/iot-device-03, thingtypename=null, attributes={installed=1592562234, latitude=37.4133144, longitude=-122.1513069}, version=1, billinggroupname=null}","2020-11-26 00:00:00.000"
"iot-device-02","1.594617490784764E9","60.0","77.0","true","false","0.0071","0.0045","0.0189","2020-11-26T17:04:38.535+0000","{defaultclientid=iot-device-02, thingname=iot-device-02, thingid=4ae4927a-aefb-4584-a45a-fc4839feffd6, thingarn=arn:aws:iot:us-east-1:507441099951:thing/iot-device-02, thingtypename=null, attributes={installed=1593361211, latitude=32.8205865, longitude=-96.871627}, version=1, billinggroupname=null}","2020-11-26 00:00:00.000"
"iot-device-03","1.594617564186661E9","48.3","71.42","false","false","0.0078","0.0051","0.0208","2020-11-26T17:04:50.664+0000","{defaultclientid=iot-device-03, thingname=iot-device-03, thingid=877352b9-a35d-45d3-9c98-162d89965a13, thingarn=arn:aws:iot:us-east-1:507441099951:thing/iot-device-03, thingtypename=null, attributes={installed=1592562234, latitude=37.4133144, longitude=-122.1513069}, version=1, billinggroupname=null}","2020-11-26 00:00:00.000"
"iot-device-01","1.5946175650981493E9","74.3","66.92","false","false","0.0075","0.0048","0.02","2020-11-26T17:04:50.974+0000","{defaultclientid=iot-device-01, thingname=iot-device-01, thingid=983c2b68-f9a3-4e83-b3c6-9f6f8ad5431b, thingarn=arn:aws:iot:us-east-1:507441099951:thing/iot-device-01, thingtypename=null, attributes={installed=1594665292, latitude=37.4133144, longitude=-122.1513069}, version=1, billinggroupname=null}","2020-11-26 00:00:00.000"
"iot-device-02","1.5946175666164393E9","59.9","77.0","true","false","0.0071","0.0045","0.0189","2020-11-26T17:04:51.266+0000","{defaultclientid=iot-device-02, thingname=iot-device-02, thingid=4ae4927a-aefb-4584-a45a-fc4839feffd6, thingarn=arn:aws:iot:us-east-1:507441099951:thing/iot-device-02, thingtypename=null, attributes={installed=1593361211, latitude=32.8205865, longitude=-96.871627}, version=1, billinggroupname=null}","2020-11-26 00:00:00.000"
"iot-device-03","1.594617567870122E9","48.3","71.42","false","false","0.0078","0.0051","0.0208","2020-11-26T17:04:51.557+0000","{defaultclientid=iot-device-03, thingname=iot-device-03, thingid=877352b9-a35d-45d3-9c98-162d89965a13, thingarn=arn:aws:iot:us-east-1:507441099951:thing/iot-device-03, thingtypename=null, attributes={installed=1592562234, latitude=37.4133144, longitude=-122.1513069}, version=1, billinggroupname=null}","2020-11-26 00:00:00.000"
"iot-device-01","1.5946175689142902E9","74.3","66.92","false","false","0.0075","0.0048","0.02","2020-11-26T17:04:51.853+0000","{defaultclientid=iot-device-01, thingname=iot-device-01, thingid=983c2b68-f9a3-4e83-b3c6-9f6f8ad5431b, thingarn=arn:aws:iot:us-east-1:507441099951:thing/iot-device-01, thingtypename=null, attributes={installed=1594665292, latitude=37.4133144, longitude=-122.1513069}, version=1, billinggroupname=null}","2020-11-26 00:00:00.000"
"iot-device-03","1.5946175715561721E9","48.3","71.42","false","false","0.0078","0.0051","0.0207","2020-11-26T17:04:52.244+0000","{defaultclientid=iot-device-03, thingname=iot-device-03, thingid=877352b9-a35d-45d3-9c98-162d89965a13, thingarn=arn:aws:iot:us-east-1:507441099951:thing/iot-device-03, thingtypename=null, attributes={installed=1592562234, latitude=37.4133144, longitude=-122.1513069}, version=1, billinggroupname=null}","2020-11-26 00:00:00.000"
"iot-device-02","1.5946175720281243E9","59.9","77.0","true","false","0.0071","0.0045","0.0189","2020-11-26T17:04:52.533+0000","{defaultclientid=iot-device-02, thingname=iot-device-02, thingid=4ae4927a-aefb-4584-a45a-fc4839feffd6, thingarn=arn:aws:iot:us-east-1:507441099951:thing/iot-device-02, thingtypename=null, attributes={installed=1593361211, latitude=32.8205865, longitude=-96.871627}, version=1, billinggroupname=null}","2020-11-26 00:00:00.000"
"iot-device-03","1.5946175752401786E9","48.3","71.42","false","false","0.0078","0.0051","0.0208","2020-11-26T17:04:52.809+0000","{defaultclientid=iot-device-03, thingname=iot-device-03, thingid=877352b9-a35d-45d3-9c98-162d89965a13, thingarn=arn:aws:iot:us-east-1:507441099951:thing/iot-device-03, thingtypename=null, attributes={installed=1592562234, latitude=37.4133144, longitude=-122.1513069}, version=1, billinggroupname=null}","2020-11-26 00:00:00.000"
"iot-device-02","1.5946175769045756E9","59.9","77.0","true","false","0.0071","0.0045","0.0189","2020-11-26T17:04:53.110+0000","{defaultclientid=iot-device-02, thingname=iot-device-02, thingid=4ae4927a-aefb-4584-a45a-fc4839feffd6, thingarn=arn:aws:iot:us-east-1:507441099951:thing/iot-device-02, thingtypename=null, attributes={installed=1593361211, latitude=32.8205865, longitude=-96.871627}, version=1, billinggroupname=null}","2020-11-26 00:00:00.000"
"iot-device-01","1.5946175770319679E9","74.2","66.74","false","false","0.0076","0.0049","0.0202","2020-11-26T17:04:53.394+0000","{defaultclientid=iot-device-01, thingname=iot-device-01, thingid=983c2b68-f9a3-4e83-b3c6-9f6f8ad5431b, thingarn=arn:aws:iot:us-east-1:507441099951:thing/iot-device-01, thingtypename=null, attributes={installed=1594665292, latitude=37.4133144, longitude=-122.1513069}, version=1, billinggroupname=null}","2020-11-26 00:00:00.000"
"iot-device-03","1.59461752714477E9","48.2","71.42","false","false","0.0078","0.0051","0.0207","2020-11-26T17:04:44.808+0000","{defaultclientid=iot-device-03, thingname=iot-device-03, thingid=877352b9-a35d-45d3-9c98-162d89965a13, thingarn=arn:aws:iot:us-east-1:507441099951:thing/iot-device-03, thingtypename=null, attributes={installed=1592562234, latitude=37.4133144, longitude=-122.1513069}, version=1, billinggroupname=null}","2020-11-26 00:00:00.000"
"iot-device-02","1.5946175272160814E9","59.9","77.0","true","false","0.0071","0.0045","0.0189","2020-11-26T17:04:45.090+0000","{defaultclientid=iot-device-02, thingname=iot-device-02, thingid=4ae4927a-aefb-4584-a45a-fc4839feffd6, thingarn=arn:aws:iot:us-east-1:507441099951:thing/iot-device-02, thingtypename=null, attributes={installed=1593361211, latitude=32.8205865, longitude=-96.871627}, version=1, billinggroupname=null}","2020-11-26 00:00:00.000"
"iot-device-03","1.5946175308286526E9","48.2","71.42","false","false","0.0078","0.0051","0.0207","2020-11-26T17:04:45.379+0000","{defaultclientid=iot-device-03, thingname=iot-device-03, thingid=877352b9-a35d-45d3-9c98-162d89965a13, thingarn=arn:aws:iot:us-east-1:507441099951:thing/iot-device-03, thingtypename=null, attributes={installed=1592562234, latitude=37.4133144, longitude=-122.1513069}, version=1, billinggroupname=null}","2020-11-26 00:00:00.000"
"iot-device-02","1.5946175315594018E9","59.9","77.0","true","false","0.0071","0.0045","0.0189","2020-11-26T17:04:45.670+0000","{defaultclientid=iot-device-02, thingname=iot-device-02, thingid=4ae4927a-aefb-4584-a45a-fc4839feffd6, thingarn=arn:aws:iot:us-east-1:507441099951:thing/iot-device-02, thingtypename=null, attributes={installed=1593361211, latitude=32.8205865, longitude=-96.871627}, version=1, billinggroupname=null}","2020-11-26 00:00:00.000"
"iot-device-03","1.594617534425154E9","48.3","71.42","false","false","0.0078","0.0051","0.0207","2020-11-26T17:04:45.973+0000","{defaultclientid=iot-device-03, thingname=iot-device-03, thingid=877352b9-a35d-45d3-9c98-162d89965a13, thingarn=arn:aws:iot:us-east-1:507441099951:thing/iot-device-03, thingtypename=null, attributes={installed=1592562234, latitude=37.4133144, longitude=-122.1513069}, version=1, billinggroupname=null}","2020-11-26 00:00:00.000"
"iot-device-01","1.5946175363079474E9","74.3","66.92","false","false","0.0076","0.0049","0.0202","2020-11-26T17:04:46.279+0000","{defaultclientid=iot-device-01, thingname=iot-device-01, thingid=983c2b68-f9a3-4e83-b3c6-9f6f8ad5431b, thingarn=arn:aws:iot:us-east-1:507441099951:thing/iot-device-01, thingtypename=null, attributes={installed=1594665292, latitude=37.4133144, longitude=-122.1513069}, version=1, billinggroupname=null}","2020-11-26 00:00:00.000"
"iot-device-03","1.594617538376192E9","48.3","71.42","false","false","0.0078","0.0051","0.0208","2020-11-26T17:04:46.579+0000","{defaultclientid=iot-device-03, thingname=iot-device-03, thingid=877352b9-a35d-45d3-9c98-162d89965a13, thingarn=arn:aws:iot:us-east-1:507441099951:thing/iot-device-03, thingtypename=null, attributes={installed=1592562234, latitude=37.4133144, longitude=-122.1513069}, version=1, billinggroupname=null}","2020-11-26 00:00:00.000"
"iot-device-01","1.5946175401325376E9","74.4","66.92","false","false","0.0075","0.0048","0.02","2020-11-26T17:04:46.868+0000","{defaultclientid=iot-device-01, thingname=iot-device-01, thingid=983c2b68-f9a3-4e83-b3c6-9f6f8ad5431b, thingarn=arn:aws:iot:us-east-1:507441099951:thing/iot-device-01, thingtypename=null, attributes={installed=1594665292, latitude=37.4133144, longitude=-122.1513069}, version=1, billinggroupname=null}","2020-11-26 00:00:00.000"
"iot-device-03","1.594617542077974E9","48.3","71.42","false","false","0.0078","0.0051","0.0208","2020-11-26T17:04:47.158+0000","{defaultclientid=iot-device-03, thingname=iot-device-03, thingid=877352b9-a35d-45d3-9c98-162d89965a13, thingarn=arn:aws:iot:us-east-1:507441099951:thing/iot-device-03, thingtypename=null, attributes={installed=1592562234, latitude=37.4133144, longitude=-122.1513069}, version=1, billinggroupname=null}","2020-11-26 00:00:00.000"
"iot-device-02","1.5946175428770726E9","60.1","77.0","true","false","0.0071","0.0045","0.0189","2020-11-26T17:04:47.462+0000","{defaultclientid=iot-device-02, thingname=iot-device-02, thingid=4ae4927a-aefb-4584-a45a-fc4839feffd6, thingarn=arn:aws:iot:us-east-1:507441099951:thing/iot-device-02, thingtypename=null, attributes={installed=1593361211, latitude=32.8205865, longitude=-96.871627}, version=1, billinggroupname=null}","2020-11-26 00:00:00.000"
"iot-device-03","1.5946108097168612E9","47.9","71.24","false","false","0.0078","0.0051","0.0208","2020-11-26T17:04:32.801+0000","{defaultclientid=iot-device-03, thingname=iot-device-03, thingid=877352b9-a35d-45d3-9c98-162d89965a13, thingarn=arn:aws:iot:us-east-1:507441099951:thing/iot-device-03, thingtypename=null, attributes={installed=1592562234, latitude=37.4133144, longitude=-122.1513069}, version=1, billinggroupname=null}","2020-11-26 00:00:00.000"
"iot-device-02","1.594610810938497E9","59.5","78.08","true","false","0.0072","0.0045","0.019","2020-11-26T17:04:33.094+0000","{defaultclientid=iot-device-02, thingname=iot-device-02, thingid=4ae4927a-aefb-4584-a45a-fc4839feffd6, thingarn=arn:aws:iot:us-east-1:507441099951:thing/iot-device-02, thingtypename=null, attributes={installed=1593361211, latitude=32.8205865, longitude=-96.871627}, version=1, billinggroupname=null}","2020-11-26 00:00:00.000"
"iot-device-01","1.5946108120786185E9","73.7","66.38","false","false","0.0083","0.0055","0.0221","2020-11-26T17:04:33.380+0000","{defaultclientid=iot-device-01, thingname=iot-device-01, thingid=983c2b68-f9a3-4e83-b3c6-9f6f8ad5431b, thingarn=arn:aws:iot:us-east-1:507441099951:thing/iot-device-01, thingtypename=null, attributes={installed=1594665292, latitude=37.4133144, longitude=-122.1513069}, version=1, billinggroupname=null}","2020-11-26 00:00:00.000"
"iot-device-03","1.5946108134032052E9","48.0","71.42","false","false","0.0078","0.0051","0.0208","2020-11-26T17:04:33.688+0000","{defaultclientid=iot-device-03, thingname=iot-device-03, thingid=877352b9-a35d-45d3-9c98-162d89965a13, thingarn=arn:aws:iot:us-east-1:507441099951:thing/iot-device-03, thingtypename=null, attributes={installed=1592562234, latitude=37.4133144, longitude=-122.1513069}, version=1, billinggroupname=null}","2020-11-26 00:00:00.000"
"iot-device-02","1.5946108147482564E9","59.5","78.08","true","false","0.0072","0.0045","0.019","2020-11-26T17:04:33.984+0000","{defaultclientid=iot-device-02, thingname=iot-device-02, thingid=4ae4927a-aefb-4584-a45a-fc4839feffd6, thingarn=arn:aws:iot:us-east-1:507441099951:thing/iot-device-02, thingtypename=null, attributes={installed=1593361211, latitude=32.8205865, longitude=-96.871627}, version=1, billinggroupname=null}","2020-11-26 00:00:00.000"
"iot-device-03","1.594610817079739E9","48.0","71.24","false","false","0.0078","0.0051","0.0208","2020-11-26T17:04:34.322+0000","{defaultclientid=iot-device-03, thingname=iot-device-03, thingid=877352b9-a35d-45d3-9c98-162d89965a13, thingarn=arn:aws:iot:us-east-1:507441099951:thing/iot-device-03, thingtypename=null, attributes={installed=1592562234, latitude=37.4133144, longitude=-122.1513069}, version=1, billinggroupname=null}","2020-11-26 00:00:00.000"
"iot-device-03","1.5946174677773404E9","48.5","71.6","false","false","0.0078","0.0051","0.0207","2020-11-26T17:04:34.662+0000","{defaultclientid=iot-device-03, thingname=iot-device-03, thingid=877352b9-a35d-45d3-9c98-162d89965a13, thingarn=arn:aws:iot:us-east-1:507441099951:thing/iot-device-03, thingtypename=null, attributes={installed=1592562234, latitude=37.4133144, longitude=-122.1513069}, version=1, billinggroupname=null}","2020-11-26 00:00:00.000"
"iot-device-02","1.5946174686787732E9","59.9","77.0","true","false","0.0071","0.0045","0.0189","2020-11-26T17:04:35.000+0000","{defaultclientid=iot-device-02, thingname=iot-device-02, thingid=4ae4927a-aefb-4584-a45a-fc4839feffd6, thingarn=arn:aws:iot:us-east-1:507441099951:thing/iot-device-02, thingtypename=null, attributes={installed=1593361211, latitude=32.8205865, longitude=-96.871627}, version=1, billinggroupname=null}","2020-11-26 00:00:00.000"
"iot-device-03","1.5946174714632325E9","48.4","71.6","false","false","0.0078","0.0051","0.0208","2020-11-26T17:04:35.290+0000","{defaultclientid=iot-device-03, thingname=iot-device-03, thingid=877352b9-a35d-45d3-9c98-162d89965a13, thingarn=arn:aws:iot:us-east-1:507441099951:thing/iot-device-03, thingtypename=null, attributes={installed=1592562234, latitude=37.4133144, longitude=-122.1513069}, version=1, billinggroupname=null}","2020-11-26 00:00:00.000"
"iot-device-01","1.594617471817179E9","74.5","67.1","false","false","0.0076","0.0049","0.0202","2020-11-26T17:04:35.579+0000","{defaultclientid=iot-device-01, thingname=iot-device-01, thingid=983c2b68-f9a3-4e83-b3c6-9f6f8ad5431b, thingarn=arn:aws:iot:us-east-1:507441099951:thing/iot-device-01, thingtypename=null, attributes={installed=1594665292, latitude=37.4133144, longitude=-122.1513069}, version=1, billinggroupname=null}","2020-11-26 00:00:00.000"
"iot-device-03","1.5946175457617116E9","48.3","71.42","false","false","0.0078","0.0051","0.0208","2020-11-26T17:04:47.755+0000","{defaultclientid=iot-device-03, thingname=iot-device-03, thingid=877352b9-a35d-45d3-9c98-162d89965a13, thingarn=arn:aws:iot:us-east-1:507441099951:thing/iot-device-03, thingtypename=null, attributes={installed=1592562234, latitude=37.4133144, longitude=-122.1513069}, version=1, billinggroupname=null}","2020-11-26 00:00:00.000"
"iot-device-01","1.59461754823756E9","74.5","66.92","false","false","0.0076","0.0049","0.0202","2020-11-26T17:04:48.055+0000","{defaultclientid=iot-device-01, thingname=iot-device-01, thingid=983c2b68-f9a3-4e83-b3c6-9f6f8ad5431b, thingarn=arn:aws:iot:us-east-1:507441099951:thing/iot-device-01, thingtypename=null, attributes={installed=1594665292, latitude=37.4133144, longitude=-122.1513069}, version=1, billinggroupname=null}","2020-11-26 00:00:00.000"
"iot-device-03","1.5946175494466448E9","48.3","71.42","false","false","0.0078","0.0051","0.0208","2020-11-26T17:04:48.348+0000","{defaultclientid=iot-device-03, thingname=iot-device-03, thingid=877352b9-a35d-45d3-9c98-162d89965a13, thingarn=arn:aws:iot:us-east-1:507441099951:thing/iot-device-03, thingtypename=null, attributes={installed=1592562234, latitude=37.4133144, longitude=-122.1513069}, version=1, billinggroupname=null}","2020-11-26 00:00:00.000"
"iot-device-02","1.5946175499009347E9","59.8","76.82","true","false","0.0071","0.0045","0.0189","2020-11-26T17:04:48.645+0000","{defaultclientid=iot-device-02, thingname=iot-device-02, thingid=4ae4927a-aefb-4584-a45a-fc4839feffd6, thingarn=arn:aws:iot:us-east-1:507441099951:thing/iot-device-02, thingtypename=null, attributes={installed=1593361211, latitude=32.8205865, longitude=-96.871627}, version=1, billinggroupname=null}","2020-11-26 00:00:00.000"
"iot-device-03","1.5946175531321864E9","48.3","71.42","false","false","0.0078","0.0051","0.0207","2020-11-26T17:04:48.926+0000","{defaultclientid=iot-device-03, thingname=iot-device-03, thingid=877352b9-a35d-45d3-9c98-162d89965a13, thingarn=arn:aws:iot:us-east-1:507441099951:thing/iot-device-03, thingtypename=null, attributes={installed=1592562234, latitude=37.4133144, longitude=-122.1513069}, version=1, billinggroupname=null}","2020-11-26 00:00:00.000"
"iot-device-01","1.5946175542487655E9","74.3","66.92","false","false","0.0075","0.0048","0.02","2020-11-26T17:04:49.210+0000","{defaultclientid=iot-device-01, thingname=iot-device-01, thingid=983c2b68-f9a3-4e83-b3c6-9f6f8ad5431b, thingarn=arn:aws:iot:us-east-1:507441099951:thing/iot-device-01, thingtypename=null, attributes={installed=1594665292, latitude=37.4133144, longitude=-122.1513069}, version=1, billinggroupname=null}","2020-11-26 00:00:00.000"
"iot-device-03","1.5946175568184216E9","47.9","71.42","false","false","0.0078","0.0051","0.0207","2020-11-26T17:04:49.497+0000","{defaultclientid=iot-device-03, thingname=iot-device-03, thingid=877352b9-a35d-45d3-9c98-162d89965a13, thingarn=arn:aws:iot:us-east-1:507441099951:thing/iot-device-03, thingtypename=null, attributes={installed=1592562234, latitude=37.4133144, longitude=-122.1513069}, version=1, billinggroupname=null}","2020-11-26 00:00:00.000"
"iot-device-02","1.5946175590643597E9","59.9","77.0","true","false","0.0071","0.0045","0.0188","2020-11-26T17:04:49.779+0000","{defaultclientid=iot-device-02, thingname=iot-device-02, thingid=4ae4927a-aefb-4584-a45a-fc4839feffd6, thingarn=arn:aws:iot:us-east-1:507441099951:thing/iot-device-02, thingtypename=null, attributes={installed=1593361211, latitude=32.8205865, longitude=-96.871627}, version=1, billinggroupname=null}","2020-11-26 00:00:00.000"
"iot-device-03","1.5946175605021667E9","48.3","71.42","false","false","0.0078","0.0051","0.0207","2020-11-26T17:04:50.061+0000","{defaultclientid=iot-device-03, thingname=iot-device-03, thingid=877352b9-a35d-45d3-9c98-162d89965a13, thingarn=arn:aws:iot:us-east-1:507441099951:thing/iot-device-03, thingtypename=null, attributes={installed=1592562234, latitude=37.4133144, longitude=-122.1513069}, version=1, billinggroupname=null}","2020-11-26 00:00:00.000"
"iot-device-01","1.5946175607447686E9","74.3","66.92","false","false","0.0076","0.0049","0.0202","2020-11-26T17:04:50.361+0000","{defaultclientid=iot-device-01, thingname=iot-device-01, thingid=983c2b68-f9a3-4e83-b3c6-9f6f8ad5431b, thingarn=arn:aws:iot:us-east-1:507441099951:thing/iot-device-01, thingtypename=null, attributes={installed=1594665292, latitude=37.4133144, longitude=-122.1513069}, version=1, billinggroupname=null}","2020-11-26 00:00:00.000"
"iot-device-03","1.5946107912883914E9","48.0","71.24","false","false","0.0077","0.005","0.0207","2020-11-26T17:04:29.837+0000","{defaultclientid=iot-device-03, thingname=iot-device-03, thingid=877352b9-a35d-45d3-9c98-162d89965a13, thingarn=arn:aws:iot:us-east-1:507441099951:thing/iot-device-03, thingtypename=null, attributes={installed=1592562234, latitude=37.4133144, longitude=-122.1513069}, version=1, billinggroupname=null}","2020-11-26 00:00:00.000"
"iot-device-01","1.5946107914873164E9","73.7","66.38","false","false","0.0082","0.0054","0.0219","2020-11-26T17:04:30.122+0000","{defaultclientid=iot-device-01, thingname=iot-device-01, thingid=983c2b68-f9a3-4e83-b3c6-9f6f8ad5431b, thingarn=arn:aws:iot:us-east-1:507441099951:thing/iot-device-01, thingtypename=null, attributes={installed=1594665292, latitude=37.4133144, longitude=-122.1513069}, version=1, billinggroupname=null}","2020-11-26 00:00:00.000"
"iot-device-02","1.5946107931659806E9","59.6","78.08","true","false","0.0072","0.0045","0.019","2020-11-26T17:04:30.418+0000","{defaultclientid=iot-device-02, thingname=iot-device-02, thingid=4ae4927a-aefb-4584-a45a-fc4839feffd6, thingarn=arn:aws:iot:us-east-1:507441099951:thing/iot-device-02, thingtypename=null, attributes={installed=1593361211, latitude=32.8205865, longitude=-96.871627}, version=1, billinggroupname=null}","2020-11-26 00:00:00.000"
"iot-device-03","1.594610794974143E9","48.1","71.42","false","false","0.0078","0.0051","0.0207","2020-11-26T17:04:30.710+0000","{defaultclientid=iot-device-03, thingname=iot-device-03, thingid=877352b9-a35d-45d3-9c98-162d89965a13, thingarn=arn:aws:iot:us-east-1:507441099951:thing/iot-device-03, thingtypename=null, attributes={installed=1592562234, latitude=37.4133144, longitude=-122.1513069}, version=1, billinggroupname=null}","2020-11-26 00:00:00.000"
"iot-device-03","1.5946107986607273E9","48.1","71.24","false","false","0.0078","0.0051","0.0207","2020-11-26T17:04:30.997+0000","{defaultclientid=iot-device-03, thingname=iot-device-03, thingid=877352b9-a35d-45d3-9c98-162d89965a13, thingarn=arn:aws:iot:us-east-1:507441099951:thing/iot-device-03, thingtypename=null, attributes={installed=1592562234, latitude=37.4133144, longitude=-122.1513069}, version=1, billinggroupname=null}","2020-11-26 00:00:00.000"
"iot-device-01","1.59461079905949E9","73.7","66.38","false","false","0.0085","0.0057","0.0228","2020-11-26T17:04:31.290+0000","{defaultclientid=iot-device-01, thingname=iot-device-01, thingid=983c2b68-f9a3-4e83-b3c6-9f6f8ad5431b, thingarn=arn:aws:iot:us-east-1:507441099951:thing/iot-device-01, thingtypename=null, attributes={installed=1594665292, latitude=37.4133144, longitude=-122.1513069}, version=1, billinggroupname=null}","2020-11-26 00:00:00.000"
"iot-device-02","1.5946108012475858E9","59.6","78.08","true","false","0.0072","0.0045","0.019","2020-11-26T17:04:31.571+0000","{defaultclientid=iot-device-02, thingname=iot-device-02, thingid=4ae4927a-aefb-4584-a45a-fc4839feffd6, thingarn=arn:aws:iot:us-east-1:507441099951:thing/iot-device-02, thingtypename=null, attributes={installed=1593361211, latitude=32.8205865, longitude=-96.871627}, version=1, billinggroupname=null}","2020-11-26 00:00:00.000"
"iot-device-03","1.5946108023455107E9","48.0","71.24","false","false","0.0078","0.0051","0.0207","2020-11-26T17:04:31.859+0000","{defaultclientid=iot-device-03, thingname=iot-device-03, thingid=877352b9-a35d-45d3-9c98-162d89965a13, thingarn=arn:aws:iot:us-east-1:507441099951:thing/iot-device-03, thingtypename=null, attributes={installed=1592562234, latitude=37.4133144, longitude=-122.1513069}, version=1, billinggroupname=null}","2020-11-26 00:00:00.000"
"iot-device-03","1.594610806031901E9","48.0","71.42","false","false","0.0077","0.005","0.0207","2020-11-26T17:04:32.216+0000","{defaultclientid=iot-device-03, thingname=iot-device-03, thingid=877352b9-a35d-45d3-9c98-162d89965a13, thingarn=arn:aws:iot:us-east-1:507441099951:thing/iot-device-03, thingtypename=null, attributes={installed=1592562234, latitude=37.4133144, longitude=-122.1513069}, version=1, billinggroupname=null}","2020-11-26 00:00:00.000"
"iot-device-01","1.5946108066482122E9","73.8","66.38","false","false","0.0085","0.0057","0.0228","2020-11-26T17:04:32.522+0000","{defaultclientid=iot-device-01, thingname=iot-device-01, thingid=983c2b68-f9a3-4e83-b3c6-9f6f8ad5431b, thingarn=arn:aws:iot:us-east-1:507441099951:thing/iot-device-01, thingtypename=null, attributes={installed=1594665292, latitude=37.4133144, longitude=-122.1513069}, version=1, billinggroupname=null}","2020-11-26 00:00:00.000"
"iot-device-01","1.5946174934952955E9","74.2","67.1","false","false","0.0075","0.0048","0.02","2020-11-26T17:04:38.822+0000","{defaultclientid=iot-device-01, thingname=iot-device-01, thingid=983c2b68-f9a3-4e83-b3c6-9f6f8ad5431b, thingarn=arn:aws:iot:us-east-1:507441099951:thing/iot-device-01, thingtypename=null, attributes={installed=1594665292, latitude=37.4133144, longitude=-122.1513069}, version=1, billinggroupname=null}","2020-11-26 00:00:00.000"
"iot-device-03","1.5946174940016325E9","48.4","71.6","false","false","0.0078","0.0051","0.0207","2020-11-26T17:04:39.113+0000","{defaultclientid=iot-device-03, thingname=iot-device-03, thingid=877352b9-a35d-45d3-9c98-162d89965a13, thingarn=arn:aws:iot:us-east-1:507441099951:thing/iot-device-03, thingtypename=null, attributes={installed=1592562234, latitude=37.4133144, longitude=-122.1513069}, version=1, billinggroupname=null}","2020-11-26 00:00:00.000"
"iot-device-02","1.5946174951265287E9","60.0","77.0","true","false","0.0071","0.0045","0.0189","2020-11-26T17:04:39.412+0000","{defaultclientid=iot-device-02, thingname=iot-device-02, thingid=4ae4927a-aefb-4584-a45a-fc4839feffd6, thingarn=arn:aws:iot:us-east-1:507441099951:thing/iot-device-02, thingtypename=null, attributes={installed=1593361211, latitude=32.8205865, longitude=-96.871627}, version=1, billinggroupname=null}","2020-11-26 00:00:00.000"
"iot-device-03","1.5946174976865606E9","48.4","71.6","false","false","0.0078","0.0051","0.0208","2020-11-26T17:04:39.708+0000","{defaultclientid=iot-device-03, thingname=iot-device-03, thingid=877352b9-a35d-45d3-9c98-162d89965a13, thingarn=arn:aws:iot:us-east-1:507441099951:thing/iot-device-03, thingtypename=null, attributes={installed=1592562234, latitude=37.4133144, longitude=-122.1513069}, version=1, billinggroupname=null}","2020-11-26 00:00:00.000"
"iot-device-01","1.594617499458019E9","74.3","67.1","false","false","0.0076","0.0049","0.0202","2020-11-26T17:04:39.998+0000","{defaultclientid=iot-device-01, thingname=iot-device-01, thingid=983c2b68-f9a3-4e83-b3c6-9f6f8ad5431b, thingarn=arn:aws:iot:us-east-1:507441099951:thing/iot-device-01, thingtypename=null, attributes={installed=1594665292, latitude=37.4133144, longitude=-122.1513069}, version=1, billinggroupname=null}","2020-11-26 00:00:00.000"
"iot-device-03","1.5946175013711233E9","48.4","71.6","false","false","0.0078","0.0051","0.0208","2020-11-26T17:04:40.290+0000","{defaultclientid=iot-device-03, thingname=iot-device-03, thingid=877352b9-a35d-45d3-9c98-162d89965a13, thingarn=arn:aws:iot:us-east-1:507441099951:thing/iot-device-03, thingtypename=null, attributes={installed=1592562234, latitude=37.4133144, longitude=-122.1513069}, version=1, billinggroupname=null}","2020-11-26 00:00:00.000"
"iot-device-01","1.5946175038081784E9","74.3","67.1","false","false","0.0074","0.0048","0.0198","2020-11-26T17:04:40.580+0000","{defaultclientid=iot-device-01, thingname=iot-device-01, thingid=983c2b68-f9a3-4e83-b3c6-9f6f8ad5431b, thingarn=arn:aws:iot:us-east-1:507441099951:thing/iot-device-01, thingtypename=null, attributes={installed=1594665292, latitude=37.4133144, longitude=-122.1513069}, version=1, billinggroupname=null}","2020-11-26 00:00:00.000"
"iot-device-03","1.5946175050586452E9","48.3","71.6","false","false","0.0078","0.0051","0.0207","2020-11-26T17:04:40.871+0000","{defaultclientid=iot-device-03, thingname=iot-device-03, thingid=877352b9-a35d-45d3-9c98-162d89965a13, thingarn=arn:aws:iot:us-east-1:507441099951:thing/iot-device-03, thingtypename=null, attributes={installed=1592562234, latitude=37.4133144, longitude=-122.1513069}, version=1, billinggroupname=null}","2020-11-26 00:00:00.000"
"iot-device-03","1.5946175087422595E9","48.3","71.6","false","false","0.0078","0.0051","0.0208","2020-11-26T17:04:41.166+0000","{defaultclientid=iot-device-03, thingname=iot-device-03, thingid=877352b9-a35d-45d3-9c98-162d89965a13, thingarn=arn:aws:iot:us-east-1:507441099951:thing/iot-device-03, thingtypename=null, attributes={installed=1592562234, latitude=37.4133144, longitude=-122.1513069}, version=1, billinggroupname=null}","2020-11-26 00:00:00.000"
"iot-device-02","1.5946175088336227E9","59.9","77.0","true","false","0.0071","0.0045","0.0189","2020-11-26T17:04:41.449+0000","{defaultclientid=iot-device-02, thingname=iot-device-02, thingid=4ae4927a-aefb-4584-a45a-fc4839feffd6, thingarn=arn:aws:iot:us-east-1:507441099951:thing/iot-device-02, thingtypename=null, attributes={installed=1593361211, latitude=32.8205865, longitude=-96.871627}, version=1, billinggroupname=null}","2020-11-26 00:00:00.000"
"iot-device-01","1.5946175097688358E9","74.2","66.92","false","false","0.0076","0.0049","0.0202","2020-11-26T17:04:41.744+0000","{defaultclientid=iot-device-01, thingname=iot-device-01, thingid=983c2b68-f9a3-4e83-b3c6-9f6f8ad5431b, thingarn=arn:aws:iot:us-east-1:507441099951:thing/iot-device-01, thingtypename=null, attributes={installed=1594665292, latitude=37.4133144, longitude=-122.1513069}, version=1, billinggroupname=null}","2020-11-26 00:00:00.000"
"iot-device-03","1.5946175123910794E9","48.2","71.6","false","false","0.0078","0.0051","0.0208","2020-11-26T17:04:42.033+0000","{defaultclientid=iot-device-03, thingname=iot-device-03, thingid=877352b9-a35d-45d3-9c98-162d89965a13, thingarn=arn:aws:iot:us-east-1:507441099951:thing/iot-device-03, thingtypename=null, attributes={installed=1592562234, latitude=37.4133144, longitude=-122.1513069}, version=1, billinggroupname=null}","2020-11-26 00:00:00.000"
"iot-device-01","1.5946175141231878E9","74.2","67.1","false","false","0.0074","0.0047","0.0196","2020-11-26T17:04:42.323+0000","{defaultclientid=iot-device-01, thingname=iot-device-01, thingid=983c2b68-f9a3-4e83-b3c6-9f6f8ad5431b, thingarn=arn:aws:iot:us-east-1:507441099951:thing/iot-device-01, thingtypename=null, attributes={installed=1594665292, latitude=37.4133144, longitude=-122.1513069}, version=1, billinggroupname=null}","2020-11-26 00:00:00.000"
"iot-device-03","1.594617516087978E9","48.2","71.6","false","false","0.0078","0.0051","0.0207","2020-11-26T17:04:42.719+0000","{defaultclientid=iot-device-03, thingname=iot-device-03, thingid=877352b9-a35d-45d3-9c98-162d89965a13, thingarn=arn:aws:iot:us-east-1:507441099951:thing/iot-device-03, thingtypename=null, attributes={installed=1592562234, latitude=37.4133144, longitude=-122.1513069}, version=1, billinggroupname=null}","2020-11-26 00:00:00.000"
"iot-device-02","1.59461751853413E9","59.9","77.0","true","false","0.0071","0.0045","0.0188","2020-11-26T17:04:43.015+0000","{defaultclientid=iot-device-02, thingname=iot-device-02, thingid=4ae4927a-aefb-4584-a45a-fc4839feffd6, thingarn=arn:aws:iot:us-east-1:507441099951:thing/iot-device-02, thingtypename=null, attributes={installed=1593361211, latitude=32.8205865, longitude=-96.871627}, version=1, billinggroupname=null}","2020-11-26 00:00:00.000"
"iot-device-03","1.594617519772065E9","48.2","71.42","false","false","0.0078","0.0051","0.0208","2020-11-26T17:04:43.300+0000","{defaultclientid=iot-device-03, thingname=iot-device-03, thingid=877352b9-a35d-45d3-9c98-162d89965a13, thingarn=arn:aws:iot:us-east-1:507441099951:thing/iot-device-03, thingtypename=null, attributes={installed=1592562234, latitude=37.4133144, longitude=-122.1513069}, version=1, billinggroupname=null}","2020-11-26 00:00:00.000"
"iot-device-01","1.5946175200830102E9","74.2","66.92","false","false","0.0076","0.0049","0.0202","2020-11-26T17:04:43.639+0000","{defaultclientid=iot-device-01, thingname=iot-device-01, thingid=983c2b68-f9a3-4e83-b3c6-9f6f8ad5431b, thingarn=arn:aws:iot:us-east-1:507441099951:thing/iot-device-01, thingtypename=null, attributes={installed=1594665292, latitude=37.4133144, longitude=-122.1513069}, version=1, billinggroupname=null}","2020-11-26 00:00:00.000"
"iot-device-02","1.5946175223415408E9","59.9","77.0","true","false","0.0071","0.0045","0.0188","2020-11-26T17:04:43.938+0000","{defaultclientid=iot-device-02, thingname=iot-device-02, thingid=4ae4927a-aefb-4584-a45a-fc4839feffd6, thingarn=arn:aws:iot:us-east-1:507441099951:thing/iot-device-02, thingtypename=null, attributes={installed=1593361211, latitude=32.8205865, longitude=-96.871627}, version=1, billinggroupname=null}","2020-11-26 00:00:00.000"
"iot-device-03","1.5946175234584215E9","48.2","71.42","false","false","0.0078","0.0051","0.0207","2020-11-26T17:04:44.226+0000","{defaultclientid=iot-device-03, thingname=iot-device-03, thingid=877352b9-a35d-45d3-9c98-162d89965a13, thingarn=arn:aws:iot:us-east-1:507441099951:thing/iot-device-03, thingtypename=null, attributes={installed=1592562234, latitude=37.4133144, longitude=-122.1513069}, version=1, billinggroupname=null}","2020-11-26 00:00:00.000"
"iot-device-01","1.594617526047752E9","74.3","66.92","false","false","0.0076","0.0049","0.0202","2020-11-26T17:04:44.518+0000","{defaultclientid=iot-device-01, thingname=iot-device-01, thingid=983c2b68-f9a3-4e83-b3c6-9f6f8ad5431b, thingarn=arn:aws:iot:us-east-1:507441099951:thing/iot-device-01, thingtypename=null, attributes={installed=1594665292, latitude=37.4133144, longitude=-122.1513069}, version=1, billinggroupname=null}","2020-11-26 00:00:00.000"
"iot-device-02","1.5946175963504882E9","59.9","77.0","true","false","0.0071","0.0045","0.0189","2020-11-26T17:04:56.658+0000","{defaultclientid=iot-device-02, thingname=iot-device-02, thingid=4ae4927a-aefb-4584-a45a-fc4839feffd6, thingarn=arn:aws:iot:us-east-1:507441099951:thing/iot-device-02, thingtypename=null, attributes={installed=1593361211, latitude=32.8205865, longitude=-96.871627}, version=1, billinggroupname=null}","2020-11-26 00:00:00.000"
"iot-device-01","1.5946175965820267E9","74.6","66.74","false","false","0.0076","0.0049","0.0202","2020-11-26T17:04:56.945+0000","{defaultclientid=iot-device-01, thingname=iot-device-01, thingid=983c2b68-f9a3-4e83-b3c6-9f6f8ad5431b, thingarn=arn:aws:iot:us-east-1:507441099951:thing/iot-device-01, thingtypename=null, attributes={installed=1594665292, latitude=37.4133144, longitude=-122.1513069}, version=1, billinggroupname=null}","2020-11-26 00:00:00.000"
"iot-device-03","1.5946175973490849E9","48.2","71.24","false","false","0.0078","0.0051","0.0207","2020-11-26T17:04:57.229+0000","{defaultclientid=iot-device-03, thingname=iot-device-03, thingid=877352b9-a35d-45d3-9c98-162d89965a13, thingarn=arn:aws:iot:us-east-1:507441099951:thing/iot-device-03, thingtypename=null, attributes={installed=1592562234, latitude=37.4133144, longitude=-122.1513069}, version=1, billinggroupname=null}","2020-11-26 00:00:00.000"
"iot-device-02","1.5946176001571524E9","59.9","77.0","true","false","0.0071","0.0045","0.0189","2020-11-26T17:04:57.514+0000","{defaultclientid=iot-device-02, thingname=iot-device-02, thingid=4ae4927a-aefb-4584-a45a-fc4839feffd6, thingarn=arn:aws:iot:us-east-1:507441099951:thing/iot-device-02, thingtypename=null, attributes={installed=1593361211, latitude=32.8205865, longitude=-96.871627}, version=1, billinggroupname=null}","2020-11-26 00:00:00.000"
"iot-device-03","1.5946176010344806E9","48.3","71.24","false","false","0.0078","0.0051","0.0208","2020-11-26T17:04:57.807+0000","{defaultclientid=iot-device-03, thingname=iot-device-03, thingid=877352b9-a35d-45d3-9c98-162d89965a13, thingarn=arn:aws:iot:us-east-1:507441099951:thing/iot-device-03, thingtypename=null, attributes={installed=1592562234, latitude=37.4133144, longitude=-122.1513069}, version=1, billinggroupname=null}","2020-11-26 00:00:00.000"
"iot-device-03","1.5946176047206125E9","48.3","71.24","false","false","0.0078","0.0051","0.0208","2020-11-26T17:04:58.083+0000","{defaultclientid=iot-device-03, thingname=iot-device-03, thingid=877352b9-a35d-45d3-9c98-162d89965a13, thingarn=arn:aws:iot:us-east-1:507441099951:thing/iot-device-03, thingtypename=null, attributes={installed=1592562234, latitude=37.4133144, longitude=-122.1513069}, version=1, billinggroupname=null}","2020-11-26 00:00:00.000"
"iot-device-01","1.5946176073796089E9","74.2","66.74","false","false","0.0076","0.0049","0.0202","2020-11-26T17:04:58.394+0000","{defaultclientid=iot-device-01, thingname=iot-device-01, thingid=983c2b68-f9a3-4e83-b3c6-9f6f8ad5431b, thingarn=arn:aws:iot:us-east-1:507441099951:thing/iot-device-01, thingtypename=null, attributes={installed=1594665292, latitude=37.4133144, longitude=-122.1513069}, version=1, billinggroupname=null}","2020-11-26 00:00:00.000"
"iot-device-03","1.5946176084067984E9","48.3","71.24","false","false","0.0078","0.0051","0.0208","2020-11-26T17:04:58.680+0000","{defaultclientid=iot-device-03, thingname=iot-device-03, thingid=877352b9-a35d-45d3-9c98-162d89965a13, thingarn=arn:aws:iot:us-east-1:507441099951:thing/iot-device-03, thingtypename=null, attributes={installed=1592562234, latitude=37.4133144, longitude=-122.1513069}, version=1, billinggroupname=null}","2020-11-26 00:00:00.000"
"iot-device-03","1.5946176120910668E9","48.3","71.24","false","false","0.0078","0.0051","0.0208","2020-11-26T17:04:58.981+0000","{defaultclientid=iot-device-03, thingname=iot-device-03, thingid=877352b9-a35d-45d3-9c98-162d89965a13, thingarn=arn:aws:iot:us-east-1:507441099951:thing/iot-device-03, thingtypename=null, attributes={installed=1592562234, latitude=37.4133144, longitude=-122.1513069}, version=1, billinggroupname=null}","2020-11-26 00:00:00.000"
"iot-device-02","1.5946176128506994E9","59.9","77.0","true","false","0.0071","0.0044","0.0187","2020-11-26T17:04:59.273+0000","{defaultclientid=iot-device-02, thingname=iot-device-02, thingid=4ae4927a-aefb-4584-a45a-fc4839feffd6, thingarn=arn:aws:iot:us-east-1:507441099951:thing/iot-device-02, thingtypename=null, attributes={installed=1593361211, latitude=32.8205865, longitude=-96.871627}, version=1, billinggroupname=null}","2020-11-26 00:00:00.000"
"iot-device-03","1.5946052465093842E9","48.4","71.06","false","false","0.008","0.0053","0.0215","2020-11-26T16:59:41.917+0000","{defaultclientid=iot-device-03, thingname=iot-device-03, thingid=877352b9-a35d-45d3-9c98-162d89965a13, thingarn=arn:aws:iot:us-east-1:507441099951:thing/iot-device-03, thingtypename=null, attributes={installed=1592562234, latitude=37.4133144, longitude=-122.1513069}, version=1, billinggroupname=null}","2020-11-26 00:00:00.000"
"iot-device-02","1.5946052498339775E9","58.8","79.16","true","false","0.0072","0.0046","0.0192","2020-11-26T16:59:42.214+0000","{defaultclientid=iot-device-02, thingname=iot-device-02, thingid=4ae4927a-aefb-4584-a45a-fc4839feffd6, thingarn=arn:aws:iot:us-east-1:507441099951:thing/iot-device-02, thingtypename=null, attributes={installed=1593361211, latitude=32.8205865, longitude=-96.871627}, version=1, billinggroupname=null}","2020-11-26 00:00:00.000"
"iot-device-03","1.5946052501970706E9","48.4","71.06","false","false","0.008","0.0053","0.0215","2020-11-26T16:59:42.505+0000","{defaultclientid=iot-device-03, thingname=iot-device-03, thingid=877352b9-a35d-45d3-9c98-162d89965a13, thingarn=arn:aws:iot:us-east-1:507441099951:thing/iot-device-03, thingtypename=null, attributes={installed=1592562234, latitude=37.4133144, longitude=-122.1513069}, version=1, billinggroupname=null}","2020-11-26 00:00:00.000"
"iot-device-01","1.5946052534171636E9","73.7","65.84","false","false","0.0105","0.0077","0.0286","2020-11-26T16:59:42.797+0000","{defaultclientid=iot-device-01, thingname=iot-device-01, thingid=983c2b68-f9a3-4e83-b3c6-9f6f8ad5431b, thingarn=arn:aws:iot:us-east-1:507441099951:thing/iot-device-01, thingtypename=null, attributes={installed=1594665292, latitude=37.4133144, longitude=-122.1513069}, version=1, billinggroupname=null}","2020-11-26 00:00:00.000"
"iot-device-03","1.5946052538864784E9","48.5","71.06","false","false","0.008","0.0053","0.0215","2020-11-26T16:59:43.118+0000","{defaultclientid=iot-device-03, thingname=iot-device-03, thingid=877352b9-a35d-45d3-9c98-162d89965a13, thingarn=arn:aws:iot:us-east-1:507441099951:thing/iot-device-03, thingtypename=null, attributes={installed=1592562234, latitude=37.4133144, longitude=-122.1513069}, version=1, billinggroupname=null}","2020-11-26 00:00:00.000"
"iot-device-03","1.59460525757407E9","48.4","71.06","false","false","0.008","0.0053","0.0215","2020-11-26T16:59:43.406+0000","{defaultclientid=iot-device-03, thingname=iot-device-03, thingid=877352b9-a35d-45d3-9c98-162d89965a13, thingarn=arn:aws:iot:us-east-1:507441099951:thing/iot-device-03, thingtypename=null, attributes={installed=1592562234, latitude=37.4133144, longitude=-122.1513069}, version=1, billinggroupname=null}","2020-11-26 00:00:00.000"
"iot-device-01","1.5946052577694855E9","73.8","65.84","false","false","0.0102","0.0074","0.0277","2020-11-26T16:59:43.699+0000","{defaultclientid=iot-device-01, thingname=iot-device-01, thingid=983c2b68-f9a3-4e83-b3c6-9f6f8ad5431b, thingarn=arn:aws:iot:us-east-1:507441099951:thing/iot-device-01, thingtypename=null, attributes={installed=1594665292, latitude=37.4133144, longitude=-122.1513069}, version=1, billinggroupname=null}","2020-11-26 00:00:00.000"
"iot-device-03","1.5946052612623825E9","48.4","71.06","false","false","0.008","0.0053","0.0215","2020-11-26T16:59:44.001+0000","{defaultclientid=iot-device-03, thingname=iot-device-03, thingid=877352b9-a35d-45d3-9c98-162d89965a13, thingarn=arn:aws:iot:us-east-1:507441099951:thing/iot-device-03, thingtypename=null, attributes={installed=1592562234, latitude=37.4133144, longitude=-122.1513069}, version=1, billinggroupname=null}","2020-11-26 00:00:00.000"
"iot-device-02","1.5946052624614875E9","58.8","79.16","true","false","0.0072","0.0046","0.0192","2020-11-26T16:59:44.298+0000","{defaultclientid=iot-device-02, thingname=iot-device-02, thingid=4ae4927a-aefb-4584-a45a-fc4839feffd6, thingarn=arn:aws:iot:us-east-1:507441099951:thing/iot-device-02, thingtypename=null, attributes={installed=1593361211, latitude=32.8205865, longitude=-96.871627}, version=1, billinggroupname=null}","2020-11-26 00:00:00.000"
"iot-device-01","1.5946052631930125E9","73.8","65.84","false","false","0.0103","0.0075","0.0282","2020-11-26T16:59:44.588+0000","{defaultclientid=iot-device-01, thingname=iot-device-01, thingid=983c2b68-f9a3-4e83-b3c6-9f6f8ad5431b, thingarn=arn:aws:iot:us-east-1:507441099951:thing/iot-device-01, thingtypename=null, attributes={installed=1594665292, latitude=37.4133144, longitude=-122.1513069}, version=1, billinggroupname=null}","2020-11-26 00:00:00.000"
"iot-device-02","1.5946053117615926E9","58.9","79.16","true","false","0.0072","0.0046","0.0192","2020-11-26T16:59:53.659+0000","{defaultclientid=iot-device-02, thingname=iot-device-02, thingid=4ae4927a-aefb-4584-a45a-fc4839feffd6, thingarn=arn:aws:iot:us-east-1:507441099951:thing/iot-device-02, thingtypename=null, attributes={installed=1593361211, latitude=32.8205865, longitude=-96.871627}, version=1, billinggroupname=null}","2020-11-26 00:00:00.000"
"iot-device-03","1.5946053128327804E9","49.1","71.06","false","false","0.008","0.0053","0.0215","2020-11-26T16:59:53.958+0000","{defaultclientid=iot-device-03, thingname=iot-device-03, thingid=877352b9-a35d-45d3-9c98-162d89965a13, thingarn=arn:aws:iot:us-east-1:507441099951:thing/iot-device-03, thingtypename=null, attributes={installed=1592562234, latitude=37.4133144, longitude=-122.1513069}, version=1, billinggroupname=null}","2020-11-26 00:00:00.000"
"iot-device-01","1.5946053161692212E9","74.3","65.84","false","false","0.01","0.0072","0.0273","2020-11-26T16:59:54.261+0000","{defaultclientid=iot-device-01, thingname=iot-device-01, thingid=983c2b68-f9a3-4e83-b3c6-9f6f8ad5431b, thingarn=arn:aws:iot:us-east-1:507441099951:thing/iot-device-01, thingtypename=null, attributes={installed=1594665292, latitude=37.4133144, longitude=-122.1513069}, version=1, billinggroupname=null}","2020-11-26 00:00:00.000"
"iot-device-03","1.5946053165187395E9","49.1","70.88","false","false","0.008","0.0053","0.0214","2020-11-26T16:59:54.545+0000","{defaultclientid=iot-device-03, thingname=iot-device-03, thingid=877352b9-a35d-45d3-9c98-162d89965a13, thingarn=arn:aws:iot:us-east-1:507441099951:thing/iot-device-03, thingtypename=null, attributes={installed=1592562234, latitude=37.4133144, longitude=-122.1513069}, version=1, billinggroupname=null}","2020-11-26 00:00:00.000"
"iot-device-02","1.5946053193072212E9","58.9","79.16","true","false","0.0072","0.0046","0.0192","2020-11-26T16:59:54.837+0000","{defaultclientid=iot-device-02, thingname=iot-device-02, thingid=4ae4927a-aefb-4584-a45a-fc4839feffd6, thingarn=arn:aws:iot:us-east-1:507441099951:thing/iot-device-02, thingtypename=null, attributes={installed=1593361211, latitude=32.8205865, longitude=-96.871627}, version=1, billinggroupname=null}","2020-11-26 00:00:00.000"
"iot-device-03","1.5946053202047398E9","49.1","71.06","false","false","0.008","0.0053","0.0215","2020-11-26T16:59:55.133+0000","{defaultclientid=iot-device-03, thingname=iot-device-03, thingid=877352b9-a35d-45d3-9c98-162d89965a13, thingarn=arn:aws:iot:us-east-1:507441099951:thing/iot-device-03, thingtypename=null, attributes={installed=1592562234, latitude=37.4133144, longitude=-122.1513069}, version=1, billinggroupname=null}","2020-11-26 00:00:00.000"
"iot-device-01","1.5946053205216722E9","74.3","65.84","false","false","0.0102","0.0074","0.0277","2020-11-26T16:59:55.424+0000","{defaultclientid=iot-device-01, thingname=iot-device-01, thingid=983c2b68-f9a3-4e83-b3c6-9f6f8ad5431b, thingarn=arn:aws:iot:us-east-1:507441099951:thing/iot-device-01, thingtypename=null, attributes={installed=1594665292, latitude=37.4133144, longitude=-122.1513069}, version=1, billinggroupname=null}","2020-11-26 00:00:00.000"
"iot-device-03","1.5946053238916988E9","49.0","70.88","false","false","0.008","0.0053","0.0215","2020-11-26T16:59:55.715+0000","{defaultclientid=iot-device-03, thingname=iot-device-03, thingid=877352b9-a35d-45d3-9c98-162d89965a13, thingarn=arn:aws:iot:us-east-1:507441099951:thing/iot-device-03, thingtypename=null, attributes={installed=1592562234, latitude=37.4133144, longitude=-122.1513069}, version=1, billinggroupname=null}","2020-11-26 00:00:00.000"
"iot-device-01","1.5946053243389971E9","74.3","65.84","false","false","0.0099","0.0071","0.0268","2020-11-26T16:59:56.056+0000","{defaultclientid=iot-device-01, thingname=iot-device-01, thingid=983c2b68-f9a3-4e83-b3c6-9f6f8ad5431b, thingarn=arn:aws:iot:us-east-1:507441099951:thing/iot-device-01, thingtypename=null, attributes={installed=1594665292, latitude=37.4133144, longitude=-122.1513069}, version=1, billinggroupname=null}","2020-11-26 00:00:00.000"
"iot-device-02","1.5946053273946493E9","58.8","79.16","true","false","0.0072","0.0046","0.0192","2020-11-26T16:59:56.433+0000","{defaultclientid=iot-device-02, thingname=iot-device-02, thingid=4ae4927a-aefb-4584-a45a-fc4839feffd6, thingarn=arn:aws:iot:us-east-1:507441099951:thing/iot-device-02, thingtypename=null, attributes={installed=1593361211, latitude=32.8205865, longitude=-96.871627}, version=1, billinggroupname=null}","2020-11-26 00:00:00.000"
"iot-device-03","1.5946053275802572E9","49.1","71.06","false","false","0.008","0.0053","0.0214","2020-11-26T16:59:56.720+0000","{defaultclientid=iot-device-03, thingname=iot-device-03, thingid=877352b9-a35d-45d3-9c98-162d89965a13, thingarn=arn:aws:iot:us-east-1:507441099951:thing/iot-device-03, thingtypename=null, attributes={installed=1592562234, latitude=37.4133144, longitude=-122.1513069}, version=1, billinggroupname=null}","2020-11-26 00:00:00.000"
"iot-device-03","1.5946053312680016E9","49.4","71.06","false","false","0.008","0.0053","0.0214","2020-11-26T16:59:57.016+0000","{defaultclientid=iot-device-03, thingname=iot-device-03, thingid=877352b9-a35d-45d3-9c98-162d89965a13, thingarn=arn:aws:iot:us-east-1:507441099951:thing/iot-device-03, thingtypename=null, attributes={installed=1592562234, latitude=37.4133144, longitude=-122.1513069}, version=1, billinggroupname=null}","2020-11-26 00:00:00.000"
"iot-device-02","1.594605332809526E9","58.9","79.16","true","false","0.0072","0.0046","0.0192","2020-11-26T16:59:57.356+0000","{defaultclientid=iot-device-02, thingname=iot-device-02, thingid=4ae4927a-aefb-4584-a45a-fc4839feffd6, thingarn=arn:aws:iot:us-east-1:507441099951:thing/iot-device-02, thingtypename=null, attributes={installed=1593361211, latitude=32.8205865, longitude=-96.871627}, version=1, billinggroupname=null}","2020-11-26 00:00:00.000"
"iot-device-03","1.5946053349559276E9","50.0","71.06","false","false","0.008","0.0053","0.0214","2020-11-26T16:59:57.649+0000","{defaultclientid=iot-device-03, thingname=iot-device-03, thingid=877352b9-a35d-45d3-9c98-162d89965a13, thingarn=arn:aws:iot:us-east-1:507441099951:thing/iot-device-03, thingtypename=null, attributes={installed=1592562234, latitude=37.4133144, longitude=-122.1513069}, version=1, billinggroupname=null}","2020-11-26 00:00:00.000"
"iot-device-01","1.5946053351481242E9","74.4","65.84","false","false","0.0102","0.0074","0.0277","2020-11-26T16:59:57.944+0000","{defaultclientid=iot-device-01, thingname=iot-device-01, thingid=983c2b68-f9a3-4e83-b3c6-9f6f8ad5431b, thingarn=arn:aws:iot:us-east-1:507441099951:thing/iot-device-01, thingtypename=null, attributes={installed=1594665292, latitude=37.4133144, longitude=-122.1513069}, version=1, billinggroupname=null}","2020-11-26 00:00:00.000"
"iot-device-02","1.594605337150862E9","58.9","79.16","true","false","0.0072","0.0046","0.0192","2020-11-26T16:59:58.231+0000","{defaultclientid=iot-device-02, thingname=iot-device-02, thingid=4ae4927a-aefb-4584-a45a-fc4839feffd6, thingarn=arn:aws:iot:us-east-1:507441099951:thing/iot-device-02, thingtypename=null, attributes={installed=1593361211, latitude=32.8205865, longitude=-96.871627}, version=1, billinggroupname=null}","2020-11-26 00:00:00.000"
"iot-device-03","1.5946053386435266E9","50.1","71.06","false","false","0.008","0.0053","0.0215","2020-11-26T16:59:58.521+0000","{defaultclientid=iot-device-03, thingname=iot-device-03, thingid=877352b9-a35d-45d3-9c98-162d89965a13, thingarn=arn:aws:iot:us-east-1:507441099951:thing/iot-device-03, thingtypename=null, attributes={installed=1592562234, latitude=37.4133144, longitude=-122.1513069}, version=1, billinggroupname=null}","2020-11-26 00:00:00.000"
"iot-device-02","1.5946053409546885E9","58.9","79.16","true","false","0.0072","0.0046","0.0192","2020-11-26T16:59:58.804+0000","{defaultclientid=iot-device-02, thingname=iot-device-02, thingid=4ae4927a-aefb-4584-a45a-fc4839feffd6, thingarn=arn:aws:iot:us-east-1:507441099951:thing/iot-device-02, thingtypename=null, attributes={installed=1593361211, latitude=32.8205865, longitude=-96.871627}, version=1, billinggroupname=null}","2020-11-26 00:00:00.000"
"iot-device-01","1.594605341119808E9","74.3","65.84","false","false","0.0102","0.0074","0.0277","2020-11-26T16:59:59.094+0000","{defaultclientid=iot-device-01, thingname=iot-device-01, thingid=983c2b68-f9a3-4e83-b3c6-9f6f8ad5431b, thingarn=arn:aws:iot:us-east-1:507441099951:thing/iot-device-01, thingtypename=null, attributes={installed=1594665292, latitude=37.4133144, longitude=-122.1513069}, version=1, billinggroupname=null}","2020-11-26 00:00:00.000"
"iot-device-03","1.5946053423317366E9","50.4","71.06","false","false","0.008","0.0053","0.0215","2020-11-26T16:59:59.385+0000","{defaultclientid=iot-device-03, thingname=iot-device-03, thingid=877352b9-a35d-45d3-9c98-162d89965a13, thingarn=arn:aws:iot:us-east-1:507441099951:thing/iot-device-03, thingtypename=null, attributes={installed=1592562234, latitude=37.4133144, longitude=-122.1513069}, version=1, billinggroupname=null}","2020-11-26 00:00:00.000"
"iot-device-01","1.5946052284097373E9","73.5","65.84","false","false","0.0105","0.0077","0.0286","2020-11-26T16:59:38.980+0000","{defaultclientid=iot-device-01, thingname=iot-device-01, thingid=983c2b68-f9a3-4e83-b3c6-9f6f8ad5431b, thingarn=arn:aws:iot:us-east-1:507441099951:thing/iot-device-01, thingtypename=null, attributes={installed=1594665292, latitude=37.4133144, longitude=-122.1513069}, version=1, billinggroupname=null}","2020-11-26 00:00:00.000"
"iot-device-03","1.5946052317578542E9","48.5","71.06","false","false","0.008","0.0053","0.0215","2020-11-26T16:59:39.260+0000","{defaultclientid=iot-device-03, thingname=iot-device-03, thingid=877352b9-a35d-45d3-9c98-162d89965a13, thingarn=arn:aws:iot:us-east-1:507441099951:thing/iot-device-03, thingtypename=null, attributes={installed=1592562234, latitude=37.4133144, longitude=-122.1513069}, version=1, billinggroupname=null}","2020-11-26 00:00:00.000"
"iot-device-02","1.5946052336434991E9","58.5","79.16","true","false","0.0072","0.0046","0.0192","2020-11-26T16:59:39.553+0000","{defaultclientid=iot-device-02, thingname=iot-device-02, thingid=4ae4927a-aefb-4584-a45a-fc4839feffd6, thingarn=arn:aws:iot:us-east-1:507441099951:thing/iot-device-02, thingtypename=null, attributes={installed=1593361211, latitude=32.8205865, longitude=-96.871627}, version=1, billinggroupname=null}","2020-11-26 00:00:00.000"
"iot-device-01","1.594605233839514E9","73.5","65.84","false","false","0.0102","0.0074","0.0277","2020-11-26T16:59:39.848+0000","{defaultclientid=iot-device-01, thingname=iot-device-01, thingid=983c2b68-f9a3-4e83-b3c6-9f6f8ad5431b, thingarn=arn:aws:iot:us-east-1:507441099951:thing/iot-device-01, thingtypename=null, attributes={installed=1594665292, latitude=37.4133144, longitude=-122.1513069}, version=1, billinggroupname=null}","2020-11-26 00:00:00.000"
"iot-device-03","1.594605235445886E9","48.5","71.06","false","false","0.008","0.0053","0.0215","2020-11-26T16:59:40.148+0000","{defaultclientid=iot-device-03, thingname=iot-device-03, thingid=877352b9-a35d-45d3-9c98-162d89965a13, thingarn=arn:aws:iot:us-east-1:507441099951:thing/iot-device-03, thingtypename=null, attributes={installed=1592562234, latitude=37.4133144, longitude=-122.1513069}, version=1, billinggroupname=null}","2020-11-26 00:00:00.000"
"iot-device-03","1.594605239133926E9","48.5","71.06","false","false","0.008","0.0053","0.0215","2020-11-26T16:59:40.448+0000","{defaultclientid=iot-device-03, thingname=iot-device-03, thingid=877352b9-a35d-45d3-9c98-162d89965a13, thingarn=arn:aws:iot:us-east-1:507441099951:thing/iot-device-03, thingtypename=null, attributes={installed=1592562234, latitude=37.4133144, longitude=-122.1513069}, version=1, billinggroupname=null}","2020-11-26 00:00:00.000"
"iot-device-01","1.5946052398027208E9","73.4","65.84","false","false","0.0103","0.0075","0.0282","2020-11-26T16:59:40.741+0000","{defaultclientid=iot-device-01, thingname=iot-device-01, thingid=983c2b68-f9a3-4e83-b3c6-9f6f8ad5431b, thingarn=arn:aws:iot:us-east-1:507441099951:thing/iot-device-01, thingtypename=null, attributes={installed=1594665292, latitude=37.4133144, longitude=-122.1513069}, version=1, billinggroupname=null}","2020-11-26 00:00:00.000"
"iot-device-03","1.5946052428217964E9","48.4","71.06","false","false","0.008","0.0053","0.0215","2020-11-26T16:59:41.033+0000","{defaultclientid=iot-device-03, thingname=iot-device-03, thingid=877352b9-a35d-45d3-9c98-162d89965a13, thingarn=arn:aws:iot:us-east-1:507441099951:thing/iot-device-03, thingtypename=null, attributes={installed=1592562234, latitude=37.4133144, longitude=-122.1513069}, version=1, billinggroupname=null}","2020-11-26 00:00:00.000"
"iot-device-01","1.5946052436187375E9","73.4","65.84","false","false","0.01","0.0072","0.0273","2020-11-26T16:59:41.320+0000","{defaultclientid=iot-device-01, thingname=iot-device-01, thingid=983c2b68-f9a3-4e83-b3c6-9f6f8ad5431b, thingarn=arn:aws:iot:us-east-1:507441099951:thing/iot-device-01, thingtypename=null, attributes={installed=1594665292, latitude=37.4133144, longitude=-122.1513069}, version=1, billinggroupname=null}","2020-11-26 00:00:00.000"
"iot-device-02","1.5946052444275868E9","58.7","79.16","true","false","0.0072","0.0046","0.0192","2020-11-26T16:59:41.622+0000","{defaultclientid=iot-device-02, thingname=iot-device-02, thingid=4ae4927a-aefb-4584-a45a-fc4839feffd6, thingarn=arn:aws:iot:us-east-1:507441099951:thing/iot-device-02, thingtypename=null, attributes={installed=1593361211, latitude=32.8205865, longitude=-96.871627}, version=1, billinggroupname=null}","2020-11-26 00:00:00.000"
"iot-device-01","1.594605344956563E9","74.5","65.84","false","false","0.0099","0.0071","0.0268","2020-11-26T16:59:59.670+0000","{defaultclientid=iot-device-01, thingname=iot-device-01, thingid=983c2b68-f9a3-4e83-b3c6-9f6f8ad5431b, thingarn=arn:aws:iot:us-east-1:507441099951:thing/iot-device-01, thingtypename=null, attributes={installed=1594665292, latitude=37.4133144, longitude=-122.1513069}, version=1, billinggroupname=null}","2020-11-26 00:00:00.000"
"iot-device-02","1.5946051822132294E9","59.1","79.16","true","true","0.0072","0.0046","0.0192","2020-11-26T16:59:30.155+0000","{defaultclientid=iot-device-02, thingname=iot-device-02, thingid=4ae4927a-aefb-4584-a45a-fc4839feffd6, thingarn=arn:aws:iot:us-east-1:507441099951:thing/iot-device-02, thingtypename=null, attributes={installed=1593361211, latitude=32.8205865, longitude=-96.871627}, version=1, billinggroupname=null}","2020-11-26 00:00:00.000"
"iot-device-01","1.5946051823658051E9","73.5","65.84","false","false","0.0102","0.0074","0.0277","2020-11-26T16:59:30.450+0000","{defaultclientid=iot-device-01, thingname=iot-device-01, thingid=983c2b68-f9a3-4e83-b3c6-9f6f8ad5431b, thingarn=arn:aws:iot:us-east-1:507441099951:thing/iot-device-01, thingtypename=null, attributes={installed=1594665292, latitude=37.4133144, longitude=-122.1513069}, version=1, billinggroupname=null}","2020-11-26 00:00:00.000"
"iot-device-03","1.594605183820955E9","48.4","71.24","false","false","0.008","0.0053","0.0214","2020-11-26T16:59:30.751+0000","{defaultclientid=iot-device-03, thingname=iot-device-03, thingid=877352b9-a35d-45d3-9c98-162d89965a13, thingarn=arn:aws:iot:us-east-1:507441099951:thing/iot-device-03, thingtypename=null, attributes={installed=1592562234, latitude=37.4133144, longitude=-122.1513069}, version=1, billinggroupname=null}","2020-11-26 00:00:00.000"
"iot-device-02","1.594605186019978E9","59.1","79.16","true","false","0.0072","0.0046","0.0192","2020-11-26T16:59:31.040+0000","{defaultclientid=iot-device-02, thingname=iot-device-02, thingid=4ae4927a-aefb-4584-a45a-fc4839feffd6, thingarn=arn:aws:iot:us-east-1:507441099951:thing/iot-device-02, thingtypename=null, attributes={installed=1593361211, latitude=32.8205865, longitude=-96.871627}, version=1, billinggroupname=null}","2020-11-26 00:00:00.000"
"iot-device-03","1.5946051875070784E9","48.5","71.24","false","false","0.008","0.0053","0.0215","2020-11-26T16:59:31.352+0000","{defaultclientid=iot-device-03, thingname=iot-device-03, thingid=877352b9-a35d-45d3-9c98-162d89965a13, thingarn=arn:aws:iot:us-east-1:507441099951:thing/iot-device-03, thingtypename=null, attributes={installed=1592562234, latitude=37.4133144, longitude=-122.1513069}, version=1, billinggroupname=null}","2020-11-26 00:00:00.000"
"iot-device-01","1.5946051904838715E9","73.6","65.84","false","false","0.0102","0.0074","0.0277","2020-11-26T16:59:31.640+0000","{defaultclientid=iot-device-01, thingname=iot-device-01, thingid=983c2b68-f9a3-4e83-b3c6-9f6f8ad5431b, thingarn=arn:aws:iot:us-east-1:507441099951:thing/iot-device-01, thingtypename=null, attributes={installed=1594665292, latitude=37.4133144, longitude=-122.1513069}, version=1, billinggroupname=null}","2020-11-26 00:00:00.000"
"iot-device-03","1.5946051911923578E9","48.5","71.24","false","false","0.008","0.0053","0.0214","2020-11-26T16:59:31.935+0000","{defaultclientid=iot-device-03, thingname=iot-device-03, thingid=877352b9-a35d-45d3-9c98-162d89965a13, thingarn=arn:aws:iot:us-east-1:507441099951:thing/iot-device-03, thingtypename=null, attributes={installed=1592562234, latitude=37.4133144, longitude=-122.1513069}, version=1, billinggroupname=null}","2020-11-26 00:00:00.000"
"iot-device-02","1.594605191427111E9","58.5","79.16","true","false","0.0072","0.0046","0.0192","2020-11-26T16:59:32.252+0000","{defaultclientid=iot-device-02, thingname=iot-device-02, thingid=4ae4927a-aefb-4584-a45a-fc4839feffd6, thingarn=arn:aws:iot:us-east-1:507441099951:thing/iot-device-02, thingtypename=null, attributes={installed=1593361211, latitude=32.8205865, longitude=-96.871627}, version=1, billinggroupname=null}","2020-11-26 00:00:00.000"
"iot-device-01","1.5946051942991278E9","73.6","65.84","false","false","0.0099","0.0071","0.0268","2020-11-26T16:59:32.551+0000","{defaultclientid=iot-device-01, thingname=iot-device-01, thingid=983c2b68-f9a3-4e83-b3c6-9f6f8ad5431b, thingarn=arn:aws:iot:us-east-1:507441099951:thing/iot-device-01, thingtypename=null, attributes={installed=1594665292, latitude=37.4133144, longitude=-122.1513069}, version=1, billinggroupname=null}","2020-11-26 00:00:00.000"
"iot-device-03","1.5946051948800735E9","48.5","71.24","false","false","0.008","0.0053","0.0214","2020-11-26T16:59:32.856+0000","{defaultclientid=iot-device-03, thingname=iot-device-03, thingid=877352b9-a35d-45d3-9c98-162d89965a13, thingarn=arn:aws:iot:us-east-1:507441099951:thing/iot-device-03, thingtypename=null, attributes={installed=1592562234, latitude=37.4133144, longitude=-122.1513069}, version=1, billinggroupname=null}","2020-11-26 00:00:00.000"
"iot-device-01","1.5946052784578388E9","74.0","65.84","false","false","0.0099","0.0071","0.0268","2020-11-26T16:59:47.818+0000","{defaultclientid=iot-device-01, thingname=iot-device-01, thingid=983c2b68-f9a3-4e83-b3c6-9f6f8ad5431b, thingarn=arn:aws:iot:us-east-1:507441099951:thing/iot-device-01, thingtypename=null, attributes={installed=1594665292, latitude=37.4133144, longitude=-122.1513069}, version=1, billinggroupname=null}","2020-11-26 00:00:00.000"
"iot-device-03","1.5946052797061305E9","48.4","71.06","false","false","0.008","0.0053","0.0215","2020-11-26T16:59:48.099+0000","{defaultclientid=iot-device-03, thingname=iot-device-03, thingid=877352b9-a35d-45d3-9c98-162d89965a13, thingarn=arn:aws:iot:us-east-1:507441099951:thing/iot-device-03, thingtypename=null, attributes={installed=1592562234, latitude=37.4133144, longitude=-122.1513069}, version=1, billinggroupname=null}","2020-11-26 00:00:00.000"
"iot-device-02","1.5946052819760582E9","58.9","79.16","true","false","0.0072","0.0046","0.0192","2020-11-26T16:59:48.389+0000","{defaultclientid=iot-device-02, thingname=iot-device-02, thingid=4ae4927a-aefb-4584-a45a-fc4839feffd6, thingarn=arn:aws:iot:us-east-1:507441099951:thing/iot-device-02, thingtypename=null, attributes={installed=1593361211, latitude=32.8205865, longitude=-96.871627}, version=1, billinggroupname=null}","2020-11-26 00:00:00.000"
"iot-device-01","1.5946052822726586E9","74.1","65.84","false","false","0.0099","0.0071","0.0268","2020-11-26T16:59:48.670+0000","{defaultclientid=iot-device-01, thingname=iot-device-01, thingid=983c2b68-f9a3-4e83-b3c6-9f6f8ad5431b, thingarn=arn:aws:iot:us-east-1:507441099951:thing/iot-device-01, thingtypename=null, attributes={installed=1594665292, latitude=37.4133144, longitude=-122.1513069}, version=1, billinggroupname=null}","2020-11-26 00:00:00.000"
"iot-device-03","1.594605283394021E9","48.5","71.06","false","false","0.008","0.0053","0.0215","2020-11-26T16:59:48.963+0000","{defaultclientid=iot-device-03, thingname=iot-device-03, thingid=877352b9-a35d-45d3-9c98-162d89965a13, thingarn=arn:aws:iot:us-east-1:507441099951:thing/iot-device-03, thingtypename=null, attributes={installed=1592562234, latitude=37.4133144, longitude=-122.1513069}, version=1, billinggroupname=null}","2020-11-26 00:00:00.000"
"iot-device-03","1.5946052870813894E9","48.6","71.06","false","false","0.008","0.0053","0.0215","2020-11-26T16:59:49.249+0000","{defaultclientid=iot-device-03, thingname=iot-device-03, thingid=877352b9-a35d-45d3-9c98-162d89965a13, thingarn=arn:aws:iot:us-east-1:507441099951:thing/iot-device-03, thingtypename=null, attributes={installed=1592562234, latitude=37.4133144, longitude=-122.1513069}, version=1, billinggroupname=null}","2020-11-26 00:00:00.000"
"iot-device-01","1.594605287698872E9","74.1","65.84","false","false","0.0099","0.0071","0.0268","2020-11-26T16:59:49.537+0000","{defaultclientid=iot-device-01, thingname=iot-device-01, thingid=983c2b68-f9a3-4e83-b3c6-9f6f8ad5431b, thingarn=arn:aws:iot:us-east-1:507441099951:thing/iot-device-01, thingtypename=null, attributes={installed=1594665292, latitude=37.4133144, longitude=-122.1513069}, version=1, billinggroupname=null}","2020-11-26 00:00:00.000"
"iot-device-02","1.59460529005682E9","59.0","79.16","true","false","0.0072","0.0046","0.0192","2020-11-26T16:59:49.820+0000","{defaultclientid=iot-device-02, thingname=iot-device-02, thingid=4ae4927a-aefb-4584-a45a-fc4839feffd6, thingarn=arn:aws:iot:us-east-1:507441099951:thing/iot-device-02, thingtypename=null, attributes={installed=1593361211, latitude=32.8205865, longitude=-96.871627}, version=1, billinggroupname=null}","2020-11-26 00:00:00.000"
"iot-device-03","1.5946052907673755E9","48.7","71.06","false","false","0.008","0.0053","0.0215","2020-11-26T16:59:50.110+0000","{defaultclientid=iot-device-03, thingname=iot-device-03, thingid=877352b9-a35d-45d3-9c98-162d89965a13, thingarn=arn:aws:iot:us-east-1:507441099951:thing/iot-device-03, thingtypename=null, attributes={installed=1592562234, latitude=37.4133144, longitude=-122.1513069}, version=1, billinggroupname=null}","2020-11-26 00:00:00.000"
"iot-device-01","1.5946052931319714E9","74.0","65.84","false","false","0.01","0.0072","0.0273","2020-11-26T16:59:50.410+0000","{defaultclientid=iot-device-01, thingname=iot-device-01, thingid=983c2b68-f9a3-4e83-b3c6-9f6f8ad5431b, thingarn=arn:aws:iot:us-east-1:507441099951:thing/iot-device-01, thingtypename=null, attributes={installed=1594665292, latitude=37.4133144, longitude=-122.1513069}, version=1, billinggroupname=null}","2020-11-26 00:00:00.000"
"iot-device-03","1.594605294453394E9","48.8","71.06","false","false","0.008","0.0053","0.0215","2020-11-26T16:59:50.699+0000","{defaultclientid=iot-device-03, thingname=iot-device-03, thingid=877352b9-a35d-45d3-9c98-162d89965a13, thingarn=arn:aws:iot:us-east-1:507441099951:thing/iot-device-03, thingtypename=null, attributes={installed=1592562234, latitude=37.4133144, longitude=-122.1513069}, version=1, billinggroupname=null}","2020-11-26 00:00:00.000"
"iot-device-02","1.594605296011361E9","59.0","79.16","true","false","0.0072","0.0046","0.0192","2020-11-26T16:59:51.021+0000","{defaultclientid=iot-device-02, thingname=iot-device-02, thingid=4ae4927a-aefb-4584-a45a-fc4839feffd6, thingarn=arn:aws:iot:us-east-1:507441099951:thing/iot-device-02, thingtypename=null, attributes={installed=1593361211, latitude=32.8205865, longitude=-96.871627}, version=1, billinggroupname=null}","2020-11-26 00:00:00.000"
"iot-device-01","1.5946052980206654E9","74.1","65.84","false","false","0.0099","0.0071","0.0268","2020-11-26T16:59:51.310+0000","{defaultclientid=iot-device-01, thingname=iot-device-01, thingid=983c2b68-f9a3-4e83-b3c6-9f6f8ad5431b, thingarn=arn:aws:iot:us-east-1:507441099951:thing/iot-device-01, thingtypename=null, attributes={installed=1594665292, latitude=37.4133144, longitude=-122.1513069}, version=1, billinggroupname=null}","2020-11-26 00:00:00.000"
"iot-device-03","1.59460529813926E9","48.9","71.06","false","false","0.008","0.0053","0.0215","2020-11-26T16:59:51.613+0000","{defaultclientid=iot-device-03, thingname=iot-device-03, thingid=877352b9-a35d-45d3-9c98-162d89965a13, thingarn=arn:aws:iot:us-east-1:507441099951:thing/iot-device-03, thingtypename=null, attributes={installed=1592562234, latitude=37.4133144, longitude=-122.1513069}, version=1, billinggroupname=null}","2020-11-26 00:00:00.000"
"iot-device-03","1.5946053018253233E9","48.9","70.88","false","false","0.008","0.0053","0.0215","2020-11-26T16:59:51.914+0000","{defaultclientid=iot-device-03, thingname=iot-device-03, thingid=877352b9-a35d-45d3-9c98-162d89965a13, thingarn=arn:aws:iot:us-east-1:507441099951:thing/iot-device-03, thingtypename=null, attributes={installed=1592562234, latitude=37.4133144, longitude=-122.1513069}, version=1, billinggroupname=null}","2020-11-26 00:00:00.000"
"iot-device-02","1.5946053025094173E9","58.9","79.16","true","false","0.0072","0.0046","0.0192","2020-11-26T16:59:52.201+0000","{defaultclientid=iot-device-02, thingname=iot-device-02, thingid=4ae4927a-aefb-4584-a45a-fc4839feffd6, thingarn=arn:aws:iot:us-east-1:507441099951:thing/iot-device-02, thingtypename=null, attributes={installed=1593361211, latitude=32.8205865, longitude=-96.871627}, version=1, billinggroupname=null}","2020-11-26 00:00:00.000"
"iot-device-01","1.5946053029105868E9","74.2","65.84","false","false","0.0102","0.0074","0.0277","2020-11-26T16:59:52.491+0000","{defaultclientid=iot-device-01, thingname=iot-device-01, thingid=983c2b68-f9a3-4e83-b3c6-9f6f8ad5431b, thingarn=arn:aws:iot:us-east-1:507441099951:thing/iot-device-01, thingtypename=null, attributes={installed=1594665292, latitude=37.4133144, longitude=-122.1513069}, version=1, billinggroupname=null}","2020-11-26 00:00:00.000"
"iot-device-03","1.5946053055112677E9","49.1","71.06","false","false","0.008","0.0053","0.0215","2020-11-26T16:59:52.782+0000","{defaultclientid=iot-device-03, thingname=iot-device-03, thingid=877352b9-a35d-45d3-9c98-162d89965a13, thingarn=arn:aws:iot:us-east-1:507441099951:thing/iot-device-03, thingtypename=null, attributes={installed=1592562234, latitude=37.4133144, longitude=-122.1513069}, version=1, billinggroupname=null}","2020-11-26 00:00:00.000"
"iot-device-02","1.5946053063340065E9","58.9","79.16","true","false","0.0072","0.0046","0.0192","2020-11-26T16:59:53.070+0000","{defaultclientid=iot-device-02, thingname=iot-device-02, thingid=4ae4927a-aefb-4584-a45a-fc4839feffd6, thingarn=arn:aws:iot:us-east-1:507441099951:thing/iot-device-02, thingtypename=null, attributes={installed=1593361211, latitude=32.8205865, longitude=-96.871627}, version=1, billinggroupname=null}","2020-11-26 00:00:00.000"
"iot-device-03","1.5946053091433976E9","49.1","71.06","false","false","0.008","0.0053","0.0215","2020-11-26T16:59:53.363+0000","{defaultclientid=iot-device-03, thingname=iot-device-03, thingid=877352b9-a35d-45d3-9c98-162d89965a13, thingarn=arn:aws:iot:us-east-1:507441099951:thing/iot-device-03, thingtypename=null, attributes={installed=1592562234, latitude=37.4133144, longitude=-122.1513069}, version=1, billinggroupname=null}","2020-11-26 00:00:00.000"
"iot-device-03","1.594605213319183E9","48.5","71.06","false","false","0.008","0.0053","0.0215","2020-11-26T16:59:36.104+0000","{defaultclientid=iot-device-03, thingname=iot-device-03, thingid=877352b9-a35d-45d3-9c98-162d89965a13, thingarn=arn:aws:iot:us-east-1:507441099951:thing/iot-device-03, thingtypename=null, attributes={installed=1592562234, latitude=37.4133144, longitude=-122.1513069}, version=1, billinggroupname=null}","2020-11-26 00:00:00.000"
"iot-device-02","1.5946052136764774E9","58.4","79.16","true","false","0.0072","0.0046","0.0191","2020-11-26T16:59:36.401+0000","{defaultclientid=iot-device-02, thingname=iot-device-02, thingid=4ae4927a-aefb-4584-a45a-fc4839feffd6, thingarn=arn:aws:iot:us-east-1:507441099951:thing/iot-device-02, thingtypename=null, attributes={installed=1593361211, latitude=32.8205865, longitude=-96.871627}, version=1, billinggroupname=null}","2020-11-26 00:00:00.000"
"iot-device-01","1.5946052138004608E9","73.5","65.84","false","false","0.0099","0.0071","0.0268","2020-11-26T16:59:36.690+0000","{defaultclientid=iot-device-01, thingname=iot-device-01, thingid=983c2b68-f9a3-4e83-b3c6-9f6f8ad5431b, thingarn=arn:aws:iot:us-east-1:507441099951:thing/iot-device-01, thingtypename=null, attributes={installed=1594665292, latitude=37.4133144, longitude=-122.1513069}, version=1, billinggroupname=null}","2020-11-26 00:00:00.000"
"iot-device-03","1.5946052170067735E9","48.5","71.24","false","false","0.008","0.0053","0.0215","2020-11-26T16:59:36.974+0000","{defaultclientid=iot-device-03, thingname=iot-device-03, thingid=877352b9-a35d-45d3-9c98-162d89965a13, thingarn=arn:aws:iot:us-east-1:507441099951:thing/iot-device-03, thingtypename=null, attributes={installed=1592562234, latitude=37.4133144, longitude=-122.1513069}, version=1, billinggroupname=null}","2020-11-26 00:00:00.000"
"iot-device-01","1.594605218687594E9","73.5","65.84","false","false","0.0103","0.0075","0.0282","2020-11-26T16:59:37.262+0000","{defaultclientid=iot-device-01, thingname=iot-device-01, thingid=983c2b68-f9a3-4e83-b3c6-9f6f8ad5431b, thingarn=arn:aws:iot:us-east-1:507441099951:thing/iot-device-01, thingtypename=null, attributes={installed=1594665292, latitude=37.4133144, longitude=-122.1513069}, version=1, billinggroupname=null}","2020-11-26 00:00:00.000"
"iot-device-03","1.5946052206945136E9","48.5","71.06","false","false","0.008","0.0053","0.0215","2020-11-26T16:59:37.538+0000","{defaultclientid=iot-device-03, thingname=iot-device-03, thingid=877352b9-a35d-45d3-9c98-162d89965a13, thingarn=arn:aws:iot:us-east-1:507441099951:thing/iot-device-03, thingtypename=null, attributes={installed=1592562234, latitude=37.4133144, longitude=-122.1513069}, version=1, billinggroupname=null}","2020-11-26 00:00:00.000"
"iot-device-02","1.594605222826278E9","58.4","79.16","true","false","0.0072","0.0046","0.0192","2020-11-26T16:59:37.830+0000","{defaultclientid=iot-device-02, thingname=iot-device-02, thingid=4ae4927a-aefb-4584-a45a-fc4839feffd6, thingarn=arn:aws:iot:us-east-1:507441099951:thing/iot-device-02, thingtypename=null, attributes={installed=1593361211, latitude=32.8205865, longitude=-96.871627}, version=1, billinggroupname=null}","2020-11-26 00:00:00.000"
"iot-device-03","1.594605224382443E9","48.5","71.06","false","false","0.008","0.0053","0.0214","2020-11-26T16:59:38.119+0000","{defaultclientid=iot-device-03, thingname=iot-device-03, thingid=877352b9-a35d-45d3-9c98-162d89965a13, thingarn=arn:aws:iot:us-east-1:507441099951:thing/iot-device-03, thingtypename=null, attributes={installed=1592562234, latitude=37.4133144, longitude=-122.1513069}, version=1, billinggroupname=null}","2020-11-26 00:00:00.000"
"iot-device-02","1.5946052276994598E9","58.4","79.16","true","false","0.0072","0.0046","0.0192","2020-11-26T16:59:38.399+0000","{defaultclientid=iot-device-02, thingname=iot-device-02, thingid=4ae4927a-aefb-4584-a45a-fc4839feffd6, thingarn=arn:aws:iot:us-east-1:507441099951:thing/iot-device-02, thingtypename=null, attributes={installed=1593361211, latitude=32.8205865, longitude=-96.871627}, version=1, billinggroupname=null}","2020-11-26 00:00:00.000"
"iot-device-03","1.5946052280702744E9","48.5","71.06","false","false","0.008","0.0053","0.0215","2020-11-26T16:59:38.687+0000","{defaultclientid=iot-device-03, thingname=iot-device-03, thingid=877352b9-a35d-45d3-9c98-162d89965a13, thingarn=arn:aws:iot:us-east-1:507441099951:thing/iot-device-03, thingtypename=null, attributes={installed=1592562234, latitude=37.4133144, longitude=-122.1513069}, version=1, billinggroupname=null}","2020-11-26 00:00:00.000"
"iot-device-03","1.5946052649483988E9","48.5","71.06","false","false","0.008","0.0053","0.0215","2020-11-26T16:59:44.888+0000","{defaultclientid=iot-device-03, thingname=iot-device-03, thingid=877352b9-a35d-45d3-9c98-162d89965a13, thingarn=arn:aws:iot:us-east-1:507441099951:thing/iot-device-03, thingtypename=null, attributes={installed=1592562234, latitude=37.4133144, longitude=-122.1513069}, version=1, billinggroupname=null}","2020-11-26 00:00:00.000"
"iot-device-01","1.5946052670100741E9","73.8","65.84","false","false","0.0099","0.0071","0.0268","2020-11-26T16:59:45.200+0000","{defaultclientid=iot-device-01, thingname=iot-device-01, thingid=983c2b68-f9a3-4e83-b3c6-9f6f8ad5431b, thingarn=arn:aws:iot:us-east-1:507441099951:thing/iot-device-01, thingtypename=null, attributes={installed=1594665292, latitude=37.4133144, longitude=-122.1513069}, version=1, billinggroupname=null}","2020-11-26 00:00:00.000"
"iot-device-02","1.5946052673355649E9","58.9","79.16","true","false","0.0072","0.0046","0.0192","2020-11-26T16:59:45.496+0000","{defaultclientid=iot-device-02, thingname=iot-device-02, thingid=4ae4927a-aefb-4584-a45a-fc4839feffd6, thingarn=arn:aws:iot:us-east-1:507441099951:thing/iot-device-02, thingtypename=null, attributes={installed=1593361211, latitude=32.8205865, longitude=-96.871627}, version=1, billinggroupname=null}","2020-11-26 00:00:00.000"
"iot-device-03","1.5946052686345994E9","48.6","71.06","false","false","0.008","0.0053","0.0215","2020-11-26T16:59:45.791+0000","{defaultclientid=iot-device-03, thingname=iot-device-03, thingid=877352b9-a35d-45d3-9c98-162d89965a13, thingarn=arn:aws:iot:us-east-1:507441099951:thing/iot-device-03, thingtypename=null, attributes={installed=1592562234, latitude=37.4133144, longitude=-122.1513069}, version=1, billinggroupname=null}","2020-11-26 00:00:00.000"
"iot-device-01","1.594605270828032E9","73.9","65.84","false","false","0.0099","0.0071","0.0268","2020-11-26T16:59:46.081+0000","{defaultclientid=iot-device-01, thingname=iot-device-01, thingid=983c2b68-f9a3-4e83-b3c6-9f6f8ad5431b, thingarn=arn:aws:iot:us-east-1:507441099951:thing/iot-device-01, thingtypename=null, attributes={installed=1594665292, latitude=37.4133144, longitude=-122.1513069}, version=1, billinggroupname=null}","2020-11-26 00:00:00.000"
"iot-device-03","1.5946052723208652E9","48.6","71.06","false","false","0.008","0.0053","0.0215","2020-11-26T16:59:46.369+0000","{defaultclientid=iot-device-03, thingname=iot-device-03, thingid=877352b9-a35d-45d3-9c98-162d89965a13, thingarn=arn:aws:iot:us-east-1:507441099951:thing/iot-device-03, thingtypename=null, attributes={installed=1592562234, latitude=37.4133144, longitude=-122.1513069}, version=1, billinggroupname=null}","2020-11-26 00:00:00.000"
"iot-device-02","1.5946052727509027E9","58.9","79.16","true","false","0.0072","0.0046","0.0192","2020-11-26T16:59:46.647+0000","{defaultclientid=iot-device-02, thingname=iot-device-02, thingid=4ae4927a-aefb-4584-a45a-fc4839feffd6, thingarn=arn:aws:iot:us-east-1:507441099951:thing/iot-device-02, thingtypename=null, attributes={installed=1593361211, latitude=32.8205865, longitude=-96.871627}, version=1, billinggroupname=null}","2020-11-26 00:00:00.000"
"iot-device-01","1.59460527464245E9","74.0","65.84","false","false","0.0099","0.0071","0.0268","2020-11-26T16:59:46.953+0000","{defaultclientid=iot-device-01, thingname=iot-device-01, thingid=983c2b68-f9a3-4e83-b3c6-9f6f8ad5431b, thingarn=arn:aws:iot:us-east-1:507441099951:thing/iot-device-01, thingtypename=null, attributes={installed=1594665292, latitude=37.4133144, longitude=-122.1513069}, version=1, billinggroupname=null}","2020-11-26 00:00:00.000"
"iot-device-03","1.5946052760184512E9","48.5","71.06","false","false","0.008","0.0053","0.0214","2020-11-26T16:59:47.243+0000","{defaultclientid=iot-device-03, thingname=iot-device-03, thingid=877352b9-a35d-45d3-9c98-162d89965a13, thingarn=arn:aws:iot:us-east-1:507441099951:thing/iot-device-03, thingtypename=null, attributes={installed=1592562234, latitude=37.4133144, longitude=-122.1513069}, version=1, billinggroupname=null}","2020-11-26 00:00:00.000"
"iot-device-02","1.594605277093925E9","58.9","79.16","true","false","0.0072","0.0046","0.0192","2020-11-26T16:59:47.524+0000","{defaultclientid=iot-device-02, thingname=iot-device-02, thingid=4ae4927a-aefb-4584-a45a-fc4839feffd6, thingarn=arn:aws:iot:us-east-1:507441099951:thing/iot-device-02, thingtypename=null, attributes={installed=1593361211, latitude=32.8205865, longitude=-96.871627}, version=1, billinggroupname=null}","2020-11-26 00:00:00.000"
"iot-device-02","1.5946051962972214E9","57.9","79.16","true","false","0.0072","0.0046","0.0191","2020-11-26T16:59:33.158+0000","{defaultclientid=iot-device-02, thingname=iot-device-02, thingid=4ae4927a-aefb-4584-a45a-fc4839feffd6, thingarn=arn:aws:iot:us-east-1:507441099951:thing/iot-device-02, thingtypename=null, attributes={installed=1593361211, latitude=32.8205865, longitude=-96.871627}, version=1, billinggroupname=null}","2020-11-26 00:00:00.000"
"iot-device-03","1.5946051985684125E9","48.5","71.06","false","false","0.008","0.0053","0.0215","2020-11-26T16:59:33.461+0000","{defaultclientid=iot-device-03, thingname=iot-device-03, thingid=877352b9-a35d-45d3-9c98-162d89965a13, thingarn=arn:aws:iot:us-east-1:507441099951:thing/iot-device-03, thingtypename=null, attributes={installed=1592562234, latitude=37.4133144, longitude=-122.1513069}, version=1, billinggroupname=null}","2020-11-26 00:00:00.000"
"iot-device-01","1.5946052002578022E9","73.6","65.84","false","false","0.0102","0.0074","0.0277","2020-11-26T16:59:33.750+0000","{defaultclientid=iot-device-01, thingname=iot-device-01, thingid=983c2b68-f9a3-4e83-b3c6-9f6f8ad5431b, thingarn=arn:aws:iot:us-east-1:507441099951:thing/iot-device-01, thingtypename=null, attributes={installed=1594665292, latitude=37.4133144, longitude=-122.1513069}, version=1, billinggroupname=null}","2020-11-26 00:00:00.000"
"iot-device-02","1.5946052006397088E9","58.0","79.16","true","false","0.0072","0.0046","0.0192","2020-11-26T16:59:34.041+0000","{defaultclientid=iot-device-02, thingname=iot-device-02, thingid=4ae4927a-aefb-4584-a45a-fc4839feffd6, thingarn=arn:aws:iot:us-east-1:507441099951:thing/iot-device-02, thingtypename=null, attributes={installed=1593361211, latitude=32.8205865, longitude=-96.871627}, version=1, billinggroupname=null}","2020-11-26 00:00:00.000"
"iot-device-03","1.5946052022551494E9","48.5","71.06","false","false","0.008","0.0053","0.0214","2020-11-26T16:59:34.331+0000","{defaultclientid=iot-device-03, thingname=iot-device-03, thingid=877352b9-a35d-45d3-9c98-162d89965a13, thingarn=arn:aws:iot:us-east-1:507441099951:thing/iot-device-03, thingtypename=null, attributes={installed=1592562234, latitude=37.4133144, longitude=-122.1513069}, version=1, billinggroupname=null}","2020-11-26 00:00:00.000"
"iot-device-02","1.5946052044557226E9","58.0","79.16","true","false","0.0072","0.0046","0.0192","2020-11-26T16:59:34.627+0000","{defaultclientid=iot-device-02, thingname=iot-device-02, thingid=4ae4927a-aefb-4584-a45a-fc4839feffd6, thingarn=arn:aws:iot:us-east-1:507441099951:thing/iot-device-02, thingtypename=null, attributes={installed=1593361211, latitude=32.8205865, longitude=-96.871627}, version=1, billinggroupname=null}","2020-11-26 00:00:00.000"
"iot-device-03","1.5946052059436145E9","48.5","71.06","false","false","0.008","0.0053","0.0215","2020-11-26T16:59:34.920+0000","{defaultclientid=iot-device-03, thingname=iot-device-03, thingid=877352b9-a35d-45d3-9c98-162d89965a13, thingarn=arn:aws:iot:us-east-1:507441099951:thing/iot-device-03, thingtypename=null, attributes={installed=1592562234, latitude=37.4133144, longitude=-122.1513069}, version=1, billinggroupname=null}","2020-11-26 00:00:00.000"
"iot-device-02","1.5946052082657292E9","58.1","79.16","true","false","0.0072","0.0046","0.0192","2020-11-26T16:59:35.223+0000","{defaultclientid=iot-device-02, thingname=iot-device-02, thingid=4ae4927a-aefb-4584-a45a-fc4839feffd6, thingarn=arn:aws:iot:us-east-1:507441099951:thing/iot-device-02, thingtypename=null, attributes={installed=1593361211, latitude=32.8205865, longitude=-96.871627}, version=1, billinggroupname=null}","2020-11-26 00:00:00.000"
"iot-device-01","1.5946052089134367E9","73.4","65.84","false","false","0.0103","0.0075","0.0282","2020-11-26T16:59:35.510+0000","{defaultclientid=iot-device-01, thingname=iot-device-01, thingid=983c2b68-f9a3-4e83-b3c6-9f6f8ad5431b, thingarn=arn:aws:iot:us-east-1:507441099951:thing/iot-device-01, thingtypename=null, attributes={installed=1594665292, latitude=37.4133144, longitude=-122.1513069}, version=1, billinggroupname=null}","2020-11-26 00:00:00.000"
"iot-device-03","1.5946052096314342E9","48.5","71.06","false","false","0.008","0.0053","0.0214","2020-11-26T16:59:35.799+0000","{defaultclientid=iot-device-03, thingname=iot-device-03, thingid=877352b9-a35d-45d3-9c98-162d89965a13, thingarn=arn:aws:iot:us-east-1:507441099951:thing/iot-device-03, thingtypename=null, attributes={installed=1592562234, latitude=37.4133144, longitude=-122.1513069}, version=1, billinggroupname=null}","2020-11-26 00:00:00.000"
"iot-device-02","1.5946265079464006E9","59.7","75.38","true","false","0.0072","0.0046","0.0192","2020-11-26T17:08:56.930+0000","{defaultclientid=iot-device-02, thingname=iot-device-02, thingid=4ae4927a-aefb-4584-a45a-fc4839feffd6, thingarn=arn:aws:iot:us-east-1:507441099951:thing/iot-device-02, thingtypename=null, attributes={installed=1593361211, latitude=32.8205865, longitude=-96.871627}, version=1, billinggroupname=null}","2020-11-26 00:00:00.000"
"iot-device-03","1.5946265087673807E9","51.3","71.06","false","false","0.0078","0.0051","0.021","2020-11-26T17:08:57.230+0000","{defaultclientid=iot-device-03, thingname=iot-device-03, thingid=877352b9-a35d-45d3-9c98-162d89965a13, thingarn=arn:aws:iot:us-east-1:507441099951:thing/iot-device-03, thingtypename=null, attributes={installed=1592562234, latitude=37.4133144, longitude=-122.1513069}, version=1, billinggroupname=null}","2020-11-26 00:00:00.000"
"iot-device-01","1.5946265095976634E9","75.5","66.92","false","false","0.0066","0.0041","0.0175","2020-11-26T17:08:57.513+0000","{defaultclientid=iot-device-01, thingname=iot-device-01, thingid=983c2b68-f9a3-4e83-b3c6-9f6f8ad5431b, thingarn=arn:aws:iot:us-east-1:507441099951:thing/iot-device-01, thingtypename=null, attributes={installed=1594665292, latitude=37.4133144, longitude=-122.1513069}, version=1, billinggroupname=null}","2020-11-26 00:00:00.000"
"iot-device-03","1.5946265124533422E9","51.3","71.24","false","false","0.0079","0.0051","0.021","2020-11-26T17:08:57.820+0000","{defaultclientid=iot-device-03, thingname=iot-device-03, thingid=877352b9-a35d-45d3-9c98-162d89965a13, thingarn=arn:aws:iot:us-east-1:507441099951:thing/iot-device-03, thingtypename=null, attributes={installed=1592562234, latitude=37.4133144, longitude=-122.1513069}, version=1, billinggroupname=null}","2020-11-26 00:00:00.000"
"iot-device-03","1.5946265161396835E9","51.3","71.24","false","false","0.0079","0.0052","0.021","2020-11-26T17:08:58.120+0000","{defaultclientid=iot-device-03, thingname=iot-device-03, thingid=877352b9-a35d-45d3-9c98-162d89965a13, thingarn=arn:aws:iot:us-east-1:507441099951:thing/iot-device-03, thingtypename=null, attributes={installed=1592562234, latitude=37.4133144, longitude=-122.1513069}, version=1, billinggroupname=null}","2020-11-26 00:00:00.000"
"iot-device-01","1.5946265166379082E9","75.5","66.92","false","false","0.0067","0.0041","0.0177","2020-11-26T17:08:58.416+0000","{defaultclientid=iot-device-01, thingname=iot-device-01, thingid=983c2b68-f9a3-4e83-b3c6-9f6f8ad5431b, thingarn=arn:aws:iot:us-east-1:507441099951:thing/iot-device-01, thingtypename=null, attributes={installed=1594665292, latitude=37.4133144, longitude=-122.1513069}, version=1, billinggroupname=null}","2020-11-26 00:00:00.000"
"iot-device-02","1.594626518714007E9","59.6","75.38","true","false","0.0073","0.0046","0.0194","2020-11-26T17:08:58.705+0000","{defaultclientid=iot-device-02, thingname=iot-device-02, thingid=4ae4927a-aefb-4584-a45a-fc4839feffd6, thingarn=arn:aws:iot:us-east-1:507441099951:thing/iot-device-02, thingtypename=null, attributes={installed=1593361211, latitude=32.8205865, longitude=-96.871627}, version=1, billinggroupname=null}","2020-11-26 00:00:00.000"
"iot-device-03","1.5946265198256392E9","51.3","71.24","false","false","0.0078","0.0051","0.0209","2020-11-26T17:08:58.999+0000","{defaultclientid=iot-device-03, thingname=iot-device-03, thingid=877352b9-a35d-45d3-9c98-162d89965a13, thingarn=arn:aws:iot:us-east-1:507441099951:thing/iot-device-03, thingtypename=null, attributes={installed=1592562234, latitude=37.4133144, longitude=-122.1513069}, version=1, billinggroupname=null}","2020-11-26 00:00:00.000"
"iot-device-01","1.5946265209901235E9","75.5","66.92","false","false","0.0066","0.0041","0.0175","2020-11-26T17:08:59.298+0000","{defaultclientid=iot-device-01, thingname=iot-device-01, thingid=983c2b68-f9a3-4e83-b3c6-9f6f8ad5431b, thingarn=arn:aws:iot:us-east-1:507441099951:thing/iot-device-01, thingtypename=null, attributes={installed=1594665292, latitude=37.4133144, longitude=-122.1513069}, version=1, billinggroupname=null}","2020-11-26 00:00:00.000"
"iot-device-03","1.5946265235107555E9","51.3","71.24","false","false","0.0078","0.0051","0.0209","2020-11-26T17:08:59.594+0000","{defaultclientid=iot-device-03, thingname=iot-device-03, thingid=877352b9-a35d-45d3-9c98-162d89965a13, thingarn=arn:aws:iot:us-east-1:507441099951:thing/iot-device-03, thingtypename=null, attributes={installed=1592562234, latitude=37.4133144, longitude=-122.1513069}, version=1, billinggroupname=null}","2020-11-26 00:00:00.000"
"iot-device-01","1.5946263618107984E9","75.4","66.92","false","false","0.0067","0.0041","0.0177","2020-11-26T17:08:30.052+0000","{defaultclientid=iot-device-01, thingname=iot-device-01, thingid=983c2b68-f9a3-4e83-b3c6-9f6f8ad5431b, thingarn=arn:aws:iot:us-east-1:507441099951:thing/iot-device-01, thingtypename=null, attributes={installed=1594665292, latitude=37.4133144, longitude=-122.1513069}, version=1, billinggroupname=null}","2020-11-26 00:00:00.000"
"iot-device-02","1.594626363049133E9","59.7","75.38","true","false","0.0073","0.0046","0.0194","2020-11-26T17:08:30.336+0000","{defaultclientid=iot-device-02, thingname=iot-device-02, thingid=4ae4927a-aefb-4584-a45a-fc4839feffd6, thingarn=arn:aws:iot:us-east-1:507441099951:thing/iot-device-02, thingtypename=null, attributes={installed=1593361211, latitude=32.8205865, longitude=-96.871627}, version=1, billinggroupname=null}","2020-11-26 00:00:00.000"
"iot-device-03","1.5946263649881265E9","51.6","71.24","false","false","0.0079","0.0051","0.021","2020-11-26T17:08:30.626+0000","{defaultclientid=iot-device-03, thingname=iot-device-03, thingid=877352b9-a35d-45d3-9c98-162d89965a13, thingarn=arn:aws:iot:us-east-1:507441099951:thing/iot-device-03, thingtypename=null, attributes={installed=1592562234, latitude=37.4133144, longitude=-122.1513069}, version=1, billinggroupname=null}","2020-11-26 00:00:00.000"
"iot-device-01","1.5946263672378519E9","75.3","66.92","false","false","0.0067","0.0042","0.0179","2020-11-26T17:08:30.930+0000","{defaultclientid=iot-device-01, thingname=iot-device-01, thingid=983c2b68-f9a3-4e83-b3c6-9f6f8ad5431b, thingarn=arn:aws:iot:us-east-1:507441099951:thing/iot-device-01, thingtypename=null, attributes={installed=1594665292, latitude=37.4133144, longitude=-122.1513069}, version=1, billinggroupname=null}","2020-11-26 00:00:00.000"
"iot-device-03","1.594626368676133E9","51.7","71.24","false","false","0.0078","0.0051","0.021","2020-11-26T17:08:31.276+0000","{defaultclientid=iot-device-03, thingname=iot-device-03, thingid=877352b9-a35d-45d3-9c98-162d89965a13, thingarn=arn:aws:iot:us-east-1:507441099951:thing/iot-device-03, thingtypename=null, attributes={installed=1592562234, latitude=37.4133144, longitude=-122.1513069}, version=1, billinggroupname=null}","2020-11-26 00:00:00.000"
"iot-device-02","1.5946263706103568E9","59.7","75.56","true","false","0.0072","0.0046","0.0192","2020-11-26T17:08:31.570+0000","{defaultclientid=iot-device-02, thingname=iot-device-02, thingid=4ae4927a-aefb-4584-a45a-fc4839feffd6, thingarn=arn:aws:iot:us-east-1:507441099951:thing/iot-device-02, thingtypename=null, attributes={installed=1593361211, latitude=32.8205865, longitude=-96.871627}, version=1, billinggroupname=null}","2020-11-26 00:00:00.000"
"iot-device-01","1.594626371584259E9","75.4","66.92","false","false","0.0067","0.0042","0.0179","2020-11-26T17:08:31.855+0000","{defaultclientid=iot-device-01, thingname=iot-device-01, thingid=983c2b68-f9a3-4e83-b3c6-9f6f8ad5431b, thingarn=arn:aws:iot:us-east-1:507441099951:thing/iot-device-01, thingtypename=null, attributes={installed=1594665292, latitude=37.4133144, longitude=-122.1513069}, version=1, billinggroupname=null}","2020-11-26 00:00:00.000"
"iot-device-03","1.5946263723644485E9","51.7","71.24","false","false","0.0078","0.0051","0.0209","2020-11-26T17:08:32.148+0000","{defaultclientid=iot-device-03, thingname=iot-device-03, thingid=877352b9-a35d-45d3-9c98-162d89965a13, thingarn=arn:aws:iot:us-east-1:507441099951:thing/iot-device-03, thingtypename=null, attributes={installed=1592562234, latitude=37.4133144, longitude=-122.1513069}, version=1, billinggroupname=null}","2020-11-26 00:00:00.000"
"iot-device-03","1.5946263760495007E9","51.7","71.24","false","false","0.0078","0.0051","0.021","2020-11-26T17:08:32.434+0000","{defaultclientid=iot-device-03, thingname=iot-device-03, thingid=877352b9-a35d-45d3-9c98-162d89965a13, thingarn=arn:aws:iot:us-east-1:507441099951:thing/iot-device-03, thingtypename=null, attributes={installed=1592562234, latitude=37.4133144, longitude=-122.1513069}, version=1, billinggroupname=null}","2020-11-26 00:00:00.000"
"iot-device-01","1.5946263770105276E9","75.4","66.92","false","false","0.0067","0.0041","0.0177","2020-11-26T17:08:32.731+0000","{defaultclientid=iot-device-01, thingname=iot-device-01, thingid=983c2b68-f9a3-4e83-b3c6-9f6f8ad5431b, thingarn=arn:aws:iot:us-east-1:507441099951:thing/iot-device-01, thingtypename=null, attributes={installed=1594665292, latitude=37.4133144, longitude=-122.1513069}, version=1, billinggroupname=null}","2020-11-26 00:00:00.000"
"iot-device-03","1.59462640923705E9","51.6","71.06","false","false","0.0079","0.0052","0.021","2020-11-26T17:08:39.056+0000","{defaultclientid=iot-device-03, thingname=iot-device-03, thingid=877352b9-a35d-45d3-9c98-162d89965a13, thingarn=arn:aws:iot:us-east-1:507441099951:thing/iot-device-03, thingtypename=null, attributes={installed=1592562234, latitude=37.4133144, longitude=-122.1513069}, version=1, billinggroupname=null}","2020-11-26 00:00:00.000"
"iot-device-01","1.5946264128951225E9","75.5","66.92","false","false","0.0066","0.0041","0.0175","2020-11-26T17:08:39.350+0000","{defaultclientid=iot-device-01, thingname=iot-device-01, thingid=983c2b68-f9a3-4e83-b3c6-9f6f8ad5431b, thingarn=arn:aws:iot:us-east-1:507441099951:thing/iot-device-01, thingtypename=null, attributes={installed=1594665292, latitude=37.4133144, longitude=-122.1513069}, version=1, billinggroupname=null}","2020-11-26 00:00:00.000"
"iot-device-03","1.5946264129232152E9","51.7","71.24","false","false","0.0079","0.0051","0.021","2020-11-26T17:08:39.639+0000","{defaultclientid=iot-device-03, thingname=iot-device-03, thingid=877352b9-a35d-45d3-9c98-162d89965a13, thingarn=arn:aws:iot:us-east-1:507441099951:thing/iot-device-03, thingtypename=null, attributes={installed=1592562234, latitude=37.4133144, longitude=-122.1513069}, version=1, billinggroupname=null}","2020-11-26 00:00:00.000"
"iot-device-02","1.5946264143092842E9","59.7","75.56","true","false","0.0073","0.0046","0.0194","2020-11-26T17:08:39.920+0000","{defaultclientid=iot-device-02, thingname=iot-device-02, thingid=4ae4927a-aefb-4584-a45a-fc4839feffd6, thingarn=arn:aws:iot:us-east-1:507441099951:thing/iot-device-02, thingtypename=null, attributes={installed=1593361211, latitude=32.8205865, longitude=-96.871627}, version=1, billinggroupname=null}","2020-11-26 00:00:00.000"
"iot-device-03","1.5946264166093054E9","51.7","71.24","false","false","0.0079","0.0051","0.021","2020-11-26T17:08:40.220+0000","{defaultclientid=iot-device-03, thingname=iot-device-03, thingid=877352b9-a35d-45d3-9c98-162d89965a13, thingarn=arn:aws:iot:us-east-1:507441099951:thing/iot-device-03, thingtypename=null, attributes={installed=1592562234, latitude=37.4133144, longitude=-122.1513069}, version=1, billinggroupname=null}","2020-11-26 00:00:00.000"
"iot-device-01","1.5946264172479873E9","75.5","66.92","false","false","0.0066","0.0041","0.0175","2020-11-26T17:08:40.513+0000","{defaultclientid=iot-device-01, thingname=iot-device-01, thingid=983c2b68-f9a3-4e83-b3c6-9f6f8ad5431b, thingarn=arn:aws:iot:us-east-1:507441099951:thing/iot-device-01, thingtypename=null, attributes={installed=1594665292, latitude=37.4133144, longitude=-122.1513069}, version=1, billinggroupname=null}","2020-11-26 00:00:00.000"
"iot-device-02","1.594626418652714E9","59.7","75.56","true","false","0.0073","0.0046","0.0194","2020-11-26T17:08:40.809+0000","{defaultclientid=iot-device-02, thingname=iot-device-02, thingid=4ae4927a-aefb-4584-a45a-fc4839feffd6, thingarn=arn:aws:iot:us-east-1:507441099951:thing/iot-device-02, thingtypename=null, attributes={installed=1593361211, latitude=32.8205865, longitude=-96.871627}, version=1, billinggroupname=null}","2020-11-26 00:00:00.000"
"iot-device-03","1.5946264202946591E9","51.7","71.24","false","false","0.0078","0.0051","0.021","2020-11-26T17:08:41.109+0000","{defaultclientid=iot-device-03, thingname=iot-device-03, thingid=877352b9-a35d-45d3-9c98-162d89965a13, thingarn=arn:aws:iot:us-east-1:507441099951:thing/iot-device-03, thingtypename=null, attributes={installed=1592562234, latitude=37.4133144, longitude=-122.1513069}, version=1, billinggroupname=null}","2020-11-26 00:00:00.000"
"iot-device-01","1.5946264232143571E9","75.5","66.92","false","false","0.0066","0.004","0.0174","2020-11-26T17:08:41.405+0000","{defaultclientid=iot-device-01, thingname=iot-device-01, thingid=983c2b68-f9a3-4e83-b3c6-9f6f8ad5431b, thingarn=arn:aws:iot:us-east-1:507441099951:thing/iot-device-01, thingtypename=null, attributes={installed=1594665292, latitude=37.4133144, longitude=-122.1513069}, version=1, billinggroupname=null}","2020-11-26 00:00:00.000"
"iot-device-02","1.5946264235610473E9","59.6","75.38","true","false","0.0073","0.0046","0.0193","2020-11-26T17:08:41.701+0000","{defaultclientid=iot-device-02, thingname=iot-device-02, thingid=4ae4927a-aefb-4584-a45a-fc4839feffd6, thingarn=arn:aws:iot:us-east-1:507441099951:thing/iot-device-02, thingtypename=null, attributes={installed=1593361211, latitude=32.8205865, longitude=-96.871627}, version=1, billinggroupname=null}","2020-11-26 00:00:00.000"
"iot-device-03","1.5946264239810345E9","51.6","71.24","false","false","0.0079","0.0051","0.021","2020-11-26T17:08:41.979+0000","{defaultclientid=iot-device-03, thingname=iot-device-03, thingid=877352b9-a35d-45d3-9c98-162d89965a13, thingarn=arn:aws:iot:us-east-1:507441099951:thing/iot-device-03, thingtypename=null, attributes={installed=1592562234, latitude=37.4133144, longitude=-122.1513069}, version=1, billinggroupname=null}","2020-11-26 00:00:00.000"
"iot-device-01","1.594626427027709E9","75.5","66.92","false","false","0.0066","0.0041","0.0175","2020-11-26T17:08:42.270+0000","{defaultclientid=iot-device-01, thingname=iot-device-01, thingid=983c2b68-f9a3-4e83-b3c6-9f6f8ad5431b, thingarn=arn:aws:iot:us-east-1:507441099951:thing/iot-device-01, thingtypename=null, attributes={installed=1594665292, latitude=37.4133144, longitude=-122.1513069}, version=1, billinggroupname=null}","2020-11-26 00:00:00.000"
"iot-device-03","1.5946264276691706E9","51.5","71.06","false","false","0.0079","0.0051","0.021","2020-11-26T17:08:42.558+0000","{defaultclientid=iot-device-03, thingname=iot-device-03, thingid=877352b9-a35d-45d3-9c98-162d89965a13, thingarn=arn:aws:iot:us-east-1:507441099951:thing/iot-device-03, thingtypename=null, attributes={installed=1592562234, latitude=37.4133144, longitude=-122.1513069}, version=1, billinggroupname=null}","2020-11-26 00:00:00.000"
"iot-device-02","1.5946264279108539E9","59.7","75.56","true","false","0.0072","0.0046","0.0191","2020-11-26T17:08:42.849+0000","{defaultclientid=iot-device-02, thingname=iot-device-02, thingid=4ae4927a-aefb-4584-a45a-fc4839feffd6, thingarn=arn:aws:iot:us-east-1:507441099951:thing/iot-device-02, thingtypename=null, attributes={installed=1593361211, latitude=32.8205865, longitude=-96.871627}, version=1, billinggroupname=null}","2020-11-26 00:00:00.000"
"iot-device-03","1.5946264313575294E9","51.5","71.24","false","false","0.0078","0.0051","0.021","2020-11-26T17:08:43.149+0000","{defaultclientid=iot-device-03, thingname=iot-device-03, thingid=877352b9-a35d-45d3-9c98-162d89965a13, thingarn=arn:aws:iot:us-east-1:507441099951:thing/iot-device-03, thingtypename=null, attributes={installed=1592562234, latitude=37.4133144, longitude=-122.1513069}, version=1, billinggroupname=null}","2020-11-26 00:00:00.000"
"iot-device-03","1.5946264350456214E9","51.5","71.24","false","false","0.0079","0.0051","0.021","2020-11-26T17:08:43.460+0000","{defaultclientid=iot-device-03, thingname=iot-device-03, thingid=877352b9-a35d-45d3-9c98-162d89965a13, thingarn=arn:aws:iot:us-east-1:507441099951:thing/iot-device-03, thingtypename=null, attributes={installed=1592562234, latitude=37.4133144, longitude=-122.1513069}, version=1, billinggroupname=null}","2020-11-26 00:00:00.000"
"iot-device-02","1.594626435455453E9","59.7","75.38","true","false","0.0073","0.0046","0.0194","2020-11-26T17:08:43.751+0000","{defaultclientid=iot-device-02, thingname=iot-device-02, thingid=4ae4927a-aefb-4584-a45a-fc4839feffd6, thingarn=arn:aws:iot:us-east-1:507441099951:thing/iot-device-02, thingtypename=null, attributes={installed=1593361211, latitude=32.8205865, longitude=-96.871627}, version=1, billinggroupname=null}","2020-11-26 00:00:00.000"
"iot-device-01","1.5946264362985096E9","75.5","66.92","false","false","0.0067","0.0041","0.0177","2020-11-26T17:08:44.048+0000","{defaultclientid=iot-device-01, thingname=iot-device-01, thingid=983c2b68-f9a3-4e83-b3c6-9f6f8ad5431b, thingarn=arn:aws:iot:us-east-1:507441099951:thing/iot-device-01, thingtypename=null, attributes={installed=1594665292, latitude=37.4133144, longitude=-122.1513069}, version=1, billinggroupname=null}","2020-11-26 00:00:00.000"
"iot-device-03","1.594626438733168E9","51.4","71.06","false","false","0.0079","0.0051","0.021","2020-11-26T17:08:44.351+0000","{defaultclientid=iot-device-03, thingname=iot-device-03, thingid=877352b9-a35d-45d3-9c98-162d89965a13, thingarn=arn:aws:iot:us-east-1:507441099951:thing/iot-device-03, thingtypename=null, attributes={installed=1592562234, latitude=37.4133144, longitude=-122.1513069}, version=1, billinggroupname=null}","2020-11-26 00:00:00.000"
"iot-device-02","1.5946264403270502E9","59.7","75.56","true","false","0.0073","0.0046","0.0194","2020-11-26T17:08:44.639+0000","{defaultclientid=iot-device-02, thingname=iot-device-02, thingid=4ae4927a-aefb-4584-a45a-fc4839feffd6, thingarn=arn:aws:iot:us-east-1:507441099951:thing/iot-device-02, thingtypename=null, attributes={installed=1593361211, latitude=32.8205865, longitude=-96.871627}, version=1, billinggroupname=null}","2020-11-26 00:00:00.000"
"iot-device-01","1.594626457483534E9","75.5","66.92","false","false","0.0066","0.0041","0.0175","2020-11-26T17:08:48.050+0000","{defaultclientid=iot-device-01, thingname=iot-device-01, thingid=983c2b68-f9a3-4e83-b3c6-9f6f8ad5431b, thingarn=arn:aws:iot:us-east-1:507441099951:thing/iot-device-01, thingtypename=null, attributes={installed=1594665292, latitude=37.4133144, longitude=-122.1513069}, version=1, billinggroupname=null}","2020-11-26 00:00:00.000"
"iot-device-02","1.5946264597695186E9","59.7","75.38","true","false","0.0073","0.0047","0.0195","2020-11-26T17:08:48.344+0000","{defaultclientid=iot-device-02, thingname=iot-device-02, thingid=4ae4927a-aefb-4584-a45a-fc4839feffd6, thingarn=arn:aws:iot:us-east-1:507441099951:thing/iot-device-02, thingtypename=null, attributes={installed=1593361211, latitude=32.8205865, longitude=-96.871627}, version=1, billinggroupname=null}","2020-11-26 00:00:00.000"
"iot-device-03","1.5946264608480735E9","51.5","71.06","false","false","0.0079","0.0051","0.021","2020-11-26T17:08:48.629+0000","{defaultclientid=iot-device-03, thingname=iot-device-03, thingid=877352b9-a35d-45d3-9c98-162d89965a13, thingarn=arn:aws:iot:us-east-1:507441099951:thing/iot-device-03, thingtypename=null, attributes={installed=1592562234, latitude=37.4133144, longitude=-122.1513069}, version=1, billinggroupname=null}","2020-11-26 00:00:00.000"
"iot-device-02","1.594626463576578E9","59.7","75.56","true","false","0.0072","0.0046","0.0192","2020-11-26T17:08:48.910+0000","{defaultclientid=iot-device-02, thingname=iot-device-02, thingid=4ae4927a-aefb-4584-a45a-fc4839feffd6, thingarn=arn:aws:iot:us-east-1:507441099951:thing/iot-device-02, thingtypename=null, attributes={installed=1593361211, latitude=32.8205865, longitude=-96.871627}, version=1, billinggroupname=null}","2020-11-26 00:00:00.000"
"iot-device-01","1.594626464519566E9","75.4","66.74","false","false","0.0067","0.0041","0.0177","2020-11-26T17:08:49.198+0000","{defaultclientid=iot-device-01, thingname=iot-device-01, thingid=983c2b68-f9a3-4e83-b3c6-9f6f8ad5431b, thingarn=arn:aws:iot:us-east-1:507441099951:thing/iot-device-01, thingtypename=null, attributes={installed=1594665292, latitude=37.4133144, longitude=-122.1513069}, version=1, billinggroupname=null}","2020-11-26 00:00:00.000"
"iot-device-03","1.59462646453408E9","51.6","71.24","false","false","0.0079","0.0051","0.021","2020-11-26T17:08:49.490+0000","{defaultclientid=iot-device-03, thingname=iot-device-03, thingid=877352b9-a35d-45d3-9c98-162d89965a13, thingarn=arn:aws:iot:us-east-1:507441099951:thing/iot-device-03, thingtypename=null, attributes={installed=1592562234, latitude=37.4133144, longitude=-122.1513069}, version=1, billinggroupname=null}","2020-11-26 00:00:00.000"
"iot-device-03","1.5946264682200124E9","51.6","71.24","false","false","0.0079","0.0051","0.021","2020-11-26T17:08:49.791+0000","{defaultclientid=iot-device-03, thingname=iot-device-03, thingid=877352b9-a35d-45d3-9c98-162d89965a13, thingarn=arn:aws:iot:us-east-1:507441099951:thing/iot-device-03, thingtypename=null, attributes={installed=1592562234, latitude=37.4133144, longitude=-122.1513069}, version=1, billinggroupname=null}","2020-11-26 00:00:00.000"
"iot-device-01","1.5946264699475696E9","75.5","66.92","false","false","0.0067","0.0041","0.0177","2020-11-26T17:08:50.074+0000","{defaultclientid=iot-device-01, thingname=iot-device-01, thingid=983c2b68-f9a3-4e83-b3c6-9f6f8ad5431b, thingarn=arn:aws:iot:us-east-1:507441099951:thing/iot-device-01, thingtypename=null, attributes={installed=1594665292, latitude=37.4133144, longitude=-122.1513069}, version=1, billinggroupname=null}","2020-11-26 00:00:00.000"
"iot-device-02","1.5946264705911562E9","59.7","75.38","true","false","0.0072","0.0046","0.0191","2020-11-26T17:08:50.365+0000","{defaultclientid=iot-device-02, thingname=iot-device-02, thingid=4ae4927a-aefb-4584-a45a-fc4839feffd6, thingarn=arn:aws:iot:us-east-1:507441099951:thing/iot-device-02, thingtypename=null, attributes={installed=1593361211, latitude=32.8205865, longitude=-96.871627}, version=1, billinggroupname=null}","2020-11-26 00:00:00.000"
"iot-device-03","1.5946264719066224E9","51.5","71.24","false","false","0.0079","0.0052","0.0211","2020-11-26T17:08:50.666+0000","{defaultclientid=iot-device-03, thingname=iot-device-03, thingid=877352b9-a35d-45d3-9c98-162d89965a13, thingarn=arn:aws:iot:us-east-1:507441099951:thing/iot-device-03, thingtypename=null, attributes={installed=1592562234, latitude=37.4133144, longitude=-122.1513069}, version=1, billinggroupname=null}","2020-11-26 00:00:00.000"
"iot-device-03","1.594626379736029E9","51.7","71.24","false","false","0.0079","0.0051","0.021","2020-11-26T17:08:33.103+0000","{defaultclientid=iot-device-03, thingname=iot-device-03, thingid=877352b9-a35d-45d3-9c98-162d89965a13, thingarn=arn:aws:iot:us-east-1:507441099951:thing/iot-device-03, thingtypename=null, attributes={installed=1592562234, latitude=37.4133144, longitude=-122.1513069}, version=1, billinggroupname=null}","2020-11-26 00:00:00.000"
"iot-device-02","1.5946263808225865E9","59.6","75.56","true","false","0.0073","0.0046","0.0194","2020-11-26T17:08:33.388+0000","{defaultclientid=iot-device-02, thingname=iot-device-02, thingid=4ae4927a-aefb-4584-a45a-fc4839feffd6, thingarn=arn:aws:iot:us-east-1:507441099951:thing/iot-device-02, thingtypename=null, attributes={installed=1593361211, latitude=32.8205865, longitude=-96.871627}, version=1, billinggroupname=null}","2020-11-26 00:00:00.000"
"iot-device-01","1.5946263818982327E9","75.4","66.92","false","false","0.0067","0.0041","0.0178","2020-11-26T17:08:33.685+0000","{defaultclientid=iot-device-01, thingname=iot-device-01, thingid=983c2b68-f9a3-4e83-b3c6-9f6f8ad5431b, thingarn=arn:aws:iot:us-east-1:507441099951:thing/iot-device-01, thingtypename=null, attributes={installed=1594665292, latitude=37.4133144, longitude=-122.1513069}, version=1, billinggroupname=null}","2020-11-26 00:00:00.000"
"iot-device-03","1.594626383423826E9","51.7","71.24","false","false","0.0078","0.0051","0.0209","2020-11-26T17:08:33.976+0000","{defaultclientid=iot-device-03, thingname=iot-device-03, thingid=877352b9-a35d-45d3-9c98-162d89965a13, thingarn=arn:aws:iot:us-east-1:507441099951:thing/iot-device-03, thingtypename=null, attributes={installed=1592562234, latitude=37.4133144, longitude=-122.1513069}, version=1, billinggroupname=null}","2020-11-26 00:00:00.000"
"iot-device-01","1.5946263862507374E9","75.4","66.92","false","false","0.0065","0.004","0.0172","2020-11-26T17:08:34.272+0000","{defaultclientid=iot-device-01, thingname=iot-device-01, thingid=983c2b68-f9a3-4e83-b3c6-9f6f8ad5431b, thingarn=arn:aws:iot:us-east-1:507441099951:thing/iot-device-01, thingtypename=null, attributes={installed=1594665292, latitude=37.4133144, longitude=-122.1513069}, version=1, billinggroupname=null}","2020-11-26 00:00:00.000"
"iot-device-03","1.5946263871116815E9","51.7","71.24","false","false","0.0078","0.0051","0.021","2020-11-26T17:08:34.560+0000","{defaultclientid=iot-device-03, thingname=iot-device-03, thingid=877352b9-a35d-45d3-9c98-162d89965a13, thingarn=arn:aws:iot:us-east-1:507441099951:thing/iot-device-03, thingtypename=null, attributes={installed=1592562234, latitude=37.4133144, longitude=-122.1513069}, version=1, billinggroupname=null}","2020-11-26 00:00:00.000"
"iot-device-02","1.5946263889173644E9","59.5","75.38","true","false","0.0072","0.0046","0.0192","2020-11-26T17:08:34.852+0000","{defaultclientid=iot-device-02, thingname=iot-device-02, thingid=4ae4927a-aefb-4584-a45a-fc4839feffd6, thingarn=arn:aws:iot:us-east-1:507441099951:thing/iot-device-02, thingtypename=null, attributes={installed=1593361211, latitude=32.8205865, longitude=-96.871627}, version=1, billinggroupname=null}","2020-11-26 00:00:00.000"
"iot-device-01","1.5946263906004064E9","75.4","66.92","false","false","0.0066","0.0041","0.0175","2020-11-26T17:08:35.170+0000","{defaultclientid=iot-device-01, thingname=iot-device-01, thingid=983c2b68-f9a3-4e83-b3c6-9f6f8ad5431b, thingarn=arn:aws:iot:us-east-1:507441099951:thing/iot-device-01, thingtypename=null, attributes={installed=1594665292, latitude=37.4133144, longitude=-122.1513069}, version=1, billinggroupname=null}","2020-11-26 00:00:00.000"
"iot-device-03","1.5946263907982538E9","51.7","71.24","false","false","0.0079","0.0052","0.0211","2020-11-26T17:08:35.458+0000","{defaultclientid=iot-device-03, thingname=iot-device-03, thingid=877352b9-a35d-45d3-9c98-162d89965a13, thingarn=arn:aws:iot:us-east-1:507441099951:thing/iot-device-03, thingtypename=null, attributes={installed=1592562234, latitude=37.4133144, longitude=-122.1513069}, version=1, billinggroupname=null}","2020-11-26 00:00:00.000"
"iot-device-01","1.5946263944178324E9","75.4","66.92","false","false","0.0066","0.004","0.0173","2020-11-26T17:08:35.742+0000","{defaultclientid=iot-device-01, thingname=iot-device-01, thingid=983c2b68-f9a3-4e83-b3c6-9f6f8ad5431b, thingarn=arn:aws:iot:us-east-1:507441099951:thing/iot-device-01, thingtypename=null, attributes={installed=1594665292, latitude=37.4133144, longitude=-122.1513069}, version=1, billinggroupname=null}","2020-11-26 00:00:00.000"
"iot-device-03","1.5946263944821324E9","51.7","71.24","false","false","0.0079","0.0051","0.021","2020-11-26T17:08:36.047+0000","{defaultclientid=iot-device-03, thingname=iot-device-03, thingid=877352b9-a35d-45d3-9c98-162d89965a13, thingarn=arn:aws:iot:us-east-1:507441099951:thing/iot-device-03, thingtypename=null, attributes={installed=1592562234, latitude=37.4133144, longitude=-122.1513069}, version=1, billinggroupname=null}","2020-11-26 00:00:00.000"
"iot-device-02","1.5946263953993347E9","59.6","75.56","true","false","0.0072","0.0045","0.019","2020-11-26T17:08:36.356+0000","{defaultclientid=iot-device-02, thingname=iot-device-02, thingid=4ae4927a-aefb-4584-a45a-fc4839feffd6, thingarn=arn:aws:iot:us-east-1:507441099951:thing/iot-device-02, thingtypename=null, attributes={installed=1593361211, latitude=32.8205865, longitude=-96.871627}, version=1, billinggroupname=null}","2020-11-26 00:00:00.000"
"iot-device-03","1.5946263981656985E9","51.7","71.24","false","false","0.0079","0.0052","0.021","2020-11-26T17:08:36.658+0000","{defaultclientid=iot-device-03, thingname=iot-device-03, thingid=877352b9-a35d-45d3-9c98-162d89965a13, thingarn=arn:aws:iot:us-east-1:507441099951:thing/iot-device-03, thingtypename=null, attributes={installed=1592562234, latitude=37.4133144, longitude=-122.1513069}, version=1, billinggroupname=null}","2020-11-26 00:00:00.000"
"iot-device-01","1.59462639984264E9","75.4","66.92","false","false","0.0067","0.0042","0.0179","2020-11-26T17:08:36.969+0000","{defaultclientid=iot-device-01, thingname=iot-device-01, thingid=983c2b68-f9a3-4e83-b3c6-9f6f8ad5431b, thingarn=arn:aws:iot:us-east-1:507441099951:thing/iot-device-01, thingtypename=null, attributes={installed=1594665292, latitude=37.4133144, longitude=-122.1513069}, version=1, billinggroupname=null}","2020-11-26 00:00:00.000"
"iot-device-03","1.5946264018651824E9","51.7","71.24","false","false","0.0078","0.0051","0.021","2020-11-26T17:08:37.250+0000","{defaultclientid=iot-device-03, thingname=iot-device-03, thingid=877352b9-a35d-45d3-9c98-162d89965a13, thingarn=arn:aws:iot:us-east-1:507441099951:thing/iot-device-03, thingtypename=null, attributes={installed=1592562234, latitude=37.4133144, longitude=-122.1513069}, version=1, billinggroupname=null}","2020-11-26 00:00:00.000"
"iot-device-02","1.594626402948409E9","59.6","75.38","true","false","0.0072","0.0046","0.0193","2020-11-26T17:08:37.559+0000","{defaultclientid=iot-device-02, thingname=iot-device-02, thingid=4ae4927a-aefb-4584-a45a-fc4839feffd6, thingarn=arn:aws:iot:us-east-1:507441099951:thing/iot-device-02, thingtypename=null, attributes={installed=1593361211, latitude=32.8205865, longitude=-96.871627}, version=1, billinggroupname=null}","2020-11-26 00:00:00.000"
"iot-device-01","1.5946264036571946E9","75.4","66.92","false","false","0.0067","0.0041","0.0177","2020-11-26T17:08:37.899+0000","{defaultclientid=iot-device-01, thingname=iot-device-01, thingid=983c2b68-f9a3-4e83-b3c6-9f6f8ad5431b, thingarn=arn:aws:iot:us-east-1:507441099951:thing/iot-device-01, thingtypename=null, attributes={installed=1594665292, latitude=37.4133144, longitude=-122.1513069}, version=1, billinggroupname=null}","2020-11-26 00:00:00.000"
"iot-device-03","1.5946264055510368E9","51.7","71.24","false","false","0.0079","0.0052","0.021","2020-11-26T17:08:38.194+0000","{defaultclientid=iot-device-03, thingname=iot-device-03, thingid=877352b9-a35d-45d3-9c98-162d89965a13, thingarn=arn:aws:iot:us-east-1:507441099951:thing/iot-device-03, thingtypename=null, attributes={installed=1592562234, latitude=37.4133144, longitude=-122.1513069}, version=1, billinggroupname=null}","2020-11-26 00:00:00.000"
"iot-device-02","1.5946264067554455E9","59.6","75.56","true","false","0.0073","0.0046","0.0193","2020-11-26T17:08:38.489+0000","{defaultclientid=iot-device-02, thingname=iot-device-02, thingid=4ae4927a-aefb-4584-a45a-fc4839feffd6, thingarn=arn:aws:iot:us-east-1:507441099951:thing/iot-device-02, thingtypename=null, attributes={installed=1593361211, latitude=32.8205865, longitude=-96.871627}, version=1, billinggroupname=null}","2020-11-26 00:00:00.000"
"iot-device-01","1.5946264074701588E9","75.5","66.92","false","false","0.0066","0.0041","0.0175","2020-11-26T17:08:38.768+0000","{defaultclientid=iot-device-01, thingname=iot-device-01, thingid=983c2b68-f9a3-4e83-b3c6-9f6f8ad5431b, thingarn=arn:aws:iot:us-east-1:507441099951:thing/iot-device-01, thingtypename=null, attributes={installed=1594665292, latitude=37.4133144, longitude=-122.1513069}, version=1, billinggroupname=null}","2020-11-26 00:00:00.000"
"iot-device-01","1.5946264422639933E9","75.4","66.92","false","false","0.0067","0.0041","0.0177","2020-11-26T17:08:44.936+0000","{defaultclientid=iot-device-01, thingname=iot-device-01, thingid=983c2b68-f9a3-4e83-b3c6-9f6f8ad5431b, thingarn=arn:aws:iot:us-east-1:507441099951:thing/iot-device-01, thingtypename=null, attributes={installed=1594665292, latitude=37.4133144, longitude=-122.1513069}, version=1, billinggroupname=null}","2020-11-26 00:00:00.000"
"iot-device-03","1.5946264424194903E9","51.4","71.24","false","false","0.0079","0.0052","0.021","2020-11-26T17:08:45.221+0000","{defaultclientid=iot-device-03, thingname=iot-device-03, thingid=877352b9-a35d-45d3-9c98-162d89965a13, thingarn=arn:aws:iot:us-east-1:507441099951:thing/iot-device-03, thingtypename=null, attributes={installed=1592562234, latitude=37.4133144, longitude=-122.1513069}, version=1, billinggroupname=null}","2020-11-26 00:00:00.000"
"iot-device-03","1.5946264461056142E9","51.4","71.24","false","false","0.0078","0.0051","0.0209","2020-11-26T17:08:45.514+0000","{defaultclientid=iot-device-03, thingname=iot-device-03, thingid=877352b9-a35d-45d3-9c98-162d89965a13, thingarn=arn:aws:iot:us-east-1:507441099951:thing/iot-device-03, thingtypename=null, attributes={installed=1592562234, latitude=37.4133144, longitude=-122.1513069}, version=1, billinggroupname=null}","2020-11-26 00:00:00.000"
"iot-device-01","1.5946264471575105E9","75.4","66.92","false","false","0.0067","0.0041","0.0177","2020-11-26T17:08:45.818+0000","{defaultclientid=iot-device-01, thingname=iot-device-01, thingid=983c2b68-f9a3-4e83-b3c6-9f6f8ad5431b, thingarn=arn:aws:iot:us-east-1:507441099951:thing/iot-device-01, thingtypename=null, attributes={installed=1594665292, latitude=37.4133144, longitude=-122.1513069}, version=1, billinggroupname=null}","2020-11-26 00:00:00.000"
"iot-device-03","1.59462644979043E9","51.4","71.24","false","false","0.0079","0.0051","0.021","2020-11-26T17:08:46.110+0000","{defaultclientid=iot-device-03, thingname=iot-device-03, thingid=877352b9-a35d-45d3-9c98-162d89965a13, thingarn=arn:aws:iot:us-east-1:507441099951:thing/iot-device-03, thingtypename=null, attributes={installed=1592562234, latitude=37.4133144, longitude=-122.1513069}, version=1, billinggroupname=null}","2020-11-26 00:00:00.000"
"iot-device-02","1.594626450015705E9","59.7","75.56","true","false","0.0073","0.0047","0.0195","2020-11-26T17:08:46.412+0000","{defaultclientid=iot-device-02, thingname=iot-device-02, thingid=4ae4927a-aefb-4584-a45a-fc4839feffd6, thingarn=arn:aws:iot:us-east-1:507441099951:thing/iot-device-02, thingtypename=null, attributes={installed=1593361211, latitude=32.8205865, longitude=-96.871627}, version=1, billinggroupname=null}","2020-11-26 00:00:00.000"
"iot-device-01","1.5946264515209465E9","75.5","66.92","false","false","0.0067","0.0041","0.0177","2020-11-26T17:08:46.697+0000","{defaultclientid=iot-device-01, thingname=iot-device-01, thingid=983c2b68-f9a3-4e83-b3c6-9f6f8ad5431b, thingarn=arn:aws:iot:us-east-1:507441099951:thing/iot-device-01, thingtypename=null, attributes={installed=1594665292, latitude=37.4133144, longitude=-122.1513069}, version=1, billinggroupname=null}","2020-11-26 00:00:00.000"
"iot-device-03","1.5946264534763598E9","51.5","71.24","false","false","0.0078","0.0051","0.021","2020-11-26T17:08:47.108+0000","{defaultclientid=iot-device-03, thingname=iot-device-03, thingid=877352b9-a35d-45d3-9c98-162d89965a13, thingarn=arn:aws:iot:us-east-1:507441099951:thing/iot-device-03, thingtypename=null, attributes={installed=1592562234, latitude=37.4133144, longitude=-122.1513069}, version=1, billinggroupname=null}","2020-11-26 00:00:00.000"
"iot-device-02","1.594626454355537E9","59.7","75.38","true","false","0.0072","0.0046","0.0192","2020-11-26T17:08:47.409+0000","{defaultclientid=iot-device-02, thingname=iot-device-02, thingid=4ae4927a-aefb-4584-a45a-fc4839feffd6, thingarn=arn:aws:iot:us-east-1:507441099951:thing/iot-device-02, thingtypename=null, attributes={installed=1593361211, latitude=32.8205865, longitude=-96.871627}, version=1, billinggroupname=null}","2020-11-26 00:00:00.000"
"iot-device-03","1.5946264571622064E9","51.5","71.24","false","false","0.0078","0.0051","0.0209","2020-11-26T17:08:47.756+0000","{defaultclientid=iot-device-03, thingname=iot-device-03, thingid=877352b9-a35d-45d3-9c98-162d89965a13, thingarn=arn:aws:iot:us-east-1:507441099951:thing/iot-device-03, thingtypename=null, attributes={installed=1592562234, latitude=37.4133144, longitude=-122.1513069}, version=1, billinggroupname=null}","2020-11-26 00:00:00.000"
"iot-device-01","1.5946264900675714E9","75.5","66.92","false","false","0.0066","0.004","0.0173","2020-11-26T17:08:53.950+0000","{defaultclientid=iot-device-01, thingname=iot-device-01, thingid=983c2b68-f9a3-4e83-b3c6-9f6f8ad5431b, thingarn=arn:aws:iot:us-east-1:507441099951:thing/iot-device-01, thingtypename=null, attributes={installed=1594665292, latitude=37.4133144, longitude=-122.1513069}, version=1, billinggroupname=null}","2020-11-26 00:00:00.000"
"iot-device-03","1.594626490337593E9","51.4","71.24","false","false","0.0078","0.0051","0.021","2020-11-26T17:08:54.253+0000","{defaultclientid=iot-device-03, thingname=iot-device-03, thingid=877352b9-a35d-45d3-9c98-162d89965a13, thingarn=arn:aws:iot:us-east-1:507441099951:thing/iot-device-03, thingtypename=null, attributes={installed=1592562234, latitude=37.4133144, longitude=-122.1513069}, version=1, billinggroupname=null}","2020-11-26 00:00:00.000"
"iot-device-02","1.5946264939096982E9","59.6","75.38","true","false","0.0072","0.0046","0.0192","2020-11-26T17:08:54.557+0000","{defaultclientid=iot-device-02, thingname=iot-device-02, thingid=4ae4927a-aefb-4584-a45a-fc4839feffd6, thingarn=arn:aws:iot:us-east-1:507441099951:thing/iot-device-02, thingtypename=null, attributes={installed=1593361211, latitude=32.8205865, longitude=-96.871627}, version=1, billinggroupname=null}","2020-11-26 00:00:00.000"
"iot-device-03","1.5946264940235374E9","51.3","71.06","false","false","0.0079","0.0051","0.021","2020-11-26T17:08:54.852+0000","{defaultclientid=iot-device-03, thingname=iot-device-03, thingid=877352b9-a35d-45d3-9c98-162d89965a13, thingarn=arn:aws:iot:us-east-1:507441099951:thing/iot-device-03, thingtypename=null, attributes={installed=1592562234, latitude=37.4133144, longitude=-122.1513069}, version=1, billinggroupname=null}","2020-11-26 00:00:00.000"
"iot-device-01","1.5946264971383808E9","75.5","66.92","false","false","0.0067","0.0042","0.0179","2020-11-26T17:08:55.181+0000","{defaultclientid=iot-device-01, thingname=iot-device-01, thingid=983c2b68-f9a3-4e83-b3c6-9f6f8ad5431b, thingarn=arn:aws:iot:us-east-1:507441099951:thing/iot-device-01, thingtypename=null, attributes={installed=1594665292, latitude=37.4133144, longitude=-122.1513069}, version=1, billinggroupname=null}","2020-11-26 00:00:00.000"
"iot-device-03","1.594626497709758E9","51.4","71.24","false","false","0.0079","0.0052","0.021","2020-11-26T17:08:55.491+0000","{defaultclientid=iot-device-03, thingname=iot-device-03, thingid=877352b9-a35d-45d3-9c98-162d89965a13, thingarn=arn:aws:iot:us-east-1:507441099951:thing/iot-device-03, thingtypename=null, attributes={installed=1592562234, latitude=37.4133144, longitude=-122.1513069}, version=1, billinggroupname=null}","2020-11-26 00:00:00.000"
"iot-device-02","1.5946264977157855E9","59.6","75.38","true","false","0.0073","0.0046","0.0193","2020-11-26T17:08:55.780+0000","{defaultclientid=iot-device-02, thingname=iot-device-02, thingid=4ae4927a-aefb-4584-a45a-fc4839feffd6, thingarn=arn:aws:iot:us-east-1:507441099951:thing/iot-device-02, thingtypename=null, attributes={installed=1593361211, latitude=32.8205865, longitude=-96.871627}, version=1, billinggroupname=null}","2020-11-26 00:00:00.000"
"iot-device-03","1.5946265013948667E9","51.4","71.24","false","false","0.0079","0.0051","0.021","2020-11-26T17:08:56.064+0000","{defaultclientid=iot-device-03, thingname=iot-device-03, thingid=877352b9-a35d-45d3-9c98-162d89965a13, thingarn=arn:aws:iot:us-east-1:507441099951:thing/iot-device-03, thingtypename=null, attributes={installed=1592562234, latitude=37.4133144, longitude=-122.1513069}, version=1, billinggroupname=null}","2020-11-26 00:00:00.000"
"iot-device-01","1.594626502027648E9","75.7","66.92","false","false","0.0067","0.0041","0.0177","2020-11-26T17:08:56.348+0000","{defaultclientid=iot-device-01, thingname=iot-device-01, thingid=983c2b68-f9a3-4e83-b3c6-9f6f8ad5431b, thingarn=arn:aws:iot:us-east-1:507441099951:thing/iot-device-01, thingtypename=null, attributes={installed=1594665292, latitude=37.4133144, longitude=-122.1513069}, version=1, billinggroupname=null}","2020-11-26 00:00:00.000"
"iot-device-03","1.5946265050808096E9","51.4","71.24","false","false","0.0078","0.0051","0.0209","2020-11-26T17:08:56.628+0000","{defaultclientid=iot-device-03, thingname=iot-device-03, thingid=877352b9-a35d-45d3-9c98-162d89965a13, thingarn=arn:aws:iot:us-east-1:507441099951:thing/iot-device-03, thingtypename=null, attributes={installed=1592562234, latitude=37.4133144, longitude=-122.1513069}, version=1, billinggroupname=null}","2020-11-26 00:00:00.000"
"iot-device-01","1.5946264743064404E9","75.5","66.92","false","false","0.0066","0.0041","0.0175","2020-11-26T17:08:50.951+0000","{defaultclientid=iot-device-01, thingname=iot-device-01, thingid=983c2b68-f9a3-4e83-b3c6-9f6f8ad5431b, thingarn=arn:aws:iot:us-east-1:507441099951:thing/iot-device-01, thingtypename=null, attributes={installed=1594665292, latitude=37.4133144, longitude=-122.1513069}, version=1, billinggroupname=null}","2020-11-26 00:00:00.000"
"iot-device-02","1.5946264749323668E9","59.7","75.56","true","false","0.0072","0.0046","0.0192","2020-11-26T17:08:51.240+0000","{defaultclientid=iot-device-02, thingname=iot-device-02, thingid=4ae4927a-aefb-4584-a45a-fc4839feffd6, thingarn=arn:aws:iot:us-east-1:507441099951:thing/iot-device-02, thingtypename=null, attributes={installed=1593361211, latitude=32.8205865, longitude=-96.871627}, version=1, billinggroupname=null}","2020-11-26 00:00:00.000"
"iot-device-03","1.5946264755925686E9","51.4","71.24","false","false","0.0078","0.0051","0.0209","2020-11-26T17:08:51.538+0000","{defaultclientid=iot-device-03, thingname=iot-device-03, thingid=877352b9-a35d-45d3-9c98-162d89965a13, thingarn=arn:aws:iot:us-east-1:507441099951:thing/iot-device-03, thingtypename=null, attributes={installed=1592562234, latitude=37.4133144, longitude=-122.1513069}, version=1, billinggroupname=null}","2020-11-26 00:00:00.000"
"iot-device-01","1.5946264786576335E9","75.5","66.92","false","false","0.0067","0.0042","0.0179","2020-11-26T17:08:51.828+0000","{defaultclientid=iot-device-01, thingname=iot-device-01, thingid=983c2b68-f9a3-4e83-b3c6-9f6f8ad5431b, thingarn=arn:aws:iot:us-east-1:507441099951:thing/iot-device-01, thingtypename=null, attributes={installed=1594665292, latitude=37.4133144, longitude=-122.1513069}, version=1, billinggroupname=null}","2020-11-26 00:00:00.000"
"iot-device-02","1.5946264792736707E9","59.7","75.56","true","false","0.0073","0.0047","0.0195","2020-11-26T17:08:52.112+0000","{defaultclientid=iot-device-02, thingname=iot-device-02, thingid=4ae4927a-aefb-4584-a45a-fc4839feffd6, thingarn=arn:aws:iot:us-east-1:507441099951:thing/iot-device-02, thingtypename=null, attributes={installed=1593361211, latitude=32.8205865, longitude=-96.871627}, version=1, billinggroupname=null}","2020-11-26 00:00:00.000"
"iot-device-03","1.5946264792788465E9","51.3","71.06","false","false","0.0079","0.0051","0.021","2020-11-26T17:08:52.416+0000","{defaultclientid=iot-device-03, thingname=iot-device-03, thingid=877352b9-a35d-45d3-9c98-162d89965a13, thingarn=arn:aws:iot:us-east-1:507441099951:thing/iot-device-03, thingtypename=null, attributes={installed=1592562234, latitude=37.4133144, longitude=-122.1513069}, version=1, billinggroupname=null}","2020-11-26 00:00:00.000"
"iot-device-03","1.5946264829651775E9","51.4","71.24","false","false","0.0078","0.0051","0.0209","2020-11-26T17:08:52.779+0000","{defaultclientid=iot-device-03, thingname=iot-device-03, thingid=877352b9-a35d-45d3-9c98-162d89965a13, thingarn=arn:aws:iot:us-east-1:507441099951:thing/iot-device-03, thingtypename=null, attributes={installed=1592562234, latitude=37.4133144, longitude=-122.1513069}, version=1, billinggroupname=null}","2020-11-26 00:00:00.000"
"iot-device-01","1.5946264840801198E9","75.5","66.92","false","false","0.0066","0.0041","0.0175","2020-11-26T17:08:53.059+0000","{defaultclientid=iot-device-01, thingname=iot-device-01, thingid=983c2b68-f9a3-4e83-b3c6-9f6f8ad5431b, thingarn=arn:aws:iot:us-east-1:507441099951:thing/iot-device-01, thingtypename=null, attributes={installed=1594665292, latitude=37.4133144, longitude=-122.1513069}, version=1, billinggroupname=null}","2020-11-26 00:00:00.000"
"iot-device-02","1.5946264852900884E9","59.6","75.38","true","false","0.0073","0.0046","0.0194","2020-11-26T17:08:53.348+0000","{defaultclientid=iot-device-02, thingname=iot-device-02, thingid=4ae4927a-aefb-4584-a45a-fc4839feffd6, thingarn=arn:aws:iot:us-east-1:507441099951:thing/iot-device-02, thingtypename=null, attributes={installed=1593361211, latitude=32.8205865, longitude=-96.871627}, version=1, billinggroupname=null}","2020-11-26 00:00:00.000"
"iot-device-03","1.5946264866515448E9","51.4","71.24","false","false","0.0079","0.0051","0.021","2020-11-26T17:08:53.642+0000","{defaultclientid=iot-device-03, thingname=iot-device-03, thingid=877352b9-a35d-45d3-9c98-162d89965a13, thingarn=arn:aws:iot:us-east-1:507441099951:thing/iot-device-03, thingtypename=null, attributes={installed=1592562234, latitude=37.4133144, longitude=-122.1513069}, version=1, billinggroupname=null}","2020-11-26 00:00:00.000"
"iot-device-03","1.5946564269998846E9","51.9","71.96","false","false","0.0079","0.0052","0.0211","2020-11-26T17:28:59.888+0000","{defaultclientid=iot-device-03, thingname=iot-device-03, thingid=877352b9-a35d-45d3-9c98-162d89965a13, thingarn=arn:aws:iot:us-east-1:507441099951:thing/iot-device-03, thingtypename=null, attributes={installed=1592562234, latitude=37.4133144, longitude=-122.1513069}, version=1, billinggroupname=null}","2020-11-26 00:00:00.000"
"iot-device-01","1.594656427833582E9","75.8","66.74","false","false","0.0071","0.0045","0.0189","2020-11-26T17:29:00.179+0000","{defaultclientid=iot-device-01, thingname=iot-device-01, thingid=983c2b68-f9a3-4e83-b3c6-9f6f8ad5431b, thingarn=arn:aws:iot:us-east-1:507441099951:thing/iot-device-01, thingtypename=null, attributes={installed=1594665292, latitude=37.4133144, longitude=-122.1513069}, version=1, billinggroupname=null}","2020-11-26 00:00:00.000"
"iot-device-03","1.594656430685477E9","51.9","71.96","false","false","0.0079","0.0052","0.0211","2020-11-26T17:29:00.472+0000","{defaultclientid=iot-device-03, thingname=iot-device-03, thingid=877352b9-a35d-45d3-9c98-162d89965a13, thingarn=arn:aws:iot:us-east-1:507441099951:thing/iot-device-03, thingtypename=null, attributes={installed=1592562234, latitude=37.4133144, longitude=-122.1513069}, version=1, billinggroupname=null}","2020-11-26 00:00:00.000"
"iot-device-01","1.5946564327501636E9","75.8","66.74","false","false","0.0071","0.0045","0.0189","2020-11-26T17:29:00.772+0000","{defaultclientid=iot-device-01, thingname=iot-device-01, thingid=983c2b68-f9a3-4e83-b3c6-9f6f8ad5431b, thingarn=arn:aws:iot:us-east-1:507441099951:thing/iot-device-01, thingtypename=null, attributes={installed=1594665292, latitude=37.4133144, longitude=-122.1513069}, version=1, billinggroupname=null}","2020-11-26 00:00:00.000"
"iot-device-02","1.5946564336355786E9","62.5","75.56","true","false","0.0068","0.0042","0.0181","2020-11-26T17:29:01.059+0000","{defaultclientid=iot-device-02, thingname=iot-device-02, thingid=4ae4927a-aefb-4584-a45a-fc4839feffd6, thingarn=arn:aws:iot:us-east-1:507441099951:thing/iot-device-02, thingtypename=null, attributes={installed=1593361211, latitude=32.8205865, longitude=-96.871627}, version=1, billinggroupname=null}","2020-11-26 00:00:00.000"
"iot-device-03","1.5946564343718414E9","51.9","71.96","false","false","0.0079","0.0052","0.0212","2020-11-26T17:29:01.355+0000","{defaultclientid=iot-device-03, thingname=iot-device-03, thingid=877352b9-a35d-45d3-9c98-162d89965a13, thingarn=arn:aws:iot:us-east-1:507441099951:thing/iot-device-03, thingtypename=null, attributes={installed=1592562234, latitude=37.4133144, longitude=-122.1513069}, version=1, billinggroupname=null}","2020-11-26 00:00:00.000"
"iot-device-02","1.5946564379808054E9","62.5","75.56","true","false","0.0068","0.0042","0.0181","2020-11-26T17:29:01.648+0000","{defaultclientid=iot-device-02, thingname=iot-device-02, thingid=4ae4927a-aefb-4584-a45a-fc4839feffd6, thingarn=arn:aws:iot:us-east-1:507441099951:thing/iot-device-02, thingtypename=null, attributes={installed=1593361211, latitude=32.8205865, longitude=-96.871627}, version=1, billinggroupname=null}","2020-11-26 00:00:00.000"
"iot-device-03","1.5946564380562887E9","52.0","71.96","false","false","0.0079","0.0052","0.0211","2020-11-26T17:29:01.939+0000","{defaultclientid=iot-device-03, thingname=iot-device-03, thingid=877352b9-a35d-45d3-9c98-162d89965a13, thingarn=arn:aws:iot:us-east-1:507441099951:thing/iot-device-03, thingtypename=null, attributes={installed=1592562234, latitude=37.4133144, longitude=-122.1513069}, version=1, billinggroupname=null}","2020-11-26 00:00:00.000"
"iot-device-03","1.5946564417397006E9","52.0","71.96","false","false","0.0079","0.0052","0.0212","2020-11-26T17:29:02.229+0000","{defaultclientid=iot-device-03, thingname=iot-device-03, thingid=877352b9-a35d-45d3-9c98-162d89965a13, thingarn=arn:aws:iot:us-east-1:507441099951:thing/iot-device-03, thingtypename=null, attributes={installed=1592562234, latitude=37.4133144, longitude=-122.1513069}, version=1, billinggroupname=null}","2020-11-26 00:00:00.000"
"iot-device-03","1.594657308234084E9","52.6","71.24","false","false","0.008","0.0052","0.0213","2020-11-26T17:29:02.571+0000","{defaultclientid=iot-device-03, thingname=iot-device-03, thingid=877352b9-a35d-45d3-9c98-162d89965a13, thingarn=arn:aws:iot:us-east-1:507441099951:thing/iot-device-03, thingtypename=null, attributes={installed=1592562234, latitude=37.4133144, longitude=-122.1513069}, version=1, billinggroupname=null}","2020-11-26 00:00:00.000"
"iot-device-03","1.5946574715953374E9","52.2","71.42","false","false","0.008","0.0052","0.0213","2020-11-26T17:29:29.620+0000","{defaultclientid=iot-device-03, thingname=iot-device-03, thingid=877352b9-a35d-45d3-9c98-162d89965a13, thingarn=arn:aws:iot:us-east-1:507441099951:thing/iot-device-03, thingtypename=null, attributes={installed=1592562234, latitude=37.4133144, longitude=-122.1513069}, version=1, billinggroupname=null}","2020-11-26 00:00:00.000"
"iot-device-02","1.594657474736991E9","62.5","75.92","true","false","0.0068","0.0042","0.018","2020-11-26T17:29:29.913+0000","{defaultclientid=iot-device-02, thingname=iot-device-02, thingid=4ae4927a-aefb-4584-a45a-fc4839feffd6, thingarn=arn:aws:iot:us-east-1:507441099951:thing/iot-device-02, thingtypename=null, attributes={installed=1593361211, latitude=32.8205865, longitude=-96.871627}, version=1, billinggroupname=null}","2020-11-26 00:00:00.000"
"iot-device-03","1.5946573489988794E9","52.5","71.24","false","false","0.008","0.0052","0.0213","2020-11-26T17:29:08.718+0000","{defaultclientid=iot-device-03, thingname=iot-device-03, thingid=877352b9-a35d-45d3-9c98-162d89965a13, thingarn=arn:aws:iot:us-east-1:507441099951:thing/iot-device-03, thingtypename=null, attributes={installed=1592562234, latitude=37.4133144, longitude=-122.1513069}, version=1, billinggroupname=null}","2020-11-26 00:00:00.000"
"iot-device-02","1.5946573493800526E9","62.5","75.92","true","false","0.0068","0.0042","0.018","2020-11-26T17:29:09.011+0000","{defaultclientid=iot-device-02, thingname=iot-device-02, thingid=4ae4927a-aefb-4584-a45a-fc4839feffd6, thingarn=arn:aws:iot:us-east-1:507441099951:thing/iot-device-02, thingtypename=null, attributes={installed=1593361211, latitude=32.8205865, longitude=-96.871627}, version=1, billinggroupname=null}","2020-11-26 00:00:00.000"
"iot-device-03","1.594657352684948E9","52.6","71.24","false","false","0.008","0.0052","0.0213","2020-11-26T17:29:09.303+0000","{defaultclientid=iot-device-03, thingname=iot-device-03, thingid=877352b9-a35d-45d3-9c98-162d89965a13, thingarn=arn:aws:iot:us-east-1:507441099951:thing/iot-device-03, thingtypename=null, attributes={installed=1592562234, latitude=37.4133144, longitude=-122.1513069}, version=1, billinggroupname=null}","2020-11-26 00:00:00.000"
"iot-device-01","1.5946573528089626E9","75.3","66.38","false","false","0.0075","0.0048","0.02","2020-11-26T17:29:09.609+0000","{defaultclientid=iot-device-01, thingname=iot-device-01, thingid=983c2b68-f9a3-4e83-b3c6-9f6f8ad5431b, thingarn=arn:aws:iot:us-east-1:507441099951:thing/iot-device-01, thingtypename=null, attributes={installed=1594665292, latitude=37.4133144, longitude=-122.1513069}, version=1, billinggroupname=null}","2020-11-26 00:00:00.000"
"iot-device-02","1.5946573542602315E9","62.5","75.92","true","false","0.0068","0.0042","0.018","2020-11-26T17:29:09.899+0000","{defaultclientid=iot-device-02, thingname=iot-device-02, thingid=4ae4927a-aefb-4584-a45a-fc4839feffd6, thingarn=arn:aws:iot:us-east-1:507441099951:thing/iot-device-02, thingtypename=null, attributes={installed=1593361211, latitude=32.8205865, longitude=-96.871627}, version=1, billinggroupname=null}","2020-11-26 00:00:00.000"
"iot-device-03","1.5946573563708386E9","52.6","71.24","false","false","0.0079","0.0052","0.0212","2020-11-26T17:29:10.191+0000","{defaultclientid=iot-device-03, thingname=iot-device-03, thingid=877352b9-a35d-45d3-9c98-162d89965a13, thingarn=arn:aws:iot:us-east-1:507441099951:thing/iot-device-03, thingtypename=null, attributes={installed=1592562234, latitude=37.4133144, longitude=-122.1513069}, version=1, billinggroupname=null}","2020-11-26 00:00:00.000"
"iot-device-02","1.5946573580676348E9","62.5","75.92","true","false","0.0068","0.0042","0.018","2020-11-26T17:29:10.477+0000","{defaultclientid=iot-device-02, thingname=iot-device-02, thingid=4ae4927a-aefb-4584-a45a-fc4839feffd6, thingarn=arn:aws:iot:us-east-1:507441099951:thing/iot-device-02, thingtypename=null, attributes={installed=1593361211, latitude=32.8205865, longitude=-96.871627}, version=1, billinggroupname=null}","2020-11-26 00:00:00.000"
"iot-device-01","1.5946573582462027E9","75.3","66.38","false","false","0.0074","0.0047","0.0196","2020-11-26T17:29:10.770+0000","{defaultclientid=iot-device-01, thingname=iot-device-01, thingid=983c2b68-f9a3-4e83-b3c6-9f6f8ad5431b, thingarn=arn:aws:iot:us-east-1:507441099951:thing/iot-device-01, thingtypename=null, attributes={installed=1594665292, latitude=37.4133144, longitude=-122.1513069}, version=1, billinggroupname=null}","2020-11-26 00:00:00.000"
"iot-device-03","1.5946573600567565E9","52.5","71.24","false","false","0.0079","0.0052","0.0212","2020-11-26T17:29:11.057+0000","{defaultclientid=iot-device-03, thingname=iot-device-03, thingid=877352b9-a35d-45d3-9c98-162d89965a13, thingarn=arn:aws:iot:us-east-1:507441099951:thing/iot-device-03, thingtypename=null, attributes={installed=1592562234, latitude=37.4133144, longitude=-122.1513069}, version=1, billinggroupname=null}","2020-11-26 00:00:00.000"
"iot-device-02","1.5946573618767314E9","62.7","75.92","true","false","0.0068","0.0042","0.018","2020-11-26T17:29:11.349+0000","{defaultclientid=iot-device-02, thingname=iot-device-02, thingid=4ae4927a-aefb-4584-a45a-fc4839feffd6, thingarn=arn:aws:iot:us-east-1:507441099951:thing/iot-device-02, thingtypename=null, attributes={installed=1593361211, latitude=32.8205865, longitude=-96.871627}, version=1, billinggroupname=null}","2020-11-26 00:00:00.000"
"iot-device-02","1.5946573293862658E9","62.6","75.92","true","false","0.0068","0.0042","0.018","2020-11-26T17:29:05.800+0000","{defaultclientid=iot-device-02, thingname=iot-device-02, thingid=4ae4927a-aefb-4584-a45a-fc4839feffd6, thingarn=arn:aws:iot:us-east-1:507441099951:thing/iot-device-02, thingtypename=null, attributes={installed=1593361211, latitude=32.8205865, longitude=-96.871627}, version=1, billinggroupname=null}","2020-11-26 00:00:00.000"
"iot-device-03","1.594657330590621E9","52.5","71.24","false","false","0.0079","0.0052","0.0213","2020-11-26T17:29:06.096+0000","{defaultclientid=iot-device-03, thingname=iot-device-03, thingid=877352b9-a35d-45d3-9c98-162d89965a13, thingarn=arn:aws:iot:us-east-1:507441099951:thing/iot-device-03, thingtypename=null, attributes={installed=1592562234, latitude=37.4133144, longitude=-122.1513069}, version=1, billinggroupname=null}","2020-11-26 00:00:00.000"
"iot-device-03","1.5946573342747414E9","52.4","71.24","false","false","0.0079","0.0052","0.0212","2020-11-26T17:29:06.392+0000","{defaultclientid=iot-device-03, thingname=iot-device-03, thingid=877352b9-a35d-45d3-9c98-162d89965a13, thingarn=arn:aws:iot:us-east-1:507441099951:thing/iot-device-03, thingtypename=null, attributes={installed=1592562234, latitude=37.4133144, longitude=-122.1513069}, version=1, billinggroupname=null}","2020-11-26 00:00:00.000"
"iot-device-01","1.5946573360486393E9","75.3","66.38","false","false","0.0076","0.0049","0.0202","2020-11-26T17:29:06.681+0000","{defaultclientid=iot-device-01, thingname=iot-device-01, thingid=983c2b68-f9a3-4e83-b3c6-9f6f8ad5431b, thingarn=arn:aws:iot:us-east-1:507441099951:thing/iot-device-01, thingtypename=null, attributes={installed=1594665292, latitude=37.4133144, longitude=-122.1513069}, version=1, billinggroupname=null}","2020-11-26 00:00:00.000"
"iot-device-03","1.5946573379607375E9","52.3","71.24","false","false","0.0079","0.0052","0.0212","2020-11-26T17:29:06.968+0000","{defaultclientid=iot-device-03, thingname=iot-device-03, thingid=877352b9-a35d-45d3-9c98-162d89965a13, thingarn=arn:aws:iot:us-east-1:507441099951:thing/iot-device-03, thingtypename=null, attributes={installed=1592562234, latitude=37.4133144, longitude=-122.1513069}, version=1, billinggroupname=null}","2020-11-26 00:00:00.000"
"iot-device-02","1.5946573401573699E9","62.6","75.92","true","false","0.0068","0.0042","0.018","2020-11-26T17:29:07.262+0000","{defaultclientid=iot-device-02, thingname=iot-device-02, thingid=4ae4927a-aefb-4584-a45a-fc4839feffd6, thingarn=arn:aws:iot:us-east-1:507441099951:thing/iot-device-02, thingtypename=null, attributes={installed=1593361211, latitude=32.8205865, longitude=-96.871627}, version=1, billinggroupname=null}","2020-11-26 00:00:00.000"
"iot-device-01","1.594657341473445E9","75.3","60.62","false","false","0.0075","0.0048","0.02","2020-11-26T17:29:07.552+0000","{defaultclientid=iot-device-01, thingname=iot-device-01, thingid=983c2b68-f9a3-4e83-b3c6-9f6f8ad5431b, thingarn=arn:aws:iot:us-east-1:507441099951:thing/iot-device-01, thingtypename=null, attributes={installed=1594665292, latitude=37.4133144, longitude=-122.1513069}, version=1, billinggroupname=null}","2020-11-26 00:00:00.000"
"iot-device-03","1.594657341646764E9","52.3","71.24","false","false","0.0079","0.0052","0.0212","2020-11-26T17:29:07.840+0000","{defaultclientid=iot-device-03, thingname=iot-device-03, thingid=877352b9-a35d-45d3-9c98-162d89965a13, thingarn=arn:aws:iot:us-east-1:507441099951:thing/iot-device-03, thingtypename=null, attributes={installed=1592562234, latitude=37.4133144, longitude=-122.1513069}, version=1, billinggroupname=null}","2020-11-26 00:00:00.000"
"iot-device-02","1.594657344500231E9","62.6","75.92","true","false","0.0068","0.0042","0.018","2020-11-26T17:29:08.146+0000","{defaultclientid=iot-device-02, thingname=iot-device-02, thingid=4ae4927a-aefb-4584-a45a-fc4839feffd6, thingarn=arn:aws:iot:us-east-1:507441099951:thing/iot-device-02, thingtypename=null, attributes={installed=1593361211, latitude=32.8205865, longitude=-96.871627}, version=1, billinggroupname=null}","2020-11-26 00:00:00.000"
"iot-device-03","1.594657345331712E9","52.4","71.24","false","false","0.008","0.0053","0.0214","2020-11-26T17:29:08.431+0000","{defaultclientid=iot-device-03, thingname=iot-device-03, thingid=877352b9-a35d-45d3-9c98-162d89965a13, thingarn=arn:aws:iot:us-east-1:507441099951:thing/iot-device-03, thingtypename=null, attributes={installed=1592562234, latitude=37.4133144, longitude=-122.1513069}, version=1, billinggroupname=null}","2020-11-26 00:00:00.000"
"iot-device-02","1.5946574563663914E9","62.6","75.92","true","false","0.0068","0.0042","0.018","2020-11-26T17:29:26.697+0000","{defaultclientid=iot-device-02, thingname=iot-device-02, thingid=4ae4927a-aefb-4584-a45a-fc4839feffd6, thingarn=arn:aws:iot:us-east-1:507441099951:thing/iot-device-02, thingtypename=null, attributes={installed=1593361211, latitude=32.8205865, longitude=-96.871627}, version=1, billinggroupname=null}","2020-11-26 00:00:00.000"
"iot-device-03","1.5946574568507195E9","52.2","71.42","false","false","0.008","0.0053","0.0214","2020-11-26T17:29:26.990+0000","{defaultclientid=iot-device-03, thingname=iot-device-03, thingid=877352b9-a35d-45d3-9c98-162d89965a13, thingarn=arn:aws:iot:us-east-1:507441099951:thing/iot-device-03, thingtypename=null, attributes={installed=1592562234, latitude=37.4133144, longitude=-122.1513069}, version=1, billinggroupname=null}","2020-11-26 00:00:00.000"
"iot-device-01","1.5946574601821265E9","75.5","66.56","false","false","0.0073","0.0046","0.0194","2020-11-26T17:29:27.278+0000","{defaultclientid=iot-device-01, thingname=iot-device-01, thingid=983c2b68-f9a3-4e83-b3c6-9f6f8ad5431b, thingarn=arn:aws:iot:us-east-1:507441099951:thing/iot-device-01, thingtypename=null, attributes={installed=1594665292, latitude=37.4133144, longitude=-122.1513069}, version=1, billinggroupname=null}","2020-11-26 00:00:00.000"
"iot-device-03","1.5946574605368438E9","52.3","71.42","false","false","0.008","0.0052","0.0213","2020-11-26T17:29:27.580+0000","{defaultclientid=iot-device-03, thingname=iot-device-03, thingid=877352b9-a35d-45d3-9c98-162d89965a13, thingarn=arn:aws:iot:us-east-1:507441099951:thing/iot-device-03, thingtypename=null, attributes={installed=1592562234, latitude=37.4133144, longitude=-122.1513069}, version=1, billinggroupname=null}","2020-11-26 00:00:00.000"
"iot-device-02","1.5946574623113265E9","62.6","75.92","true","false","0.0068","0.0042","0.018","2020-11-26T17:29:27.869+0000","{defaultclientid=iot-device-02, thingname=iot-device-02, thingid=4ae4927a-aefb-4584-a45a-fc4839feffd6, thingarn=arn:aws:iot:us-east-1:507441099951:thing/iot-device-02, thingtypename=null, attributes={installed=1593361211, latitude=32.8205865, longitude=-96.871627}, version=1, billinggroupname=null}","2020-11-26 00:00:00.000"
"iot-device-03","1.594657464223025E9","52.3","71.42","false","false","0.0079","0.0052","0.0212","2020-11-26T17:29:28.160+0000","{defaultclientid=iot-device-03, thingname=iot-device-03, thingid=877352b9-a35d-45d3-9c98-162d89965a13, thingarn=arn:aws:iot:us-east-1:507441099951:thing/iot-device-03, thingtypename=null, attributes={installed=1592562234, latitude=37.4133144, longitude=-122.1513069}, version=1, billinggroupname=null}","2020-11-26 00:00:00.000"
"iot-device-01","1.5946574661655965E9","75.5","66.38","false","false","0.0076","0.0049","0.0202","2020-11-26T17:29:28.449+0000","{defaultclientid=iot-device-01, thingname=iot-device-01, thingid=983c2b68-f9a3-4e83-b3c6-9f6f8ad5431b, thingarn=arn:aws:iot:us-east-1:507441099951:thing/iot-device-01, thingtypename=null, attributes={installed=1594665292, latitude=37.4133144, longitude=-122.1513069}, version=1, billinggroupname=null}","2020-11-26 00:00:00.000"
"iot-device-02","1.5946574677229338E9","62.5","75.92","true","false","0.0068","0.0042","0.018","2020-11-26T17:29:28.735+0000","{defaultclientid=iot-device-02, thingname=iot-device-02, thingid=4ae4927a-aefb-4584-a45a-fc4839feffd6, thingarn=arn:aws:iot:us-east-1:507441099951:thing/iot-device-02, thingtypename=null, attributes={installed=1593361211, latitude=32.8205865, longitude=-96.871627}, version=1, billinggroupname=null}","2020-11-26 00:00:00.000"
"iot-device-03","1.5946574679090831E9","52.3","71.42","false","false","0.0079","0.0052","0.0212","2020-11-26T17:29:29.038+0000","{defaultclientid=iot-device-03, thingname=iot-device-03, thingid=877352b9-a35d-45d3-9c98-162d89965a13, thingarn=arn:aws:iot:us-east-1:507441099951:thing/iot-device-03, thingtypename=null, attributes={installed=1592562234, latitude=37.4133144, longitude=-122.1513069}, version=1, billinggroupname=null}","2020-11-26 00:00:00.000"
"iot-device-01","1.594657471062578E9","75.6","66.56","false","false","0.0074","0.0048","0.0198","2020-11-26T17:29:29.328+0000","{defaultclientid=iot-device-01, thingname=iot-device-01, thingid=983c2b68-f9a3-4e83-b3c6-9f6f8ad5431b, thingarn=arn:aws:iot:us-east-1:507441099951:thing/iot-device-01, thingtypename=null, attributes={installed=1594665292, latitude=37.4133144, longitude=-122.1513069}, version=1, billinggroupname=null}","2020-11-26 00:00:00.000"
"iot-device-03","1.5946574195203168E9","52.3","71.42","false","false","0.008","0.0052","0.0213","2020-11-26T17:29:20.681+0000","{defaultclientid=iot-device-03, thingname=iot-device-03, thingid=877352b9-a35d-45d3-9c98-162d89965a13, thingarn=arn:aws:iot:us-east-1:507441099951:thing/iot-device-03, thingtypename=null, attributes={installed=1592562234, latitude=37.4133144, longitude=-122.1513069}, version=1, billinggroupname=null}","2020-11-26 00:00:00.000"
"iot-device-01","1.594657419779483E9","75.5","66.38","false","false","0.0074","0.0048","0.0198","2020-11-26T17:29:20.968+0000","{defaultclientid=iot-device-01, thingname=iot-device-01, thingid=983c2b68-f9a3-4e83-b3c6-9f6f8ad5431b, thingarn=arn:aws:iot:us-east-1:507441099951:thing/iot-device-01, thingtypename=null, attributes={installed=1594665292, latitude=37.4133144, longitude=-122.1513069}, version=1, billinggroupname=null}","2020-11-26 00:00:00.000"
"iot-device-02","1.5946574207415922E9","62.7","75.92","true","false","0.0068","0.0042","0.018","2020-11-26T17:29:21.261+0000","{defaultclientid=iot-device-02, thingname=iot-device-02, thingid=4ae4927a-aefb-4584-a45a-fc4839feffd6, thingarn=arn:aws:iot:us-east-1:507441099951:thing/iot-device-02, thingtypename=null, attributes={installed=1593361211, latitude=32.8205865, longitude=-96.871627}, version=1, billinggroupname=null}","2020-11-26 00:00:00.000"
"iot-device-03","1.5946574232063177E9","52.3","71.42","false","false","0.0079","0.0052","0.0212","2020-11-26T17:29:21.568+0000","{defaultclientid=iot-device-03, thingname=iot-device-03, thingid=877352b9-a35d-45d3-9c98-162d89965a13, thingarn=arn:aws:iot:us-east-1:507441099951:thing/iot-device-03, thingtypename=null, attributes={installed=1592562234, latitude=37.4133144, longitude=-122.1513069}, version=1, billinggroupname=null}","2020-11-26 00:00:00.000"
"iot-device-01","1.5946574246694586E9","75.5","66.38","false","false","0.0074","0.0047","0.0196","2020-11-26T17:29:21.860+0000","{defaultclientid=iot-device-01, thingname=iot-device-01, thingid=983c2b68-f9a3-4e83-b3c6-9f6f8ad5431b, thingarn=arn:aws:iot:us-east-1:507441099951:thing/iot-device-01, thingtypename=null, attributes={installed=1594665292, latitude=37.4133144, longitude=-122.1513069}, version=1, billinggroupname=null}","2020-11-26 00:00:00.000"
"iot-device-03","1.594657426892232E9","52.3","71.42","false","false","0.0079","0.0052","0.0213","2020-11-26T17:29:22.150+0000","{defaultclientid=iot-device-03, thingname=iot-device-03, thingid=877352b9-a35d-45d3-9c98-162d89965a13, thingarn=arn:aws:iot:us-east-1:507441099951:thing/iot-device-03, thingtypename=null, attributes={installed=1592562234, latitude=37.4133144, longitude=-122.1513069}, version=1, billinggroupname=null}","2020-11-26 00:00:00.000"
"iot-device-01","1.594657429022537E9","75.6","66.56","false","false","0.0074","0.0048","0.0198","2020-11-26T17:29:22.440+0000","{defaultclientid=iot-device-01, thingname=iot-device-01, thingid=983c2b68-f9a3-4e83-b3c6-9f6f8ad5431b, thingarn=arn:aws:iot:us-east-1:507441099951:thing/iot-device-01, thingtypename=null, attributes={installed=1594665292, latitude=37.4133144, longitude=-122.1513069}, version=1, billinggroupname=null}","2020-11-26 00:00:00.000"
"iot-device-03","1.594657430578798E9","52.3","71.42","false","false","0.0079","0.0052","0.0212","2020-11-26T17:29:22.733+0000","{defaultclientid=iot-device-03, thingname=iot-device-03, thingid=877352b9-a35d-45d3-9c98-162d89965a13, thingarn=arn:aws:iot:us-east-1:507441099951:thing/iot-device-03, thingtypename=null, attributes={installed=1592562234, latitude=37.4133144, longitude=-122.1513069}, version=1, billinggroupname=null}","2020-11-26 00:00:00.000"
"iot-device-02","1.5946574309739966E9","62.6","75.92","true","false","0.0068","0.0042","0.0179","2020-11-26T17:29:23.022+0000","{defaultclientid=iot-device-02, thingname=iot-device-02, thingid=4ae4927a-aefb-4584-a45a-fc4839feffd6, thingarn=arn:aws:iot:us-east-1:507441099951:thing/iot-device-02, thingtypename=null, attributes={installed=1593361211, latitude=32.8205865, longitude=-96.871627}, version=1, billinggroupname=null}","2020-11-26 00:00:00.000"
"iot-device-03","1.5946574342669418E9","52.3","71.42","false","false","0.0079","0.0052","0.0212","2020-11-26T17:29:23.323+0000","{defaultclientid=iot-device-03, thingname=iot-device-03, thingid=877352b9-a35d-45d3-9c98-162d89965a13, thingarn=arn:aws:iot:us-east-1:507441099951:thing/iot-device-03, thingtypename=null, attributes={installed=1592562234, latitude=37.4133144, longitude=-122.1513069}, version=1, billinggroupname=null}","2020-11-26 00:00:00.000"
"iot-device-01","1.5946574355163429E9","75.5","66.38","false","false","0.0074","0.0047","0.0196","2020-11-26T17:29:23.624+0000","{defaultclientid=iot-device-01, thingname=iot-device-01, thingid=983c2b68-f9a3-4e83-b3c6-9f6f8ad5431b, thingarn=arn:aws:iot:us-east-1:507441099951:thing/iot-device-01, thingtypename=null, attributes={installed=1594665292, latitude=37.4133144, longitude=-122.1513069}, version=1, billinggroupname=null}","2020-11-26 00:00:00.000"
"iot-device-03","1.5946574379548702E9","52.3","71.42","false","false","0.0079","0.0052","0.0212","2020-11-26T17:29:23.913+0000","{defaultclientid=iot-device-03, thingname=iot-device-03, thingid=877352b9-a35d-45d3-9c98-162d89965a13, thingarn=arn:aws:iot:us-east-1:507441099951:thing/iot-device-03, thingtypename=null, attributes={installed=1592562234, latitude=37.4133144, longitude=-122.1513069}, version=1, billinggroupname=null}","2020-11-26 00:00:00.000"
"iot-device-02","1.594657440670183E9","62.6","75.92","true","false","0.0068","0.0042","0.018","2020-11-26T17:29:24.210+0000","{defaultclientid=iot-device-02, thingname=iot-device-02, thingid=4ae4927a-aefb-4584-a45a-fc4839feffd6, thingarn=arn:aws:iot:us-east-1:507441099951:thing/iot-device-02, thingtypename=null, attributes={installed=1593361211, latitude=32.8205865, longitude=-96.871627}, version=1, billinggroupname=null}","2020-11-26 00:00:00.000"
"iot-device-03","1.5946574416424644E9","52.3","71.42","false","false","0.0079","0.0052","0.0213","2020-11-26T17:29:24.501+0000","{defaultclientid=iot-device-03, thingname=iot-device-03, thingid=877352b9-a35d-45d3-9c98-162d89965a13, thingarn=arn:aws:iot:us-east-1:507441099951:thing/iot-device-03, thingtypename=null, attributes={installed=1592562234, latitude=37.4133144, longitude=-122.1513069}, version=1, billinggroupname=null}","2020-11-26 00:00:00.000"
"iot-device-03","1.594657445570985E9","52.3","71.42","false","false","0.008","0.0052","0.0213","2020-11-26T17:29:24.800+0000","{defaultclientid=iot-device-03, thingname=iot-device-03, thingid=877352b9-a35d-45d3-9c98-162d89965a13, thingarn=arn:aws:iot:us-east-1:507441099951:thing/iot-device-03, thingtypename=null, attributes={installed=1592562234, latitude=37.4133144, longitude=-122.1513069}, version=1, billinggroupname=null}","2020-11-26 00:00:00.000"
"iot-device-01","1.5946574481883054E9","75.5","66.38","false","false","0.0076","0.0049","0.0202","2020-11-26T17:29:25.089+0000","{defaultclientid=iot-device-01, thingname=iot-device-01, thingid=983c2b68-f9a3-4e83-b3c6-9f6f8ad5431b, thingarn=arn:aws:iot:us-east-1:507441099951:thing/iot-device-01, thingtypename=null, attributes={installed=1594665292, latitude=37.4133144, longitude=-122.1513069}, version=1, billinggroupname=null}","2020-11-26 00:00:00.000"
"iot-device-03","1.594657449257326E9","52.3","71.42","false","false","0.0079","0.0052","0.0212","2020-11-26T17:29:25.378+0000","{defaultclientid=iot-device-03, thingname=iot-device-03, thingid=877352b9-a35d-45d3-9c98-162d89965a13, thingarn=arn:aws:iot:us-east-1:507441099951:thing/iot-device-03, thingtypename=null, attributes={installed=1592562234, latitude=37.4133144, longitude=-122.1513069}, version=1, billinggroupname=null}","2020-11-26 00:00:00.000"
"iot-device-02","1.5946574520216265E9","62.5","75.92","true","false","0.0068","0.0042","0.0179","2020-11-26T17:29:25.681+0000","{defaultclientid=iot-device-02, thingname=iot-device-02, thingid=4ae4927a-aefb-4584-a45a-fc4839feffd6, thingarn=arn:aws:iot:us-east-1:507441099951:thing/iot-device-02, thingtypename=null, attributes={installed=1593361211, latitude=32.8205865, longitude=-96.871627}, version=1, billinggroupname=null}","2020-11-26 00:00:00.000"
"iot-device-03","1.5946574529432752E9","52.2","71.42","false","false","0.0079","0.0052","0.0212","2020-11-26T17:29:25.995+0000","{defaultclientid=iot-device-03, thingname=iot-device-03, thingid=877352b9-a35d-45d3-9c98-162d89965a13, thingarn=arn:aws:iot:us-east-1:507441099951:thing/iot-device-03, thingtypename=null, attributes={installed=1592562234, latitude=37.4133144, longitude=-122.1513069}, version=1, billinggroupname=null}","2020-11-26 00:00:00.000"
"iot-device-01","1.594657455829843E9","75.5","66.56","false","false","0.0075","0.0048","0.02","2020-11-26T17:29:26.403+0000","{defaultclientid=iot-device-01, thingname=iot-device-01, thingid=983c2b68-f9a3-4e83-b3c6-9f6f8ad5431b, thingarn=arn:aws:iot:us-east-1:507441099951:thing/iot-device-01, thingtypename=null, attributes={installed=1594665292, latitude=37.4133144, longitude=-122.1513069}, version=1, billinggroupname=null}","2020-11-26 00:00:00.000"
"iot-device-03","1.5946573974106545E9","52.5","71.42","false","false","0.0079","0.0052","0.0212","2020-11-26T17:29:17.662+0000","{defaultclientid=iot-device-03, thingname=iot-device-03, thingid=877352b9-a35d-45d3-9c98-162d89965a13, thingarn=arn:aws:iot:us-east-1:507441099951:thing/iot-device-03, thingtypename=null, attributes={installed=1592562234, latitude=37.4133144, longitude=-122.1513069}, version=1, billinggroupname=null}","2020-11-26 00:00:00.000"
"iot-device-03","1.594657401096226E9","52.5","71.42","false","false","0.0079","0.0052","0.0212","2020-11-26T17:29:17.950+0000","{defaultclientid=iot-device-03, thingname=iot-device-03, thingid=877352b9-a35d-45d3-9c98-162d89965a13, thingarn=arn:aws:iot:us-east-1:507441099951:thing/iot-device-03, thingtypename=null, attributes={installed=1592562234, latitude=37.4133144, longitude=-122.1513069}, version=1, billinggroupname=null}","2020-11-26 00:00:00.000"
"iot-device-02","1.5946574011018102E9","62.7","75.92","true","false","0.0068","0.0042","0.018","2020-11-26T17:29:18.248+0000","{defaultclientid=iot-device-02, thingname=iot-device-02, thingid=4ae4927a-aefb-4584-a45a-fc4839feffd6, thingarn=arn:aws:iot:us-east-1:507441099951:thing/iot-device-02, thingtypename=null, attributes={installed=1593361211, latitude=32.8205865, longitude=-96.871627}, version=1, billinggroupname=null}","2020-11-26 00:00:00.000"
"iot-device-03","1.5946574047819474E9","52.4","71.42","false","false","0.0079","0.0052","0.0212","2020-11-26T17:29:18.539+0000","{defaultclientid=iot-device-03, thingname=iot-device-03, thingid=877352b9-a35d-45d3-9c98-162d89965a13, thingarn=arn:aws:iot:us-east-1:507441099951:thing/iot-device-03, thingtypename=null, attributes={installed=1592562234, latitude=37.4133144, longitude=-122.1513069}, version=1, billinggroupname=null}","2020-11-26 00:00:00.000"
"iot-device-03","1.5946574084628437E9","52.4","71.42","false","false","0.0079","0.0052","0.0212","2020-11-26T17:29:18.844+0000","{defaultclientid=iot-device-03, thingname=iot-device-03, thingid=877352b9-a35d-45d3-9c98-162d89965a13, thingarn=arn:aws:iot:us-east-1:507441099951:thing/iot-device-03, thingtypename=null, attributes={installed=1592562234, latitude=37.4133144, longitude=-122.1513069}, version=1, billinggroupname=null}","2020-11-26 00:00:00.000"
"iot-device-02","1.5946574086542068E9","62.7","75.92","true","false","0.0068","0.0042","0.0179","2020-11-26T17:29:19.141+0000","{defaultclientid=iot-device-02, thingname=iot-device-02, thingid=4ae4927a-aefb-4584-a45a-fc4839feffd6, thingarn=arn:aws:iot:us-east-1:507441099951:thing/iot-device-02, thingtypename=null, attributes={installed=1593361211, latitude=32.8205865, longitude=-96.871627}, version=1, billinggroupname=null}","2020-11-26 00:00:00.000"
"iot-device-01","1.594657409999416E9","75.5","66.38","false","false","0.0075","0.0048","0.02","2020-11-26T17:29:19.429+0000","{defaultclientid=iot-device-01, thingname=iot-device-01, thingid=983c2b68-f9a3-4e83-b3c6-9f6f8ad5431b, thingarn=arn:aws:iot:us-east-1:507441099951:thing/iot-device-01, thingtypename=null, attributes={installed=1594665292, latitude=37.4133144, longitude=-122.1513069}, version=1, billinggroupname=null}","2020-11-26 00:00:00.000"
"iot-device-03","1.594657412148646E9","52.3","71.42","false","false","0.0079","0.0052","0.0212","2020-11-26T17:29:19.720+0000","{defaultclientid=iot-device-03, thingname=iot-device-03, thingid=877352b9-a35d-45d3-9c98-162d89965a13, thingarn=arn:aws:iot:us-east-1:507441099951:thing/iot-device-03, thingtypename=null, attributes={installed=1592562234, latitude=37.4133144, longitude=-122.1513069}, version=1, billinggroupname=null}","2020-11-26 00:00:00.000"
"iot-device-03","1.5946574158344526E9","52.3","71.42","false","false","0.008","0.0052","0.0213","2020-11-26T17:29:20.084+0000","{defaultclientid=iot-device-03, thingname=iot-device-03, thingid=877352b9-a35d-45d3-9c98-162d89965a13, thingarn=arn:aws:iot:us-east-1:507441099951:thing/iot-device-03, thingtypename=null, attributes={installed=1592562234, latitude=37.4133144, longitude=-122.1513069}, version=1, billinggroupname=null}","2020-11-26 00:00:00.000"
"iot-device-01","1.5946574159648507E9","75.5","66.38","false","false","0.0074","0.0048","0.0198","2020-11-26T17:29:20.378+0000","{defaultclientid=iot-device-01, thingname=iot-device-01, thingid=983c2b68-f9a3-4e83-b3c6-9f6f8ad5431b, thingarn=arn:aws:iot:us-east-1:507441099951:thing/iot-device-01, thingtypename=null, attributes={installed=1594665292, latitude=37.4133144, longitude=-122.1513069}, version=1, billinggroupname=null}","2020-11-26 00:00:00.000"
"iot-device-02","1.5946573099876232E9","62.6","75.74","true","false","0.0068","0.0042","0.018","2020-11-26T17:29:02.859+0000","{defaultclientid=iot-device-02, thingname=iot-device-02, thingid=4ae4927a-aefb-4584-a45a-fc4839feffd6, thingarn=arn:aws:iot:us-east-1:507441099951:thing/iot-device-02, thingtypename=null, attributes={installed=1593361211, latitude=32.8205865, longitude=-96.871627}, version=1, billinggroupname=null}","2020-11-26 00:00:00.000"
"iot-device-01","1.59465731061E9","75.2","66.38","false","false","0.0075","0.0048","0.02","2020-11-26T17:29:03.159+0000","{defaultclientid=iot-device-01, thingname=iot-device-01, thingid=983c2b68-f9a3-4e83-b3c6-9f6f8ad5431b, thingarn=arn:aws:iot:us-east-1:507441099951:thing/iot-device-01, thingtypename=null, attributes={installed=1594665292, latitude=37.4133144, longitude=-122.1513069}, version=1, billinggroupname=null}","2020-11-26 00:00:00.000"
"iot-device-03","1.5946573119199278E9","52.5","71.06","false","false","0.0079","0.0052","0.0212","2020-11-26T17:29:03.458+0000","{defaultclientid=iot-device-03, thingname=iot-device-03, thingid=877352b9-a35d-45d3-9c98-162d89965a13, thingarn=arn:aws:iot:us-east-1:507441099951:thing/iot-device-03, thingtypename=null, attributes={installed=1592562234, latitude=37.4133144, longitude=-122.1513069}, version=1, billinggroupname=null}","2020-11-26 00:00:00.000"
"iot-device-01","1.5946573154973912E9","75.2","66.38","false","false","0.0075","0.0048","0.02","2020-11-26T17:29:03.750+0000","{defaultclientid=iot-device-01, thingname=iot-device-01, thingid=983c2b68-f9a3-4e83-b3c6-9f6f8ad5431b, thingarn=arn:aws:iot:us-east-1:507441099951:thing/iot-device-01, thingtypename=null, attributes={installed=1594665292, latitude=37.4133144, longitude=-122.1513069}, version=1, billinggroupname=null}","2020-11-26 00:00:00.000"
"iot-device-03","1.594657315605781E9","52.5","71.24","false","false","0.0079","0.0052","0.0213","2020-11-26T17:29:04.049+0000","{defaultclientid=iot-device-03, thingname=iot-device-03, thingid=877352b9-a35d-45d3-9c98-162d89965a13, thingarn=arn:aws:iot:us-east-1:507441099951:thing/iot-device-03, thingtypename=null, attributes={installed=1592562234, latitude=37.4133144, longitude=-122.1513069}, version=1, billinggroupname=null}","2020-11-26 00:00:00.000"
"iot-device-03","1.5946573195378106E9","52.5","71.24","false","false","0.008","0.0053","0.0214","2020-11-26T17:29:04.344+0000","{defaultclientid=iot-device-03, thingname=iot-device-03, thingid=877352b9-a35d-45d3-9c98-162d89965a13, thingarn=arn:aws:iot:us-east-1:507441099951:thing/iot-device-03, thingtypename=null, attributes={installed=1592562234, latitude=37.4133144, longitude=-122.1513069}, version=1, billinggroupname=null}","2020-11-26 00:00:00.000"
"iot-device-02","1.5946573202131093E9","62.6","75.92","true","false","0.0068","0.0042","0.018","2020-11-26T17:29:04.629+0000","{defaultclientid=iot-device-02, thingname=iot-device-02, thingid=4ae4927a-aefb-4584-a45a-fc4839feffd6, thingarn=arn:aws:iot:us-east-1:507441099951:thing/iot-device-02, thingtypename=null, attributes={installed=1593361211, latitude=32.8205865, longitude=-96.871627}, version=1, billinggroupname=null}","2020-11-26 00:00:00.000"
"iot-device-03","1.5946573232239373E9","52.4","71.06","false","false","0.0079","0.0052","0.0212","2020-11-26T17:29:04.922+0000","{defaultclientid=iot-device-03, thingname=iot-device-03, thingid=877352b9-a35d-45d3-9c98-162d89965a13, thingarn=arn:aws:iot:us-east-1:507441099951:thing/iot-device-03, thingtypename=null, attributes={installed=1592562234, latitude=37.4133144, longitude=-122.1513069}, version=1, billinggroupname=null}","2020-11-26 00:00:00.000"
"iot-device-01","1.5946573246903892E9","75.5","66.38","false","false","0.0075","0.0048","0.02","2020-11-26T17:29:05.209+0000","{defaultclientid=iot-device-01, thingname=iot-device-01, thingid=983c2b68-f9a3-4e83-b3c6-9f6f8ad5431b, thingarn=arn:aws:iot:us-east-1:507441099951:thing/iot-device-01, thingtypename=null, attributes={installed=1594665292, latitude=37.4133144, longitude=-122.1513069}, version=1, billinggroupname=null}","2020-11-26 00:00:00.000"
"iot-device-03","1.5946573269046962E9","52.4","71.06","false","false","0.0079","0.0052","0.0213","2020-11-26T17:29:05.499+0000","{defaultclientid=iot-device-03, thingname=iot-device-03, thingid=877352b9-a35d-45d3-9c98-162d89965a13, thingarn=arn:aws:iot:us-east-1:507441099951:thing/iot-device-03, thingtypename=null, attributes={installed=1592562234, latitude=37.4133144, longitude=-122.1513069}, version=1, billinggroupname=null}","2020-11-26 00:00:00.000"
"iot-device-01","1.594657362601123E9","75.4","66.38","false","false","0.0074","0.0047","0.0196","2020-11-26T17:29:11.641+0000","{defaultclientid=iot-device-01, thingname=iot-device-01, thingid=983c2b68-f9a3-4e83-b3c6-9f6f8ad5431b, thingarn=arn:aws:iot:us-east-1:507441099951:thing/iot-device-01, thingtypename=null, attributes={installed=1594665292, latitude=37.4133144, longitude=-122.1513069}, version=1, billinggroupname=null}","2020-11-26 00:00:00.000"
"iot-device-03","1.5946573637426937E9","52.4","71.24","false","false","0.008","0.0052","0.0213","2020-11-26T17:29:11.933+0000","{defaultclientid=iot-device-03, thingname=iot-device-03, thingid=877352b9-a35d-45d3-9c98-162d89965a13, thingarn=arn:aws:iot:us-east-1:507441099951:thing/iot-device-03, thingtypename=null, attributes={installed=1592562234, latitude=37.4133144, longitude=-122.1513069}, version=1, billinggroupname=null}","2020-11-26 00:00:00.000"
"iot-device-02","1.5946573672999113E9","62.6","75.92","true","false","0.0068","0.0042","0.0179","2020-11-26T17:29:12.230+0000","{defaultclientid=iot-device-02, thingname=iot-device-02, thingid=4ae4927a-aefb-4584-a45a-fc4839feffd6, thingarn=arn:aws:iot:us-east-1:507441099951:thing/iot-device-02, thingtypename=null, attributes={installed=1593361211, latitude=32.8205865, longitude=-96.871627}, version=1, billinggroupname=null}","2020-11-26 00:00:00.000"
"iot-device-03","1.5946573676699796E9","52.4","71.24","false","false","0.008","0.0052","0.0213","2020-11-26T17:29:12.518+0000","{defaultclientid=iot-device-03, thingname=iot-device-03, thingid=877352b9-a35d-45d3-9c98-162d89965a13, thingarn=arn:aws:iot:us-east-1:507441099951:thing/iot-device-03, thingtypename=null, attributes={installed=1592562234, latitude=37.4133144, longitude=-122.1513069}, version=1, billinggroupname=null}","2020-11-26 00:00:00.000"
"iot-device-01","1.5946573685679884E9","76.2","66.38","false","false","0.0074","0.0048","0.0198","2020-11-26T17:29:12.819+0000","{defaultclientid=iot-device-01, thingname=iot-device-01, thingid=983c2b68-f9a3-4e83-b3c6-9f6f8ad5431b, thingarn=arn:aws:iot:us-east-1:507441099951:thing/iot-device-01, thingtypename=null, attributes={installed=1594665292, latitude=37.4133144, longitude=-122.1513069}, version=1, billinggroupname=null}","2020-11-26 00:00:00.000"
"iot-device-03","1.594657371356307E9","52.3","71.24","false","false","0.0079","0.0052","0.0211","2020-11-26T17:29:13.110+0000","{defaultclientid=iot-device-03, thingname=iot-device-03, thingid=877352b9-a35d-45d3-9c98-162d89965a13, thingarn=arn:aws:iot:us-east-1:507441099951:thing/iot-device-03, thingtypename=null, attributes={installed=1592562234, latitude=37.4133144, longitude=-122.1513069}, version=1, billinggroupname=null}","2020-11-26 00:00:00.000"
"iot-device-03","1.594657375042156E9","52.4","71.42","false","false","0.0079","0.0052","0.0212","2020-11-26T17:29:13.398+0000","{defaultclientid=iot-device-03, thingname=iot-device-03, thingid=877352b9-a35d-45d3-9c98-162d89965a13, thingarn=arn:aws:iot:us-east-1:507441099951:thing/iot-device-03, thingtypename=null, attributes={installed=1592562234, latitude=37.4133144, longitude=-122.1513069}, version=1, billinggroupname=null}","2020-11-26 00:00:00.000"
"iot-device-01","1.594657376149171E9","75.4","66.38","false","false","0.0074","0.0048","0.0198","2020-11-26T17:29:13.698+0000","{defaultclientid=iot-device-01, thingname=iot-device-01, thingid=983c2b68-f9a3-4e83-b3c6-9f6f8ad5431b, thingarn=arn:aws:iot:us-east-1:507441099951:thing/iot-device-01, thingtypename=null, attributes={installed=1594665292, latitude=37.4133144, longitude=-122.1513069}, version=1, billinggroupname=null}","2020-11-26 00:00:00.000"
"iot-device-03","1.5946573787283206E9","52.4","71.24","false","false","0.0079","0.0052","0.0213","2020-11-26T17:29:13.988+0000","{defaultclientid=iot-device-03, thingname=iot-device-03, thingid=877352b9-a35d-45d3-9c98-162d89965a13, thingarn=arn:aws:iot:us-east-1:507441099951:thing/iot-device-03, thingtypename=null, attributes={installed=1592562234, latitude=37.4133144, longitude=-122.1513069}, version=1, billinggroupname=null}","2020-11-26 00:00:00.000"
"iot-device-02","1.594657379386536E9","62.6","75.92","true","false","0.0068","0.0042","0.018","2020-11-26T17:29:14.283+0000","{defaultclientid=iot-device-02, thingname=iot-device-02, thingid=4ae4927a-aefb-4584-a45a-fc4839feffd6, thingarn=arn:aws:iot:us-east-1:507441099951:thing/iot-device-02, thingtypename=null, attributes={installed=1593361211, latitude=32.8205865, longitude=-96.871627}, version=1, billinggroupname=null}","2020-11-26 00:00:00.000"
"iot-device-01","1.5946573805041282E9","75.4","66.56","false","false","0.0073","0.0046","0.0194","2020-11-26T17:29:14.578+0000","{defaultclientid=iot-device-01, thingname=iot-device-01, thingid=983c2b68-f9a3-4e83-b3c6-9f6f8ad5431b, thingarn=arn:aws:iot:us-east-1:507441099951:thing/iot-device-01, thingtypename=null, attributes={installed=1594665292, latitude=37.4133144, longitude=-122.1513069}, version=1, billinggroupname=null}","2020-11-26 00:00:00.000"
"iot-device-03","1.594657382414769E9","52.5","71.42","false","false","0.0079","0.0052","0.0212","2020-11-26T17:29:14.879+0000","{defaultclientid=iot-device-03, thingname=iot-device-03, thingid=877352b9-a35d-45d3-9c98-162d89965a13, thingarn=arn:aws:iot:us-east-1:507441099951:thing/iot-device-03, thingtypename=null, attributes={installed=1592562234, latitude=37.4133144, longitude=-122.1513069}, version=1, billinggroupname=null}","2020-11-26 00:00:00.000"
"iot-device-03","1.594657386102025E9","52.5","71.42","false","false","0.0079","0.0052","0.0212","2020-11-26T17:29:15.169+0000","{defaultclientid=iot-device-03, thingname=iot-device-03, thingid=877352b9-a35d-45d3-9c98-162d89965a13, thingarn=arn:aws:iot:us-east-1:507441099951:thing/iot-device-03, thingtypename=null, attributes={installed=1592562234, latitude=37.4133144, longitude=-122.1513069}, version=1, billinggroupname=null}","2020-11-26 00:00:00.000"
"iot-device-02","1.5946573864666116E9","62.6","75.92","true","false","0.0068","0.0042","0.018","2020-11-26T17:29:15.459+0000","{defaultclientid=iot-device-02, thingname=iot-device-02, thingid=4ae4927a-aefb-4584-a45a-fc4839feffd6, thingarn=arn:aws:iot:us-east-1:507441099951:thing/iot-device-02, thingtypename=null, attributes={installed=1593361211, latitude=32.8205865, longitude=-96.871627}, version=1, billinggroupname=null}","2020-11-26 00:00:00.000"
"iot-device-01","1.5946573864679632E9","75.4","66.38","false","false","0.0073","0.0046","0.0194","2020-11-26T17:29:15.755+0000","{defaultclientid=iot-device-01, thingname=iot-device-01, thingid=983c2b68-f9a3-4e83-b3c6-9f6f8ad5431b, thingarn=arn:aws:iot:us-east-1:507441099951:thing/iot-device-01, thingtypename=null, attributes={installed=1594665292, latitude=37.4133144, longitude=-122.1513069}, version=1, billinggroupname=null}","2020-11-26 00:00:00.000"
"iot-device-03","1.5946573900380704E9","52.5","71.42","false","false","0.008","0.0053","0.0214","2020-11-26T17:29:16.051+0000","{defaultclientid=iot-device-03, thingname=iot-device-03, thingid=877352b9-a35d-45d3-9c98-162d89965a13, thingarn=arn:aws:iot:us-east-1:507441099951:thing/iot-device-03, thingtypename=null, attributes={installed=1592562234, latitude=37.4133144, longitude=-122.1513069}, version=1, billinggroupname=null}","2020-11-26 00:00:00.000"
"iot-device-02","1.594657391876895E9","62.6","75.92","true","false","0.0068","0.0042","0.018","2020-11-26T17:29:16.396+0000","{defaultclientid=iot-device-02, thingname=iot-device-02, thingid=4ae4927a-aefb-4584-a45a-fc4839feffd6, thingarn=arn:aws:iot:us-east-1:507441099951:thing/iot-device-02, thingtypename=null, attributes={installed=1593361211, latitude=32.8205865, longitude=-96.871627}, version=1, billinggroupname=null}","2020-11-26 00:00:00.000"
"iot-device-03","1.5946573937246242E9","52.5","71.42","false","false","0.008","0.0052","0.0213","2020-11-26T17:29:16.791+0000","{defaultclientid=iot-device-03, thingname=iot-device-03, thingid=877352b9-a35d-45d3-9c98-162d89965a13, thingarn=arn:aws:iot:us-east-1:507441099951:thing/iot-device-03, thingtypename=null, attributes={installed=1592562234, latitude=37.4133144, longitude=-122.1513069}, version=1, billinggroupname=null}","2020-11-26 00:00:00.000"
"iot-device-02","1.5946573956907575E9","62.8","75.92","true","false","0.0068","0.0042","0.018","2020-11-26T17:29:17.083+0000","{defaultclientid=iot-device-02, thingname=iot-device-02, thingid=4ae4927a-aefb-4584-a45a-fc4839feffd6, thingarn=arn:aws:iot:us-east-1:507441099951:thing/iot-device-02, thingtypename=null, attributes={installed=1593361211, latitude=32.8205865, longitude=-96.871627}, version=1, billinggroupname=null}","2020-11-26 00:00:00.000"
"iot-device-01","1.5946573967788901E9","75.5","66.38","false","false","0.0075","0.0048","0.02","2020-11-26T17:29:17.368+0000","{defaultclientid=iot-device-01, thingname=iot-device-01, thingid=983c2b68-f9a3-4e83-b3c6-9f6f8ad5431b, thingarn=arn:aws:iot:us-east-1:507441099951:thing/iot-device-01, thingtypename=null, attributes={installed=1594665292, latitude=37.4133144, longitude=-122.1513069}, version=1, billinggroupname=null}","2020-11-26 00:00:00.000"
"iot-device-01","1.5946590968301196E9","75.8","66.56","false","false","0.0076","0.0049","0.0202","2020-11-26T17:30:51.002+0000","{defaultclientid=iot-device-01, thingname=iot-device-01, thingid=983c2b68-f9a3-4e83-b3c6-9f6f8ad5431b, thingarn=arn:aws:iot:us-east-1:507441099951:thing/iot-device-01, thingtypename=null, attributes={installed=1594665292, latitude=37.4133144, longitude=-122.1513069}, version=1, billinggroupname=null}","2020-11-26 00:00:00.000"
"iot-device-03","1.5946590992913566E9","52.5","71.96","false","false","0.0079","0.0052","0.0213","2020-11-26T17:30:51.289+0000","{defaultclientid=iot-device-03, thingname=iot-device-03, thingid=877352b9-a35d-45d3-9c98-162d89965a13, thingarn=arn:aws:iot:us-east-1:507441099951:thing/iot-device-03, thingtypename=null, attributes={installed=1592562234, latitude=37.4133144, longitude=-122.1513069}, version=1, billinggroupname=null}","2020-11-26 00:00:00.000"
"iot-device-02","1.594659100504301E9","62.4","76.28","true","false","0.0068","0.0042","0.018","2020-11-26T17:30:51.582+0000","{defaultclientid=iot-device-02, thingname=iot-device-02, thingid=4ae4927a-aefb-4584-a45a-fc4839feffd6, thingarn=arn:aws:iot:us-east-1:507441099951:thing/iot-device-02, thingtypename=null, attributes={installed=1593361211, latitude=32.8205865, longitude=-96.871627}, version=1, billinggroupname=null}","2020-11-26 00:00:00.000"
"iot-device-03","1.5946591029775968E9","52.5","71.96","false","false","0.0079","0.0052","0.0212","2020-11-26T17:30:51.876+0000","{defaultclientid=iot-device-03, thingname=iot-device-03, thingid=877352b9-a35d-45d3-9c98-162d89965a13, thingarn=arn:aws:iot:us-east-1:507441099951:thing/iot-device-03, thingtypename=null, attributes={installed=1592562234, latitude=37.4133144, longitude=-122.1513069}, version=1, billinggroupname=null}","2020-11-26 00:00:00.000"
"iot-device-02","1.5946591053862855E9","62.4","76.28","true","false","0.0068","0.0042","0.018","2020-11-26T17:30:52.173+0000","{defaultclientid=iot-device-02, thingname=iot-device-02, thingid=4ae4927a-aefb-4584-a45a-fc4839feffd6, thingarn=arn:aws:iot:us-east-1:507441099951:thing/iot-device-02, thingtypename=null, attributes={installed=1593361211, latitude=32.8205865, longitude=-96.871627}, version=1, billinggroupname=null}","2020-11-26 00:00:00.000"
"iot-device-01","1.5946591054974992E9","75.8","66.56","false","false","0.0076","0.0049","0.0202","2020-11-26T17:30:52.477+0000","{defaultclientid=iot-device-01, thingname=iot-device-01, thingid=983c2b68-f9a3-4e83-b3c6-9f6f8ad5431b, thingarn=arn:aws:iot:us-east-1:507441099951:thing/iot-device-01, thingtypename=null, attributes={installed=1594665292, latitude=37.4133144, longitude=-122.1513069}, version=1, billinggroupname=null}","2020-11-26 00:00:00.000"
"iot-device-03","1.594659106663483E9","52.5","71.96","false","false","0.0079","0.0052","0.0211","2020-11-26T17:30:52.773+0000","{defaultclientid=iot-device-03, thingname=iot-device-03, thingid=877352b9-a35d-45d3-9c98-162d89965a13, thingarn=arn:aws:iot:us-east-1:507441099951:thing/iot-device-03, thingtypename=null, attributes={installed=1592562234, latitude=37.4133144, longitude=-122.1513069}, version=1, billinggroupname=null}","2020-11-26 00:00:00.000"
"iot-device-01","1.5946591093201852E9","75.8","66.56","false","false","0.0076","0.0049","0.0202","2020-11-26T17:30:53.070+0000","{defaultclientid=iot-device-01, thingname=iot-device-01, thingid=983c2b68-f9a3-4e83-b3c6-9f6f8ad5431b, thingarn=arn:aws:iot:us-east-1:507441099951:thing/iot-device-01, thingtypename=null, attributes={installed=1594665292, latitude=37.4133144, longitude=-122.1513069}, version=1, billinggroupname=null}","2020-11-26 00:00:00.000"
"iot-device-02","1.5946591102652175E9","62.4","76.28","true","false","0.0068","0.0042","0.018","2020-11-26T17:30:53.371+0000","{defaultclientid=iot-device-02, thingname=iot-device-02, thingid=4ae4927a-aefb-4584-a45a-fc4839feffd6, thingarn=arn:aws:iot:us-east-1:507441099951:thing/iot-device-02, thingtypename=null, attributes={installed=1593361211, latitude=32.8205865, longitude=-96.871627}, version=1, billinggroupname=null}","2020-11-26 00:00:00.000"
"iot-device-03","1.5946591103469346E9","52.4","71.96","false","false","0.008","0.0052","0.0213","2020-11-26T17:30:53.678+0000","{defaultclientid=iot-device-03, thingname=iot-device-03, thingid=877352b9-a35d-45d3-9c98-162d89965a13, thingarn=arn:aws:iot:us-east-1:507441099951:thing/iot-device-03, thingtypename=null, attributes={installed=1592562234, latitude=37.4133144, longitude=-122.1513069}, version=1, billinggroupname=null}","2020-11-26 00:00:00.000"
"iot-device-02","1.5946590072097034E9","63.6","76.28","true","false","0.0068","0.0042","0.0179","2020-11-26T17:30:35.930+0000","{defaultclientid=iot-device-02, thingname=iot-device-02, thingid=4ae4927a-aefb-4584-a45a-fc4839feffd6, thingarn=arn:aws:iot:us-east-1:507441099951:thing/iot-device-02, thingtypename=null, attributes={installed=1593361211, latitude=32.8205865, longitude=-96.871627}, version=1, billinggroupname=null}","2020-11-26 00:00:00.000"
"iot-device-03","1.5946590106978786E9","52.3","71.78","false","false","0.0079","0.0052","0.0212","2020-11-26T17:30:36.222+0000","{defaultclientid=iot-device-03, thingname=iot-device-03, thingid=877352b9-a35d-45d3-9c98-162d89965a13, thingarn=arn:aws:iot:us-east-1:507441099951:thing/iot-device-03, thingtypename=null, attributes={installed=1592562234, latitude=37.4133144, longitude=-122.1513069}, version=1, billinggroupname=null}","2020-11-26 00:00:00.000"
"iot-device-01","1.5946590127176676E9","75.7","66.56","false","false","0.0076","0.0049","0.0202","2020-11-26T17:30:36.520+0000","{defaultclientid=iot-device-01, thingname=iot-device-01, thingid=983c2b68-f9a3-4e83-b3c6-9f6f8ad5431b, thingarn=arn:aws:iot:us-east-1:507441099951:thing/iot-device-01, thingtypename=null, attributes={installed=1594665292, latitude=37.4133144, longitude=-122.1513069}, version=1, billinggroupname=null}","2020-11-26 00:00:00.000"
"iot-device-02","1.594659013689572E9","62.5","76.28","true","false","0.0068","0.0042","0.0179","2020-11-26T17:30:36.820+0000","{defaultclientid=iot-device-02, thingname=iot-device-02, thingid=4ae4927a-aefb-4584-a45a-fc4839feffd6, thingarn=arn:aws:iot:us-east-1:507441099951:thing/iot-device-02, thingtypename=null, attributes={installed=1593361211, latitude=32.8205865, longitude=-96.871627}, version=1, billinggroupname=null}","2020-11-26 00:00:00.000"
"iot-device-03","1.5946590143843198E9","52.3","71.78","false","false","0.0079","0.0052","0.0212","2020-11-26T17:30:37.123+0000","{defaultclientid=iot-device-03, thingname=iot-device-03, thingid=877352b9-a35d-45d3-9c98-162d89965a13, thingarn=arn:aws:iot:us-east-1:507441099951:thing/iot-device-03, thingtypename=null, attributes={installed=1592562234, latitude=37.4133144, longitude=-122.1513069}, version=1, billinggroupname=null}","2020-11-26 00:00:00.000"
"iot-device-02","1.594659017495598E9","62.5","76.28","true","false","0.0068","0.0042","0.0179","2020-11-26T17:30:37.431+0000","{defaultclientid=iot-device-02, thingname=iot-device-02, thingid=4ae4927a-aefb-4584-a45a-fc4839feffd6, thingarn=arn:aws:iot:us-east-1:507441099951:thing/iot-device-02, thingtypename=null, attributes={installed=1593361211, latitude=32.8205865, longitude=-96.871627}, version=1, billinggroupname=null}","2020-11-26 00:00:00.000"
"iot-device-03","1.5946590180703075E9","52.3","71.78","false","false","0.0079","0.0052","0.0212","2020-11-26T17:30:37.733+0000","{defaultclientid=iot-device-03, thingname=iot-device-03, thingid=877352b9-a35d-45d3-9c98-162d89965a13, thingarn=arn:aws:iot:us-east-1:507441099951:thing/iot-device-03, thingtypename=null, attributes={installed=1592562234, latitude=37.4133144, longitude=-122.1513069}, version=1, billinggroupname=null}","2020-11-26 00:00:00.000"
"iot-device-01","1.5946590186813672E9","75.7","66.56","false","false","0.0076","0.0049","0.0202","2020-11-26T17:30:38.032+0000","{defaultclientid=iot-device-01, thingname=iot-device-01, thingid=983c2b68-f9a3-4e83-b3c6-9f6f8ad5431b, thingarn=arn:aws:iot:us-east-1:507441099951:thing/iot-device-01, thingtypename=null, attributes={installed=1594665292, latitude=37.4133144, longitude=-122.1513069}, version=1, billinggroupname=null}","2020-11-26 00:00:00.000"
"iot-device-03","1.5946590220041795E9","52.3","71.78","false","false","0.0079","0.0052","0.0213","2020-11-26T17:30:38.329+0000","{defaultclientid=iot-device-03, thingname=iot-device-03, thingid=877352b9-a35d-45d3-9c98-162d89965a13, thingarn=arn:aws:iot:us-east-1:507441099951:thing/iot-device-03, thingtypename=null, attributes={installed=1592562234, latitude=37.4133144, longitude=-122.1513069}, version=1, billinggroupname=null}","2020-11-26 00:00:00.000"
"iot-device-03","1.59465902569069E9","52.3","71.78","false","false","0.0079","0.0052","0.0213","2020-11-26T17:30:38.620+0000","{defaultclientid=iot-device-03, thingname=iot-device-03, thingid=877352b9-a35d-45d3-9c98-162d89965a13, thingarn=arn:aws:iot:us-east-1:507441099951:thing/iot-device-03, thingtypename=null, attributes={installed=1592562234, latitude=37.4133144, longitude=-122.1513069}, version=1, billinggroupname=null}","2020-11-26 00:00:00.000"
"iot-device-03","1.5946603353836524E9","52.0","72.32","false","false","0.0079","0.0052","0.0211","2020-11-26T17:30:56.994+0000","{defaultclientid=iot-device-03, thingname=iot-device-03, thingid=877352b9-a35d-45d3-9c98-162d89965a13, thingarn=arn:aws:iot:us-east-1:507441099951:thing/iot-device-03, thingtypename=null, attributes={installed=1592562234, latitude=37.4133144, longitude=-122.1513069}, version=1, billinggroupname=null}","2020-11-26 00:00:00.000"
"iot-device-01","1.594660337148292E9","76.1","66.56","false","false","0.0076","0.0049","0.0204","2020-11-26T17:30:57.300+0000","{defaultclientid=iot-device-01, thingname=iot-device-01, thingid=983c2b68-f9a3-4e83-b3c6-9f6f8ad5431b, thingarn=arn:aws:iot:us-east-1:507441099951:thing/iot-device-01, thingtypename=null, attributes={installed=1594665292, latitude=37.4133144, longitude=-122.1513069}, version=1, billinggroupname=null}","2020-11-26 00:00:00.000"
"iot-device-03","1.594660339067741E9","52.0","72.32","false","false","0.0079","0.0052","0.0211","2020-11-26T17:30:57.600+0000","{defaultclientid=iot-device-03, thingname=iot-device-03, thingid=877352b9-a35d-45d3-9c98-162d89965a13, thingarn=arn:aws:iot:us-east-1:507441099951:thing/iot-device-03, thingtypename=null, attributes={installed=1592562234, latitude=37.4133144, longitude=-122.1513069}, version=1, billinggroupname=null}","2020-11-26 00:00:00.000"
"iot-device-02","1.5946603394822967E9","62.7","76.64","true","false","0.0068","0.0042","0.018","2020-11-26T17:30:57.908+0000","{defaultclientid=iot-device-02, thingname=iot-device-02, thingid=4ae4927a-aefb-4584-a45a-fc4839feffd6, thingarn=arn:aws:iot:us-east-1:507441099951:thing/iot-device-02, thingtypename=null, attributes={installed=1593361211, latitude=32.8205865, longitude=-96.871627}, version=1, billinggroupname=null}","2020-11-26 00:00:00.000"
"iot-device-01","1.5946603415026805E9","76.1","66.56","false","false","0.0076","0.0049","0.0203","2020-11-26T17:30:58.198+0000","{defaultclientid=iot-device-01, thingname=iot-device-01, thingid=983c2b68-f9a3-4e83-b3c6-9f6f8ad5431b, thingarn=arn:aws:iot:us-east-1:507441099951:thing/iot-device-01, thingtypename=null, attributes={installed=1594665292, latitude=37.4133144, longitude=-122.1513069}, version=1, billinggroupname=null}","2020-11-26 00:00:00.000"
"iot-device-03","1.5946603427540472E9","52.0","72.32","false","false","0.0079","0.0052","0.0211","2020-11-26T17:30:58.487+0000","{defaultclientid=iot-device-03, thingname=iot-device-03, thingid=877352b9-a35d-45d3-9c98-162d89965a13, thingarn=arn:aws:iot:us-east-1:507441099951:thing/iot-device-03, thingtypename=null, attributes={installed=1592562234, latitude=37.4133144, longitude=-122.1513069}, version=1, billinggroupname=null}","2020-11-26 00:00:00.000"
"iot-device-03","1.5946603464398205E9","52.0","72.14","false","false","0.0079","0.0052","0.0211","2020-11-26T17:30:58.797+0000","{defaultclientid=iot-device-03, thingname=iot-device-03, thingid=877352b9-a35d-45d3-9c98-162d89965a13, thingarn=arn:aws:iot:us-east-1:507441099951:thing/iot-device-03, thingtypename=null, attributes={installed=1592562234, latitude=37.4133144, longitude=-122.1513069}, version=1, billinggroupname=null}","2020-11-26 00:00:00.000"
"iot-device-01","1.5946603485362544E9","76.1","66.56","false","false","0.0076","0.0049","0.0203","2020-11-26T17:30:59.089+0000","{defaultclientid=iot-device-01, thingname=iot-device-01, thingid=983c2b68-f9a3-4e83-b3c6-9f6f8ad5431b, thingarn=arn:aws:iot:us-east-1:507441099951:thing/iot-device-01, thingtypename=null, attributes={installed=1594665292, latitude=37.4133144, longitude=-122.1513069}, version=1, billinggroupname=null}","2020-11-26 00:00:00.000"
"iot-device-03","1.5946603501246586E9","52.1","72.32","false","false","0.0079","0.0052","0.0211","2020-11-26T17:30:59.391+0000","{defaultclientid=iot-device-03, thingname=iot-device-03, thingid=877352b9-a35d-45d3-9c98-162d89965a13, thingarn=arn:aws:iot:us-east-1:507441099951:thing/iot-device-03, thingtypename=null, attributes={installed=1592562234, latitude=37.4133144, longitude=-122.1513069}, version=1, billinggroupname=null}","2020-11-26 00:00:00.000"
"iot-device-01","1.5946603534252596E9","76.1","66.56","false","false","0.0076","0.0049","0.0203","2020-11-26T17:30:59.680+0000","{defaultclientid=iot-device-01, thingname=iot-device-01, thingid=983c2b68-f9a3-4e83-b3c6-9f6f8ad5431b, thingarn=arn:aws:iot:us-east-1:507441099951:thing/iot-device-01, thingtypename=null, attributes={installed=1594665292, latitude=37.4133144, longitude=-122.1513069}, version=1, billinggroupname=null}","2020-11-26 00:00:00.000"
"iot-device-01","1.594659025719409E9","75.8","66.56","false","false","0.0076","0.0049","0.0202","2020-11-26T17:30:38.911+0000","{defaultclientid=iot-device-01, thingname=iot-device-01, thingid=983c2b68-f9a3-4e83-b3c6-9f6f8ad5431b, thingarn=arn:aws:iot:us-east-1:507441099951:thing/iot-device-01, thingtypename=null, attributes={installed=1594665292, latitude=37.4133144, longitude=-122.1513069}, version=1, billinggroupname=null}","2020-11-26 00:00:00.000"
"iot-device-02","1.59465902664881E9","62.6","76.28","true","false","0.0068","0.0042","0.018","2020-11-26T17:30:39.202+0000","{defaultclientid=iot-device-02, thingname=iot-device-02, thingid=4ae4927a-aefb-4584-a45a-fc4839feffd6, thingarn=arn:aws:iot:us-east-1:507441099951:thing/iot-device-02, thingtypename=null, attributes={installed=1593361211, latitude=32.8205865, longitude=-96.871627}, version=1, billinggroupname=null}","2020-11-26 00:00:00.000"
"iot-device-03","1.5946590293696654E9","52.3","71.78","false","false","0.0079","0.0052","0.0212","2020-11-26T17:30:39.508+0000","{defaultclientid=iot-device-03, thingname=iot-device-03, thingid=877352b9-a35d-45d3-9c98-162d89965a13, thingarn=arn:aws:iot:us-east-1:507441099951:thing/iot-device-03, thingtypename=null, attributes={installed=1592562234, latitude=37.4133144, longitude=-122.1513069}, version=1, billinggroupname=null}","2020-11-26 00:00:00.000"
"iot-device-01","1.594659032224281E9","75.7","66.56","false","false","0.0076","0.0049","0.0202","2020-11-26T17:30:39.809+0000","{defaultclientid=iot-device-01, thingname=iot-device-01, thingid=983c2b68-f9a3-4e83-b3c6-9f6f8ad5431b, thingarn=arn:aws:iot:us-east-1:507441099951:thing/iot-device-01, thingtypename=null, attributes={installed=1594665292, latitude=37.4133144, longitude=-122.1513069}, version=1, billinggroupname=null}","2020-11-26 00:00:00.000"
"iot-device-03","1.5946590330558672E9","52.4","71.96","false","false","0.008","0.0052","0.0213","2020-11-26T17:30:40.111+0000","{defaultclientid=iot-device-03, thingname=iot-device-03, thingid=877352b9-a35d-45d3-9c98-162d89965a13, thingarn=arn:aws:iot:us-east-1:507441099951:thing/iot-device-03, thingtypename=null, attributes={installed=1592562234, latitude=37.4133144, longitude=-122.1513069}, version=1, billinggroupname=null}","2020-11-26 00:00:00.000"
"iot-device-02","1.5946590358072436E9","62.5","76.28","true","false","0.0068","0.0042","0.018","2020-11-26T17:30:40.412+0000","{defaultclientid=iot-device-02, thingname=iot-device-02, thingid=4ae4927a-aefb-4584-a45a-fc4839feffd6, thingarn=arn:aws:iot:us-east-1:507441099951:thing/iot-device-02, thingtypename=null, attributes={installed=1593361211, latitude=32.8205865, longitude=-96.871627}, version=1, billinggroupname=null}","2020-11-26 00:00:00.000"
"iot-device-03","1.5946590367412894E9","52.3","71.78","false","false","0.0079","0.0052","0.0212","2020-11-26T17:30:40.714+0000","{defaultclientid=iot-device-03, thingname=iot-device-03, thingid=877352b9-a35d-45d3-9c98-162d89965a13, thingarn=arn:aws:iot:us-east-1:507441099951:thing/iot-device-03, thingtypename=null, attributes={installed=1592562234, latitude=37.4133144, longitude=-122.1513069}, version=1, billinggroupname=null}","2020-11-26 00:00:00.000"
"iot-device-01","1.5946590387259653E9","75.7","66.56","false","false","0.0076","0.0049","0.0202","2020-11-26T17:30:41.011+0000","{defaultclientid=iot-device-01, thingname=iot-device-01, thingid=983c2b68-f9a3-4e83-b3c6-9f6f8ad5431b, thingarn=arn:aws:iot:us-east-1:507441099951:thing/iot-device-01, thingtypename=null, attributes={installed=1594665292, latitude=37.4133144, longitude=-122.1513069}, version=1, billinggroupname=null}","2020-11-26 00:00:00.000"
"iot-device-03","1.594659040422239E9","52.4","71.96","false","false","0.0079","0.0052","0.0211","2020-11-26T17:30:41.302+0000","{defaultclientid=iot-device-03, thingname=iot-device-03, thingid=877352b9-a35d-45d3-9c98-162d89965a13, thingarn=arn:aws:iot:us-east-1:507441099951:thing/iot-device-03, thingtypename=null, attributes={installed=1592562234, latitude=37.4133144, longitude=-122.1513069}, version=1, billinggroupname=null}","2020-11-26 00:00:00.000"
"iot-device-02","1.5946590422859726E9","62.5","76.28","true","false","0.0068","0.0042","0.0181","2020-11-26T17:30:41.601+0000","{defaultclientid=iot-device-02, thingname=iot-device-02, thingid=4ae4927a-aefb-4584-a45a-fc4839feffd6, thingarn=arn:aws:iot:us-east-1:507441099951:thing/iot-device-02, thingtypename=null, attributes={installed=1593361211, latitude=32.8205865, longitude=-96.871627}, version=1, billinggroupname=null}","2020-11-26 00:00:00.000"
"iot-device-03","1.5946590441084766E9","52.4","71.96","false","false","0.008","0.0052","0.0213","2020-11-26T17:30:41.890+0000","{defaultclientid=iot-device-03, thingname=iot-device-03, thingid=877352b9-a35d-45d3-9c98-162d89965a13, thingarn=arn:aws:iot:us-east-1:507441099951:thing/iot-device-03, thingtypename=null, attributes={installed=1592562234, latitude=37.4133144, longitude=-122.1513069}, version=1, billinggroupname=null}","2020-11-26 00:00:00.000"
"iot-device-01","1.5946590468403986E9","75.7","66.56","false","false","0.0076","0.0049","0.0202","2020-11-26T17:30:42.190+0000","{defaultclientid=iot-device-01, thingname=iot-device-01, thingid=983c2b68-f9a3-4e83-b3c6-9f6f8ad5431b, thingarn=arn:aws:iot:us-east-1:507441099951:thing/iot-device-01, thingtypename=null, attributes={installed=1594665292, latitude=37.4133144, longitude=-122.1513069}, version=1, billinggroupname=null}","2020-11-26 00:00:00.000"
"iot-device-03","1.5946590477945476E9","52.4","71.96","false","false","0.0079","0.0052","0.0212","2020-11-26T17:30:42.509+0000","{defaultclientid=iot-device-03, thingname=iot-device-03, thingid=877352b9-a35d-45d3-9c98-162d89965a13, thingarn=arn:aws:iot:us-east-1:507441099951:thing/iot-device-03, thingtypename=null, attributes={installed=1592562234, latitude=37.4133144, longitude=-122.1513069}, version=1, billinggroupname=null}","2020-11-26 00:00:00.000"
"iot-device-01","1.5946590511955972E9","75.7","66.56","false","false","0.0075","0.0048","0.02","2020-11-26T17:30:42.816+0000","{defaultclientid=iot-device-01, thingname=iot-device-01, thingid=983c2b68-f9a3-4e83-b3c6-9f6f8ad5431b, thingarn=arn:aws:iot:us-east-1:507441099951:thing/iot-device-01, thingtypename=null, attributes={installed=1594665292, latitude=37.4133144, longitude=-122.1513069}, version=1, billinggroupname=null}","2020-11-26 00:00:00.000"
"iot-device-03","1.5946590514805074E9","52.4","71.96","false","false","0.0079","0.0052","0.0211","2020-11-26T17:30:43.111+0000","{defaultclientid=iot-device-03, thingname=iot-device-03, thingid=877352b9-a35d-45d3-9c98-162d89965a13, thingarn=arn:aws:iot:us-east-1:507441099951:thing/iot-device-03, thingtypename=null, attributes={installed=1592562234, latitude=37.4133144, longitude=-122.1513069}, version=1, billinggroupname=null}","2020-11-26 00:00:00.000"
"iot-device-03","1.5946590551662214E9","52.4","71.96","false","false","0.0079","0.0052","0.0212","2020-11-26T17:30:43.408+0000","{defaultclientid=iot-device-03, thingname=iot-device-03, thingid=877352b9-a35d-45d3-9c98-162d89965a13, thingarn=arn:aws:iot:us-east-1:507441099951:thing/iot-device-03, thingtypename=null, attributes={installed=1592562234, latitude=37.4133144, longitude=-122.1513069}, version=1, billinggroupname=null}","2020-11-26 00:00:00.000"
"iot-device-01","1.5946590571768012E9","75.7","66.56","false","false","0.0076","0.0049","0.0202","2020-11-26T17:30:43.720+0000","{defaultclientid=iot-device-01, thingname=iot-device-01, thingid=983c2b68-f9a3-4e83-b3c6-9f6f8ad5431b, thingarn=arn:aws:iot:us-east-1:507441099951:thing/iot-device-01, thingtypename=null, attributes={installed=1594665292, latitude=37.4133144, longitude=-122.1513069}, version=1, billinggroupname=null}","2020-11-26 00:00:00.000"
"iot-device-03","1.594659058852101E9","52.4","71.96","false","false","0.0079","0.0052","0.0212","2020-11-26T17:30:44.019+0000","{defaultclientid=iot-device-03, thingname=iot-device-03, thingid=877352b9-a35d-45d3-9c98-162d89965a13, thingarn=arn:aws:iot:us-east-1:507441099951:thing/iot-device-03, thingtypename=null, attributes={installed=1592562234, latitude=37.4133144, longitude=-122.1513069}, version=1, billinggroupname=null}","2020-11-26 00:00:00.000"
"iot-device-02","1.5946590608004882E9","62.4","76.28","true","false","0.0068","0.0042","0.018","2020-11-26T17:30:44.321+0000","{defaultclientid=iot-device-02, thingname=iot-device-02, thingid=4ae4927a-aefb-4584-a45a-fc4839feffd6, thingarn=arn:aws:iot:us-east-1:507441099951:thing/iot-device-02, thingtypename=null, attributes={installed=1593361211, latitude=32.8205865, longitude=-96.871627}, version=1, billinggroupname=null}","2020-11-26 00:00:00.000"
"iot-device-03","1.5946590625374372E9","52.4","71.96","false","false","0.0079","0.0052","0.0212","2020-11-26T17:30:44.631+0000","{defaultclientid=iot-device-03, thingname=iot-device-03, thingid=877352b9-a35d-45d3-9c98-162d89965a13, thingarn=arn:aws:iot:us-east-1:507441099951:thing/iot-device-03, thingtypename=null, attributes={installed=1592562234, latitude=37.4133144, longitude=-122.1513069}, version=1, billinggroupname=null}","2020-11-26 00:00:00.000"
"iot-device-02","1.5946590651626337E9","62.4","76.28","true","false","0.0068","0.0042","0.018","2020-11-26T17:30:44.929+0000","{defaultclientid=iot-device-02, thingname=iot-device-02, thingid=4ae4927a-aefb-4584-a45a-fc4839feffd6, thingarn=arn:aws:iot:us-east-1:507441099951:thing/iot-device-02, thingtypename=null, attributes={installed=1593361211, latitude=32.8205865, longitude=-96.871627}, version=1, billinggroupname=null}","2020-11-26 00:00:00.000"
"iot-device-01","1.5946590652844045E9","75.7","66.56","false","false","0.0076","0.0049","0.0202","2020-11-26T17:30:45.232+0000","{defaultclientid=iot-device-01, thingname=iot-device-01, thingid=983c2b68-f9a3-4e83-b3c6-9f6f8ad5431b, thingarn=arn:aws:iot:us-east-1:507441099951:thing/iot-device-01, thingtypename=null, attributes={installed=1594665292, latitude=37.4133144, longitude=-122.1513069}, version=1, billinggroupname=null}","2020-11-26 00:00:00.000"
"iot-device-03","1.594659066118333E9","52.4","71.96","false","false","0.0079","0.0052","0.0212","2020-11-26T17:30:45.542+0000","{defaultclientid=iot-device-03, thingname=iot-device-03, thingid=877352b9-a35d-45d3-9c98-162d89965a13, thingarn=arn:aws:iot:us-east-1:507441099951:thing/iot-device-03, thingtypename=null, attributes={installed=1592562234, latitude=37.4133144, longitude=-122.1513069}, version=1, billinggroupname=null}","2020-11-26 00:00:00.000"
"iot-device-03","1.594659069805079E9","52.5","71.96","false","false","0.0079","0.0052","0.0212","2020-11-26T17:30:45.840+0000","{defaultclientid=iot-device-03, thingname=iot-device-03, thingid=877352b9-a35d-45d3-9c98-162d89965a13, thingarn=arn:aws:iot:us-east-1:507441099951:thing/iot-device-03, thingtypename=null, attributes={installed=1592562234, latitude=37.4133144, longitude=-122.1513069}, version=1, billinggroupname=null}","2020-11-26 00:00:00.000"
"iot-device-02","1.594659072183415E9","62.4","76.28","true","false","0.0068","0.0042","0.0181","2020-11-26T17:30:46.133+0000","{defaultclientid=iot-device-02, thingname=iot-device-02, thingid=4ae4927a-aefb-4584-a45a-fc4839feffd6, thingarn=arn:aws:iot:us-east-1:507441099951:thing/iot-device-02, thingtypename=null, attributes={installed=1593361211, latitude=32.8205865, longitude=-96.871627}, version=1, billinggroupname=null}","2020-11-26 00:00:00.000"
"iot-device-01","1.5946590723735769E9","75.7","66.56","false","false","0.0076","0.0049","0.0202","2020-11-26T17:30:46.432+0000","{defaultclientid=iot-device-01, thingname=iot-device-01, thingid=983c2b68-f9a3-4e83-b3c6-9f6f8ad5431b, thingarn=arn:aws:iot:us-east-1:507441099951:thing/iot-device-01, thingtypename=null, attributes={installed=1594665292, latitude=37.4133144, longitude=-122.1513069}, version=1, billinggroupname=null}","2020-11-26 00:00:00.000"
"iot-device-03","1.594659073491128E9","52.5","71.96","false","false","0.0079","0.0052","0.0212","2020-11-26T17:30:46.748+0000","{defaultclientid=iot-device-03, thingname=iot-device-03, thingid=877352b9-a35d-45d3-9c98-162d89965a13, thingarn=arn:aws:iot:us-east-1:507441099951:thing/iot-device-03, thingtypename=null, attributes={installed=1592562234, latitude=37.4133144, longitude=-122.1513069}, version=1, billinggroupname=null}","2020-11-26 00:00:00.000"
"iot-device-01","1.5946590767284918E9","75.8","66.56","false","false","0.0076","0.0049","0.0202","2020-11-26T17:30:47.051+0000","{defaultclientid=iot-device-01, thingname=iot-device-01, thingid=983c2b68-f9a3-4e83-b3c6-9f6f8ad5431b, thingarn=arn:aws:iot:us-east-1:507441099951:thing/iot-device-01, thingtypename=null, attributes={installed=1594665292, latitude=37.4133144, longitude=-122.1513069}, version=1, billinggroupname=null}","2020-11-26 00:00:00.000"
"iot-device-03","1.5946590771772282E9","52.5","71.96","false","false","0.0079","0.0052","0.0211","2020-11-26T17:30:47.355+0000","{defaultclientid=iot-device-03, thingname=iot-device-03, thingid=877352b9-a35d-45d3-9c98-162d89965a13, thingarn=arn:aws:iot:us-east-1:507441099951:thing/iot-device-03, thingtypename=null, attributes={installed=1592562234, latitude=37.4133144, longitude=-122.1513069}, version=1, billinggroupname=null}","2020-11-26 00:00:00.000"
"iot-device-03","1.5946590808621502E9","52.5","71.96","false","false","0.0079","0.0052","0.0212","2020-11-26T17:30:47.660+0000","{defaultclientid=iot-device-03, thingname=iot-device-03, thingid=877352b9-a35d-45d3-9c98-162d89965a13, thingarn=arn:aws:iot:us-east-1:507441099951:thing/iot-device-03, thingtypename=null, attributes={installed=1592562234, latitude=37.4133144, longitude=-122.1513069}, version=1, billinggroupname=null}","2020-11-26 00:00:00.000"
"iot-device-03","1.594658973598301E9","52.5","71.78","false","false","0.008","0.0053","0.0213","2020-11-26T17:30:29.962+0000","{defaultclientid=iot-device-03, thingname=iot-device-03, thingid=877352b9-a35d-45d3-9c98-162d89965a13, thingarn=arn:aws:iot:us-east-1:507441099951:thing/iot-device-03, thingtypename=null, attributes={installed=1592562234, latitude=37.4133144, longitude=-122.1513069}, version=1, billinggroupname=null}","2020-11-26 00:00:00.000"
"iot-device-01","1.5946589747795925E9","75.7","66.56","false","false","0.0076","0.0049","0.0202","2020-11-26T17:30:30.261+0000","{defaultclientid=iot-device-01, thingname=iot-device-01, thingid=983c2b68-f9a3-4e83-b3c6-9f6f8ad5431b, thingarn=arn:aws:iot:us-east-1:507441099951:thing/iot-device-01, thingtypename=null, attributes={installed=1594665292, latitude=37.4133144, longitude=-122.1513069}, version=1, billinggroupname=null}","2020-11-26 00:00:00.000"
"iot-device-02","1.5946589761138318E9","62.5","76.28","true","false","0.0068","0.0042","0.018","2020-11-26T17:30:30.568+0000","{defaultclientid=iot-device-02, thingname=iot-device-02, thingid=4ae4927a-aefb-4584-a45a-fc4839feffd6, thingarn=arn:aws:iot:us-east-1:507441099951:thing/iot-device-02, thingtypename=null, attributes={installed=1593361211, latitude=32.8205865, longitude=-96.871627}, version=1, billinggroupname=null}","2020-11-26 00:00:00.000"
"iot-device-03","1.594658977284592E9","52.4","71.78","false","false","0.0079","0.0052","0.0212","2020-11-26T17:30:30.872+0000","{defaultclientid=iot-device-03, thingname=iot-device-03, thingid=877352b9-a35d-45d3-9c98-162d89965a13, thingarn=arn:aws:iot:us-east-1:507441099951:thing/iot-device-03, thingtypename=null, attributes={installed=1592562234, latitude=37.4133144, longitude=-122.1513069}, version=1, billinggroupname=null}","2020-11-26 00:00:00.000"
"iot-device-01","1.5946589802001493E9","75.8","66.56","false","false","0.0076","0.0049","0.0202","2020-11-26T17:30:31.160+0000","{defaultclientid=iot-device-01, thingname=iot-device-01, thingid=983c2b68-f9a3-4e83-b3c6-9f6f8ad5431b, thingarn=arn:aws:iot:us-east-1:507441099951:thing/iot-device-01, thingtypename=null, attributes={installed=1594665292, latitude=37.4133144, longitude=-122.1513069}, version=1, billinggroupname=null}","2020-11-26 00:00:00.000"
"iot-device-03","1.5946589809634914E9","52.4","71.78","false","false","0.0079","0.0052","0.0212","2020-11-26T17:30:31.462+0000","{defaultclientid=iot-device-03, thingname=iot-device-03, thingid=877352b9-a35d-45d3-9c98-162d89965a13, thingarn=arn:aws:iot:us-east-1:507441099951:thing/iot-device-03, thingtypename=null, attributes={installed=1592562234, latitude=37.4133144, longitude=-122.1513069}, version=1, billinggroupname=null}","2020-11-26 00:00:00.000"
"iot-device-02","1.5946589815258822E9","62.5","76.28","true","false","0.0068","0.0042","0.018","2020-11-26T17:30:31.760+0000","{defaultclientid=iot-device-02, thingname=iot-device-02, thingid=4ae4927a-aefb-4584-a45a-fc4839feffd6, thingarn=arn:aws:iot:us-east-1:507441099951:thing/iot-device-02, thingtypename=null, attributes={installed=1593361211, latitude=32.8205865, longitude=-96.871627}, version=1, billinggroupname=null}","2020-11-26 00:00:00.000"
"iot-device-03","1.5946589846495626E9","52.4","71.78","false","false","0.0079","0.0052","0.0212","2020-11-26T17:30:32.050+0000","{defaultclientid=iot-device-03, thingname=iot-device-03, thingid=877352b9-a35d-45d3-9c98-162d89965a13, thingarn=arn:aws:iot:us-east-1:507441099951:thing/iot-device-03, thingtypename=null, attributes={installed=1592562234, latitude=37.4133144, longitude=-122.1513069}, version=1, billinggroupname=null}","2020-11-26 00:00:00.000"
"iot-device-02","1.594658986408483E9","62.8","76.28","true","false","0.0068","0.0042","0.018","2020-11-26T17:30:32.369+0000","{defaultclientid=iot-device-02, thingname=iot-device-02, thingid=4ae4927a-aefb-4584-a45a-fc4839feffd6, thingarn=arn:aws:iot:us-east-1:507441099951:thing/iot-device-02, thingtypename=null, attributes={installed=1593361211, latitude=32.8205865, longitude=-96.871627}, version=1, billinggroupname=null}","2020-11-26 00:00:00.000"
"iot-device-03","1.5946589883355687E9","52.4","71.78","false","false","0.0079","0.0052","0.0212","2020-11-26T17:30:32.670+0000","{defaultclientid=iot-device-03, thingname=iot-device-03, thingid=877352b9-a35d-45d3-9c98-162d89965a13, thingarn=arn:aws:iot:us-east-1:507441099951:thing/iot-device-03, thingtypename=null, attributes={installed=1592562234, latitude=37.4133144, longitude=-122.1513069}, version=1, billinggroupname=null}","2020-11-26 00:00:00.000"
"iot-device-01","1.5946590810776556E9","75.9","66.74","false","false","0.0076","0.0049","0.0202","2020-11-26T17:30:47.963+0000","{defaultclientid=iot-device-01, thingname=iot-device-01, thingid=983c2b68-f9a3-4e83-b3c6-9f6f8ad5431b, thingarn=arn:aws:iot:us-east-1:507441099951:thing/iot-device-01, thingtypename=null, attributes={installed=1594665292, latitude=37.4133144, longitude=-122.1513069}, version=1, billinggroupname=null}","2020-11-26 00:00:00.000"
"iot-device-03","1.5946590845480585E9","52.5","71.96","false","false","0.0079","0.0052","0.0213","2020-11-26T17:30:48.262+0000","{defaultclientid=iot-device-03, thingname=iot-device-03, thingid=877352b9-a35d-45d3-9c98-162d89965a13, thingarn=arn:aws:iot:us-east-1:507441099951:thing/iot-device-03, thingtypename=null, attributes={installed=1592562234, latitude=37.4133144, longitude=-122.1513069}, version=1, billinggroupname=null}","2020-11-26 00:00:00.000"
"iot-device-01","1.5946590854289765E9","75.8","66.56","false","false","0.0076","0.0049","0.0202","2020-11-26T17:30:48.552+0000","{defaultclientid=iot-device-01, thingname=iot-device-01, thingid=983c2b68-f9a3-4e83-b3c6-9f6f8ad5431b, thingarn=arn:aws:iot:us-east-1:507441099951:thing/iot-device-01, thingtypename=null, attributes={installed=1594665292, latitude=37.4133144, longitude=-122.1513069}, version=1, billinggroupname=null}","2020-11-26 00:00:00.000"
"iot-device-02","1.5946590858705082E9","62.4","76.28","true","false","0.0068","0.0042","0.018","2020-11-26T17:30:48.850+0000","{defaultclientid=iot-device-02, thingname=iot-device-02, thingid=4ae4927a-aefb-4584-a45a-fc4839feffd6, thingarn=arn:aws:iot:us-east-1:507441099951:thing/iot-device-02, thingtypename=null, attributes={installed=1593361211, latitude=32.8205865, longitude=-96.871627}, version=1, billinggroupname=null}","2020-11-26 00:00:00.000"
"iot-device-03","1.5946590882339194E9","52.5","71.96","false","false","0.0079","0.0052","0.0212","2020-11-26T17:30:49.154+0000","{defaultclientid=iot-device-03, thingname=iot-device-03, thingid=877352b9-a35d-45d3-9c98-162d89965a13, thingarn=arn:aws:iot:us-east-1:507441099951:thing/iot-device-03, thingtypename=null, attributes={installed=1592562234, latitude=37.4133144, longitude=-122.1513069}, version=1, billinggroupname=null}","2020-11-26 00:00:00.000"
"iot-device-01","1.5946590897923148E9","75.9","66.74","false","false","0.0076","0.0049","0.0202","2020-11-26T17:30:49.452+0000","{defaultclientid=iot-device-01, thingname=iot-device-01, thingid=983c2b68-f9a3-4e83-b3c6-9f6f8ad5431b, thingarn=arn:aws:iot:us-east-1:507441099951:thing/iot-device-01, thingtypename=null, attributes={installed=1594665292, latitude=37.4133144, longitude=-122.1513069}, version=1, billinggroupname=null}","2020-11-26 00:00:00.000"
"iot-device-02","1.594659091282741E9","62.4","76.28","true","false","0.0068","0.0042","0.018","2020-11-26T17:30:49.766+0000","{defaultclientid=iot-device-02, thingname=iot-device-02, thingid=4ae4927a-aefb-4584-a45a-fc4839feffd6, thingarn=arn:aws:iot:us-east-1:507441099951:thing/iot-device-02, thingtypename=null, attributes={installed=1593361211, latitude=32.8205865, longitude=-96.871627}, version=1, billinggroupname=null}","2020-11-26 00:00:00.000"
"iot-device-03","1.5946590919199347E9","52.5","71.96","false","false","0.008","0.0052","0.0213","2020-11-26T17:30:50.112+0000","{defaultclientid=iot-device-03, thingname=iot-device-03, thingid=877352b9-a35d-45d3-9c98-162d89965a13, thingarn=arn:aws:iot:us-east-1:507441099951:thing/iot-device-03, thingtypename=null, attributes={installed=1592562234, latitude=37.4133144, longitude=-122.1513069}, version=1, billinggroupname=null}","2020-11-26 00:00:00.000"
"iot-device-03","1.5946590956052675E9","52.5","71.96","false","false","0.0079","0.0052","0.0213","2020-11-26T17:30:50.401+0000","{defaultclientid=iot-device-03, thingname=iot-device-03, thingid=877352b9-a35d-45d3-9c98-162d89965a13, thingarn=arn:aws:iot:us-east-1:507441099951:thing/iot-device-03, thingtypename=null, attributes={installed=1592562234, latitude=37.4133144, longitude=-122.1513069}, version=1, billinggroupname=null}","2020-11-26 00:00:00.000"
"iot-device-02","1.594659096159666E9","62.4","76.28","true","false","0.0068","0.0042","0.018","2020-11-26T17:30:50.706+0000","{defaultclientid=iot-device-02, thingname=iot-device-02, thingid=4ae4927a-aefb-4584-a45a-fc4839feffd6, thingarn=arn:aws:iot:us-east-1:507441099951:thing/iot-device-02, thingtypename=null, attributes={installed=1593361211, latitude=32.8205865, longitude=-96.871627}, version=1, billinggroupname=null}","2020-11-26 00:00:00.000"
"iot-device-03","1.5946591140339758E9","52.4","71.96","false","false","0.0079","0.0052","0.0211","2020-11-26T17:30:54.024+0000","{defaultclientid=iot-device-03, thingname=iot-device-03, thingid=877352b9-a35d-45d3-9c98-162d89965a13, thingarn=arn:aws:iot:us-east-1:507441099951:thing/iot-device-03, thingtypename=null, attributes={installed=1592562234, latitude=37.4133144, longitude=-122.1513069}, version=1, billinggroupname=null}","2020-11-26 00:00:00.000"
"iot-device-01","1.594659114744898E9","75.8","66.56","false","false","0.0076","0.0049","0.0202","2020-11-26T17:30:54.309+0000","{defaultclientid=iot-device-01, thingname=iot-device-01, thingid=983c2b68-f9a3-4e83-b3c6-9f6f8ad5431b, thingarn=arn:aws:iot:us-east-1:507441099951:thing/iot-device-01, thingtypename=null, attributes={installed=1594665292, latitude=37.4133144, longitude=-122.1513069}, version=1, billinggroupname=null}","2020-11-26 00:00:00.000"
"iot-device-02","1.5946591156798458E9","62.4","76.28","true","false","0.0068","0.0042","0.0181","2020-11-26T17:30:54.602+0000","{defaultclientid=iot-device-02, thingname=iot-device-02, thingid=4ae4927a-aefb-4584-a45a-fc4839feffd6, thingarn=arn:aws:iot:us-east-1:507441099951:thing/iot-device-02, thingtypename=null, attributes={installed=1593361211, latitude=32.8205865, longitude=-96.871627}, version=1, billinggroupname=null}","2020-11-26 00:00:00.000"
"iot-device-03","1.5946591177199955E9","52.4","71.96","false","false","0.0079","0.0052","0.0212","2020-11-26T17:30:54.899+0000","{defaultclientid=iot-device-03, thingname=iot-device-03, thingid=877352b9-a35d-45d3-9c98-162d89965a13, thingarn=arn:aws:iot:us-east-1:507441099951:thing/iot-device-03, thingtypename=null, attributes={installed=1592562234, latitude=37.4133144, longitude=-122.1513069}, version=1, billinggroupname=null}","2020-11-26 00:00:00.000"
"iot-device-01","1.5946603251948085E9","76.1","66.56","false","false","0.0076","0.0049","0.0203","2020-11-26T17:30:55.192+0000","{defaultclientid=iot-device-01, thingname=iot-device-01, thingid=983c2b68-f9a3-4e83-b3c6-9f6f8ad5431b, thingarn=arn:aws:iot:us-east-1:507441099951:thing/iot-device-01, thingtypename=null, attributes={installed=1594665292, latitude=37.4133144, longitude=-122.1513069}, version=1, billinggroupname=null}","2020-11-26 00:00:00.000"
"iot-device-03","1.5946603280125682E9","52.0","72.32","false","false","0.0079","0.0052","0.0211","2020-11-26T17:30:55.491+0000","{defaultclientid=iot-device-03, thingname=iot-device-03, thingid=877352b9-a35d-45d3-9c98-162d89965a13, thingarn=arn:aws:iot:us-east-1:507441099951:thing/iot-device-03, thingtypename=null, attributes={installed=1592562234, latitude=37.4133144, longitude=-122.1513069}, version=1, billinggroupname=null}","2020-11-26 00:00:00.000"
"iot-device-02","1.5946603291922822E9","62.7","76.64","true","false","0.0068","0.0042","0.018","2020-11-26T17:30:55.791+0000","{defaultclientid=iot-device-02, thingname=iot-device-02, thingid=4ae4927a-aefb-4584-a45a-fc4839feffd6, thingarn=arn:aws:iot:us-east-1:507441099951:thing/iot-device-02, thingtypename=null, attributes={installed=1593361211, latitude=32.8205865, longitude=-96.871627}, version=1, billinggroupname=null}","2020-11-26 00:00:00.000"
"iot-device-01","1.5946603295462315E9","76.1","66.56","false","false","0.0076","0.0049","0.0202","2020-11-26T17:30:56.082+0000","{defaultclientid=iot-device-01, thingname=iot-device-01, thingid=983c2b68-f9a3-4e83-b3c6-9f6f8ad5431b, thingarn=arn:aws:iot:us-east-1:507441099951:thing/iot-device-01, thingtypename=null, attributes={installed=1594665292, latitude=37.4133144, longitude=-122.1513069}, version=1, billinggroupname=null}","2020-11-26 00:00:00.000"
"iot-device-03","1.594660331697245E9","52.0","72.14","false","false","0.0079","0.0052","0.0211","2020-11-26T17:30:56.379+0000","{defaultclientid=iot-device-03, thingname=iot-device-03, thingid=877352b9-a35d-45d3-9c98-162d89965a13, thingarn=arn:aws:iot:us-east-1:507441099951:thing/iot-device-03, thingtypename=null, attributes={installed=1592562234, latitude=37.4133144, longitude=-122.1513069}, version=1, billinggroupname=null}","2020-11-26 00:00:00.000"
"iot-device-02","1.594660334602663E9","62.7","76.64","true","false","0.0068","0.0042","0.018","2020-11-26T17:30:56.694+0000","{defaultclientid=iot-device-02, thingname=iot-device-02, thingid=4ae4927a-aefb-4584-a45a-fc4839feffd6, thingarn=arn:aws:iot:us-east-1:507441099951:thing/iot-device-02, thingtypename=null, attributes={installed=1593361211, latitude=32.8205865, longitude=-96.871627}, version=1, billinggroupname=null}","2020-11-26 00:00:00.000"
"iot-device-01","1.5946589893874495E9","75.7","66.56","false","false","0.0076","0.0049","0.0202","2020-11-26T17:30:32.963+0000","{defaultclientid=iot-device-01, thingname=iot-device-01, thingid=983c2b68-f9a3-4e83-b3c6-9f6f8ad5431b, thingarn=arn:aws:iot:us-east-1:507441099951:thing/iot-device-01, thingtypename=null, attributes={installed=1594665292, latitude=37.4133144, longitude=-122.1513069}, version=1, billinggroupname=null}","2020-11-26 00:00:00.000"
"iot-device-02","1.5946589902160606E9","62.5","76.28","true","false","0.0068","0.0042","0.018","2020-11-26T17:30:33.264+0000","{defaultclientid=iot-device-02, thingname=iot-device-02, thingid=4ae4927a-aefb-4584-a45a-fc4839feffd6, thingarn=arn:aws:iot:us-east-1:507441099951:thing/iot-device-02, thingtypename=null, attributes={installed=1593361211, latitude=32.8205865, longitude=-96.871627}, version=1, billinggroupname=null}","2020-11-26 00:00:00.000"
"iot-device-03","1.5946589920213945E9","52.4","71.78","false","false","0.008","0.0052","0.0213","2020-11-26T17:30:33.562+0000","{defaultclientid=iot-device-03, thingname=iot-device-03, thingid=877352b9-a35d-45d3-9c98-162d89965a13, thingarn=arn:aws:iot:us-east-1:507441099951:thing/iot-device-03, thingtypename=null, attributes={installed=1592562234, latitude=37.4133144, longitude=-122.1513069}, version=1, billinggroupname=null}","2020-11-26 00:00:00.000"
"iot-device-03","1.5946589957062356E9","52.4","71.78","false","false","0.0079","0.0052","0.0212","2020-11-26T17:30:33.869+0000","{defaultclientid=iot-device-03, thingname=iot-device-03, thingid=877352b9-a35d-45d3-9c98-162d89965a13, thingarn=arn:aws:iot:us-east-1:507441099951:thing/iot-device-03, thingtypename=null, attributes={installed=1592562234, latitude=37.4133144, longitude=-122.1513069}, version=1, billinggroupname=null}","2020-11-26 00:00:00.000"
"iot-device-01","1.5946589959001846E9","75.7","66.56","false","false","0.0075","0.0048","0.02","2020-11-26T17:30:34.175+0000","{defaultclientid=iot-device-01, thingname=iot-device-01, thingid=983c2b68-f9a3-4e83-b3c6-9f6f8ad5431b, thingarn=arn:aws:iot:us-east-1:507441099951:thing/iot-device-01, thingtypename=null, attributes={installed=1594665292, latitude=37.4133144, longitude=-122.1513069}, version=1, billinggroupname=null}","2020-11-26 00:00:00.000"
"iot-device-03","1.5946589996395216E9","52.4","71.78","false","false","0.0079","0.0052","0.0213","2020-11-26T17:30:34.480+0000","{defaultclientid=iot-device-03, thingname=iot-device-03, thingid=877352b9-a35d-45d3-9c98-162d89965a13, thingarn=arn:aws:iot:us-east-1:507441099951:thing/iot-device-03, thingtypename=null, attributes={installed=1592562234, latitude=37.4133144, longitude=-122.1513069}, version=1, billinggroupname=null}","2020-11-26 00:00:00.000"
"iot-device-01","1.5946590013299534E9","75.8","66.56","false","false","0.0076","0.0049","0.0202","2020-11-26T17:30:34.770+0000","{defaultclientid=iot-device-01, thingname=iot-device-01, thingid=983c2b68-f9a3-4e83-b3c6-9f6f8ad5431b, thingarn=arn:aws:iot:us-east-1:507441099951:thing/iot-device-01, thingtypename=null, attributes={installed=1594665292, latitude=37.4133144, longitude=-122.1513069}, version=1, billinggroupname=null}","2020-11-26 00:00:00.000"
"iot-device-02","1.5946590028361518E9","62.5","76.28","true","false","0.0068","0.0042","0.018","2020-11-26T17:30:35.063+0000","{defaultclientid=iot-device-02, thingname=iot-device-02, thingid=4ae4927a-aefb-4584-a45a-fc4839feffd6, thingarn=arn:aws:iot:us-east-1:507441099951:thing/iot-device-02, thingtypename=null, attributes={installed=1593361211, latitude=32.8205865, longitude=-96.871627}, version=1, billinggroupname=null}","2020-11-26 00:00:00.000"
"iot-device-03","1.5946590033260643E9","52.3","71.78","false","false","0.008","0.0052","0.0213","2020-11-26T17:30:35.350+0000","{defaultclientid=iot-device-03, thingname=iot-device-03, thingid=877352b9-a35d-45d3-9c98-162d89965a13, thingarn=arn:aws:iot:us-east-1:507441099951:thing/iot-device-03, thingtypename=null, attributes={installed=1592562234, latitude=37.4133144, longitude=-122.1513069}, version=1, billinggroupname=null}","2020-11-26 00:00:00.000"
"iot-device-03","1.5946590070117993E9","52.3","71.78","false","false","0.0079","0.0052","0.0211","2020-11-26T17:30:35.641+0000","{defaultclientid=iot-device-03, thingname=iot-device-03, thingid=877352b9-a35d-45d3-9c98-162d89965a13, thingarn=arn:aws:iot:us-east-1:507441099951:thing/iot-device-03, thingtypename=null, attributes={installed=1592562234, latitude=37.4133144, longitude=-122.1513069}, version=1, billinggroupname=null}","2020-11-26 00:00:00.000"
"iot-device-03","1.5946369399259634E9","52.1","71.06","false","false","0.0078","0.0051","0.0209","2020-11-26T17:18:08.891+0000","{defaultclientid=iot-device-03, thingname=iot-device-03, thingid=877352b9-a35d-45d3-9c98-162d89965a13, thingarn=arn:aws:iot:us-east-1:507441099951:thing/iot-device-03, thingtypename=null, attributes={installed=1592562234, latitude=37.4133144, longitude=-122.1513069}, version=1, billinggroupname=null}","2020-11-26 00:00:00.000"
"iot-device-01","1.5946369411107216E9","76.5","67.64","false","false","0.0062","0.0037","0.0164","2020-11-26T17:18:09.189+0000","{defaultclientid=iot-device-01, thingname=iot-device-01, thingid=983c2b68-f9a3-4e83-b3c6-9f6f8ad5431b, thingarn=arn:aws:iot:us-east-1:507441099951:thing/iot-device-01, thingtypename=null, attributes={installed=1594665292, latitude=37.4133144, longitude=-122.1513069}, version=1, billinggroupname=null}","2020-11-26 00:00:00.000"
"iot-device-03","1.5946369436118784E9","52.1","71.06","false","false","0.0078","0.0051","0.0209","2020-11-26T17:18:09.530+0000","{defaultclientid=iot-device-03, thingname=iot-device-03, thingid=877352b9-a35d-45d3-9c98-162d89965a13, thingarn=arn:aws:iot:us-east-1:507441099951:thing/iot-device-03, thingtypename=null, attributes={installed=1592562234, latitude=37.4133144, longitude=-122.1513069}, version=1, billinggroupname=null}","2020-11-26 00:00:00.000"
"iot-device-02","1.5946369438572507E9","59.8","74.48","true","false","0.0071","0.0045","0.0189","2020-11-26T17:18:09.909+0000","{defaultclientid=iot-device-02, thingname=iot-device-02, thingid=4ae4927a-aefb-4584-a45a-fc4839feffd6, thingarn=arn:aws:iot:us-east-1:507441099951:thing/iot-device-02, thingtypename=null, attributes={installed=1593361211, latitude=32.8205865, longitude=-96.871627}, version=1, billinggroupname=null}","2020-11-26 00:00:00.000"
"iot-device-01","1.5946369470808187E9","76.3","67.46","false","false","0.0062","0.0037","0.0164","2020-11-26T17:18:10.220+0000","{defaultclientid=iot-device-01, thingname=iot-device-01, thingid=983c2b68-f9a3-4e83-b3c6-9f6f8ad5431b, thingarn=arn:aws:iot:us-east-1:507441099951:thing/iot-device-01, thingtypename=null, attributes={installed=1594665292, latitude=37.4133144, longitude=-122.1513069}, version=1, billinggroupname=null}","2020-11-26 00:00:00.000"
"iot-device-03","1.594636947296886E9","52.1","71.06","false","false","0.0078","0.0051","0.0209","2020-11-26T17:18:10.508+0000","{defaultclientid=iot-device-03, thingname=iot-device-03, thingid=877352b9-a35d-45d3-9c98-162d89965a13, thingarn=arn:aws:iot:us-east-1:507441099951:thing/iot-device-03, thingtypename=null, attributes={installed=1592562234, latitude=37.4133144, longitude=-122.1513069}, version=1, billinggroupname=null}","2020-11-26 00:00:00.000"
"iot-device-02","1.594636950336885E9","59.7","74.48","true","false","0.0071","0.0045","0.0189","2020-11-26T17:18:10.798+0000","{defaultclientid=iot-device-02, thingname=iot-device-02, thingid=4ae4927a-aefb-4584-a45a-fc4839feffd6, thingarn=arn:aws:iot:us-east-1:507441099951:thing/iot-device-02, thingtypename=null, attributes={installed=1593361211, latitude=32.8205865, longitude=-96.871627}, version=1, billinggroupname=null}","2020-11-26 00:00:00.000"
"iot-device-01","1.5946369508992352E9","76.4","67.64","false","false","0.0062","0.0037","0.0164","2020-11-26T17:18:11.092+0000","{defaultclientid=iot-device-01, thingname=iot-device-01, thingid=983c2b68-f9a3-4e83-b3c6-9f6f8ad5431b, thingarn=arn:aws:iot:us-east-1:507441099951:thing/iot-device-01, thingtypename=null, attributes={installed=1594665292, latitude=37.4133144, longitude=-122.1513069}, version=1, billinggroupname=null}","2020-11-26 00:00:00.000"
"iot-device-03","1.594636950983001E9","52.1","71.06","false","false","0.0078","0.0051","0.0208","2020-11-26T17:18:11.389+0000","{defaultclientid=iot-device-03, thingname=iot-device-03, thingid=877352b9-a35d-45d3-9c98-162d89965a13, thingarn=arn:aws:iot:us-east-1:507441099951:thing/iot-device-03, thingtypename=null, attributes={installed=1592562234, latitude=37.4133144, longitude=-122.1513069}, version=1, billinggroupname=null}","2020-11-26 00:00:00.000"
"iot-device-03","1.5946369546691356E9","52.1","70.88","false","false","0.0078","0.0051","0.0209","2020-11-26T17:18:11.680+0000","{defaultclientid=iot-device-03, thingname=iot-device-03, thingid=877352b9-a35d-45d3-9c98-162d89965a13, thingarn=arn:aws:iot:us-east-1:507441099951:thing/iot-device-03, thingtypename=null, attributes={installed=1592562234, latitude=37.4133144, longitude=-122.1513069}, version=1, billinggroupname=null}","2020-11-26 00:00:00.000"
"iot-device-01","1.5946370610076842E9","76.7","67.64","false","false","0.0062","0.0037","0.0164","2020-11-26T17:18:29.709+0000","{defaultclientid=iot-device-01, thingname=iot-device-01, thingid=983c2b68-f9a3-4e83-b3c6-9f6f8ad5431b, thingarn=arn:aws:iot:us-east-1:507441099951:thing/iot-device-01, thingtypename=null, attributes={installed=1594665292, latitude=37.4133144, longitude=-122.1513069}, version=1, billinggroupname=null}","2020-11-26 00:00:00.000"
"iot-device-03","1.5946370252142394E9","52.1","71.06","false","false","0.0078","0.0051","0.0208","2020-11-26T17:18:23.796+0000","{defaultclientid=iot-device-03, thingname=iot-device-03, thingid=877352b9-a35d-45d3-9c98-162d89965a13, thingarn=arn:aws:iot:us-east-1:507441099951:thing/iot-device-03, thingtypename=null, attributes={installed=1592562234, latitude=37.4133144, longitude=-122.1513069}, version=1, billinggroupname=null}","2020-11-26 00:00:00.000"
"iot-device-01","1.5946370260298393E9","76.4","67.46","false","false","0.0062","0.0037","0.0164","2020-11-26T17:18:24.086+0000","{defaultclientid=iot-device-01, thingname=iot-device-01, thingid=983c2b68-f9a3-4e83-b3c6-9f6f8ad5431b, thingarn=arn:aws:iot:us-east-1:507441099951:thing/iot-device-01, thingtypename=null, attributes={installed=1594665292, latitude=37.4133144, longitude=-122.1513069}, version=1, billinggroupname=null}","2020-11-26 00:00:00.000"
"iot-device-03","1.5946370289041815E9","52.0","70.88","false","false","0.0078","0.0051","0.0208","2020-11-26T17:18:24.379+0000","{defaultclientid=iot-device-03, thingname=iot-device-03, thingid=877352b9-a35d-45d3-9c98-162d89965a13, thingarn=arn:aws:iot:us-east-1:507441099951:thing/iot-device-03, thingtypename=null, attributes={installed=1592562234, latitude=37.4133144, longitude=-122.1513069}, version=1, billinggroupname=null}","2020-11-26 00:00:00.000"
"iot-device-01","1.5946370325404432E9","76.4","67.46","false","false","0.0062","0.0037","0.0164","2020-11-26T17:18:24.684+0000","{defaultclientid=iot-device-01, thingname=iot-device-01, thingid=983c2b68-f9a3-4e83-b3c6-9f6f8ad5431b, thingarn=arn:aws:iot:us-east-1:507441099951:thing/iot-device-01, thingtypename=null, attributes={installed=1594665292, latitude=37.4133144, longitude=-122.1513069}, version=1, billinggroupname=null}","2020-11-26 00:00:00.000"
"iot-device-03","1.5946370325901196E9","52.0","70.88","false","false","0.0078","0.0051","0.0209","2020-11-26T17:18:24.975+0000","{defaultclientid=iot-device-03, thingname=iot-device-03, thingid=877352b9-a35d-45d3-9c98-162d89965a13, thingarn=arn:aws:iot:us-east-1:507441099951:thing/iot-device-03, thingtypename=null, attributes={installed=1592562234, latitude=37.4133144, longitude=-122.1513069}, version=1, billinggroupname=null}","2020-11-26 00:00:00.000"
"iot-device-02","1.5946370347569802E9","59.7","74.48","true","false","0.0072","0.0045","0.019","2020-11-26T17:18:25.282+0000","{defaultclientid=iot-device-02, thingname=iot-device-02, thingid=4ae4927a-aefb-4584-a45a-fc4839feffd6, thingarn=arn:aws:iot:us-east-1:507441099951:thing/iot-device-02, thingtypename=null, attributes={installed=1593361211, latitude=32.8205865, longitude=-96.871627}, version=1, billinggroupname=null}","2020-11-26 00:00:00.000"
"iot-device-03","1.5946370362763073E9","52.1","71.06","false","false","0.0078","0.0051","0.0209","2020-11-26T17:18:25.579+0000","{defaultclientid=iot-device-03, thingname=iot-device-03, thingid=877352b9-a35d-45d3-9c98-162d89965a13, thingarn=arn:aws:iot:us-east-1:507441099951:thing/iot-device-03, thingtypename=null, attributes={installed=1592562234, latitude=37.4133144, longitude=-122.1513069}, version=1, billinggroupname=null}","2020-11-26 00:00:00.000"
"iot-device-01","1.594637037432237E9","76.5","67.46","false","false","0.0062","0.0037","0.0164","2020-11-26T17:18:25.876+0000","{defaultclientid=iot-device-01, thingname=iot-device-01, thingid=983c2b68-f9a3-4e83-b3c6-9f6f8ad5431b, thingarn=arn:aws:iot:us-east-1:507441099951:thing/iot-device-01, thingtypename=null, attributes={installed=1594665292, latitude=37.4133144, longitude=-122.1513069}, version=1, billinggroupname=null}","2020-11-26 00:00:00.000"
"iot-device-02","1.5946370385647357E9","59.4","74.48","true","false","0.0072","0.0045","0.019","2020-11-26T17:18:26.169+0000","{defaultclientid=iot-device-02, thingname=iot-device-02, thingid=4ae4927a-aefb-4584-a45a-fc4839feffd6, thingarn=arn:aws:iot:us-east-1:507441099951:thing/iot-device-02, thingtypename=null, attributes={installed=1593361211, latitude=32.8205865, longitude=-96.871627}, version=1, billinggroupname=null}","2020-11-26 00:00:00.000"
"iot-device-03","1.5946370399628394E9","52.1","71.06","false","false","0.0078","0.0051","0.0209","2020-11-26T17:18:26.459+0000","{defaultclientid=iot-device-03, thingname=iot-device-03, thingid=877352b9-a35d-45d3-9c98-162d89965a13, thingarn=arn:aws:iot:us-east-1:507441099951:thing/iot-device-03, thingtypename=null, attributes={installed=1592562234, latitude=37.4133144, longitude=-122.1513069}, version=1, billinggroupname=null}","2020-11-26 00:00:00.000"
"iot-device-03","1.5946369067604365E9","52.1","71.06","false","false","0.0078","0.0051","0.0209","2020-11-26T17:18:02.871+0000","{defaultclientid=iot-device-03, thingname=iot-device-03, thingid=877352b9-a35d-45d3-9c98-162d89965a13, thingarn=arn:aws:iot:us-east-1:507441099951:thing/iot-device-03, thingtypename=null, attributes={installed=1592562234, latitude=37.4133144, longitude=-122.1513069}, version=1, billinggroupname=null}","2020-11-26 00:00:00.000"
"iot-device-01","1.594636906910473E9","76.4","67.64","false","false","0.0062","0.0037","0.0164","2020-11-26T17:18:03.165+0000","{defaultclientid=iot-device-01, thingname=iot-device-01, thingid=983c2b68-f9a3-4e83-b3c6-9f6f8ad5431b, thingarn=arn:aws:iot:us-east-1:507441099951:thing/iot-device-01, thingtypename=null, attributes={installed=1594665292, latitude=37.4133144, longitude=-122.1513069}, version=1, billinggroupname=null}","2020-11-26 00:00:00.000"
"iot-device-02","1.5946369103605678E9","59.8","74.48","true","false","0.0071","0.0045","0.0189","2020-11-26T17:18:03.451+0000","{defaultclientid=iot-device-02, thingname=iot-device-02, thingid=4ae4927a-aefb-4584-a45a-fc4839feffd6, thingarn=arn:aws:iot:us-east-1:507441099951:thing/iot-device-02, thingtypename=null, attributes={installed=1593361211, latitude=32.8205865, longitude=-96.871627}, version=1, billinggroupname=null}","2020-11-26 00:00:00.000"
"iot-device-03","1.5946369104466991E9","52.1","71.06","false","false","0.0078","0.0051","0.0209","2020-11-26T17:18:03.738+0000","{defaultclientid=iot-device-03, thingname=iot-device-03, thingid=877352b9-a35d-45d3-9c98-162d89965a13, thingarn=arn:aws:iot:us-east-1:507441099951:thing/iot-device-03, thingtypename=null, attributes={installed=1592562234, latitude=37.4133144, longitude=-122.1513069}, version=1, billinggroupname=null}","2020-11-26 00:00:00.000"
"iot-device-03","1.594636914131716E9","52.1","71.06","false","false","0.0078","0.0051","0.0209","2020-11-26T17:18:04.031+0000","{defaultclientid=iot-device-03, thingname=iot-device-03, thingid=877352b9-a35d-45d3-9c98-162d89965a13, thingarn=arn:aws:iot:us-east-1:507441099951:thing/iot-device-03, thingtypename=null, attributes={installed=1592562234, latitude=37.4133144, longitude=-122.1513069}, version=1, billinggroupname=null}","2020-11-26 00:00:00.000"
"iot-device-02","1.5946369141708994E9","59.8","74.48","true","false","0.0071","0.0045","0.019","2020-11-26T17:18:04.352+0000","{defaultclientid=iot-device-02, thingname=iot-device-02, thingid=4ae4927a-aefb-4584-a45a-fc4839feffd6, thingarn=arn:aws:iot:us-east-1:507441099951:thing/iot-device-02, thingtypename=null, attributes={installed=1593361211, latitude=32.8205865, longitude=-96.871627}, version=1, billinggroupname=null}","2020-11-26 00:00:00.000"
"iot-device-01","1.5946369171830733E9","76.3","67.46","false","false","0.0063","0.0038","0.0166","2020-11-26T17:18:04.641+0000","{defaultclientid=iot-device-01, thingname=iot-device-01, thingid=983c2b68-f9a3-4e83-b3c6-9f6f8ad5431b, thingarn=arn:aws:iot:us-east-1:507441099951:thing/iot-device-01, thingtypename=null, attributes={installed=1594665292, latitude=37.4133144, longitude=-122.1513069}, version=1, billinggroupname=null}","2020-11-26 00:00:00.000"
"iot-device-03","1.5946369178106847E9","52.1","71.06","false","false","0.0078","0.0051","0.0209","2020-11-26T17:18:04.930+0000","{defaultclientid=iot-device-03, thingname=iot-device-03, thingid=877352b9-a35d-45d3-9c98-162d89965a13, thingarn=arn:aws:iot:us-east-1:507441099951:thing/iot-device-03, thingtypename=null, attributes={installed=1592562234, latitude=37.4133144, longitude=-122.1513069}, version=1, billinggroupname=null}","2020-11-26 00:00:00.000"
"iot-device-03","1.594636921496811E9","52.1","71.06","false","false","0.0078","0.0051","0.0209","2020-11-26T17:18:05.220+0000","{defaultclientid=iot-device-03, thingname=iot-device-03, thingid=877352b9-a35d-45d3-9c98-162d89965a13, thingarn=arn:aws:iot:us-east-1:507441099951:thing/iot-device-03, thingtypename=null, attributes={installed=1592562234, latitude=37.4133144, longitude=-122.1513069}, version=1, billinggroupname=null}","2020-11-26 00:00:00.000"
"iot-device-02","1.594636922247516E9","59.8","74.48","true","false","0.0071","0.0045","0.0189","2020-11-26T17:18:05.534+0000","{defaultclientid=iot-device-02, thingname=iot-device-02, thingid=4ae4927a-aefb-4584-a45a-fc4839feffd6, thingarn=arn:aws:iot:us-east-1:507441099951:thing/iot-device-02, thingtypename=null, attributes={installed=1593361211, latitude=32.8205865, longitude=-96.871627}, version=1, billinggroupname=null}","2020-11-26 00:00:00.000"
"iot-device-01","1.5946369226115205E9","76.3","67.46","false","false","0.0063","0.0038","0.0167","2020-11-26T17:18:05.920+0000","{defaultclientid=iot-device-01, thingname=iot-device-01, thingid=983c2b68-f9a3-4e83-b3c6-9f6f8ad5431b, thingarn=arn:aws:iot:us-east-1:507441099951:thing/iot-device-01, thingtypename=null, attributes={installed=1594665292, latitude=37.4133144, longitude=-122.1513069}, version=1, billinggroupname=null}","2020-11-26 00:00:00.000"
"iot-device-03","1.594636925182883E9","52.1","71.06","false","false","0.0078","0.0051","0.0209","2020-11-26T17:18:06.210+0000","{defaultclientid=iot-device-03, thingname=iot-device-03, thingid=877352b9-a35d-45d3-9c98-162d89965a13, thingarn=arn:aws:iot:us-east-1:507441099951:thing/iot-device-03, thingtypename=null, attributes={installed=1592562234, latitude=37.4133144, longitude=-122.1513069}, version=1, billinggroupname=null}","2020-11-26 00:00:00.000"
"iot-device-01","1.5946369269673355E9","76.3","67.46","false","false","0.0062","0.0037","0.0164","2020-11-26T17:18:06.513+0000","{defaultclientid=iot-device-01, thingname=iot-device-01, thingid=983c2b68-f9a3-4e83-b3c6-9f6f8ad5431b, thingarn=arn:aws:iot:us-east-1:507441099951:thing/iot-device-01, thingtypename=null, attributes={installed=1594665292, latitude=37.4133144, longitude=-122.1513069}, version=1, billinggroupname=null}","2020-11-26 00:00:00.000"
"iot-device-03","1.5946369288688028E9","52.1","71.06","false","false","0.0078","0.0051","0.0209","2020-11-26T17:18:06.833+0000","{defaultclientid=iot-device-03, thingname=iot-device-03, thingid=877352b9-a35d-45d3-9c98-162d89965a13, thingarn=arn:aws:iot:us-east-1:507441099951:thing/iot-device-03, thingtypename=null, attributes={installed=1592562234, latitude=37.4133144, longitude=-122.1513069}, version=1, billinggroupname=null}","2020-11-26 00:00:00.000"
"iot-device-01","1.5946369307888887E9","76.4","67.64","false","false","0.0063","0.0038","0.0167","2020-11-26T17:18:07.142+0000","{defaultclientid=iot-device-01, thingname=iot-device-01, thingid=983c2b68-f9a3-4e83-b3c6-9f6f8ad5431b, thingarn=arn:aws:iot:us-east-1:507441099951:thing/iot-device-01, thingtypename=null, attributes={installed=1594665292, latitude=37.4133144, longitude=-122.1513069}, version=1, billinggroupname=null}","2020-11-26 00:00:00.000"
"iot-device-02","1.5946369319591188E9","59.8","74.48","true","false","0.0071","0.0045","0.0189","2020-11-26T17:18:07.429+0000","{defaultclientid=iot-device-02, thingname=iot-device-02, thingid=4ae4927a-aefb-4584-a45a-fc4839feffd6, thingarn=arn:aws:iot:us-east-1:507441099951:thing/iot-device-02, thingtypename=null, attributes={installed=1593361211, latitude=32.8205865, longitude=-96.871627}, version=1, billinggroupname=null}","2020-11-26 00:00:00.000"
"iot-device-03","1.594636932553961E9","52.1","71.06","false","false","0.0078","0.0051","0.0209","2020-11-26T17:18:07.720+0000","{defaultclientid=iot-device-03, thingname=iot-device-03, thingid=877352b9-a35d-45d3-9c98-162d89965a13, thingarn=arn:aws:iot:us-east-1:507441099951:thing/iot-device-03, thingtypename=null, attributes={installed=1592562234, latitude=37.4133144, longitude=-122.1513069}, version=1, billinggroupname=null}","2020-11-26 00:00:00.000"
"iot-device-03","1.59463693624002E9","52.1","71.06","false","false","0.0078","0.0051","0.0208","2020-11-26T17:18:08.008+0000","{defaultclientid=iot-device-03, thingname=iot-device-03, thingid=877352b9-a35d-45d3-9c98-162d89965a13, thingarn=arn:aws:iot:us-east-1:507441099951:thing/iot-device-03, thingtypename=null, attributes={installed=1592562234, latitude=37.4133144, longitude=-122.1513069}, version=1, billinggroupname=null}","2020-11-26 00:00:00.000"
"iot-device-01","1.594636936760449E9","76.4","67.46","false","false","0.0063","0.0038","0.0166","2020-11-26T17:18:08.299+0000","{defaultclientid=iot-device-01, thingname=iot-device-01, thingid=983c2b68-f9a3-4e83-b3c6-9f6f8ad5431b, thingarn=arn:aws:iot:us-east-1:507441099951:thing/iot-device-01, thingtypename=null, attributes={installed=1594665292, latitude=37.4133144, longitude=-122.1513069}, version=1, billinggroupname=null}","2020-11-26 00:00:00.000"
"iot-device-02","1.5946369389780881E9","59.8","74.48","true","false","0.0072","0.0045","0.019","2020-11-26T17:18:08.604+0000","{defaultclientid=iot-device-02, thingname=iot-device-02, thingid=4ae4927a-aefb-4584-a45a-fc4839feffd6, thingarn=arn:aws:iot:us-east-1:507441099951:thing/iot-device-02, thingtypename=null, attributes={installed=1593361211, latitude=32.8205865, longitude=-96.871627}, version=1, billinggroupname=null}","2020-11-26 00:00:00.000"
"iot-device-01","1.5946368884726768E9","76.3","67.46","false","false","0.0062","0.0037","0.0164","2020-11-26T17:17:59.938+0000","{defaultclientid=iot-device-01, thingname=iot-device-01, thingid=983c2b68-f9a3-4e83-b3c6-9f6f8ad5431b, thingarn=arn:aws:iot:us-east-1:507441099951:thing/iot-device-01, thingtypename=null, attributes={installed=1594665292, latitude=37.4133144, longitude=-122.1513069}, version=1, billinggroupname=null}","2020-11-26 00:00:00.000"
"iot-device-02","1.5946368893056707E9","59.9","74.48","true","false","0.0071","0.0045","0.0189","2020-11-26T17:18:00.235+0000","{defaultclientid=iot-device-02, thingname=iot-device-02, thingid=4ae4927a-aefb-4584-a45a-fc4839feffd6, thingarn=arn:aws:iot:us-east-1:507441099951:thing/iot-device-02, thingtypename=null, attributes={installed=1593361211, latitude=32.8205865, longitude=-96.871627}, version=1, billinggroupname=null}","2020-11-26 00:00:00.000"
"iot-device-03","1.5946368920132935E9","52.1","71.06","false","false","0.0078","0.0051","0.0208","2020-11-26T17:18:00.519+0000","{defaultclientid=iot-device-03, thingname=iot-device-03, thingid=877352b9-a35d-45d3-9c98-162d89965a13, thingarn=arn:aws:iot:us-east-1:507441099951:thing/iot-device-03, thingtypename=null, attributes={installed=1592562234, latitude=37.4133144, longitude=-122.1513069}, version=1, billinggroupname=null}","2020-11-26 00:00:00.000"
"iot-device-03","1.5946368957002215E9","52.1","71.06","false","false","0.0078","0.0051","0.0208","2020-11-26T17:18:00.813+0000","{defaultclientid=iot-device-03, thingname=iot-device-03, thingid=877352b9-a35d-45d3-9c98-162d89965a13, thingarn=arn:aws:iot:us-east-1:507441099951:thing/iot-device-03, thingtypename=null, attributes={installed=1592562234, latitude=37.4133144, longitude=-122.1513069}, version=1, billinggroupname=null}","2020-11-26 00:00:00.000"
"iot-device-02","1.5946368957996035E9","59.8","74.48","true","false","0.0071","0.0045","0.0189","2020-11-26T17:18:01.101+0000","{defaultclientid=iot-device-02, thingname=iot-device-02, thingid=4ae4927a-aefb-4584-a45a-fc4839feffd6, thingarn=arn:aws:iot:us-east-1:507441099951:thing/iot-device-02, thingtypename=null, attributes={installed=1593361211, latitude=32.8205865, longitude=-96.871627}, version=1, billinggroupname=null}","2020-11-26 00:00:00.000"
"iot-device-01","1.594636896601265E9","76.3","67.46","false","false","0.0062","0.0037","0.0164","2020-11-26T17:18:01.390+0000","{defaultclientid=iot-device-01, thingname=iot-device-01, thingid=983c2b68-f9a3-4e83-b3c6-9f6f8ad5431b, thingarn=arn:aws:iot:us-east-1:507441099951:thing/iot-device-01, thingtypename=null, attributes={installed=1594665292, latitude=37.4133144, longitude=-122.1513069}, version=1, billinggroupname=null}","2020-11-26 00:00:00.000"
"iot-device-03","1.5946368993877668E9","52.1","71.06","false","false","0.0078","0.0051","0.0209","2020-11-26T17:18:01.678+0000","{defaultclientid=iot-device-03, thingname=iot-device-03, thingid=877352b9-a35d-45d3-9c98-162d89965a13, thingarn=arn:aws:iot:us-east-1:507441099951:thing/iot-device-03, thingtypename=null, attributes={installed=1592562234, latitude=37.4133144, longitude=-122.1513069}, version=1, billinggroupname=null}","2020-11-26 00:00:00.000"
"iot-device-03","1.594636903075209E9","52.1","71.06","false","false","0.0078","0.0051","0.021","2020-11-26T17:18:01.980+0000","{defaultclientid=iot-device-03, thingname=iot-device-03, thingid=877352b9-a35d-45d3-9c98-162d89965a13, thingarn=arn:aws:iot:us-east-1:507441099951:thing/iot-device-03, thingtypename=null, attributes={installed=1592562234, latitude=37.4133144, longitude=-122.1513069}, version=1, billinggroupname=null}","2020-11-26 00:00:00.000"
"iot-device-01","1.5946369030969985E9","76.3","67.46","false","false","0.0062","0.0037","0.0164","2020-11-26T17:18:02.281+0000","{defaultclientid=iot-device-01, thingname=iot-device-01, thingid=983c2b68-f9a3-4e83-b3c6-9f6f8ad5431b, thingarn=arn:aws:iot:us-east-1:507441099951:thing/iot-device-01, thingtypename=null, attributes={installed=1594665292, latitude=37.4133144, longitude=-122.1513069}, version=1, billinggroupname=null}","2020-11-26 00:00:00.000"
"iot-device-02","1.5946369054872384E9","59.8","74.48","true","false","0.0072","0.0045","0.019","2020-11-26T17:18:02.581+0000","{defaultclientid=iot-device-02, thingname=iot-device-02, thingid=4ae4927a-aefb-4584-a45a-fc4839feffd6, thingarn=arn:aws:iot:us-east-1:507441099951:thing/iot-device-02, thingtypename=null, attributes={installed=1593361211, latitude=32.8205865, longitude=-96.871627}, version=1, billinggroupname=null}","2020-11-26 00:00:00.000"
"iot-device-02","1.5946369546792142E9","59.8","74.48","true","false","0.007","0.0044","0.0186","2020-11-26T17:18:11.969+0000","{defaultclientid=iot-device-02, thingname=iot-device-02, thingid=4ae4927a-aefb-4584-a45a-fc4839feffd6, thingarn=arn:aws:iot:us-east-1:507441099951:thing/iot-device-02, thingtypename=null, attributes={installed=1593361211, latitude=32.8205865, longitude=-96.871627}, version=1, billinggroupname=null}","2020-11-26 00:00:00.000"
"iot-device-01","1.594636955796556E9","76.3","67.46","false","false","0.0062","0.0037","0.0164","2020-11-26T17:18:12.273+0000","{defaultclientid=iot-device-01, thingname=iot-device-01, thingid=983c2b68-f9a3-4e83-b3c6-9f6f8ad5431b, thingarn=arn:aws:iot:us-east-1:507441099951:thing/iot-device-01, thingtypename=null, attributes={installed=1594665292, latitude=37.4133144, longitude=-122.1513069}, version=1, billinggroupname=null}","2020-11-26 00:00:00.000"
"iot-device-03","1.5946369586076198E9","52.1","70.88","false","false","0.0078","0.0051","0.0209","2020-11-26T17:18:12.571+0000","{defaultclientid=iot-device-03, thingname=iot-device-03, thingid=877352b9-a35d-45d3-9c98-162d89965a13, thingarn=arn:aws:iot:us-east-1:507441099951:thing/iot-device-03, thingtypename=null, attributes={installed=1592562234, latitude=37.4133144, longitude=-122.1513069}, version=1, billinggroupname=null}","2020-11-26 00:00:00.000"
"iot-device-01","1.5946369606800694E9","76.4","67.46","false","false","0.0062","0.0037","0.0164","2020-11-26T17:18:12.860+0000","{defaultclientid=iot-device-01, thingname=iot-device-01, thingid=983c2b68-f9a3-4e83-b3c6-9f6f8ad5431b, thingarn=arn:aws:iot:us-east-1:507441099951:thing/iot-device-01, thingtypename=null, attributes={installed=1594665292, latitude=37.4133144, longitude=-122.1513069}, version=1, billinggroupname=null}","2020-11-26 00:00:00.000"
"iot-device-03","1.5946369622939632E9","52.1","71.06","false","false","0.0079","0.0051","0.021","2020-11-26T17:18:13.151+0000","{defaultclientid=iot-device-03, thingname=iot-device-03, thingid=877352b9-a35d-45d3-9c98-162d89965a13, thingarn=arn:aws:iot:us-east-1:507441099951:thing/iot-device-03, thingtypename=null, attributes={installed=1592562234, latitude=37.4133144, longitude=-122.1513069}, version=1, billinggroupname=null}","2020-11-26 00:00:00.000"
"iot-device-02","1.5946369632955437E9","59.8","74.48","true","false","0.0071","0.0045","0.0188","2020-11-26T17:18:13.441+0000","{defaultclientid=iot-device-02, thingname=iot-device-02, thingid=4ae4927a-aefb-4584-a45a-fc4839feffd6, thingarn=arn:aws:iot:us-east-1:507441099951:thing/iot-device-02, thingtypename=null, attributes={installed=1593361211, latitude=32.8205865, longitude=-96.871627}, version=1, billinggroupname=null}","2020-11-26 00:00:00.000"
"iot-device-01","1.594636965569585E9","76.4","67.46","false","false","0.0062","0.0037","0.0164","2020-11-26T17:18:13.749+0000","{defaultclientid=iot-device-01, thingname=iot-device-01, thingid=983c2b68-f9a3-4e83-b3c6-9f6f8ad5431b, thingarn=arn:aws:iot:us-east-1:507441099951:thing/iot-device-01, thingtypename=null, attributes={installed=1594665292, latitude=37.4133144, longitude=-122.1513069}, version=1, billinggroupname=null}","2020-11-26 00:00:00.000"
"iot-device-03","1.594636965980091E9","52.1","71.06","false","false","0.0078","0.0051","0.0209","2020-11-26T17:18:14.037+0000","{defaultclientid=iot-device-03, thingname=iot-device-03, thingid=877352b9-a35d-45d3-9c98-162d89965a13, thingarn=arn:aws:iot:us-east-1:507441099951:thing/iot-device-03, thingtypename=null, attributes={installed=1592562234, latitude=37.4133144, longitude=-122.1513069}, version=1, billinggroupname=null}","2020-11-26 00:00:00.000"
"iot-device-03","1.5946369696663818E9","52.1","70.88","false","false","0.0078","0.0051","0.0209","2020-11-26T17:18:14.337+0000","{defaultclientid=iot-device-03, thingname=iot-device-03, thingid=877352b9-a35d-45d3-9c98-162d89965a13, thingarn=arn:aws:iot:us-east-1:507441099951:thing/iot-device-03, thingtypename=null, attributes={installed=1592562234, latitude=37.4133144, longitude=-122.1513069}, version=1, billinggroupname=null}","2020-11-26 00:00:00.000"
"iot-device-02","1.5946369697861586E9","59.8","74.48","true","false","0.0071","0.0045","0.0188","2020-11-26T17:18:14.632+0000","{defaultclientid=iot-device-02, thingname=iot-device-02, thingid=4ae4927a-aefb-4584-a45a-fc4839feffd6, thingarn=arn:aws:iot:us-east-1:507441099951:thing/iot-device-02, thingtypename=null, attributes={installed=1593361211, latitude=32.8205865, longitude=-96.871627}, version=1, billinggroupname=null}","2020-11-26 00:00:00.000"
"iot-device-01","1.594637042859965E9","76.5","67.46","false","false","0.0062","0.0037","0.0164","2020-11-26T17:18:26.752+0000","{defaultclientid=iot-device-01, thingname=iot-device-01, thingid=983c2b68-f9a3-4e83-b3c6-9f6f8ad5431b, thingarn=arn:aws:iot:us-east-1:507441099951:thing/iot-device-01, thingtypename=null, attributes={installed=1594665292, latitude=37.4133144, longitude=-122.1513069}, version=1, billinggroupname=null}","2020-11-26 00:00:00.000"
"iot-device-02","1.5946370434687376E9","59.7","74.48","true","false","0.0071","0.0045","0.0189","2020-11-26T17:18:27.081+0000","{defaultclientid=iot-device-02, thingname=iot-device-02, thingid=4ae4927a-aefb-4584-a45a-fc4839feffd6, thingarn=arn:aws:iot:us-east-1:507441099951:thing/iot-device-02, thingtypename=null, attributes={installed=1593361211, latitude=32.8205865, longitude=-96.871627}, version=1, billinggroupname=null}","2020-11-26 00:00:00.000"
"iot-device-03","1.594637043648975E9","52.1","71.06","false","false","0.0078","0.0051","0.0208","2020-11-26T17:18:27.371+0000","{defaultclientid=iot-device-03, thingname=iot-device-03, thingid=877352b9-a35d-45d3-9c98-162d89965a13, thingarn=arn:aws:iot:us-east-1:507441099951:thing/iot-device-03, thingtypename=null, attributes={installed=1592562234, latitude=37.4133144, longitude=-122.1513069}, version=1, billinggroupname=null}","2020-11-26 00:00:00.000"
"iot-device-03","1.5946370473351912E9","52.1","71.06","false","false","0.0078","0.0051","0.0209","2020-11-26T17:18:27.662+0000","{defaultclientid=iot-device-03, thingname=iot-device-03, thingid=877352b9-a35d-45d3-9c98-162d89965a13, thingarn=arn:aws:iot:us-east-1:507441099951:thing/iot-device-03, thingtypename=null, attributes={installed=1592562234, latitude=37.4133144, longitude=-122.1513069}, version=1, billinggroupname=null}","2020-11-26 00:00:00.000"
"iot-device-02","1.594637048354318E9","59.9","74.48","true","false","0.0071","0.0045","0.0189","2020-11-26T17:18:27.956+0000","{defaultclientid=iot-device-02, thingname=iot-device-02, thingid=4ae4927a-aefb-4584-a45a-fc4839feffd6, thingarn=arn:aws:iot:us-east-1:507441099951:thing/iot-device-02, thingtypename=null, attributes={installed=1593361211, latitude=32.8205865, longitude=-96.871627}, version=1, billinggroupname=null}","2020-11-26 00:00:00.000"
"iot-device-03","1.5946370510199802E9","52.1","71.06","false","false","0.0078","0.0051","0.0208","2020-11-26T17:18:28.251+0000","{defaultclientid=iot-device-03, thingname=iot-device-03, thingid=877352b9-a35d-45d3-9c98-162d89965a13, thingarn=arn:aws:iot:us-east-1:507441099951:thing/iot-device-03, thingtypename=null, attributes={installed=1592562234, latitude=37.4133144, longitude=-122.1513069}, version=1, billinggroupname=null}","2020-11-26 00:00:00.000"
"iot-device-03","1.5946370549559765E9","52.1","71.06","false","false","0.0078","0.0051","0.0209","2020-11-26T17:18:28.537+0000","{defaultclientid=iot-device-03, thingname=iot-device-03, thingid=877352b9-a35d-45d3-9c98-162d89965a13, thingarn=arn:aws:iot:us-east-1:507441099951:thing/iot-device-03, thingtypename=null, attributes={installed=1592562234, latitude=37.4133144, longitude=-122.1513069}, version=1, billinggroupname=null}","2020-11-26 00:00:00.000"
"iot-device-01","1.5946370566532161E9","76.3","67.46","false","false","0.0062","0.0037","0.0164","2020-11-26T17:18:28.828+0000","{defaultclientid=iot-device-01, thingname=iot-device-01, thingid=983c2b68-f9a3-4e83-b3c6-9f6f8ad5431b, thingarn=arn:aws:iot:us-east-1:507441099951:thing/iot-device-01, thingtypename=null, attributes={installed=1594665292, latitude=37.4133144, longitude=-122.1513069}, version=1, billinggroupname=null}","2020-11-26 00:00:00.000"
"iot-device-03","1.594637058898292E9","52.1","71.06","false","false","0.0078","0.0051","0.0209","2020-11-26T17:18:29.120+0000","{defaultclientid=iot-device-03, thingname=iot-device-03, thingid=877352b9-a35d-45d3-9c98-162d89965a13, thingarn=arn:aws:iot:us-east-1:507441099951:thing/iot-device-03, thingtypename=null, attributes={installed=1592562234, latitude=37.4133144, longitude=-122.1513069}, version=1, billinggroupname=null}","2020-11-26 00:00:00.000"
"iot-device-02","1.5946370596388946E9","59.8","74.48","true","false","0.0071","0.0045","0.019","2020-11-26T17:18:29.415+0000","{defaultclientid=iot-device-02, thingname=iot-device-02, thingid=4ae4927a-aefb-4584-a45a-fc4839feffd6, thingarn=arn:aws:iot:us-east-1:507441099951:thing/iot-device-02, thingtypename=null, attributes={installed=1593361211, latitude=32.8205865, longitude=-96.871627}, version=1, billinggroupname=null}","2020-11-26 00:00:00.000"
"iot-device-01","1.594636970460907E9","76.4","67.46","false","false","0.0062","0.0037","0.0164","2020-11-26T17:18:14.918+0000","{defaultclientid=iot-device-01, thingname=iot-device-01, thingid=983c2b68-f9a3-4e83-b3c6-9f6f8ad5431b, thingarn=arn:aws:iot:us-east-1:507441099951:thing/iot-device-01, thingtypename=null, attributes={installed=1594665292, latitude=37.4133144, longitude=-122.1513069}, version=1, billinggroupname=null}","2020-11-26 00:00:00.000"
"iot-device-03","1.5946369733522162E9","52.1","71.06","false","false","0.0078","0.0051","0.0209","2020-11-26T17:18:15.212+0000","{defaultclientid=iot-device-03, thingname=iot-device-03, thingid=877352b9-a35d-45d3-9c98-162d89965a13, thingarn=arn:aws:iot:us-east-1:507441099951:thing/iot-device-03, thingtypename=null, attributes={installed=1592562234, latitude=37.4133144, longitude=-122.1513069}, version=1, billinggroupname=null}","2020-11-26 00:00:00.000"
"iot-device-03","1.5946369770368748E9","52.1","71.06","false","false","0.0078","0.0051","0.0208","2020-11-26T17:18:15.498+0000","{defaultclientid=iot-device-03, thingname=iot-device-03, thingid=877352b9-a35d-45d3-9c98-162d89965a13, thingarn=arn:aws:iot:us-east-1:507441099951:thing/iot-device-03, thingtypename=null, attributes={installed=1592562234, latitude=37.4133144, longitude=-122.1513069}, version=1, billinggroupname=null}","2020-11-26 00:00:00.000"
"iot-device-03","1.5946369807221177E9","52.1","71.06","false","false","0.0078","0.0051","0.0209","2020-11-26T17:18:15.796+0000","{defaultclientid=iot-device-03, thingname=iot-device-03, thingid=877352b9-a35d-45d3-9c98-162d89965a13, thingarn=arn:aws:iot:us-east-1:507441099951:thing/iot-device-03, thingtypename=null, attributes={installed=1592562234, latitude=37.4133144, longitude=-122.1513069}, version=1, billinggroupname=null}","2020-11-26 00:00:00.000"
"iot-device-02","1.594636981881511E9","59.8","74.48","true","false","0.0071","0.0045","0.0188","2020-11-26T17:18:16.088+0000","{defaultclientid=iot-device-02, thingname=iot-device-02, thingid=4ae4927a-aefb-4584-a45a-fc4839feffd6, thingarn=arn:aws:iot:us-east-1:507441099951:thing/iot-device-02, thingtypename=null, attributes={installed=1593361211, latitude=32.8205865, longitude=-96.871627}, version=1, billinggroupname=null}","2020-11-26 00:00:00.000"
"iot-device-01","1.5946369825991774E9","76.4","67.46","false","false","0.0063","0.0038","0.0167","2020-11-26T17:18:16.381+0000","{defaultclientid=iot-device-01, thingname=iot-device-01, thingid=983c2b68-f9a3-4e83-b3c6-9f6f8ad5431b, thingarn=arn:aws:iot:us-east-1:507441099951:thing/iot-device-01, thingtypename=null, attributes={installed=1594665292, latitude=37.4133144, longitude=-122.1513069}, version=1, billinggroupname=null}","2020-11-26 00:00:00.000"
"iot-device-03","1.594636984408014E9","52.0","70.88","false","false","0.0078","0.0051","0.0209","2020-11-26T17:18:16.668+0000","{defaultclientid=iot-device-03, thingname=iot-device-03, thingid=877352b9-a35d-45d3-9c98-162d89965a13, thingarn=arn:aws:iot:us-east-1:507441099951:thing/iot-device-03, thingtypename=null, attributes={installed=1592562234, latitude=37.4133144, longitude=-122.1513069}, version=1, billinggroupname=null}","2020-11-26 00:00:00.000"
"iot-device-03","1.5946369880921974E9","52.1","71.06","false","false","0.0078","0.0051","0.0209","2020-11-26T17:18:16.960+0000","{defaultclientid=iot-device-03, thingname=iot-device-03, thingid=877352b9-a35d-45d3-9c98-162d89965a13, thingarn=arn:aws:iot:us-east-1:507441099951:thing/iot-device-03, thingtypename=null, attributes={installed=1592562234, latitude=37.4133144, longitude=-122.1513069}, version=1, billinggroupname=null}","2020-11-26 00:00:00.000"
"iot-device-01","1.594636988566787E9","76.4","67.64","false","false","0.0062","0.0037","0.0164","2020-11-26T17:18:17.249+0000","{defaultclientid=iot-device-01, thingname=iot-device-01, thingid=983c2b68-f9a3-4e83-b3c6-9f6f8ad5431b, thingarn=arn:aws:iot:us-east-1:507441099951:thing/iot-device-01, thingtypename=null, attributes={installed=1594665292, latitude=37.4133144, longitude=-122.1513069}, version=1, billinggroupname=null}","2020-11-26 00:00:00.000"
"iot-device-02","1.5946369905094154E9","59.7","74.48","true","false","0.0071","0.0045","0.0189","2020-11-26T17:18:17.541+0000","{defaultclientid=iot-device-02, thingname=iot-device-02, thingid=4ae4927a-aefb-4584-a45a-fc4839feffd6, thingarn=arn:aws:iot:us-east-1:507441099951:thing/iot-device-02, thingtypename=null, attributes={installed=1593361211, latitude=32.8205865, longitude=-96.871627}, version=1, billinggroupname=null}","2020-11-26 00:00:00.000"
"iot-device-03","1.5946370102085178E9","52.1","71.06","false","false","0.0078","0.0051","0.0209","2020-11-26T17:18:20.841+0000","{defaultclientid=iot-device-03, thingname=iot-device-03, thingid=877352b9-a35d-45d3-9c98-162d89965a13, thingarn=arn:aws:iot:us-east-1:507441099951:thing/iot-device-03, thingtypename=null, attributes={installed=1592562234, latitude=37.4133144, longitude=-122.1513069}, version=1, billinggroupname=null}","2020-11-26 00:00:00.000"
"iot-device-02","1.5946370115565937E9","59.6","74.3","true","false","0.0071","0.0045","0.0188","2020-11-26T17:18:21.129+0000","{defaultclientid=iot-device-02, thingname=iot-device-02, thingid=4ae4927a-aefb-4584-a45a-fc4839feffd6, thingarn=arn:aws:iot:us-east-1:507441099951:thing/iot-device-02, thingtypename=null, attributes={installed=1593361211, latitude=32.8205865, longitude=-96.871627}, version=1, billinggroupname=null}","2020-11-26 00:00:00.000"
"iot-device-01","1.594637011899679E9","76.4","67.46","false","false","0.0062","0.0037","0.0164","2020-11-26T17:18:21.420+0000","{defaultclientid=iot-device-01, thingname=iot-device-01, thingid=983c2b68-f9a3-4e83-b3c6-9f6f8ad5431b, thingarn=arn:aws:iot:us-east-1:507441099951:thing/iot-device-01, thingtypename=null, attributes={installed=1594665292, latitude=37.4133144, longitude=-122.1513069}, version=1, billinggroupname=null}","2020-11-26 00:00:00.000"
"iot-device-03","1.5946370138964837E9","52.1","71.06","false","false","0.0078","0.0051","0.0209","2020-11-26T17:18:21.711+0000","{defaultclientid=iot-device-03, thingname=iot-device-03, thingid=877352b9-a35d-45d3-9c98-162d89965a13, thingarn=arn:aws:iot:us-east-1:507441099951:thing/iot-device-03, thingtypename=null, attributes={installed=1592562234, latitude=37.4133144, longitude=-122.1513069}, version=1, billinggroupname=null}","2020-11-26 00:00:00.000"
"iot-device-01","1.5946370167880929E9","76.4","67.64","false","false","0.0062","0.0037","0.0164","2020-11-26T17:18:22.010+0000","{defaultclientid=iot-device-01, thingname=iot-device-01, thingid=983c2b68-f9a3-4e83-b3c6-9f6f8ad5431b, thingarn=arn:aws:iot:us-east-1:507441099951:thing/iot-device-01, thingtypename=null, attributes={installed=1594665292, latitude=37.4133144, longitude=-122.1513069}, version=1, billinggroupname=null}","2020-11-26 00:00:00.000"
"iot-device-03","1.5946370175841336E9","52.1","71.06","false","false","0.0078","0.0051","0.0209","2020-11-26T17:18:22.297+0000","{defaultclientid=iot-device-03, thingname=iot-device-03, thingid=877352b9-a35d-45d3-9c98-162d89965a13, thingarn=arn:aws:iot:us-east-1:507441099951:thing/iot-device-03, thingtypename=null, attributes={installed=1592562234, latitude=37.4133144, longitude=-122.1513069}, version=1, billinggroupname=null}","2020-11-26 00:00:00.000"
"iot-device-02","1.5946370212515345E9","59.7","74.48","true","false","0.0071","0.0045","0.019","2020-11-26T17:18:22.589+0000","{defaultclientid=iot-device-02, thingname=iot-device-02, thingid=4ae4927a-aefb-4584-a45a-fc4839feffd6, thingarn=arn:aws:iot:us-east-1:507441099951:thing/iot-device-02, thingtypename=null, attributes={installed=1593361211, latitude=32.8205865, longitude=-96.871627}, version=1, billinggroupname=null}","2020-11-26 00:00:00.000"
"iot-device-03","1.594637021528015E9","52.1","71.06","false","false","0.0078","0.0051","0.0209","2020-11-26T17:18:22.905+0000","{defaultclientid=iot-device-03, thingname=iot-device-03, thingid=877352b9-a35d-45d3-9c98-162d89965a13, thingarn=arn:aws:iot:us-east-1:507441099951:thing/iot-device-03, thingtypename=null, attributes={installed=1592562234, latitude=37.4133144, longitude=-122.1513069}, version=1, billinggroupname=null}","2020-11-26 00:00:00.000"
"iot-device-01","1.594637021677775E9","76.5","67.64","false","false","0.0062","0.0037","0.0164","2020-11-26T17:18:23.193+0000","{defaultclientid=iot-device-01, thingname=iot-device-01, thingid=983c2b68-f9a3-4e83-b3c6-9f6f8ad5431b, thingarn=arn:aws:iot:us-east-1:507441099951:thing/iot-device-01, thingtypename=null, attributes={installed=1594665292, latitude=37.4133144, longitude=-122.1513069}, version=1, billinggroupname=null}","2020-11-26 00:00:00.000"
"iot-device-02","1.594637025056139E9","59.5","74.48","true","false","0.0071","0.0045","0.019","2020-11-26T17:18:23.490+0000","{defaultclientid=iot-device-02, thingname=iot-device-02, thingid=4ae4927a-aefb-4584-a45a-fc4839feffd6, thingarn=arn:aws:iot:us-east-1:507441099951:thing/iot-device-02, thingtypename=null, attributes={installed=1593361211, latitude=32.8205865, longitude=-96.871627}, version=1, billinggroupname=null}","2020-11-26 00:00:00.000"
"iot-device-03","1.594636991778459E9","52.1","71.06","false","false","0.0078","0.0051","0.0209","2020-11-26T17:18:17.829+0000","{defaultclientid=iot-device-03, thingname=iot-device-03, thingid=877352b9-a35d-45d3-9c98-162d89965a13, thingarn=arn:aws:iot:us-east-1:507441099951:thing/iot-device-03, thingtypename=null, attributes={installed=1592562234, latitude=37.4133144, longitude=-122.1513069}, version=1, billinggroupname=null}","2020-11-26 00:00:00.000"
"iot-device-01","1.5946369929391813E9","77.3","67.64","false","false","0.0062","0.0037","0.0164","2020-11-26T17:18:18.117+0000","{defaultclientid=iot-device-01, thingname=iot-device-01, thingid=983c2b68-f9a3-4e83-b3c6-9f6f8ad5431b, thingarn=arn:aws:iot:us-east-1:507441099951:thing/iot-device-01, thingtypename=null, attributes={installed=1594665292, latitude=37.4133144, longitude=-122.1513069}, version=1, billinggroupname=null}","2020-11-26 00:00:00.000"
"iot-device-02","1.5946369943168087E9","59.7","74.48","true","false","0.0071","0.0045","0.0189","2020-11-26T17:18:18.413+0000","{defaultclientid=iot-device-02, thingname=iot-device-02, thingid=4ae4927a-aefb-4584-a45a-fc4839feffd6, thingarn=arn:aws:iot:us-east-1:507441099951:thing/iot-device-02, thingtypename=null, attributes={installed=1593361211, latitude=32.8205865, longitude=-96.871627}, version=1, billinggroupname=null}","2020-11-26 00:00:00.000"
"iot-device-03","1.5946369954647145E9","52.1","71.06","false","false","0.0078","0.0051","0.0209","2020-11-26T17:18:18.699+0000","{defaultclientid=iot-device-03, thingname=iot-device-03, thingid=877352b9-a35d-45d3-9c98-162d89965a13, thingarn=arn:aws:iot:us-east-1:507441099951:thing/iot-device-03, thingtypename=null, attributes={installed=1592562234, latitude=37.4133144, longitude=-122.1513069}, version=1, billinggroupname=null}","2020-11-26 00:00:00.000"
"iot-device-01","1.5946369988972616E9","76.3","67.46","false","false","0.0062","0.0037","0.0164","2020-11-26T17:18:18.989+0000","{defaultclientid=iot-device-01, thingname=iot-device-01, thingid=983c2b68-f9a3-4e83-b3c6-9f6f8ad5431b, thingarn=arn:aws:iot:us-east-1:507441099951:thing/iot-device-01, thingtypename=null, attributes={installed=1594665292, latitude=37.4133144, longitude=-122.1513069}, version=1, billinggroupname=null}","2020-11-26 00:00:00.000"
"iot-device-03","1.5946369991507132E9","52.1","71.06","false","false","0.0078","0.0051","0.0209","2020-11-26T17:18:19.281+0000","{defaultclientid=iot-device-03, thingname=iot-device-03, thingid=877352b9-a35d-45d3-9c98-162d89965a13, thingarn=arn:aws:iot:us-east-1:507441099951:thing/iot-device-03, thingtypename=null, attributes={installed=1592562234, latitude=37.4133144, longitude=-122.1513069}, version=1, billinggroupname=null}","2020-11-26 00:00:00.000"
"iot-device-03","1.5946370028348446E9","52.1","71.06","false","false","0.0078","0.0051","0.0209","2020-11-26T17:18:19.571+0000","{defaultclientid=iot-device-03, thingname=iot-device-03, thingid=877352b9-a35d-45d3-9c98-162d89965a13, thingarn=arn:aws:iot:us-east-1:507441099951:thing/iot-device-03, thingtypename=null, attributes={installed=1592562234, latitude=37.4133144, longitude=-122.1513069}, version=1, billinggroupname=null}","2020-11-26 00:00:00.000"
"iot-device-02","1.5946370029393141E9","59.7","74.48","true","false","0.0071","0.0045","0.0188","2020-11-26T17:18:19.869+0000","{defaultclientid=iot-device-02, thingname=iot-device-02, thingid=4ae4927a-aefb-4584-a45a-fc4839feffd6, thingarn=arn:aws:iot:us-east-1:507441099951:thing/iot-device-02, thingtypename=null, attributes={installed=1593361211, latitude=32.8205865, longitude=-96.871627}, version=1, billinggroupname=null}","2020-11-26 00:00:00.000"
"iot-device-01","1.5946370059351652E9","76.3","67.46","false","false","0.0063","0.0038","0.0166","2020-11-26T17:18:20.178+0000","{defaultclientid=iot-device-01, thingname=iot-device-01, thingid=983c2b68-f9a3-4e83-b3c6-9f6f8ad5431b, thingarn=arn:aws:iot:us-east-1:507441099951:thing/iot-device-01, thingtypename=null, attributes={installed=1594665292, latitude=37.4133144, longitude=-122.1513069}, version=1, billinggroupname=null}","2020-11-26 00:00:00.000"
"iot-device-03","1.5946370065208454E9","52.1","71.06","false","false","0.0078","0.0051","0.0209","2020-11-26T17:18:20.541+0000","{defaultclientid=iot-device-03, thingname=iot-device-03, thingid=877352b9-a35d-45d3-9c98-162d89965a13, thingarn=arn:aws:iot:us-east-1:507441099951:thing/iot-device-03, thingtypename=null, attributes={installed=1592562234, latitude=37.4133144, longitude=-122.1513069}, version=1, billinggroupname=null}","2020-11-26 00:00:00.000"
"iot-device-01","1.5946313583880231E9","76.0","67.28","false","false","0.0064","0.0038","0.0168","2020-11-26T17:12:29.942+0000","{defaultclientid=iot-device-01, thingname=iot-device-01, thingid=983c2b68-f9a3-4e83-b3c6-9f6f8ad5431b, thingarn=arn:aws:iot:us-east-1:507441099951:thing/iot-device-01, thingtypename=null, attributes={installed=1594665292, latitude=37.4133144, longitude=-122.1513069}, version=1, billinggroupname=null}","2020-11-26 00:00:00.000"
"iot-device-03","1.5946313607235243E9","51.7","71.24","false","false","0.0078","0.0051","0.0209","2020-11-26T17:12:30.262+0000","{defaultclientid=iot-device-03, thingname=iot-device-03, thingid=877352b9-a35d-45d3-9c98-162d89965a13, thingarn=arn:aws:iot:us-east-1:507441099951:thing/iot-device-03, thingtypename=null, attributes={installed=1592562234, latitude=37.4133144, longitude=-122.1513069}, version=1, billinggroupname=null}","2020-11-26 00:00:00.000"
"iot-device-02","1.5946313621191034E9","59.5","75.02","true","false","0.0072","0.0046","0.0192","2020-11-26T17:12:30.556+0000","{defaultclientid=iot-device-02, thingname=iot-device-02, thingid=4ae4927a-aefb-4584-a45a-fc4839feffd6, thingarn=arn:aws:iot:us-east-1:507441099951:thing/iot-device-02, thingtypename=null, attributes={installed=1593361211, latitude=32.8205865, longitude=-96.871627}, version=1, billinggroupname=null}","2020-11-26 00:00:00.000"
"iot-device-01","1.5946313638165507E9","76.0","67.28","false","false","0.0065","0.0039","0.017","2020-11-26T17:12:30.852+0000","{defaultclientid=iot-device-01, thingname=iot-device-01, thingid=983c2b68-f9a3-4e83-b3c6-9f6f8ad5431b, thingarn=arn:aws:iot:us-east-1:507441099951:thing/iot-device-01, thingtypename=null, attributes={installed=1594665292, latitude=37.4133144, longitude=-122.1513069}, version=1, billinggroupname=null}","2020-11-26 00:00:00.000"
"iot-device-03","1.5946313644111226E9","51.7","71.24","false","false","0.0078","0.0051","0.0208","2020-11-26T17:12:31.140+0000","{defaultclientid=iot-device-03, thingname=iot-device-03, thingid=877352b9-a35d-45d3-9c98-162d89965a13, thingarn=arn:aws:iot:us-east-1:507441099951:thing/iot-device-03, thingtypename=null, attributes={installed=1592562234, latitude=37.4133144, longitude=-122.1513069}, version=1, billinggroupname=null}","2020-11-26 00:00:00.000"
"iot-device-01","1.5946313676377244E9","76.1","67.28","false","false","0.0063","0.0038","0.0167","2020-11-26T17:12:31.440+0000","{defaultclientid=iot-device-01, thingname=iot-device-01, thingid=983c2b68-f9a3-4e83-b3c6-9f6f8ad5431b, thingarn=arn:aws:iot:us-east-1:507441099951:thing/iot-device-01, thingtypename=null, attributes={installed=1594665292, latitude=37.4133144, longitude=-122.1513069}, version=1, billinggroupname=null}","2020-11-26 00:00:00.000"
"iot-device-03","1.5946313680986948E9","51.7","71.06","false","false","0.0078","0.0051","0.021","2020-11-26T17:12:31.731+0000","{defaultclientid=iot-device-03, thingname=iot-device-03, thingid=877352b9-a35d-45d3-9c98-162d89965a13, thingarn=arn:aws:iot:us-east-1:507441099951:thing/iot-device-03, thingtypename=null, attributes={installed=1592562234, latitude=37.4133144, longitude=-122.1513069}, version=1, billinggroupname=null}","2020-11-26 00:00:00.000"
"iot-device-03","1.594631371786284E9","51.7","71.24","false","false","0.0078","0.0051","0.0209","2020-11-26T17:12:32.024+0000","{defaultclientid=iot-device-03, thingname=iot-device-03, thingid=877352b9-a35d-45d3-9c98-162d89965a13, thingarn=arn:aws:iot:us-east-1:507441099951:thing/iot-device-03, thingtypename=null, attributes={installed=1592562234, latitude=37.4133144, longitude=-122.1513069}, version=1, billinggroupname=null}","2020-11-26 00:00:00.000"
"iot-device-01","1.594631371988869E9","76.1","67.28","false","false","0.0063","0.0038","0.0167","2020-11-26T17:12:32.322+0000","{defaultclientid=iot-device-01, thingname=iot-device-01, thingid=983c2b68-f9a3-4e83-b3c6-9f6f8ad5431b, thingarn=arn:aws:iot:us-east-1:507441099951:thing/iot-device-01, thingtypename=null, attributes={installed=1594665292, latitude=37.4133144, longitude=-122.1513069}, version=1, billinggroupname=null}","2020-11-26 00:00:00.000"
"iot-device-02","1.5946313723513978E9","59.6","75.02","true","false","0.0071","0.0045","0.019","2020-11-26T17:12:32.621+0000","{defaultclientid=iot-device-02, thingname=iot-device-02, thingid=4ae4927a-aefb-4584-a45a-fc4839feffd6, thingarn=arn:aws:iot:us-east-1:507441099951:thing/iot-device-02, thingtypename=null, attributes={installed=1593361211, latitude=32.8205865, longitude=-96.871627}, version=1, billinggroupname=null}","2020-11-26 00:00:00.000"
"iot-device-02","1.5946314490504391E9","59.6","75.02","true","false","0.0072","0.0045","0.0191","2020-11-26T17:12:44.856+0000","{defaultclientid=iot-device-02, thingname=iot-device-02, thingid=4ae4927a-aefb-4584-a45a-fc4839feffd6, thingarn=arn:aws:iot:us-east-1:507441099951:thing/iot-device-02, thingtypename=null, attributes={installed=1593361211, latitude=32.8205865, longitude=-96.871627}, version=1, billinggroupname=null}","2020-11-26 00:00:00.000"
"iot-device-03","1.5946314491204152E9","51.6","71.06","false","false","0.0078","0.0051","0.0208","2020-11-26T17:12:45.148+0000","{defaultclientid=iot-device-03, thingname=iot-device-03, thingid=877352b9-a35d-45d3-9c98-162d89965a13, thingarn=arn:aws:iot:us-east-1:507441099951:thing/iot-device-03, thingtypename=null, attributes={installed=1592562234, latitude=37.4133144, longitude=-122.1513069}, version=1, billinggroupname=null}","2020-11-26 00:00:00.000"
"iot-device-03","1.5946314528064234E9","51.7","71.24","false","false","0.0078","0.0051","0.0209","2020-11-26T17:12:45.431+0000","{defaultclientid=iot-device-03, thingname=iot-device-03, thingid=877352b9-a35d-45d3-9c98-162d89965a13, thingarn=arn:aws:iot:us-east-1:507441099951:thing/iot-device-03, thingtypename=null, attributes={installed=1592562234, latitude=37.4133144, longitude=-122.1513069}, version=1, billinggroupname=null}","2020-11-26 00:00:00.000"
"iot-device-02","1.5946314533988047E9","59.6","75.02","true","false","0.0071","0.0045","0.019","2020-11-26T17:12:45.718+0000","{defaultclientid=iot-device-02, thingname=iot-device-02, thingid=4ae4927a-aefb-4584-a45a-fc4839feffd6, thingarn=arn:aws:iot:us-east-1:507441099951:thing/iot-device-02, thingtypename=null, attributes={installed=1593361211, latitude=32.8205865, longitude=-96.871627}, version=1, billinggroupname=null}","2020-11-26 00:00:00.000"
"iot-device-01","1.5946314559125009E9","75.3","67.46","false","false","0.0064","0.0039","0.0169","2020-11-26T17:12:46.018+0000","{defaultclientid=iot-device-01, thingname=iot-device-01, thingid=983c2b68-f9a3-4e83-b3c6-9f6f8ad5431b, thingarn=arn:aws:iot:us-east-1:507441099951:thing/iot-device-01, thingtypename=null, attributes={installed=1594665292, latitude=37.4133144, longitude=-122.1513069}, version=1, billinggroupname=null}","2020-11-26 00:00:00.000"
"iot-device-03","1.5946314564867954E9","51.7","71.24","false","false","0.0078","0.0051","0.0209","2020-11-26T17:12:46.309+0000","{defaultclientid=iot-device-03, thingname=iot-device-03, thingid=877352b9-a35d-45d3-9c98-162d89965a13, thingarn=arn:aws:iot:us-east-1:507441099951:thing/iot-device-03, thingtypename=null, attributes={installed=1592562234, latitude=37.4133144, longitude=-122.1513069}, version=1, billinggroupname=null}","2020-11-26 00:00:00.000"
"iot-device-03","1.594631460172845E9","51.7","71.24","false","false","0.0078","0.0051","0.0209","2020-11-26T17:12:46.609+0000","{defaultclientid=iot-device-03, thingname=iot-device-03, thingid=877352b9-a35d-45d3-9c98-162d89965a13, thingarn=arn:aws:iot:us-east-1:507441099951:thing/iot-device-03, thingtypename=null, attributes={installed=1592562234, latitude=37.4133144, longitude=-122.1513069}, version=1, billinggroupname=null}","2020-11-26 00:00:00.000"
"iot-device-01","1.5946314602660007E9","76.0","67.46","false","false","0.0064","0.0039","0.0169","2020-11-26T17:12:46.908+0000","{defaultclientid=iot-device-01, thingname=iot-device-01, thingid=983c2b68-f9a3-4e83-b3c6-9f6f8ad5431b, thingarn=arn:aws:iot:us-east-1:507441099951:thing/iot-device-01, thingtypename=null, attributes={installed=1594665292, latitude=37.4133144, longitude=-122.1513069}, version=1, billinggroupname=null}","2020-11-26 00:00:00.000"
"iot-device-02","1.5946314609506965E9","59.5","75.02","true","false","0.0072","0.0046","0.0191","2020-11-26T17:12:47.200+0000","{defaultclientid=iot-device-02, thingname=iot-device-02, thingid=4ae4927a-aefb-4584-a45a-fc4839feffd6, thingarn=arn:aws:iot:us-east-1:507441099951:thing/iot-device-02, thingtypename=null, attributes={installed=1593361211, latitude=32.8205865, longitude=-96.871627}, version=1, billinggroupname=null}","2020-11-26 00:00:00.000"
"iot-device-03","1.5946314638587544E9","51.7","71.24","false","false","0.0078","0.0051","0.0209","2020-11-26T17:12:47.479+0000","{defaultclientid=iot-device-03, thingname=iot-device-03, thingid=877352b9-a35d-45d3-9c98-162d89965a13, thingarn=arn:aws:iot:us-east-1:507441099951:thing/iot-device-03, thingtypename=null, attributes={installed=1592562234, latitude=37.4133144, longitude=-122.1513069}, version=1, billinggroupname=null}","2020-11-26 00:00:00.000"
"iot-device-03","1.5946314859730468E9","51.7","71.24","false","false","0.0078","0.0051","0.0209","2020-11-26T17:12:50.979+0000","{defaultclientid=iot-device-03, thingname=iot-device-03, thingid=877352b9-a35d-45d3-9c98-162d89965a13, thingarn=arn:aws:iot:us-east-1:507441099951:thing/iot-device-03, thingtypename=null, attributes={installed=1592562234, latitude=37.4133144, longitude=-122.1513069}, version=1, billinggroupname=null}","2020-11-26 00:00:00.000"
"iot-device-01","1.594631486835927E9","76.0","67.46","false","false","0.0064","0.0038","0.0168","2020-11-26T17:12:51.276+0000","{defaultclientid=iot-device-01, thingname=iot-device-01, thingid=983c2b68-f9a3-4e83-b3c6-9f6f8ad5431b, thingarn=arn:aws:iot:us-east-1:507441099951:thing/iot-device-01, thingtypename=null, attributes={installed=1594665292, latitude=37.4133144, longitude=-122.1513069}, version=1, billinggroupname=null}","2020-11-26 00:00:00.000"
"iot-device-02","1.5946314890581155E9","59.6","75.02","true","false","0.0073","0.0046","0.0194","2020-11-26T17:12:51.581+0000","{defaultclientid=iot-device-02, thingname=iot-device-02, thingid=4ae4927a-aefb-4584-a45a-fc4839feffd6, thingarn=arn:aws:iot:us-east-1:507441099951:thing/iot-device-02, thingtypename=null, attributes={installed=1593361211, latitude=32.8205865, longitude=-96.871627}, version=1, billinggroupname=null}","2020-11-26 00:00:00.000"
"iot-device-03","1.5946314896590805E9","51.7","71.24","false","false","0.0078","0.0051","0.021","2020-11-26T17:12:51.877+0000","{defaultclientid=iot-device-03, thingname=iot-device-03, thingid=877352b9-a35d-45d3-9c98-162d89965a13, thingarn=arn:aws:iot:us-east-1:507441099951:thing/iot-device-03, thingtypename=null, attributes={installed=1592562234, latitude=37.4133144, longitude=-122.1513069}, version=1, billinggroupname=null}","2020-11-26 00:00:00.000"
"iot-device-01","1.5946314911860654E9","76.1","67.46","false","false","0.0062","0.0037","0.0164","2020-11-26T17:12:52.173+0000","{defaultclientid=iot-device-01, thingname=iot-device-01, thingid=983c2b68-f9a3-4e83-b3c6-9f6f8ad5431b, thingarn=arn:aws:iot:us-east-1:507441099951:thing/iot-device-01, thingtypename=null, attributes={installed=1594665292, latitude=37.4133144, longitude=-122.1513069}, version=1, billinggroupname=null}","2020-11-26 00:00:00.000"
"iot-device-03","1.594631493344259E9","51.7","71.06","false","false","0.0079","0.0051","0.021","2020-11-26T17:12:52.479+0000","{defaultclientid=iot-device-03, thingname=iot-device-03, thingid=877352b9-a35d-45d3-9c98-162d89965a13, thingarn=arn:aws:iot:us-east-1:507441099951:thing/iot-device-03, thingtypename=null, attributes={installed=1592562234, latitude=37.4133144, longitude=-122.1513069}, version=1, billinggroupname=null}","2020-11-26 00:00:00.000"
"iot-device-03","1.5946314970307775E9","51.8","71.24","false","false","0.0078","0.0051","0.0209","2020-11-26T17:12:52.761+0000","{defaultclientid=iot-device-03, thingname=iot-device-03, thingid=877352b9-a35d-45d3-9c98-162d89965a13, thingarn=arn:aws:iot:us-east-1:507441099951:thing/iot-device-03, thingtypename=null, attributes={installed=1592562234, latitude=37.4133144, longitude=-122.1513069}, version=1, billinggroupname=null}","2020-11-26 00:00:00.000"
"iot-device-01","1.5946314982302444E9","76.1","67.46","false","false","0.0064","0.0039","0.0169","2020-11-26T17:12:53.049+0000","{defaultclientid=iot-device-01, thingname=iot-device-01, thingid=983c2b68-f9a3-4e83-b3c6-9f6f8ad5431b, thingarn=arn:aws:iot:us-east-1:507441099951:thing/iot-device-01, thingtypename=null, attributes={installed=1594665292, latitude=37.4133144, longitude=-122.1513069}, version=1, billinggroupname=null}","2020-11-26 00:00:00.000"
"iot-device-03","1.5946315007170017E9","51.8","71.24","false","false","0.0078","0.0051","0.0209","2020-11-26T17:12:53.342+0000","{defaultclientid=iot-device-03, thingname=iot-device-03, thingid=877352b9-a35d-45d3-9c98-162d89965a13, thingarn=arn:aws:iot:us-east-1:507441099951:thing/iot-device-03, thingtypename=null, attributes={installed=1592562234, latitude=37.4133144, longitude=-122.1513069}, version=1, billinggroupname=null}","2020-11-26 00:00:00.000"
"iot-device-01","1.5946315025808215E9","76.1","67.46","false","false","0.0063","0.0038","0.0167","2020-11-26T17:12:53.644+0000","{defaultclientid=iot-device-01, thingname=iot-device-01, thingid=983c2b68-f9a3-4e83-b3c6-9f6f8ad5431b, thingarn=arn:aws:iot:us-east-1:507441099951:thing/iot-device-01, thingtypename=null, attributes={installed=1594665292, latitude=37.4133144, longitude=-122.1513069}, version=1, billinggroupname=null}","2020-11-26 00:00:00.000"
"iot-device-01","1.5946314336816912E9","76.0","67.28","false","false","0.0064","0.0039","0.0169","2020-11-26T17:12:41.868+0000","{defaultclientid=iot-device-01, thingname=iot-device-01, thingid=983c2b68-f9a3-4e83-b3c6-9f6f8ad5431b, thingarn=arn:aws:iot:us-east-1:507441099951:thing/iot-device-01, thingtypename=null, attributes={installed=1594665292, latitude=37.4133144, longitude=-122.1513069}, version=1, billinggroupname=null}","2020-11-26 00:00:00.000"
"iot-device-03","1.5946314343767805E9","51.7","71.24","false","false","0.0078","0.0051","0.0209","2020-11-26T17:12:42.170+0000","{defaultclientid=iot-device-03, thingname=iot-device-03, thingid=877352b9-a35d-45d3-9c98-162d89965a13, thingarn=arn:aws:iot:us-east-1:507441099951:thing/iot-device-03, thingtypename=null, attributes={installed=1592562234, latitude=37.4133144, longitude=-122.1513069}, version=1, billinggroupname=null}","2020-11-26 00:00:00.000"
"iot-device-02","1.5946314349305446E9","59.5","75.02","true","false","0.0072","0.0045","0.0191","2020-11-26T17:12:42.449+0000","{defaultclientid=iot-device-02, thingname=iot-device-02, thingid=4ae4927a-aefb-4584-a45a-fc4839feffd6, thingarn=arn:aws:iot:us-east-1:507441099951:thing/iot-device-02, thingtypename=null, attributes={installed=1593361211, latitude=32.8205865, longitude=-96.871627}, version=1, billinggroupname=null}","2020-11-26 00:00:00.000"
"iot-device-03","1.5946314380617125E9","51.6","71.06","false","false","0.0078","0.0051","0.0209","2020-11-26T17:12:42.749+0000","{defaultclientid=iot-device-03, thingname=iot-device-03, thingid=877352b9-a35d-45d3-9c98-162d89965a13, thingarn=arn:aws:iot:us-east-1:507441099951:thing/iot-device-03, thingtypename=null, attributes={installed=1592562234, latitude=37.4133144, longitude=-122.1513069}, version=1, billinggroupname=null}","2020-11-26 00:00:00.000"
"iot-device-01","1.5946314396461596E9","76.0","67.28","false","false","0.0065","0.0039","0.017","2020-11-26T17:12:43.049+0000","{defaultclientid=iot-device-01, thingname=iot-device-01, thingid=983c2b68-f9a3-4e83-b3c6-9f6f8ad5431b, thingarn=arn:aws:iot:us-east-1:507441099951:thing/iot-device-01, thingtypename=null, attributes={installed=1594665292, latitude=37.4133144, longitude=-122.1513069}, version=1, billinggroupname=null}","2020-11-26 00:00:00.000"
"iot-device-02","1.5946314398129663E9","59.5","75.02","true","false","0.0072","0.0045","0.019","2020-11-26T17:12:43.338+0000","{defaultclientid=iot-device-02, thingname=iot-device-02, thingid=4ae4927a-aefb-4584-a45a-fc4839feffd6, thingarn=arn:aws:iot:us-east-1:507441099951:thing/iot-device-02, thingtypename=null, attributes={installed=1593361211, latitude=32.8205865, longitude=-96.871627}, version=1, billinggroupname=null}","2020-11-26 00:00:00.000"
"iot-device-03","1.5946314417476873E9","51.7","71.24","false","false","0.0078","0.0051","0.0209","2020-11-26T17:12:43.628+0000","{defaultclientid=iot-device-03, thingname=iot-device-03, thingid=877352b9-a35d-45d3-9c98-162d89965a13, thingarn=arn:aws:iot:us-east-1:507441099951:thing/iot-device-03, thingtypename=null, attributes={installed=1592562234, latitude=37.4133144, longitude=-122.1513069}, version=1, billinggroupname=null}","2020-11-26 00:00:00.000"
"iot-device-02","1.5946314436205518E9","59.5","75.02","true","false","0.0072","0.0045","0.019","2020-11-26T17:12:43.919+0000","{defaultclientid=iot-device-02, thingname=iot-device-02, thingid=4ae4927a-aefb-4584-a45a-fc4839feffd6, thingarn=arn:aws:iot:us-east-1:507441099951:thing/iot-device-02, thingtypename=null, attributes={installed=1593361211, latitude=32.8205865, longitude=-96.871627}, version=1, billinggroupname=null}","2020-11-26 00:00:00.000"
"iot-device-01","1.59463144510278E9","76.1","67.46","false","false","0.0064","0.0039","0.0169","2020-11-26T17:12:44.212+0000","{defaultclientid=iot-device-01, thingname=iot-device-01, thingid=983c2b68-f9a3-4e83-b3c6-9f6f8ad5431b, thingarn=arn:aws:iot:us-east-1:507441099951:thing/iot-device-01, thingtypename=null, attributes={installed=1594665292, latitude=37.4133144, longitude=-122.1513069}, version=1, billinggroupname=null}","2020-11-26 00:00:00.000"
"iot-device-03","1.594631445434189E9","51.7","71.24","false","false","0.0079","0.0051","0.021","2020-11-26T17:12:44.564+0000","{defaultclientid=iot-device-03, thingname=iot-device-03, thingid=877352b9-a35d-45d3-9c98-162d89965a13, thingarn=arn:aws:iot:us-east-1:507441099951:thing/iot-device-03, thingtypename=null, attributes={installed=1592562234, latitude=37.4133144, longitude=-122.1513069}, version=1, billinggroupname=null}","2020-11-26 00:00:00.000"
"iot-device-03","1.5946315338740313E9","51.7","71.06","false","false","0.0078","0.0051","0.0209","2020-11-26T17:12:59.555+0000","{defaultclientid=iot-device-03, thingname=iot-device-03, thingid=877352b9-a35d-45d3-9c98-162d89965a13, thingarn=arn:aws:iot:us-east-1:507441099951:thing/iot-device-03, thingtypename=null, attributes={installed=1592562234, latitude=37.4133144, longitude=-122.1513069}, version=1, billinggroupname=null}","2020-11-26 00:00:00.000"
"iot-device-01","1.5946315346838536E9","76.0","67.46","false","false","0.0065","0.0039","0.017","2020-11-26T17:12:59.840+0000","{defaultclientid=iot-device-01, thingname=iot-device-01, thingid=983c2b68-f9a3-4e83-b3c6-9f6f8ad5431b, thingarn=arn:aws:iot:us-east-1:507441099951:thing/iot-device-01, thingtypename=null, attributes={installed=1594665292, latitude=37.4133144, longitude=-122.1513069}, version=1, billinggroupname=null}","2020-11-26 00:00:00.000"
"iot-device-03","1.5946314159474368E9","51.6","71.06","false","false","0.0078","0.0051","0.0209","2020-11-26T17:12:38.920+0000","{defaultclientid=iot-device-03, thingname=iot-device-03, thingid=877352b9-a35d-45d3-9c98-162d89965a13, thingarn=arn:aws:iot:us-east-1:507441099951:thing/iot-device-03, thingtypename=null, attributes={installed=1592562234, latitude=37.4133144, longitude=-122.1513069}, version=1, billinggroupname=null}","2020-11-26 00:00:00.000"
"iot-device-02","1.5946314181664321E9","59.6","75.02","true","false","0.0072","0.0045","0.019","2020-11-26T17:12:39.225+0000","{defaultclientid=iot-device-02, thingname=iot-device-02, thingid=4ae4927a-aefb-4584-a45a-fc4839feffd6, thingarn=arn:aws:iot:us-east-1:507441099951:thing/iot-device-02, thingtypename=null, attributes={installed=1593361211, latitude=32.8205865, longitude=-96.871627}, version=1, billinggroupname=null}","2020-11-26 00:00:00.000"
"iot-device-03","1.59463141963352E9","51.7","71.24","false","false","0.0078","0.0051","0.0209","2020-11-26T17:12:39.521+0000","{defaultclientid=iot-device-03, thingname=iot-device-03, thingid=877352b9-a35d-45d3-9c98-162d89965a13, thingarn=arn:aws:iot:us-east-1:507441099951:thing/iot-device-03, thingtypename=null, attributes={installed=1592562234, latitude=37.4133144, longitude=-122.1513069}, version=1, billinggroupname=null}","2020-11-26 00:00:00.000"
"iot-device-03","1.5946314233187952E9","51.6","71.06","false","false","0.0078","0.0051","0.0209","2020-11-26T17:12:39.816+0000","{defaultclientid=iot-device-03, thingname=iot-device-03, thingid=877352b9-a35d-45d3-9c98-162d89965a13, thingarn=arn:aws:iot:us-east-1:507441099951:thing/iot-device-03, thingtypename=null, attributes={installed=1592562234, latitude=37.4133144, longitude=-122.1513069}, version=1, billinggroupname=null}","2020-11-26 00:00:00.000"
"iot-device-01","1.5946314239010046E9","76.1","67.46","false","false","0.0065","0.0039","0.017","2020-11-26T17:12:40.112+0000","{defaultclientid=iot-device-01, thingname=iot-device-01, thingid=983c2b68-f9a3-4e83-b3c6-9f6f8ad5431b, thingarn=arn:aws:iot:us-east-1:507441099951:thing/iot-device-01, thingtypename=null, attributes={installed=1594665292, latitude=37.4133144, longitude=-122.1513069}, version=1, billinggroupname=null}","2020-11-26 00:00:00.000"
"iot-device-02","1.5946314241096866E9","59.5","75.02","true","false","0.0072","0.0046","0.0192","2020-11-26T17:12:40.401+0000","{defaultclientid=iot-device-02, thingname=iot-device-02, thingid=4ae4927a-aefb-4584-a45a-fc4839feffd6, thingarn=arn:aws:iot:us-east-1:507441099951:thing/iot-device-02, thingtypename=null, attributes={installed=1593361211, latitude=32.8205865, longitude=-96.871627}, version=1, billinggroupname=null}","2020-11-26 00:00:00.000"
"iot-device-03","1.59463142700476E9","51.7","71.24","false","false","0.0078","0.0051","0.0209","2020-11-26T17:12:40.700+0000","{defaultclientid=iot-device-03, thingname=iot-device-03, thingid=877352b9-a35d-45d3-9c98-162d89965a13, thingarn=arn:aws:iot:us-east-1:507441099951:thing/iot-device-03, thingtypename=null, attributes={installed=1592562234, latitude=37.4133144, longitude=-122.1513069}, version=1, billinggroupname=null}","2020-11-26 00:00:00.000"
"iot-device-01","1.5946314277158158E9","76.2","67.46","false","false","0.0064","0.0039","0.0169","2020-11-26T17:12:41.000+0000","{defaultclientid=iot-device-01, thingname=iot-device-01, thingid=983c2b68-f9a3-4e83-b3c6-9f6f8ad5431b, thingarn=arn:aws:iot:us-east-1:507441099951:thing/iot-device-01, thingtypename=null, attributes={installed=1594665292, latitude=37.4133144, longitude=-122.1513069}, version=1, billinggroupname=null}","2020-11-26 00:00:00.000"
"iot-device-02","1.5946314279169018E9","59.5","75.02","true","false","0.0072","0.0046","0.0192","2020-11-26T17:12:41.299+0000","{defaultclientid=iot-device-02, thingname=iot-device-02, thingid=4ae4927a-aefb-4584-a45a-fc4839feffd6, thingarn=arn:aws:iot:us-east-1:507441099951:thing/iot-device-02, thingtypename=null, attributes={installed=1593361211, latitude=32.8205865, longitude=-96.871627}, version=1, billinggroupname=null}","2020-11-26 00:00:00.000"
"iot-device-03","1.5946314306908705E9","51.6","71.06","false","false","0.0078","0.0051","0.0209","2020-11-26T17:12:41.578+0000","{defaultclientid=iot-device-03, thingname=iot-device-03, thingid=877352b9-a35d-45d3-9c98-162d89965a13, thingarn=arn:aws:iot:us-east-1:507441099951:thing/iot-device-03, thingtypename=null, attributes={installed=1592562234, latitude=37.4133144, longitude=-122.1513069}, version=1, billinggroupname=null}","2020-11-26 00:00:00.000"
"iot-device-03","1.594631504402868E9","51.7","71.24","false","false","0.0078","0.0051","0.0209","2020-11-26T17:12:53.945+0000","{defaultclientid=iot-device-03, thingname=iot-device-03, thingid=877352b9-a35d-45d3-9c98-162d89965a13, thingarn=arn:aws:iot:us-east-1:507441099951:thing/iot-device-03, thingtypename=null, attributes={installed=1592562234, latitude=37.4133144, longitude=-122.1513069}, version=1, billinggroupname=null}","2020-11-26 00:00:00.000"
"iot-device-02","1.5946315054349663E9","59.5","75.02","true","false","0.0074","0.0047","0.0197","2020-11-26T17:12:54.234+0000","{defaultclientid=iot-device-02, thingname=iot-device-02, thingid=4ae4927a-aefb-4584-a45a-fc4839feffd6, thingarn=arn:aws:iot:us-east-1:507441099951:thing/iot-device-02, thingtypename=null, attributes={installed=1593361211, latitude=32.8205865, longitude=-96.871627}, version=1, billinggroupname=null}","2020-11-26 00:00:00.000"
"iot-device-01","1.5946315064075966E9","76.0","67.28","false","false","0.0064","0.0039","0.0169","2020-11-26T17:12:54.519+0000","{defaultclientid=iot-device-01, thingname=iot-device-01, thingid=983c2b68-f9a3-4e83-b3c6-9f6f8ad5431b, thingarn=arn:aws:iot:us-east-1:507441099951:thing/iot-device-01, thingtypename=null, attributes={installed=1594665292, latitude=37.4133144, longitude=-122.1513069}, version=1, billinggroupname=null}","2020-11-26 00:00:00.000"
"iot-device-03","1.5946315080878305E9","51.8","71.24","false","false","0.0078","0.0051","0.0209","2020-11-26T17:12:54.818+0000","{defaultclientid=iot-device-03, thingname=iot-device-03, thingid=877352b9-a35d-45d3-9c98-162d89965a13, thingarn=arn:aws:iot:us-east-1:507441099951:thing/iot-device-03, thingtypename=null, attributes={installed=1592562234, latitude=37.4133144, longitude=-122.1513069}, version=1, billinggroupname=null}","2020-11-26 00:00:00.000"
"iot-device-02","1.5946315108434074E9","59.5","75.02","true","false","0.0071","0.0045","0.019","2020-11-26T17:12:55.112+0000","{defaultclientid=iot-device-02, thingname=iot-device-02, thingid=4ae4927a-aefb-4584-a45a-fc4839feffd6, thingarn=arn:aws:iot:us-east-1:507441099951:thing/iot-device-02, thingtypename=null, attributes={installed=1593361211, latitude=32.8205865, longitude=-96.871627}, version=1, billinggroupname=null}","2020-11-26 00:00:00.000"
"iot-device-01","1.5946315112969944E9","76.1","67.46","false","false","0.0064","0.0038","0.0168","2020-11-26T17:12:55.416+0000","{defaultclientid=iot-device-01, thingname=iot-device-01, thingid=983c2b68-f9a3-4e83-b3c6-9f6f8ad5431b, thingarn=arn:aws:iot:us-east-1:507441099951:thing/iot-device-01, thingtypename=null, attributes={installed=1594665292, latitude=37.4133144, longitude=-122.1513069}, version=1, billinggroupname=null}","2020-11-26 00:00:00.000"
"iot-device-03","1.5946315117678485E9","51.7","71.06","false","false","0.0078","0.0051","0.0209","2020-11-26T17:12:55.710+0000","{defaultclientid=iot-device-03, thingname=iot-device-03, thingid=877352b9-a35d-45d3-9c98-162d89965a13, thingarn=arn:aws:iot:us-east-1:507441099951:thing/iot-device-03, thingtypename=null, attributes={installed=1592562234, latitude=37.4133144, longitude=-122.1513069}, version=1, billinggroupname=null}","2020-11-26 00:00:00.000"
"iot-device-02","1.5946315151839435E9","59.5","75.02","true","false","0.0072","0.0045","0.019","2020-11-26T17:12:56.009+0000","{defaultclientid=iot-device-02, thingname=iot-device-02, thingid=4ae4927a-aefb-4584-a45a-fc4839feffd6, thingarn=arn:aws:iot:us-east-1:507441099951:thing/iot-device-02, thingtypename=null, attributes={installed=1593361211, latitude=32.8205865, longitude=-96.871627}, version=1, billinggroupname=null}","2020-11-26 00:00:00.000"
"iot-device-03","1.5946315154445412E9","51.8","71.24","false","false","0.0078","0.0051","0.0209","2020-11-26T17:12:56.317+0000","{defaultclientid=iot-device-03, thingname=iot-device-03, thingid=877352b9-a35d-45d3-9c98-162d89965a13, thingarn=arn:aws:iot:us-east-1:507441099951:thing/iot-device-03, thingtypename=null, attributes={installed=1592562234, latitude=37.4133144, longitude=-122.1513069}, version=1, billinggroupname=null}","2020-11-26 00:00:00.000"
"iot-device-02","1.594631479903789E9","59.5","75.02","true","false","0.0072","0.0046","0.0191","2020-11-26T17:12:50.099+0000","{defaultclientid=iot-device-02, thingname=iot-device-02, thingid=4ae4927a-aefb-4584-a45a-fc4839feffd6, thingarn=arn:aws:iot:us-east-1:507441099951:thing/iot-device-02, thingtypename=null, attributes={installed=1593361211, latitude=32.8205865, longitude=-96.871627}, version=1, billinggroupname=null}","2020-11-26 00:00:00.000"
"iot-device-01","1.5946314656956365E9","76.0","67.46","false","false","0.0065","0.0039","0.017","2020-11-26T17:12:47.774+0000","{defaultclientid=iot-device-01, thingname=iot-device-01, thingid=983c2b68-f9a3-4e83-b3c6-9f6f8ad5431b, thingarn=arn:aws:iot:us-east-1:507441099951:thing/iot-device-01, thingtypename=null, attributes={installed=1594665292, latitude=37.4133144, longitude=-122.1513069}, version=1, billinggroupname=null}","2020-11-26 00:00:00.000"
"iot-device-03","1.594631467544696E9","51.7","71.24","false","false","0.0078","0.0051","0.0209","2020-11-26T17:12:48.059+0000","{defaultclientid=iot-device-03, thingname=iot-device-03, thingid=877352b9-a35d-45d3-9c98-162d89965a13, thingarn=arn:aws:iot:us-east-1:507441099951:thing/iot-device-03, thingtypename=null, attributes={installed=1592562234, latitude=37.4133144, longitude=-122.1513069}, version=1, billinggroupname=null}","2020-11-26 00:00:00.000"
"iot-device-02","1.5946314679986825E9","59.5","75.02","true","false","0.0071","0.0045","0.0189","2020-11-26T17:12:48.351+0000","{defaultclientid=iot-device-02, thingname=iot-device-02, thingid=4ae4927a-aefb-4584-a45a-fc4839feffd6, thingarn=arn:aws:iot:us-east-1:507441099951:thing/iot-device-02, thingtypename=null, attributes={installed=1593361211, latitude=32.8205865, longitude=-96.871627}, version=1, billinggroupname=null}","2020-11-26 00:00:00.000"
"iot-device-03","1.5946314712308135E9","51.7","71.24","false","false","0.0078","0.0051","0.0209","2020-11-26T17:12:48.638+0000","{defaultclientid=iot-device-03, thingname=iot-device-03, thingid=877352b9-a35d-45d3-9c98-162d89965a13, thingarn=arn:aws:iot:us-east-1:507441099951:thing/iot-device-03, thingtypename=null, attributes={installed=1592562234, latitude=37.4133144, longitude=-122.1513069}, version=1, billinggroupname=null}","2020-11-26 00:00:00.000"
"iot-device-03","1.594631474916807E9","51.7","71.24","false","false","0.0078","0.0051","0.0209","2020-11-26T17:12:48.937+0000","{defaultclientid=iot-device-03, thingname=iot-device-03, thingid=877352b9-a35d-45d3-9c98-162d89965a13, thingarn=arn:aws:iot:us-east-1:507441099951:thing/iot-device-03, thingtypename=null, attributes={installed=1592562234, latitude=37.4133144, longitude=-122.1513069}, version=1, billinggroupname=null}","2020-11-26 00:00:00.000"
"iot-device-02","1.594631475557074E9","59.5","75.02","true","false","0.0072","0.0045","0.019","2020-11-26T17:12:49.237+0000","{defaultclientid=iot-device-02, thingname=iot-device-02, thingid=4ae4927a-aefb-4584-a45a-fc4839feffd6, thingarn=arn:aws:iot:us-east-1:507441099951:thing/iot-device-02, thingtypename=null, attributes={installed=1593361211, latitude=32.8205865, longitude=-96.871627}, version=1, billinggroupname=null}","2020-11-26 00:00:00.000"
"iot-device-01","1.594631476515788E9","76.0","67.46","false","false","0.0065","0.0039","0.017","2020-11-26T17:12:49.531+0000","{defaultclientid=iot-device-01, thingname=iot-device-01, thingid=983c2b68-f9a3-4e83-b3c6-9f6f8ad5431b, thingarn=arn:aws:iot:us-east-1:507441099951:thing/iot-device-01, thingtypename=null, attributes={installed=1594665292, latitude=37.4133144, longitude=-122.1513069}, version=1, billinggroupname=null}","2020-11-26 00:00:00.000"
"iot-device-03","1.5946314786033516E9","51.7","71.24","false","false","0.0078","0.0051","0.0209","2020-11-26T17:12:49.820+0000","{defaultclientid=iot-device-03, thingname=iot-device-03, thingid=877352b9-a35d-45d3-9c98-162d89965a13, thingarn=arn:aws:iot:us-east-1:507441099951:thing/iot-device-03, thingtypename=null, attributes={installed=1592562234, latitude=37.4133144, longitude=-122.1513069}, version=1, billinggroupname=null}","2020-11-26 00:00:00.000"
"iot-device-01","1.5946314819428241E9","76.0","67.46","false","false","0.0064","0.0039","0.0169","2020-11-26T17:12:50.387+0000","{defaultclientid=iot-device-01, thingname=iot-device-01, thingid=983c2b68-f9a3-4e83-b3c6-9f6f8ad5431b, thingarn=arn:aws:iot:us-east-1:507441099951:thing/iot-device-01, thingtypename=null, attributes={installed=1594665292, latitude=37.4133144, longitude=-122.1513069}, version=1, billinggroupname=null}","2020-11-26 00:00:00.000"
"iot-device-03","1.594631482286909E9","51.7","71.24","false","false","0.0078","0.0051","0.0208","2020-11-26T17:12:50.678+0000","{defaultclientid=iot-device-03, thingname=iot-device-03, thingid=877352b9-a35d-45d3-9c98-162d89965a13, thingarn=arn:aws:iot:us-east-1:507441099951:thing/iot-device-03, thingtypename=null, attributes={installed=1592562234, latitude=37.4133144, longitude=-122.1513069}, version=1, billinggroupname=null}","2020-11-26 00:00:00.000"
"iot-device-03","1.5946313754738393E9","51.7","71.24","false","false","0.0078","0.0051","0.0209","2020-11-26T17:12:32.982+0000","{defaultclientid=iot-device-03, thingname=iot-device-03, thingid=877352b9-a35d-45d3-9c98-162d89965a13, thingarn=arn:aws:iot:us-east-1:507441099951:thing/iot-device-03, thingtypename=null, attributes={installed=1592562234, latitude=37.4133144, longitude=-122.1513069}, version=1, billinggroupname=null}","2020-11-26 00:00:00.000"
"iot-device-03","1.5946313791612134E9","51.7","71.24","false","false","0.0078","0.0051","0.021","2020-11-26T17:12:33.271+0000","{defaultclientid=iot-device-03, thingname=iot-device-03, thingid=877352b9-a35d-45d3-9c98-162d89965a13, thingarn=arn:aws:iot:us-east-1:507441099951:thing/iot-device-03, thingtypename=null, attributes={installed=1592562234, latitude=37.4133144, longitude=-122.1513069}, version=1, billinggroupname=null}","2020-11-26 00:00:00.000"
"iot-device-02","1.5946313793665338E9","59.5","75.02","true","false","0.0071","0.0045","0.019","2020-11-26T17:12:33.570+0000","{defaultclientid=iot-device-02, thingname=iot-device-02, thingid=4ae4927a-aefb-4584-a45a-fc4839feffd6, thingarn=arn:aws:iot:us-east-1:507441099951:thing/iot-device-02, thingtypename=null, attributes={installed=1593361211, latitude=32.8205865, longitude=-96.871627}, version=1, billinggroupname=null}","2020-11-26 00:00:00.000"
"iot-device-03","1.594631382846172E9","51.7","71.24","false","false","0.0079","0.0051","0.021","2020-11-26T17:12:33.862+0000","{defaultclientid=iot-device-03, thingname=iot-device-03, thingid=877352b9-a35d-45d3-9c98-162d89965a13, thingarn=arn:aws:iot:us-east-1:507441099951:thing/iot-device-03, thingtypename=null, attributes={installed=1592562234, latitude=37.4133144, longitude=-122.1513069}, version=1, billinggroupname=null}","2020-11-26 00:00:00.000"
"iot-device-01","1.594631384673655E9","76.0","67.28","false","false","0.0065","0.0039","0.017","2020-11-26T17:12:34.150+0000","{defaultclientid=iot-device-01, thingname=iot-device-01, thingid=983c2b68-f9a3-4e83-b3c6-9f6f8ad5431b, thingarn=arn:aws:iot:us-east-1:507441099951:thing/iot-device-01, thingtypename=null, attributes={installed=1594665292, latitude=37.4133144, longitude=-122.1513069}, version=1, billinggroupname=null}","2020-11-26 00:00:00.000"
"iot-device-03","1.5946313865324347E9","51.7","71.24","false","false","0.0078","0.0051","0.0209","2020-11-26T17:12:34.455+0000","{defaultclientid=iot-device-03, thingname=iot-device-03, thingid=877352b9-a35d-45d3-9c98-162d89965a13, thingarn=arn:aws:iot:us-east-1:507441099951:thing/iot-device-03, thingtypename=null, attributes={installed=1592562234, latitude=37.4133144, longitude=-122.1513069}, version=1, billinggroupname=null}","2020-11-26 00:00:00.000"
"iot-device-03","1.5946313902128446E9","51.7","71.06","false","false","0.0078","0.0051","0.0209","2020-11-26T17:12:34.742+0000","{defaultclientid=iot-device-03, thingname=iot-device-03, thingid=877352b9-a35d-45d3-9c98-162d89965a13, thingarn=arn:aws:iot:us-east-1:507441099951:thing/iot-device-03, thingtypename=null, attributes={installed=1592562234, latitude=37.4133144, longitude=-122.1513069}, version=1, billinggroupname=null}","2020-11-26 00:00:00.000"
"iot-device-02","1.5946313925283868E9","59.5","75.02","true","false","0.0073","0.0046","0.0193","2020-11-26T17:12:35.041+0000","{defaultclientid=iot-device-02, thingname=iot-device-02, thingid=4ae4927a-aefb-4584-a45a-fc4839feffd6, thingarn=arn:aws:iot:us-east-1:507441099951:thing/iot-device-02, thingtypename=null, attributes={installed=1593361211, latitude=32.8205865, longitude=-96.871627}, version=1, billinggroupname=null}","2020-11-26 00:00:00.000"
"iot-device-03","1.5946313938990688E9","51.7","71.24","false","false","0.0078","0.0051","0.021","2020-11-26T17:12:35.331+0000","{defaultclientid=iot-device-03, thingname=iot-device-03, thingid=877352b9-a35d-45d3-9c98-162d89965a13, thingarn=arn:aws:iot:us-east-1:507441099951:thing/iot-device-03, thingtypename=null, attributes={installed=1592562234, latitude=37.4133144, longitude=-122.1513069}, version=1, billinggroupname=null}","2020-11-26 00:00:00.000"
"iot-device-01","1.5946313943977914E9","76.0","67.28","false","false","0.0065","0.0039","0.017","2020-11-26T17:12:35.618+0000","{defaultclientid=iot-device-01, thingname=iot-device-01, thingid=983c2b68-f9a3-4e83-b3c6-9f6f8ad5431b, thingarn=arn:aws:iot:us-east-1:507441099951:thing/iot-device-01, thingtypename=null, attributes={installed=1594665292, latitude=37.4133144, longitude=-122.1513069}, version=1, billinggroupname=null}","2020-11-26 00:00:00.000"
"iot-device-03","1.5946313974945488E9","51.6","71.06","false","false","0.0079","0.0051","0.021","2020-11-26T17:12:35.924+0000","{defaultclientid=iot-device-03, thingname=iot-device-03, thingid=877352b9-a35d-45d3-9c98-162d89965a13, thingarn=arn:aws:iot:us-east-1:507441099951:thing/iot-device-03, thingtypename=null, attributes={installed=1592562234, latitude=37.4133144, longitude=-122.1513069}, version=1, billinggroupname=null}","2020-11-26 00:00:00.000"
"iot-device-02","1.5946313990166135E9","59.5","75.02","true","false","0.0072","0.0045","0.0191","2020-11-26T17:12:36.211+0000","{defaultclientid=iot-device-02, thingname=iot-device-02, thingid=4ae4927a-aefb-4584-a45a-fc4839feffd6, thingarn=arn:aws:iot:us-east-1:507441099951:thing/iot-device-02, thingtypename=null, attributes={installed=1593361211, latitude=32.8205865, longitude=-96.871627}, version=1, billinggroupname=null}","2020-11-26 00:00:00.000"
"iot-device-01","1.594631399288018E9","76.0","67.28","false","false","0.0065","0.0039","0.017","2020-11-26T17:12:36.498+0000","{defaultclientid=iot-device-01, thingname=iot-device-01, thingid=983c2b68-f9a3-4e83-b3c6-9f6f8ad5431b, thingarn=arn:aws:iot:us-east-1:507441099951:thing/iot-device-01, thingtypename=null, attributes={installed=1594665292, latitude=37.4133144, longitude=-122.1513069}, version=1, billinggroupname=null}","2020-11-26 00:00:00.000"
"iot-device-03","1.5946314011981635E9","51.7","71.24","false","false","0.0078","0.0051","0.0209","2020-11-26T17:12:36.819+0000","{defaultclientid=iot-device-03, thingname=iot-device-03, thingid=877352b9-a35d-45d3-9c98-162d89965a13, thingarn=arn:aws:iot:us-east-1:507441099951:thing/iot-device-03, thingtypename=null, attributes={installed=1592562234, latitude=37.4133144, longitude=-122.1513069}, version=1, billinggroupname=null}","2020-11-26 00:00:00.000"
"iot-device-02","1.5946314044571195E9","59.9","75.02","true","false","0.0072","0.0046","0.0192","2020-11-26T17:12:37.109+0000","{defaultclientid=iot-device-02, thingname=iot-device-02, thingid=4ae4927a-aefb-4584-a45a-fc4839feffd6, thingarn=arn:aws:iot:us-east-1:507441099951:thing/iot-device-02, thingtypename=null, attributes={installed=1593361211, latitude=32.8205865, longitude=-96.871627}, version=1, billinggroupname=null}","2020-11-26 00:00:00.000"
"iot-device-03","1.594631404886194E9","51.7","71.24","false","false","0.0078","0.0051","0.0209","2020-11-26T17:12:37.416+0000","{defaultclientid=iot-device-03, thingname=iot-device-03, thingid=877352b9-a35d-45d3-9c98-162d89965a13, thingarn=arn:aws:iot:us-east-1:507441099951:thing/iot-device-03, thingtypename=null, attributes={installed=1592562234, latitude=37.4133144, longitude=-122.1513069}, version=1, billinggroupname=null}","2020-11-26 00:00:00.000"
"iot-device-01","1.5946314073950458E9","76.1","67.46","false","false","0.0065","0.0039","0.017","2020-11-26T17:12:37.715+0000","{defaultclientid=iot-device-01, thingname=iot-device-01, thingid=983c2b68-f9a3-4e83-b3c6-9f6f8ad5431b, thingarn=arn:aws:iot:us-east-1:507441099951:thing/iot-device-01, thingtypename=null, attributes={installed=1594665292, latitude=37.4133144, longitude=-122.1513069}, version=1, billinggroupname=null}","2020-11-26 00:00:00.000"
"iot-device-03","1.5946314085737438E9","51.6","71.06","false","false","0.0078","0.0051","0.0208","2020-11-26T17:12:38.030+0000","{defaultclientid=iot-device-03, thingname=iot-device-03, thingid=877352b9-a35d-45d3-9c98-162d89965a13, thingarn=arn:aws:iot:us-east-1:507441099951:thing/iot-device-03, thingtypename=null, attributes={installed=1592562234, latitude=37.4133144, longitude=-122.1513069}, version=1, billinggroupname=null}","2020-11-26 00:00:00.000"
"iot-device-01","1.594631411206656E9","76.3","67.46","false","false","0.0065","0.0039","0.017","2020-11-26T17:12:38.334+0000","{defaultclientid=iot-device-01, thingname=iot-device-01, thingid=983c2b68-f9a3-4e83-b3c6-9f6f8ad5431b, thingarn=arn:aws:iot:us-east-1:507441099951:thing/iot-device-01, thingtypename=null, attributes={installed=1594665292, latitude=37.4133144, longitude=-122.1513069}, version=1, billinggroupname=null}","2020-11-26 00:00:00.000"
"iot-device-03","1.5946314122612007E9","51.7","71.24","false","false","0.0078","0.0051","0.0209","2020-11-26T17:12:38.630+0000","{defaultclientid=iot-device-03, thingname=iot-device-03, thingid=877352b9-a35d-45d3-9c98-162d89965a13, thingarn=arn:aws:iot:us-east-1:507441099951:thing/iot-device-03, thingtypename=null, attributes={installed=1592562234, latitude=37.4133144, longitude=-122.1513069}, version=1, billinggroupname=null}","2020-11-26 00:00:00.000"
"iot-device-01","1.5946315188720903E9","76.1","67.46","false","false","0.0064","0.0038","0.0168","2020-11-26T17:12:56.603+0000","{defaultclientid=iot-device-01, thingname=iot-device-01, thingid=983c2b68-f9a3-4e83-b3c6-9f6f8ad5431b, thingarn=arn:aws:iot:us-east-1:507441099951:thing/iot-device-01, thingtypename=null, attributes={installed=1594665292, latitude=37.4133144, longitude=-122.1513069}, version=1, billinggroupname=null}","2020-11-26 00:00:00.000"
"iot-device-03","1.5946315191265914E9","51.8","71.24","false","false","0.0078","0.0051","0.0209","2020-11-26T17:12:56.900+0000","{defaultclientid=iot-device-03, thingname=iot-device-03, thingid=877352b9-a35d-45d3-9c98-162d89965a13, thingarn=arn:aws:iot:us-east-1:507441099951:thing/iot-device-03, thingtypename=null, attributes={installed=1592562234, latitude=37.4133144, longitude=-122.1513069}, version=1, billinggroupname=null}","2020-11-26 00:00:00.000"
"iot-device-02","1.594631519526141E9","59.5","75.02","true","false","0.0071","0.0045","0.0189","2020-11-26T17:12:57.189+0000","{defaultclientid=iot-device-02, thingname=iot-device-02, thingid=4ae4927a-aefb-4584-a45a-fc4839feffd6, thingarn=arn:aws:iot:us-east-1:507441099951:thing/iot-device-02, thingtypename=null, attributes={installed=1593361211, latitude=32.8205865, longitude=-96.871627}, version=1, billinggroupname=null}","2020-11-26 00:00:00.000"
"iot-device-01","1.594631522687547E9","76.1","67.46","false","false","0.0064","0.0039","0.0169","2020-11-26T17:12:57.479+0000","{defaultclientid=iot-device-01, thingname=iot-device-01, thingid=983c2b68-f9a3-4e83-b3c6-9f6f8ad5431b, thingarn=arn:aws:iot:us-east-1:507441099951:thing/iot-device-01, thingtypename=null, attributes={installed=1594665292, latitude=37.4133144, longitude=-122.1513069}, version=1, billinggroupname=null}","2020-11-26 00:00:00.000"
"iot-device-03","1.594631522812724E9","51.7","71.24","false","false","0.0078","0.0051","0.0209","2020-11-26T17:12:57.782+0000","{defaultclientid=iot-device-03, thingname=iot-device-03, thingid=877352b9-a35d-45d3-9c98-162d89965a13, thingarn=arn:aws:iot:us-east-1:507441099951:thing/iot-device-03, thingtypename=null, attributes={installed=1592562234, latitude=37.4133144, longitude=-122.1513069}, version=1, billinggroupname=null}","2020-11-26 00:00:00.000"
"iot-device-02","1.5946315255194838E9","59.5","75.02","true","false","0.0072","0.0045","0.019","2020-11-26T17:12:58.077+0000","{defaultclientid=iot-device-02, thingname=iot-device-02, thingid=4ae4927a-aefb-4584-a45a-fc4839feffd6, thingarn=arn:aws:iot:us-east-1:507441099951:thing/iot-device-02, thingtypename=null, attributes={installed=1593361211, latitude=32.8205865, longitude=-96.871627}, version=1, billinggroupname=null}","2020-11-26 00:00:00.000"
"iot-device-03","1.5946315264986725E9","51.7","71.24","false","false","0.0078","0.0051","0.0209","2020-11-26T17:12:58.366+0000","{defaultclientid=iot-device-03, thingname=iot-device-03, thingid=877352b9-a35d-45d3-9c98-162d89965a13, thingarn=arn:aws:iot:us-east-1:507441099951:thing/iot-device-03, thingtypename=null, attributes={installed=1592562234, latitude=37.4133144, longitude=-122.1513069}, version=1, billinggroupname=null}","2020-11-26 00:00:00.000"
"iot-device-01","1.594631528655085E9","76.1","67.46","false","false","0.0065","0.0039","0.017","2020-11-26T17:12:58.661+0000","{defaultclientid=iot-device-01, thingname=iot-device-01, thingid=983c2b68-f9a3-4e83-b3c6-9f6f8ad5431b, thingarn=arn:aws:iot:us-east-1:507441099951:thing/iot-device-01, thingtypename=null, attributes={installed=1594665292, latitude=37.4133144, longitude=-122.1513069}, version=1, billinggroupname=null}","2020-11-26 00:00:00.000"
"iot-device-03","1.5946315301863625E9","51.7","71.24","false","false","0.0078","0.0051","0.0209","2020-11-26T17:12:58.958+0000","{defaultclientid=iot-device-03, thingname=iot-device-03, thingid=877352b9-a35d-45d3-9c98-162d89965a13, thingarn=arn:aws:iot:us-east-1:507441099951:thing/iot-device-03, thingtypename=null, attributes={installed=1592562234, latitude=37.4133144, longitude=-122.1513069}, version=1, billinggroupname=null}","2020-11-26 00:00:00.000"
"iot-device-02","1.5946315319982295E9","59.5","75.02","true","false","0.0072","0.0046","0.0191","2020-11-26T17:12:59.250+0000","{defaultclientid=iot-device-02, thingname=iot-device-02, thingid=4ae4927a-aefb-4584-a45a-fc4839feffd6, thingarn=arn:aws:iot:us-east-1:507441099951:thing/iot-device-02, thingtypename=null, attributes={installed=1593361211, latitude=32.8205865, longitude=-96.871627}, version=1, billinggroupname=null}","2020-11-26 00:00:00.000"
"iot-device-03","1.5946400782610464E9","52.2","70.88","false","false","0.0078","0.0051","0.0209","2020-11-26T17:21:06.068+0000","{defaultclientid=iot-device-03, thingname=iot-device-03, thingid=877352b9-a35d-45d3-9c98-162d89965a13, thingarn=arn:aws:iot:us-east-1:507441099951:thing/iot-device-03, thingtypename=null, attributes={installed=1592562234, latitude=37.4133144, longitude=-122.1513069}, version=1, billinggroupname=null}","2020-11-26 00:00:00.000"
"iot-device-01","1.5946400805501056E9","76.2","67.46","false","false","0.0062","0.0037","0.0164","2020-11-26T17:21:06.367+0000","{defaultclientid=iot-device-01, thingname=iot-device-01, thingid=983c2b68-f9a3-4e83-b3c6-9f6f8ad5431b, thingarn=arn:aws:iot:us-east-1:507441099951:thing/iot-device-01, thingtypename=null, attributes={installed=1594665292, latitude=37.4133144, longitude=-122.1513069}, version=1, billinggroupname=null}","2020-11-26 00:00:00.000"
"iot-device-03","1.5946400819582481E9","52.2","70.88","false","false","0.0078","0.0051","0.0209","2020-11-26T17:21:06.661+0000","{defaultclientid=iot-device-03, thingname=iot-device-03, thingid=877352b9-a35d-45d3-9c98-162d89965a13, thingarn=arn:aws:iot:us-east-1:507441099951:thing/iot-device-03, thingtypename=null, attributes={installed=1592562234, latitude=37.4133144, longitude=-122.1513069}, version=1, billinggroupname=null}","2020-11-26 00:00:00.000"
"iot-device-02","1.5946400822223587E9","59.7","74.48","true","false","0.0071","0.0045","0.0188","2020-11-26T17:21:06.950+0000","{defaultclientid=iot-device-02, thingname=iot-device-02, thingid=4ae4927a-aefb-4584-a45a-fc4839feffd6, thingarn=arn:aws:iot:us-east-1:507441099951:thing/iot-device-02, thingtypename=null, attributes={installed=1593361211, latitude=32.8205865, longitude=-96.871627}, version=1, billinggroupname=null}","2020-11-26 00:00:00.000"
"iot-device-01","1.594640084902299E9","76.2","67.46","false","false","0.0062","0.0037","0.0164","2020-11-26T17:21:07.240+0000","{defaultclientid=iot-device-01, thingname=iot-device-01, thingid=983c2b68-f9a3-4e83-b3c6-9f6f8ad5431b, thingarn=arn:aws:iot:us-east-1:507441099951:thing/iot-device-01, thingtypename=null, attributes={installed=1594665292, latitude=37.4133144, longitude=-122.1513069}, version=1, billinggroupname=null}","2020-11-26 00:00:00.000"
"iot-device-03","1.5946400856463563E9","52.3","70.88","false","false","0.0078","0.0051","0.0209","2020-11-26T17:21:07.539+0000","{defaultclientid=iot-device-03, thingname=iot-device-03, thingid=877352b9-a35d-45d3-9c98-162d89965a13, thingarn=arn:aws:iot:us-east-1:507441099951:thing/iot-device-03, thingtypename=null, attributes={installed=1592562234, latitude=37.4133144, longitude=-122.1513069}, version=1, billinggroupname=null}","2020-11-26 00:00:00.000"
"iot-device-01","1.5946400887175286E9","76.2","67.46","false","false","0.0062","0.0037","0.0164","2020-11-26T17:21:07.830+0000","{defaultclientid=iot-device-01, thingname=iot-device-01, thingid=983c2b68-f9a3-4e83-b3c6-9f6f8ad5431b, thingarn=arn:aws:iot:us-east-1:507441099951:thing/iot-device-01, thingtypename=null, attributes={installed=1594665292, latitude=37.4133144, longitude=-122.1513069}, version=1, billinggroupname=null}","2020-11-26 00:00:00.000"
"iot-device-03","1.594640089334058E9","52.2","70.88","false","false","0.0078","0.0051","0.0208","2020-11-26T17:21:08.123+0000","{defaultclientid=iot-device-03, thingname=iot-device-03, thingid=877352b9-a35d-45d3-9c98-162d89965a13, thingarn=arn:aws:iot:us-east-1:507441099951:thing/iot-device-03, thingtypename=null, attributes={installed=1592562234, latitude=37.4133144, longitude=-122.1513069}, version=1, billinggroupname=null}","2020-11-26 00:00:00.000"
"iot-device-02","1.5946400897751212E9","59.7","74.48","true","false","0.007","0.0044","0.0186","2020-11-26T17:21:08.432+0000","{defaultclientid=iot-device-02, thingname=iot-device-02, thingid=4ae4927a-aefb-4584-a45a-fc4839feffd6, thingarn=arn:aws:iot:us-east-1:507441099951:thing/iot-device-02, thingtypename=null, attributes={installed=1593361211, latitude=32.8205865, longitude=-96.871627}, version=1, billinggroupname=null}","2020-11-26 00:00:00.000"
"iot-device-03","1.594640093021535E9","52.3","70.88","false","false","0.0078","0.0051","0.0209","2020-11-26T17:21:08.725+0000","{defaultclientid=iot-device-03, thingname=iot-device-03, thingid=877352b9-a35d-45d3-9c98-162d89965a13, thingarn=arn:aws:iot:us-east-1:507441099951:thing/iot-device-03, thingtypename=null, attributes={installed=1592562234, latitude=37.4133144, longitude=-122.1513069}, version=1, billinggroupname=null}","2020-11-26 00:00:00.000"
"iot-device-03","1.594640041431258E9","52.2","70.88","false","false","0.0078","0.0051","0.0209","2020-11-26T17:21:00.099+0000","{defaultclientid=iot-device-03, thingname=iot-device-03, thingid=877352b9-a35d-45d3-9c98-162d89965a13, thingarn=arn:aws:iot:us-east-1:507441099951:thing/iot-device-03, thingtypename=null, attributes={installed=1592562234, latitude=37.4133144, longitude=-122.1513069}, version=1, billinggroupname=null}","2020-11-26 00:00:00.000"
"iot-device-01","1.594640043989973E9","76.3","67.46","false","false","0.0062","0.0037","0.0164","2020-11-26T17:21:00.403+0000","{defaultclientid=iot-device-01, thingname=iot-device-01, thingid=983c2b68-f9a3-4e83-b3c6-9f6f8ad5431b, thingarn=arn:aws:iot:us-east-1:507441099951:thing/iot-device-01, thingtypename=null, attributes={installed=1594665292, latitude=37.4133144, longitude=-122.1513069}, version=1, billinggroupname=null}","2020-11-26 00:00:00.000"
"iot-device-03","1.594640045116946E9","52.2","70.88","false","false","0.0078","0.0051","0.0209","2020-11-26T17:21:00.708+0000","{defaultclientid=iot-device-03, thingname=iot-device-03, thingid=877352b9-a35d-45d3-9c98-162d89965a13, thingarn=arn:aws:iot:us-east-1:507441099951:thing/iot-device-03, thingtypename=null, attributes={installed=1592562234, latitude=37.4133144, longitude=-122.1513069}, version=1, billinggroupname=null}","2020-11-26 00:00:00.000"
"iot-device-03","1.594640048801732E9","52.3","70.88","false","false","0.0078","0.0051","0.0209","2020-11-26T17:21:01.007+0000","{defaultclientid=iot-device-03, thingname=iot-device-03, thingid=877352b9-a35d-45d3-9c98-162d89965a13, thingarn=arn:aws:iot:us-east-1:507441099951:thing/iot-device-03, thingtypename=null, attributes={installed=1592562234, latitude=37.4133144, longitude=-122.1513069}, version=1, billinggroupname=null}","2020-11-26 00:00:00.000"
"iot-device-02","1.5946400503607802E9","59.6","74.48","true","false","0.0071","0.0045","0.0188","2020-11-26T17:21:01.298+0000","{defaultclientid=iot-device-02, thingname=iot-device-02, thingid=4ae4927a-aefb-4584-a45a-fc4839feffd6, thingarn=arn:aws:iot:us-east-1:507441099951:thing/iot-device-02, thingtypename=null, attributes={installed=1593361211, latitude=32.8205865, longitude=-96.871627}, version=1, billinggroupname=null}","2020-11-26 00:00:00.000"
"iot-device-03","1.5946400524874535E9","52.2","70.88","false","false","0.0078","0.0051","0.0208","2020-11-26T17:21:01.591+0000","{defaultclientid=iot-device-03, thingname=iot-device-03, thingid=877352b9-a35d-45d3-9c98-162d89965a13, thingarn=arn:aws:iot:us-east-1:507441099951:thing/iot-device-03, thingtypename=null, attributes={installed=1592562234, latitude=37.4133144, longitude=-122.1513069}, version=1, billinggroupname=null}","2020-11-26 00:00:00.000"
"iot-device-02","1.5946400541675644E9","59.6","74.48","true","false","0.007","0.0044","0.0186","2020-11-26T17:21:01.879+0000","{defaultclientid=iot-device-02, thingname=iot-device-02, thingid=4ae4927a-aefb-4584-a45a-fc4839feffd6, thingarn=arn:aws:iot:us-east-1:507441099951:thing/iot-device-02, thingtypename=null, attributes={installed=1593361211, latitude=32.8205865, longitude=-96.871627}, version=1, billinggroupname=null}","2020-11-26 00:00:00.000"
"iot-device-03","1.5946400561734278E9","52.2","70.88","false","false","0.0078","0.0051","0.0209","2020-11-26T17:21:02.172+0000","{defaultclientid=iot-device-03, thingname=iot-device-03, thingid=877352b9-a35d-45d3-9c98-162d89965a13, thingarn=arn:aws:iot:us-east-1:507441099951:thing/iot-device-03, thingtypename=null, attributes={installed=1592562234, latitude=37.4133144, longitude=-122.1513069}, version=1, billinggroupname=null}","2020-11-26 00:00:00.000"
"iot-device-01","1.5946400567007036E9","76.2","67.46","false","false","0.0062","0.0037","0.0164","2020-11-26T17:21:02.463+0000","{defaultclientid=iot-device-01, thingname=iot-device-01, thingid=983c2b68-f9a3-4e83-b3c6-9f6f8ad5431b, thingarn=arn:aws:iot:us-east-1:507441099951:thing/iot-device-01, thingtypename=null, attributes={installed=1594665292, latitude=37.4133144, longitude=-122.1513069}, version=1, billinggroupname=null}","2020-11-26 00:00:00.000"
"iot-device-03","1.5946400598595502E9","52.2","70.88","false","false","0.0078","0.0051","0.0209","2020-11-26T17:21:02.751+0000","{defaultclientid=iot-device-03, thingname=iot-device-03, thingid=877352b9-a35d-45d3-9c98-162d89965a13, thingarn=arn:aws:iot:us-east-1:507441099951:thing/iot-device-03, thingtypename=null, attributes={installed=1592562234, latitude=37.4133144, longitude=-122.1513069}, version=1, billinggroupname=null}","2020-11-26 00:00:00.000"
"iot-device-03","1.5946400635452268E9","52.2","70.88","false","false","0.0078","0.0051","0.0208","2020-11-26T17:21:03.051+0000","{defaultclientid=iot-device-03, thingname=iot-device-03, thingid=877352b9-a35d-45d3-9c98-162d89965a13, thingarn=arn:aws:iot:us-east-1:507441099951:thing/iot-device-03, thingtypename=null, attributes={installed=1592562234, latitude=37.4133144, longitude=-122.1513069}, version=1, billinggroupname=null}","2020-11-26 00:00:00.000"
"iot-device-02","1.594640064920534E9","59.6","74.48","true","false","0.007","0.0044","0.0185","2020-11-26T17:21:03.340+0000","{defaultclientid=iot-device-02, thingname=iot-device-02, thingid=4ae4927a-aefb-4584-a45a-fc4839feffd6, thingarn=arn:aws:iot:us-east-1:507441099951:thing/iot-device-02, thingtypename=null, attributes={installed=1593361211, latitude=32.8205865, longitude=-96.871627}, version=1, billinggroupname=null}","2020-11-26 00:00:00.000"
"iot-device-01","1.5946400653452964E9","76.1","67.46","false","false","0.0062","0.0037","0.0164","2020-11-26T17:21:03.630+0000","{defaultclientid=iot-device-01, thingname=iot-device-01, thingid=983c2b68-f9a3-4e83-b3c6-9f6f8ad5431b, thingarn=arn:aws:iot:us-east-1:507441099951:thing/iot-device-01, thingtypename=null, attributes={installed=1594665292, latitude=37.4133144, longitude=-122.1513069}, version=1, billinggroupname=null}","2020-11-26 00:00:00.000"
"iot-device-03","1.5946400672309248E9","52.3","70.88","false","false","0.0078","0.0051","0.0208","2020-11-26T17:21:03.920+0000","{defaultclientid=iot-device-03, thingname=iot-device-03, thingid=877352b9-a35d-45d3-9c98-162d89965a13, thingarn=arn:aws:iot:us-east-1:507441099951:thing/iot-device-03, thingtypename=null, attributes={installed=1592562234, latitude=37.4133144, longitude=-122.1513069}, version=1, billinggroupname=null}","2020-11-26 00:00:00.000"
"iot-device-02","1.5946400697975633E9","59.6","74.48","true","false","0.007","0.0044","0.0186","2020-11-26T17:21:04.211+0000","{defaultclientid=iot-device-02, thingname=iot-device-02, thingid=4ae4927a-aefb-4584-a45a-fc4839feffd6, thingarn=arn:aws:iot:us-east-1:507441099951:thing/iot-device-02, thingtypename=null, attributes={installed=1593361211, latitude=32.8205865, longitude=-96.871627}, version=1, billinggroupname=null}","2020-11-26 00:00:00.000"
"iot-device-03","1.5946400709165912E9","52.3","70.88","false","false","0.0078","0.0051","0.0208","2020-11-26T17:21:04.500+0000","{defaultclientid=iot-device-03, thingname=iot-device-03, thingid=877352b9-a35d-45d3-9c98-162d89965a13, thingarn=arn:aws:iot:us-east-1:507441099951:thing/iot-device-03, thingtypename=null, attributes={installed=1592562234, latitude=37.4133144, longitude=-122.1513069}, version=1, billinggroupname=null}","2020-11-26 00:00:00.000"
"iot-device-01","1.594640071846675E9","76.1","67.46","false","false","0.0062","0.0037","0.0164","2020-11-26T17:21:04.790+0000","{defaultclientid=iot-device-01, thingname=iot-device-01, thingid=983c2b68-f9a3-4e83-b3c6-9f6f8ad5431b, thingarn=arn:aws:iot:us-east-1:507441099951:thing/iot-device-01, thingtypename=null, attributes={installed=1594665292, latitude=37.4133144, longitude=-122.1513069}, version=1, billinggroupname=null}","2020-11-26 00:00:00.000"
"iot-device-03","1.5946400746023858E9","52.2","70.88","false","false","0.0078","0.0051","0.0209","2020-11-26T17:21:05.102+0000","{defaultclientid=iot-device-03, thingname=iot-device-03, thingid=877352b9-a35d-45d3-9c98-162d89965a13, thingarn=arn:aws:iot:us-east-1:507441099951:thing/iot-device-03, thingtypename=null, attributes={installed=1592562234, latitude=37.4133144, longitude=-122.1513069}, version=1, billinggroupname=null}","2020-11-26 00:00:00.000"
"iot-device-02","1.5946400746752715E9","60.2","74.48","true","false","0.0071","0.0045","0.0188","2020-11-26T17:21:05.494+0000","{defaultclientid=iot-device-02, thingname=iot-device-02, thingid=4ae4927a-aefb-4584-a45a-fc4839feffd6, thingarn=arn:aws:iot:us-east-1:507441099951:thing/iot-device-02, thingtypename=null, attributes={installed=1593361211, latitude=32.8205865, longitude=-96.871627}, version=1, billinggroupname=null}","2020-11-26 00:00:00.000"
"iot-device-01","1.5946400761989362E9","76.1","67.46","false","false","0.0062","0.0037","0.0164","2020-11-26T17:21:05.779+0000","{defaultclientid=iot-device-01, thingname=iot-device-01, thingid=983c2b68-f9a3-4e83-b3c6-9f6f8ad5431b, thingarn=arn:aws:iot:us-east-1:507441099951:thing/iot-device-01, thingtypename=null, attributes={installed=1594665292, latitude=37.4133144, longitude=-122.1513069}, version=1, billinggroupname=null}","2020-11-26 00:00:00.000"
"iot-device-01","1.5946410502005045E9","76.4","67.46","false","false","0.0062","0.0037","0.0164","2020-11-26T17:21:18.120+0000","{defaultclientid=iot-device-01, thingname=iot-device-01, thingid=983c2b68-f9a3-4e83-b3c6-9f6f8ad5431b, thingarn=arn:aws:iot:us-east-1:507441099951:thing/iot-device-01, thingtypename=null, attributes={installed=1594665292, latitude=37.4133144, longitude=-122.1513069}, version=1, billinggroupname=null}","2020-11-26 00:00:00.000"
"iot-device-02","1.5946410503567605E9","59.8","74.48","true","false","0.0071","0.0045","0.0189","2020-11-26T17:21:18.410+0000","{defaultclientid=iot-device-02, thingname=iot-device-02, thingid=4ae4927a-aefb-4584-a45a-fc4839feffd6, thingarn=arn:aws:iot:us-east-1:507441099951:thing/iot-device-02, thingtypename=null, attributes={installed=1593361211, latitude=32.8205865, longitude=-96.871627}, version=1, billinggroupname=null}","2020-11-26 00:00:00.000"
"iot-device-03","1.594641051758942E9","52.4","70.88","false","false","0.0078","0.0051","0.0208","2020-11-26T17:21:18.701+0000","{defaultclientid=iot-device-03, thingname=iot-device-03, thingid=877352b9-a35d-45d3-9c98-162d89965a13, thingarn=arn:aws:iot:us-east-1:507441099951:thing/iot-device-03, thingtypename=null, attributes={installed=1592562234, latitude=37.4133144, longitude=-122.1513069}, version=1, billinggroupname=null}","2020-11-26 00:00:00.000"
"iot-device-02","1.59464105469578E9","59.8","74.48","true","false","0.0071","0.0045","0.0189","2020-11-26T17:21:18.997+0000","{defaultclientid=iot-device-02, thingname=iot-device-02, thingid=4ae4927a-aefb-4584-a45a-fc4839feffd6, thingarn=arn:aws:iot:us-east-1:507441099951:thing/iot-device-02, thingtypename=null, attributes={installed=1593361211, latitude=32.8205865, longitude=-96.871627}, version=1, billinggroupname=null}","2020-11-26 00:00:00.000"
"iot-device-03","1.5946410554447904E9","52.4","71.06","false","false","0.0078","0.0051","0.0208","2020-11-26T17:21:19.284+0000","{defaultclientid=iot-device-03, thingname=iot-device-03, thingid=877352b9-a35d-45d3-9c98-162d89965a13, thingarn=arn:aws:iot:us-east-1:507441099951:thing/iot-device-03, thingtypename=null, attributes={installed=1592562234, latitude=37.4133144, longitude=-122.1513069}, version=1, billinggroupname=null}","2020-11-26 00:00:00.000"
"iot-device-01","1.5946410561756778E9","76.4","67.46","false","false","0.0062","0.0037","0.0164","2020-11-26T17:21:19.579+0000","{defaultclientid=iot-device-01, thingname=iot-device-01, thingid=983c2b68-f9a3-4e83-b3c6-9f6f8ad5431b, thingarn=arn:aws:iot:us-east-1:507441099951:thing/iot-device-01, thingtypename=null, attributes={installed=1594665292, latitude=37.4133144, longitude=-122.1513069}, version=1, billinggroupname=null}","2020-11-26 00:00:00.000"
"iot-device-03","1.594641059130666E9","52.4","70.88","false","false","0.0078","0.0051","0.0209","2020-11-26T17:21:19.870+0000","{defaultclientid=iot-device-03, thingname=iot-device-03, thingid=877352b9-a35d-45d3-9c98-162d89965a13, thingarn=arn:aws:iot:us-east-1:507441099951:thing/iot-device-03, thingtypename=null, attributes={installed=1592562234, latitude=37.4133144, longitude=-122.1513069}, version=1, billinggroupname=null}","2020-11-26 00:00:00.000"
"iot-device-01","1.5946410610745533E9","76.4","67.46","false","false","0.0062","0.0037","0.0164","2020-11-26T17:21:20.166+0000","{defaultclientid=iot-device-01, thingname=iot-device-01, thingid=983c2b68-f9a3-4e83-b3c6-9f6f8ad5431b, thingarn=arn:aws:iot:us-east-1:507441099951:thing/iot-device-01, thingtypename=null, attributes={installed=1594665292, latitude=37.4133144, longitude=-122.1513069}, version=1, billinggroupname=null}","2020-11-26 00:00:00.000"
"iot-device-03","1.5946410628166244E9","52.4","70.88","false","false","0.0078","0.0051","0.0208","2020-11-26T17:21:20.459+0000","{defaultclientid=iot-device-03, thingname=iot-device-03, thingid=877352b9-a35d-45d3-9c98-162d89965a13, thingarn=arn:aws:iot:us-east-1:507441099951:thing/iot-device-03, thingtypename=null, attributes={installed=1592562234, latitude=37.4133144, longitude=-122.1513069}, version=1, billinggroupname=null}","2020-11-26 00:00:00.000"
"iot-device-02","1.5946410644162574E9","59.8","74.48","true","false","0.0071","0.0045","0.019","2020-11-26T17:21:20.749+0000","{defaultclientid=iot-device-02, thingname=iot-device-02, thingid=4ae4927a-aefb-4584-a45a-fc4839feffd6, thingarn=arn:aws:iot:us-east-1:507441099951:thing/iot-device-02, thingtypename=null, attributes={installed=1593361211, latitude=32.8205865, longitude=-96.871627}, version=1, billinggroupname=null}","2020-11-26 00:00:00.000"
"iot-device-01","1.594640093067949E9","76.3","67.46","false","false","0.0063","0.0038","0.0166","2020-11-26T17:21:09.019+0000","{defaultclientid=iot-device-01, thingname=iot-device-01, thingid=983c2b68-f9a3-4e83-b3c6-9f6f8ad5431b, thingarn=arn:aws:iot:us-east-1:507441099951:thing/iot-device-01, thingtypename=null, attributes={installed=1594665292, latitude=37.4133144, longitude=-122.1513069}, version=1, billinggroupname=null}","2020-11-26 00:00:00.000"
"iot-device-02","1.5946400951873214E9","59.7","74.48","true","false","0.007","0.0044","0.0186","2020-11-26T17:21:09.328+0000","{defaultclientid=iot-device-02, thingname=iot-device-02, thingid=4ae4927a-aefb-4584-a45a-fc4839feffd6, thingarn=arn:aws:iot:us-east-1:507441099951:thing/iot-device-02, thingtypename=null, attributes={installed=1593361211, latitude=32.8205865, longitude=-96.871627}, version=1, billinggroupname=null}","2020-11-26 00:00:00.000"
"iot-device-03","1.5946400967073948E9","52.3","70.88","false","false","0.0078","0.0051","0.0208","2020-11-26T17:21:09.636+0000","{defaultclientid=iot-device-03, thingname=iot-device-03, thingid=877352b9-a35d-45d3-9c98-162d89965a13, thingarn=arn:aws:iot:us-east-1:507441099951:thing/iot-device-03, thingtypename=null, attributes={installed=1592562234, latitude=37.4133144, longitude=-122.1513069}, version=1, billinggroupname=null}","2020-11-26 00:00:00.000"
"iot-device-01","1.5946400990330286E9","76.3","67.46","false","false","0.0062","0.0037","0.0163","2020-11-26T17:21:10.021+0000","{defaultclientid=iot-device-01, thingname=iot-device-01, thingid=983c2b68-f9a3-4e83-b3c6-9f6f8ad5431b, thingarn=arn:aws:iot:us-east-1:507441099951:thing/iot-device-01, thingtypename=null, attributes={installed=1594665292, latitude=37.4133144, longitude=-122.1513069}, version=1, billinggroupname=null}","2020-11-26 00:00:00.000"
"iot-device-03","1.5946401003931465E9","52.3","70.88","false","false","0.0078","0.0051","0.0209","2020-11-26T17:21:10.310+0000","{defaultclientid=iot-device-03, thingname=iot-device-03, thingid=877352b9-a35d-45d3-9c98-162d89965a13, thingarn=arn:aws:iot:us-east-1:507441099951:thing/iot-device-03, thingtypename=null, attributes={installed=1592562234, latitude=37.4133144, longitude=-122.1513069}, version=1, billinggroupname=null}","2020-11-26 00:00:00.000"
"iot-device-01","1.5946401028477855E9","76.3","67.46","false","false","0.0062","0.0037","0.0164","2020-11-26T17:21:10.601+0000","{defaultclientid=iot-device-01, thingname=iot-device-01, thingid=983c2b68-f9a3-4e83-b3c6-9f6f8ad5431b, thingarn=arn:aws:iot:us-east-1:507441099951:thing/iot-device-01, thingtypename=null, attributes={installed=1594665292, latitude=37.4133144, longitude=-122.1513069}, version=1, billinggroupname=null}","2020-11-26 00:00:00.000"
"iot-device-03","1.594640104078838E9","52.3","70.88","false","false","0.0078","0.0051","0.021","2020-11-26T17:21:10.891+0000","{defaultclientid=iot-device-03, thingname=iot-device-03, thingid=877352b9-a35d-45d3-9c98-162d89965a13, thingarn=arn:aws:iot:us-east-1:507441099951:thing/iot-device-03, thingtypename=null, attributes={installed=1592562234, latitude=37.4133144, longitude=-122.1513069}, version=1, billinggroupname=null}","2020-11-26 00:00:00.000"
"iot-device-01","1.5946410116803036E9","76.5","67.64","false","false","0.0062","0.0037","0.0164","2020-11-26T17:21:11.181+0000","{defaultclientid=iot-device-01, thingname=iot-device-01, thingid=983c2b68-f9a3-4e83-b3c6-9f6f8ad5431b, thingarn=arn:aws:iot:us-east-1:507441099951:thing/iot-device-01, thingtypename=null, attributes={installed=1594665292, latitude=37.4133144, longitude=-122.1513069}, version=1, billinggroupname=null}","2020-11-26 00:00:00.000"
"iot-device-03","1.5946410146815991E9","52.5","71.06","false","false","0.0078","0.0051","0.0208","2020-11-26T17:21:11.489+0000","{defaultclientid=iot-device-03, thingname=iot-device-03, thingid=877352b9-a35d-45d3-9c98-162d89965a13, thingarn=arn:aws:iot:us-east-1:507441099951:thing/iot-device-03, thingtypename=null, attributes={installed=1592562234, latitude=37.4133144, longitude=-122.1513069}, version=1, billinggroupname=null}","2020-11-26 00:00:00.000"
"iot-device-02","1.5946410152076306E9","59.8","74.48","true","false","0.0071","0.0045","0.0189","2020-11-26T17:21:11.778+0000","{defaultclientid=iot-device-02, thingname=iot-device-02, thingid=4ae4927a-aefb-4584-a45a-fc4839feffd6, thingarn=arn:aws:iot:us-east-1:507441099951:thing/iot-device-02, thingtypename=null, attributes={installed=1593361211, latitude=32.8205865, longitude=-96.871627}, version=1, billinggroupname=null}","2020-11-26 00:00:00.000"
"iot-device-01","1.5946411215563235E9","76.4","67.46","false","false","0.0062","0.0037","0.0164","2020-11-26T17:21:29.890+0000","{defaultclientid=iot-device-01, thingname=iot-device-01, thingid=983c2b68-f9a3-4e83-b3c6-9f6f8ad5431b, thingarn=arn:aws:iot:us-east-1:507441099951:thing/iot-device-01, thingtypename=null, attributes={installed=1594665292, latitude=37.4133144, longitude=-122.1513069}, version=1, billinggroupname=null}","2020-11-26 00:00:00.000"
"iot-device-03","1.5946411033711393E9","52.5","71.06","false","false","0.0078","0.0051","0.0209","2020-11-26T17:21:26.959+0000","{defaultclientid=iot-device-03, thingname=iot-device-03, thingid=877352b9-a35d-45d3-9c98-162d89965a13, thingarn=arn:aws:iot:us-east-1:507441099951:thing/iot-device-03, thingtypename=null, attributes={installed=1592562234, latitude=37.4133144, longitude=-122.1513069}, version=1, billinggroupname=null}","2020-11-26 00:00:00.000"
"iot-device-01","1.5946411052767806E9","76.3","67.46","false","false","0.0062","0.0037","0.0164","2020-11-26T17:21:27.249+0000","{defaultclientid=iot-device-01, thingname=iot-device-01, thingid=983c2b68-f9a3-4e83-b3c6-9f6f8ad5431b, thingarn=arn:aws:iot:us-east-1:507441099951:thing/iot-device-01, thingtypename=null, attributes={installed=1594665292, latitude=37.4133144, longitude=-122.1513069}, version=1, billinggroupname=null}","2020-11-26 00:00:00.000"
"iot-device-03","1.5946411070543227E9","52.5","71.06","false","false","0.0078","0.0051","0.0209","2020-11-26T17:21:27.539+0000","{defaultclientid=iot-device-03, thingname=iot-device-03, thingid=877352b9-a35d-45d3-9c98-162d89965a13, thingarn=arn:aws:iot:us-east-1:507441099951:thing/iot-device-03, thingtypename=null, attributes={installed=1592562234, latitude=37.4133144, longitude=-122.1513069}, version=1, billinggroupname=null}","2020-11-26 00:00:00.000"
"iot-device-02","1.5946411099799533E9","59.7","74.48","true","false","0.0071","0.0045","0.0189","2020-11-26T17:21:27.831+0000","{defaultclientid=iot-device-02, thingname=iot-device-02, thingid=4ae4927a-aefb-4584-a45a-fc4839feffd6, thingarn=arn:aws:iot:us-east-1:507441099951:thing/iot-device-02, thingtypename=null, attributes={installed=1593361211, latitude=32.8205865, longitude=-96.871627}, version=1, billinggroupname=null}","2020-11-26 00:00:00.000"
"iot-device-03","1.594641110740674E9","52.4","70.88","false","false","0.0078","0.0051","0.0208","2020-11-26T17:21:28.119+0000","{defaultclientid=iot-device-03, thingname=iot-device-03, thingid=877352b9-a35d-45d3-9c98-162d89965a13, thingarn=arn:aws:iot:us-east-1:507441099951:thing/iot-device-03, thingtypename=null, attributes={installed=1592562234, latitude=37.4133144, longitude=-122.1513069}, version=1, billinggroupname=null}","2020-11-26 00:00:00.000"
"iot-device-01","1.5946411117781568E9","76.4","67.64","false","false","0.0062","0.0037","0.0164","2020-11-26T17:21:28.412+0000","{defaultclientid=iot-device-01, thingname=iot-device-01, thingid=983c2b68-f9a3-4e83-b3c6-9f6f8ad5431b, thingarn=arn:aws:iot:us-east-1:507441099951:thing/iot-device-01, thingtypename=null, attributes={installed=1594665292, latitude=37.4133144, longitude=-122.1513069}, version=1, billinggroupname=null}","2020-11-26 00:00:00.000"
"iot-device-03","1.5946411144232633E9","52.5","71.06","false","false","0.0078","0.0051","0.0209","2020-11-26T17:21:28.698+0000","{defaultclientid=iot-device-03, thingname=iot-device-03, thingid=877352b9-a35d-45d3-9c98-162d89965a13, thingarn=arn:aws:iot:us-east-1:507441099951:thing/iot-device-03, thingtypename=null, attributes={installed=1592562234, latitude=37.4133144, longitude=-122.1513069}, version=1, billinggroupname=null}","2020-11-26 00:00:00.000"
"iot-device-01","1.5946411161284919E9","76.4","67.46","false","false","0.0062","0.0037","0.0164","2020-11-26T17:21:28.991+0000","{defaultclientid=iot-device-01, thingname=iot-device-01, thingid=983c2b68-f9a3-4e83-b3c6-9f6f8ad5431b, thingarn=arn:aws:iot:us-east-1:507441099951:thing/iot-device-01, thingtypename=null, attributes={installed=1594665292, latitude=37.4133144, longitude=-122.1513069}, version=1, billinggroupname=null}","2020-11-26 00:00:00.000"
"iot-device-03","1.5946411181071813E9","52.4","71.06","false","false","0.0078","0.0051","0.0208","2020-11-26T17:21:29.298+0000","{defaultclientid=iot-device-03, thingname=iot-device-03, thingid=877352b9-a35d-45d3-9c98-162d89965a13, thingarn=arn:aws:iot:us-east-1:507441099951:thing/iot-device-03, thingtypename=null, attributes={installed=1592562234, latitude=37.4133144, longitude=-122.1513069}, version=1, billinggroupname=null}","2020-11-26 00:00:00.000"
"iot-device-02","1.5946411201952455E9","59.6","74.48","true","false","0.0072","0.0045","0.019","2020-11-26T17:21:29.590+0000","{defaultclientid=iot-device-02, thingname=iot-device-02, thingid=4ae4927a-aefb-4584-a45a-fc4839feffd6, thingarn=arn:aws:iot:us-east-1:507441099951:thing/iot-device-02, thingtypename=null, attributes={installed=1593361211, latitude=32.8205865, longitude=-96.871627}, version=1, billinggroupname=null}","2020-11-26 00:00:00.000"
"iot-device-03","1.5946410333285046E9","52.4","70.88","false","false","0.0078","0.0051","0.0208","2020-11-26T17:21:15.160+0000","{defaultclientid=iot-device-03, thingname=iot-device-03, thingid=877352b9-a35d-45d3-9c98-162d89965a13, thingarn=arn:aws:iot:us-east-1:507441099951:thing/iot-device-03, thingtypename=null, attributes={installed=1592562234, latitude=37.4133144, longitude=-122.1513069}, version=1, billinggroupname=null}","2020-11-26 00:00:00.000"
"iot-device-03","1.594641037014474E9","52.4","70.88","false","false","0.0078","0.0051","0.0209","2020-11-26T17:21:15.460+0000","{defaultclientid=iot-device-03, thingname=iot-device-03, thingid=877352b9-a35d-45d3-9c98-162d89965a13, thingarn=arn:aws:iot:us-east-1:507441099951:thing/iot-device-03, thingtypename=null, attributes={installed=1592562234, latitude=37.4133144, longitude=-122.1513069}, version=1, billinggroupname=null}","2020-11-26 00:00:00.000"
"iot-device-01","1.5946410388112204E9","76.3","67.46","false","false","0.0062","0.0037","0.0164","2020-11-26T17:21:15.770+0000","{defaultclientid=iot-device-01, thingname=iot-device-01, thingid=983c2b68-f9a3-4e83-b3c6-9f6f8ad5431b, thingarn=arn:aws:iot:us-east-1:507441099951:thing/iot-device-01, thingtypename=null, attributes={installed=1594665292, latitude=37.4133144, longitude=-122.1513069}, version=1, billinggroupname=null}","2020-11-26 00:00:00.000"
"iot-device-02","1.594641038933337E9","59.8","74.48","true","false","0.0071","0.0045","0.0189","2020-11-26T17:21:16.069+0000","{defaultclientid=iot-device-02, thingname=iot-device-02, thingid=4ae4927a-aefb-4584-a45a-fc4839feffd6, thingarn=arn:aws:iot:us-east-1:507441099951:thing/iot-device-02, thingtypename=null, attributes={installed=1593361211, latitude=32.8205865, longitude=-96.871627}, version=1, billinggroupname=null}","2020-11-26 00:00:00.000"
"iot-device-03","1.5946410407008634E9","52.5","71.06","false","false","0.0078","0.0051","0.0208","2020-11-26T17:21:16.360+0000","{defaultclientid=iot-device-03, thingname=iot-device-03, thingid=877352b9-a35d-45d3-9c98-162d89965a13, thingarn=arn:aws:iot:us-east-1:507441099951:thing/iot-device-03, thingtypename=null, attributes={installed=1592562234, latitude=37.4133144, longitude=-122.1513069}, version=1, billinggroupname=null}","2020-11-26 00:00:00.000"
"iot-device-02","1.5946410427403328E9","59.8","74.48","true","false","0.0071","0.0045","0.0188","2020-11-26T17:21:16.651+0000","{defaultclientid=iot-device-02, thingname=iot-device-02, thingid=4ae4927a-aefb-4584-a45a-fc4839feffd6, thingarn=arn:aws:iot:us-east-1:507441099951:thing/iot-device-02, thingtypename=null, attributes={installed=1593361211, latitude=32.8205865, longitude=-96.871627}, version=1, billinggroupname=null}","2020-11-26 00:00:00.000"
"iot-device-01","1.5946410431634755E9","76.3","67.46","false","false","0.0062","0.0037","0.0164","2020-11-26T17:21:16.938+0000","{defaultclientid=iot-device-01, thingname=iot-device-01, thingid=983c2b68-f9a3-4e83-b3c6-9f6f8ad5431b, thingarn=arn:aws:iot:us-east-1:507441099951:thing/iot-device-01, thingtypename=null, attributes={installed=1594665292, latitude=37.4133144, longitude=-122.1513069}, version=1, billinggroupname=null}","2020-11-26 00:00:00.000"
"iot-device-03","1.5946410443869467E9","52.4","70.88","false","false","0.0078","0.0051","0.0209","2020-11-26T17:21:17.228+0000","{defaultclientid=iot-device-03, thingname=iot-device-03, thingid=877352b9-a35d-45d3-9c98-162d89965a13, thingarn=arn:aws:iot:us-east-1:507441099951:thing/iot-device-03, thingtypename=null, attributes={installed=1592562234, latitude=37.4133144, longitude=-122.1513069}, version=1, billinggroupname=null}","2020-11-26 00:00:00.000"
"iot-device-02","1.5946410465495167E9","59.8","74.48","true","false","0.0071","0.0045","0.0189","2020-11-26T17:21:17.527+0000","{defaultclientid=iot-device-02, thingname=iot-device-02, thingid=4ae4927a-aefb-4584-a45a-fc4839feffd6, thingarn=arn:aws:iot:us-east-1:507441099951:thing/iot-device-02, thingtypename=null, attributes={installed=1593361211, latitude=32.8205865, longitude=-96.871627}, version=1, billinggroupname=null}","2020-11-26 00:00:00.000"
"iot-device-03","1.5946410480729446E9","52.4","70.88","false","false","0.0078","0.0051","0.0208","2020-11-26T17:21:17.825+0000","{defaultclientid=iot-device-03, thingname=iot-device-03, thingid=877352b9-a35d-45d3-9c98-162d89965a13, thingarn=arn:aws:iot:us-east-1:507441099951:thing/iot-device-03, thingtypename=null, attributes={installed=1592562234, latitude=37.4133144, longitude=-122.1513069}, version=1, billinggroupname=null}","2020-11-26 00:00:00.000"
"iot-device-03","1.5946410665025132E9","52.4","71.06","false","false","0.0078","0.0051","0.0209","2020-11-26T17:21:21.040+0000","{defaultclientid=iot-device-03, thingname=iot-device-03, thingid=877352b9-a35d-45d3-9c98-162d89965a13, thingarn=arn:aws:iot:us-east-1:507441099951:thing/iot-device-03, thingtypename=null, attributes={installed=1592562234, latitude=37.4133144, longitude=-122.1513069}, version=1, billinggroupname=null}","2020-11-26 00:00:00.000"
"iot-device-01","1.5946410665187418E9","76.4","67.46","false","false","0.0062","0.0037","0.0164","2020-11-26T17:21:21.330+0000","{defaultclientid=iot-device-01, thingname=iot-device-01, thingid=983c2b68-f9a3-4e83-b3c6-9f6f8ad5431b, thingarn=arn:aws:iot:us-east-1:507441099951:thing/iot-device-01, thingtypename=null, attributes={installed=1594665292, latitude=37.4133144, longitude=-122.1513069}, version=1, billinggroupname=null}","2020-11-26 00:00:00.000"
"iot-device-03","1.59464107018863E9","52.3","70.88","false","false","0.0078","0.0051","0.0208","2020-11-26T17:21:21.619+0000","{defaultclientid=iot-device-03, thingname=iot-device-03, thingid=877352b9-a35d-45d3-9c98-162d89965a13, thingarn=arn:aws:iot:us-east-1:507441099951:thing/iot-device-03, thingtypename=null, attributes={installed=1592562234, latitude=37.4133144, longitude=-122.1513069}, version=1, billinggroupname=null}","2020-11-26 00:00:00.000"
"iot-device-03","1.5946410738762026E9","52.4","71.06","false","false","0.0078","0.0051","0.0208","2020-11-26T17:21:21.908+0000","{defaultclientid=iot-device-03, thingname=iot-device-03, thingid=877352b9-a35d-45d3-9c98-162d89965a13, thingarn=arn:aws:iot:us-east-1:507441099951:thing/iot-device-03, thingtypename=null, attributes={installed=1592562234, latitude=37.4133144, longitude=-122.1513069}, version=1, billinggroupname=null}","2020-11-26 00:00:00.000"
"iot-device-01","1.594641075778021E9","76.3","67.46","false","false","0.0062","0.0037","0.0164","2020-11-26T17:21:22.252+0000","{defaultclientid=iot-device-01, thingname=iot-device-01, thingid=983c2b68-f9a3-4e83-b3c6-9f6f8ad5431b, thingarn=arn:aws:iot:us-east-1:507441099951:thing/iot-device-01, thingtypename=null, attributes={installed=1594665292, latitude=37.4133144, longitude=-122.1513069}, version=1, billinggroupname=null}","2020-11-26 00:00:00.000"
"iot-device-03","1.594641077564392E9","52.3","70.88","false","false","0.0078","0.0051","0.0208","2020-11-26T17:21:22.554+0000","{defaultclientid=iot-device-03, thingname=iot-device-03, thingid=877352b9-a35d-45d3-9c98-162d89965a13, thingarn=arn:aws:iot:us-east-1:507441099951:thing/iot-device-03, thingtypename=null, attributes={installed=1592562234, latitude=37.4133144, longitude=-122.1513069}, version=1, billinggroupname=null}","2020-11-26 00:00:00.000"
"iot-device-02","1.5946410786330607E9","59.8","74.48","true","true","0.0071","0.0045","0.0188","2020-11-26T17:21:22.841+0000","{defaultclientid=iot-device-02, thingname=iot-device-02, thingid=4ae4927a-aefb-4584-a45a-fc4839feffd6, thingarn=arn:aws:iot:us-east-1:507441099951:thing/iot-device-02, thingtypename=null, attributes={installed=1593361211, latitude=32.8205865, longitude=-96.871627}, version=1, billinggroupname=null}","2020-11-26 00:00:00.000"
"iot-device-01","1.5946410801297274E9","76.4","67.46","false","false","0.0062","0.0037","0.0164","2020-11-26T17:21:23.120+0000","{defaultclientid=iot-device-01, thingname=iot-device-01, thingid=983c2b68-f9a3-4e83-b3c6-9f6f8ad5431b, thingarn=arn:aws:iot:us-east-1:507441099951:thing/iot-device-01, thingtypename=null, attributes={installed=1594665292, latitude=37.4133144, longitude=-122.1513069}, version=1, billinggroupname=null}","2020-11-26 00:00:00.000"
"iot-device-03","1.594641081252742E9","52.0","70.88","false","false","0.0078","0.0051","0.0208","2020-11-26T17:21:23.418+0000","{defaultclientid=iot-device-03, thingname=iot-device-03, thingid=877352b9-a35d-45d3-9c98-162d89965a13, thingarn=arn:aws:iot:us-east-1:507441099951:thing/iot-device-03, thingtypename=null, attributes={installed=1592562234, latitude=37.4133144, longitude=-122.1513069}, version=1, billinggroupname=null}","2020-11-26 00:00:00.000"
"iot-device-02","1.594641082978168E9","60.4","74.48","true","false","0.0071","0.0045","0.0189","2020-11-26T17:21:23.720+0000","{defaultclientid=iot-device-02, thingname=iot-device-02, thingid=4ae4927a-aefb-4584-a45a-fc4839feffd6, thingarn=arn:aws:iot:us-east-1:507441099951:thing/iot-device-02, thingtypename=null, attributes={installed=1593361211, latitude=32.8205865, longitude=-96.871627}, version=1, billinggroupname=null}","2020-11-26 00:00:00.000"
"iot-device-01","1.594641016031679E9","76.4","67.46","false","false","0.0062","0.0037","0.0164","2020-11-26T17:21:12.089+0000","{defaultclientid=iot-device-01, thingname=iot-device-01, thingid=983c2b68-f9a3-4e83-b3c6-9f6f8ad5431b, thingarn=arn:aws:iot:us-east-1:507441099951:thing/iot-device-01, thingtypename=null, attributes={installed=1594665292, latitude=37.4133144, longitude=-122.1513069}, version=1, billinggroupname=null}","2020-11-26 00:00:00.000"
"iot-device-03","1.5946410183678386E9","52.4","70.88","false","false","0.0078","0.0051","0.0209","2020-11-26T17:21:12.381+0000","{defaultclientid=iot-device-03, thingname=iot-device-03, thingid=877352b9-a35d-45d3-9c98-162d89965a13, thingarn=arn:aws:iot:us-east-1:507441099951:thing/iot-device-03, thingtypename=null, attributes={installed=1592562234, latitude=37.4133144, longitude=-122.1513069}, version=1, billinggroupname=null}","2020-11-26 00:00:00.000"
"iot-device-02","1.5946410211535358E9","59.8","74.48","true","false","0.0071","0.0045","0.019","2020-11-26T17:21:12.700+0000","{defaultclientid=iot-device-02, thingname=iot-device-02, thingid=4ae4927a-aefb-4584-a45a-fc4839feffd6, thingarn=arn:aws:iot:us-east-1:507441099951:thing/iot-device-02, thingtypename=null, attributes={installed=1593361211, latitude=32.8205865, longitude=-96.871627}, version=1, billinggroupname=null}","2020-11-26 00:00:00.000"
"iot-device-01","1.5946410214602072E9","76.3","67.46","false","false","0.0062","0.0037","0.0164","2020-11-26T17:21:13.073+0000","{defaultclientid=iot-device-01, thingname=iot-device-01, thingid=983c2b68-f9a3-4e83-b3c6-9f6f8ad5431b, thingarn=arn:aws:iot:us-east-1:507441099951:thing/iot-device-01, thingtypename=null, attributes={installed=1594665292, latitude=37.4133144, longitude=-122.1513069}, version=1, billinggroupname=null}","2020-11-26 00:00:00.000"
"iot-device-03","1.5946410220537794E9","52.5","70.88","false","false","0.0078","0.0051","0.0208","2020-11-26T17:21:13.367+0000","{defaultclientid=iot-device-03, thingname=iot-device-03, thingid=877352b9-a35d-45d3-9c98-162d89965a13, thingarn=arn:aws:iot:us-east-1:507441099951:thing/iot-device-03, thingtypename=null, attributes={installed=1592562234, latitude=37.4133144, longitude=-122.1513069}, version=1, billinggroupname=null}","2020-11-26 00:00:00.000"
"iot-device-01","1.5946410258105955E9","76.4","67.46","false","false","0.0062","0.0037","0.0164","2020-11-26T17:21:13.658+0000","{defaultclientid=iot-device-01, thingname=iot-device-01, thingid=983c2b68-f9a3-4e83-b3c6-9f6f8ad5431b, thingarn=arn:aws:iot:us-east-1:507441099951:thing/iot-device-01, thingtypename=null, attributes={installed=1594665292, latitude=37.4133144, longitude=-122.1513069}, version=1, billinggroupname=null}","2020-11-26 00:00:00.000"
"iot-device-03","1.594641025993099E9","52.5","70.88","false","false","0.0078","0.0051","0.0209","2020-11-26T17:21:13.988+0000","{defaultclientid=iot-device-03, thingname=iot-device-03, thingid=877352b9-a35d-45d3-9c98-162d89965a13, thingarn=arn:aws:iot:us-east-1:507441099951:thing/iot-device-03, thingtypename=null, attributes={installed=1592562234, latitude=37.4133144, longitude=-122.1513069}, version=1, billinggroupname=null}","2020-11-26 00:00:00.000"
"iot-device-03","1.5946410296384244E9","52.5","71.06","false","false","0.0078","0.0051","0.0209","2020-11-26T17:21:14.288+0000","{defaultclientid=iot-device-03, thingname=iot-device-03, thingid=877352b9-a35d-45d3-9c98-162d89965a13, thingarn=arn:aws:iot:us-east-1:507441099951:thing/iot-device-03, thingtypename=null, attributes={installed=1592562234, latitude=37.4133144, longitude=-122.1513069}, version=1, billinggroupname=null}","2020-11-26 00:00:00.000"
"iot-device-02","1.5946410324562054E9","59.8","74.48","true","false","0.0071","0.0045","0.0188","2020-11-26T17:21:14.586+0000","{defaultclientid=iot-device-02, thingname=iot-device-02, thingid=4ae4927a-aefb-4584-a45a-fc4839feffd6, thingarn=arn:aws:iot:us-east-1:507441099951:thing/iot-device-02, thingtypename=null, attributes={installed=1593361211, latitude=32.8205865, longitude=-96.871627}, version=1, billinggroupname=null}","2020-11-26 00:00:00.000"
"iot-device-01","1.5946410328481355E9","76.4","67.46","false","false","0.0062","0.0037","0.0164","2020-11-26T17:21:14.870+0000","{defaultclientid=iot-device-01, thingname=iot-device-01, thingid=983c2b68-f9a3-4e83-b3c6-9f6f8ad5431b, thingarn=arn:aws:iot:us-east-1:507441099951:thing/iot-device-01, thingtypename=null, attributes={installed=1594665292, latitude=37.4133144, longitude=-122.1513069}, version=1, billinggroupname=null}","2020-11-26 00:00:00.000"
"iot-device-03","1.5946410849404056E9","52.3","70.88","false","false","0.0078","0.0051","0.0208","2020-11-26T17:21:24.010+0000","{defaultclientid=iot-device-03, thingname=iot-device-03, thingid=877352b9-a35d-45d3-9c98-162d89965a13, thingarn=arn:aws:iot:us-east-1:507441099951:thing/iot-device-03, thingtypename=null, attributes={installed=1592562234, latitude=37.4133144, longitude=-122.1513069}, version=1, billinggroupname=null}","2020-11-26 00:00:00.000"
"iot-device-03","1.5946410886278784E9","52.4","71.06","false","false","0.0078","0.0051","0.0208","2020-11-26T17:21:24.300+0000","{defaultclientid=iot-device-03, thingname=iot-device-03, thingid=877352b9-a35d-45d3-9c98-162d89965a13, thingarn=arn:aws:iot:us-east-1:507441099951:thing/iot-device-03, thingtypename=null, attributes={installed=1592562234, latitude=37.4133144, longitude=-122.1513069}, version=1, billinggroupname=null}","2020-11-26 00:00:00.000"
"iot-device-02","1.5946410905313914E9","60.3","74.48","true","false","0.0071","0.0045","0.0189","2020-11-26T17:21:24.613+0000","{defaultclientid=iot-device-02, thingname=iot-device-02, thingid=4ae4927a-aefb-4584-a45a-fc4839feffd6, thingarn=arn:aws:iot:us-east-1:507441099951:thing/iot-device-02, thingtypename=null, attributes={installed=1593361211, latitude=32.8205865, longitude=-96.871627}, version=1, billinggroupname=null}","2020-11-26 00:00:00.000"
"iot-device-03","1.5946410923129716E9","52.4","70.88","false","false","0.0078","0.0051","0.0208","2020-11-26T17:21:24.911+0000","{defaultclientid=iot-device-03, thingname=iot-device-03, thingid=877352b9-a35d-45d3-9c98-162d89965a13, thingarn=arn:aws:iot:us-east-1:507441099951:thing/iot-device-03, thingtypename=null, attributes={installed=1592562234, latitude=37.4133144, longitude=-122.1513069}, version=1, billinggroupname=null}","2020-11-26 00:00:00.000"
"iot-device-02","1.5946410954101374E9","59.9","74.48","true","false","0.0071","0.0045","0.0189","2020-11-26T17:21:25.208+0000","{defaultclientid=iot-device-02, thingname=iot-device-02, thingid=4ae4927a-aefb-4584-a45a-fc4839feffd6, thingarn=arn:aws:iot:us-east-1:507441099951:thing/iot-device-02, thingtypename=null, attributes={installed=1593361211, latitude=32.8205865, longitude=-96.871627}, version=1, billinggroupname=null}","2020-11-26 00:00:00.000"
"iot-device-03","1.5946410959990673E9","52.4","70.88","false","false","0.0078","0.0051","0.0208","2020-11-26T17:21:25.501+0000","{defaultclientid=iot-device-03, thingname=iot-device-03, thingid=877352b9-a35d-45d3-9c98-162d89965a13, thingarn=arn:aws:iot:us-east-1:507441099951:thing/iot-device-03, thingtypename=null, attributes={installed=1592562234, latitude=37.4133144, longitude=-122.1513069}, version=1, billinggroupname=null}","2020-11-26 00:00:00.000"
"iot-device-01","1.5946410971123655E9","76.5","67.46","false","false","0.0063","0.0038","0.0166","2020-11-26T17:21:25.791+0000","{defaultclientid=iot-device-01, thingname=iot-device-01, thingid=983c2b68-f9a3-4e83-b3c6-9f6f8ad5431b, thingarn=arn:aws:iot:us-east-1:507441099951:thing/iot-device-01, thingtypename=null, attributes={installed=1594665292, latitude=37.4133144, longitude=-122.1513069}, version=1, billinggroupname=null}","2020-11-26 00:00:00.000"
"iot-device-03","1.5946410996850653E9","52.4","71.06","false","false","0.0078","0.0051","0.0208","2020-11-26T17:21:26.084+0000","{defaultclientid=iot-device-03, thingname=iot-device-03, thingid=877352b9-a35d-45d3-9c98-162d89965a13, thingarn=arn:aws:iot:us-east-1:507441099951:thing/iot-device-03, thingtypename=null, attributes={installed=1592562234, latitude=37.4133144, longitude=-122.1513069}, version=1, billinggroupname=null}","2020-11-26 00:00:00.000"
"iot-device-01","1.594641100925967E9","76.7","67.46","false","false","0.0062","0.0037","0.0164","2020-11-26T17:21:26.368+0000","{defaultclientid=iot-device-01, thingname=iot-device-01, thingid=983c2b68-f9a3-4e83-b3c6-9f6f8ad5431b, thingarn=arn:aws:iot:us-east-1:507441099951:thing/iot-device-01, thingtypename=null, attributes={installed=1594665292, latitude=37.4133144, longitude=-122.1513069}, version=1, billinggroupname=null}","2020-11-26 00:00:00.000"
"iot-device-02","1.594641101357207E9","59.8","74.48","true","false","0.0071","0.0045","0.0189","2020-11-26T17:21:26.662+0000","{defaultclientid=iot-device-02, thingname=iot-device-02, thingid=4ae4927a-aefb-4584-a45a-fc4839feffd6, thingarn=arn:aws:iot:us-east-1:507441099951:thing/iot-device-02, thingtypename=null, attributes={installed=1593361211, latitude=32.8205865, longitude=-96.871627}, version=1, billinggroupname=null}","2020-11-26 00:00:00.000"
"iot-device-03","1.5946626603086536E9","48.8","71.24","false","false","0.0078","0.0051","0.0209","2020-11-27T02:35:23.679+0000","{defaultclientid=iot-device-03, thingname=iot-device-03, thingid=877352b9-a35d-45d3-9c98-162d89965a13, thingarn=arn:aws:iot:us-east-1:507441099951:thing/iot-device-03, thingtypename=null, attributes={installed=1592562234, latitude=37.4133144, longitude=-122.1513069}, version=1, billinggroupname=null}","2020-11-27 00:00:00.000"
"iot-device-01","1.5946626606321785E9","74.3","66.2","false","false","0.0077","0.005","0.0204","2020-11-27T02:35:23.968+0000","{defaultclientid=iot-device-01, thingname=iot-device-01, thingid=983c2b68-f9a3-4e83-b3c6-9f6f8ad5431b, thingarn=arn:aws:iot:us-east-1:507441099951:thing/iot-device-01, thingtypename=null, attributes={installed=1594665292, latitude=37.4133144, longitude=-122.1513069}, version=1, billinggroupname=null}","2020-11-27 00:00:00.000"
"iot-device-03","1.594662663996252E9","48.8","71.24","false","false","0.0078","0.0051","0.0209","2020-11-27T02:35:24.257+0000","{defaultclientid=iot-device-03, thingname=iot-device-03, thingid=877352b9-a35d-45d3-9c98-162d89965a13, thingarn=arn:aws:iot:us-east-1:507441099951:thing/iot-device-03, thingtypename=null, attributes={installed=1592562234, latitude=37.4133144, longitude=-122.1513069}, version=1, billinggroupname=null}","2020-11-27 00:00:00.000"
"iot-device-01","1.5946626676825926E9","74.4","43.34","false","false","0.0077","0.005","0.0204","2020-11-27T02:35:24.547+0000","{defaultclientid=iot-device-01, thingname=iot-device-01, thingid=983c2b68-f9a3-4e83-b3c6-9f6f8ad5431b, thingarn=arn:aws:iot:us-east-1:507441099951:thing/iot-device-01, thingtypename=null, attributes={installed=1594665292, latitude=37.4133144, longitude=-122.1513069}, version=1, billinggroupname=null}","2020-11-27 00:00:00.000"
"iot-device-03","1.5946626676833088E9","48.8","71.24","false","false","0.0078","0.0051","0.0208","2020-11-27T02:35:24.830+0000","{defaultclientid=iot-device-03, thingname=iot-device-03, thingid=877352b9-a35d-45d3-9c98-162d89965a13, thingarn=arn:aws:iot:us-east-1:507441099951:thing/iot-device-03, thingtypename=null, attributes={installed=1592562234, latitude=37.4133144, longitude=-122.1513069}, version=1, billinggroupname=null}","2020-11-27 00:00:00.000"
"iot-device-02","1.5946626696870975E9","62.2","77.0","true","false","0.0068","0.0042","0.018","2020-11-27T02:35:25.108+0000","{defaultclientid=iot-device-02, thingname=iot-device-02, thingid=4ae4927a-aefb-4584-a45a-fc4839feffd6, thingarn=arn:aws:iot:us-east-1:507441099951:thing/iot-device-02, thingtypename=null, attributes={installed=1593361211, latitude=32.8205865, longitude=-96.871627}, version=1, billinggroupname=null}","2020-11-27 00:00:00.000"
"iot-device-03","1.594662671370899E9","48.8","71.24","false","false","0.0078","0.0051","0.0209","2020-11-27T02:35:25.390+0000","{defaultclientid=iot-device-03, thingname=iot-device-03, thingid=877352b9-a35d-45d3-9c98-162d89965a13, thingarn=arn:aws:iot:us-east-1:507441099951:thing/iot-device-03, thingtypename=null, attributes={installed=1592562234, latitude=37.4133144, longitude=-122.1513069}, version=1, billinggroupname=null}","2020-11-27 00:00:00.000"
"iot-device-03","1.5946626750588028E9","48.8","71.24","false","false","0.0079","0.0051","0.021","2020-11-27T02:35:25.677+0000","{defaultclientid=iot-device-03, thingname=iot-device-03, thingid=877352b9-a35d-45d3-9c98-162d89965a13, thingarn=arn:aws:iot:us-east-1:507441099951:thing/iot-device-03, thingtypename=null, attributes={installed=1592562234, latitude=37.4133144, longitude=-122.1513069}, version=1, billinggroupname=null}","2020-11-27 00:00:00.000"
"iot-device-02","1.5946626761672235E9","62.2","77.0","true","false","0.0068","0.0042","0.0179","2020-11-27T02:35:25.968+0000","{defaultclientid=iot-device-02, thingname=iot-device-02, thingid=4ae4927a-aefb-4584-a45a-fc4839feffd6, thingarn=arn:aws:iot:us-east-1:507441099951:thing/iot-device-02, thingtypename=null, attributes={installed=1593361211, latitude=32.8205865, longitude=-96.871627}, version=1, billinggroupname=null}","2020-11-27 00:00:00.000"
"iot-device-01","1.5946626779405565E9","74.4","66.2","false","false","0.0077","0.005","0.0204","2020-11-27T02:35:26.270+0000","{defaultclientid=iot-device-01, thingname=iot-device-01, thingid=983c2b68-f9a3-4e83-b3c6-9f6f8ad5431b, thingarn=arn:aws:iot:us-east-1:507441099951:thing/iot-device-01, thingtypename=null, attributes={installed=1594665292, latitude=37.4133144, longitude=-122.1513069}, version=1, billinggroupname=null}","2020-11-27 00:00:00.000"
"iot-device-03","1.5946625276504025E9","48.9","71.42","false","false","0.0078","0.0051","0.021","2020-11-27T02:35:00.473+0000","{defaultclientid=iot-device-03, thingname=iot-device-03, thingid=877352b9-a35d-45d3-9c98-162d89965a13, thingarn=arn:aws:iot:us-east-1:507441099951:thing/iot-device-03, thingtypename=null, attributes={installed=1592562234, latitude=37.4133144, longitude=-122.1513069}, version=1, billinggroupname=null}","2020-11-27 00:00:00.000"
"iot-device-02","1.5946625278950903E9","62.0","76.82","true","false","0.0068","0.0042","0.0179","2020-11-27T02:35:00.885+0000","{defaultclientid=iot-device-02, thingname=iot-device-02, thingid=4ae4927a-aefb-4584-a45a-fc4839feffd6, thingarn=arn:aws:iot:us-east-1:507441099951:thing/iot-device-02, thingtypename=null, attributes={installed=1593361211, latitude=32.8205865, longitude=-96.871627}, version=1, billinggroupname=null}","2020-11-27 00:00:00.000"
"iot-device-01","1.594662529012266E9","74.6","66.38","false","false","0.0077","0.005","0.0204","2020-11-27T02:35:01.345+0000","{defaultclientid=iot-device-01, thingname=iot-device-01, thingid=983c2b68-f9a3-4e83-b3c6-9f6f8ad5431b, thingarn=arn:aws:iot:us-east-1:507441099951:thing/iot-device-01, thingtypename=null, attributes={installed=1594665292, latitude=37.4133144, longitude=-122.1513069}, version=1, billinggroupname=null}","2020-11-27 00:00:00.000"
"iot-device-03","1.5946625313369222E9","48.9","71.6","false","false","0.0078","0.0051","0.0208","2020-11-27T02:35:01.786+0000","{defaultclientid=iot-device-03, thingname=iot-device-03, thingid=877352b9-a35d-45d3-9c98-162d89965a13, thingarn=arn:aws:iot:us-east-1:507441099951:thing/iot-device-03, thingtypename=null, attributes={installed=1592562234, latitude=37.4133144, longitude=-122.1513069}, version=1, billinggroupname=null}","2020-11-27 00:00:00.000"
"iot-device-02","1.5946625333108304E9","62.1","77.0","true","false","0.0068","0.0042","0.018","2020-11-27T02:35:02.210+0000","{defaultclientid=iot-device-02, thingname=iot-device-02, thingid=4ae4927a-aefb-4584-a45a-fc4839feffd6, thingarn=arn:aws:iot:us-east-1:507441099951:thing/iot-device-02, thingtypename=null, attributes={installed=1593361211, latitude=32.8205865, longitude=-96.871627}, version=1, billinggroupname=null}","2020-11-27 00:00:00.000"
"iot-device-03","1.5946625350245547E9","48.9","71.42","false","false","0.0078","0.0051","0.021","2020-11-27T02:35:02.780+0000","{defaultclientid=iot-device-03, thingname=iot-device-03, thingid=877352b9-a35d-45d3-9c98-162d89965a13, thingarn=arn:aws:iot:us-east-1:507441099951:thing/iot-device-03, thingtypename=null, attributes={installed=1592562234, latitude=37.4133144, longitude=-122.1513069}, version=1, billinggroupname=null}","2020-11-27 00:00:00.000"
"iot-device-03","1.59466253871248E9","48.9","71.42","false","false","0.0079","0.0051","0.021","2020-11-27T02:35:03.325+0000","{defaultclientid=iot-device-03, thingname=iot-device-03, thingid=877352b9-a35d-45d3-9c98-162d89965a13, thingarn=arn:aws:iot:us-east-1:507441099951:thing/iot-device-03, thingtypename=null, attributes={installed=1592562234, latitude=37.4133144, longitude=-122.1513069}, version=1, billinggroupname=null}","2020-11-27 00:00:00.000"
"iot-device-01","1.5946625422309074E9","75.1","66.38","false","false","0.0077","0.005","0.0204","2020-11-27T02:35:03.680+0000","{defaultclientid=iot-device-01, thingname=iot-device-01, thingid=983c2b68-f9a3-4e83-b3c6-9f6f8ad5431b, thingarn=arn:aws:iot:us-east-1:507441099951:thing/iot-device-01, thingtypename=null, attributes={installed=1594665292, latitude=37.4133144, longitude=-122.1513069}, version=1, billinggroupname=null}","2020-11-27 00:00:00.000"
"iot-device-03","1.5946625424000847E9","48.9","71.42","false","false","0.0078","0.0051","0.021","2020-11-27T02:35:04.286+0000","{defaultclientid=iot-device-03, thingname=iot-device-03, thingid=877352b9-a35d-45d3-9c98-162d89965a13, thingarn=arn:aws:iot:us-east-1:507441099951:thing/iot-device-03, thingtypename=null, attributes={installed=1592562234, latitude=37.4133144, longitude=-122.1513069}, version=1, billinggroupname=null}","2020-11-27 00:00:00.000"
"iot-device-02","1.5946625430070784E9","62.1","76.82","true","false","0.0068","0.0042","0.018","2020-11-27T02:35:04.718+0000","{defaultclientid=iot-device-02, thingname=iot-device-02, thingid=4ae4927a-aefb-4584-a45a-fc4839feffd6, thingarn=arn:aws:iot:us-east-1:507441099951:thing/iot-device-02, thingtypename=null, attributes={installed=1593361211, latitude=32.8205865, longitude=-96.871627}, version=1, billinggroupname=null}","2020-11-27 00:00:00.000"
"iot-device-02","1.5946626945510454E9","62.3","77.0","true","false","0.0068","0.0042","0.0179","2020-11-27T02:35:29.446+0000","{defaultclientid=iot-device-02, thingname=iot-device-02, thingid=4ae4927a-aefb-4584-a45a-fc4839feffd6, thingarn=arn:aws:iot:us-east-1:507441099951:thing/iot-device-02, thingtypename=null, attributes={installed=1593361211, latitude=32.8205865, longitude=-96.871627}, version=1, billinggroupname=null}","2020-11-27 00:00:00.000"
"iot-device-03","1.5946626970835536E9","49.1","71.24","false","false","0.0078","0.0051","0.0209","2020-11-27T02:35:29.728+0000","{defaultclientid=iot-device-03, thingname=iot-device-03, thingid=877352b9-a35d-45d3-9c98-162d89965a13, thingarn=arn:aws:iot:us-east-1:507441099951:thing/iot-device-03, thingtypename=null, attributes={installed=1592562234, latitude=37.4133144, longitude=-122.1513069}, version=1, billinggroupname=null}","2020-11-27 00:00:00.000"
"iot-device-03","1.5946626787465706E9","48.8","71.24","false","false","0.0079","0.0051","0.021","2020-11-27T02:35:26.568+0000","{defaultclientid=iot-device-03, thingname=iot-device-03, thingid=877352b9-a35d-45d3-9c98-162d89965a13, thingarn=arn:aws:iot:us-east-1:507441099951:thing/iot-device-03, thingtypename=null, attributes={installed=1592562234, latitude=37.4133144, longitude=-122.1513069}, version=1, billinggroupname=null}","2020-11-27 00:00:00.000"
"iot-device-02","1.594662682118438E9","62.2","77.0","true","false","0.0068","0.0042","0.018","2020-11-27T02:35:26.864+0000","{defaultclientid=iot-device-02, thingname=iot-device-02, thingid=4ae4927a-aefb-4584-a45a-fc4839feffd6, thingarn=arn:aws:iot:us-east-1:507441099951:thing/iot-device-02, thingtypename=null, attributes={installed=1593361211, latitude=32.8205865, longitude=-96.871627}, version=1, billinggroupname=null}","2020-11-27 00:00:00.000"
"iot-device-01","1.5946626822916849E9","74.4","66.2","false","false","0.0077","0.005","0.0204","2020-11-27T02:35:27.140+0000","{defaultclientid=iot-device-01, thingname=iot-device-01, thingid=983c2b68-f9a3-4e83-b3c6-9f6f8ad5431b, thingarn=arn:aws:iot:us-east-1:507441099951:thing/iot-device-01, thingtypename=null, attributes={installed=1594665292, latitude=37.4133144, longitude=-122.1513069}, version=1, billinggroupname=null}","2020-11-27 00:00:00.000"
"iot-device-03","1.5946626824337473E9","48.8","71.06","false","false","0.0078","0.0051","0.0209","2020-11-27T02:35:27.431+0000","{defaultclientid=iot-device-03, thingname=iot-device-03, thingid=877352b9-a35d-45d3-9c98-162d89965a13, thingarn=arn:aws:iot:us-east-1:507441099951:thing/iot-device-03, thingtypename=null, attributes={installed=1592562234, latitude=37.4133144, longitude=-122.1513069}, version=1, billinggroupname=null}","2020-11-27 00:00:00.000"
"iot-device-02","1.5946626859306474E9","62.2","77.0","true","false","0.0068","0.0042","0.018","2020-11-27T02:35:27.717+0000","{defaultclientid=iot-device-02, thingname=iot-device-02, thingid=4ae4927a-aefb-4584-a45a-fc4839feffd6, thingarn=arn:aws:iot:us-east-1:507441099951:thing/iot-device-02, thingtypename=null, attributes={installed=1593361211, latitude=32.8205865, longitude=-96.871627}, version=1, billinggroupname=null}","2020-11-27 00:00:00.000"
"iot-device-03","1.5946626861195445E9","48.9","71.24","false","false","0.0078","0.0051","0.0209","2020-11-27T02:35:27.996+0000","{defaultclientid=iot-device-03, thingname=iot-device-03, thingid=877352b9-a35d-45d3-9c98-162d89965a13, thingarn=arn:aws:iot:us-east-1:507441099951:thing/iot-device-03, thingtypename=null, attributes={installed=1592562234, latitude=37.4133144, longitude=-122.1513069}, version=1, billinggroupname=null}","2020-11-27 00:00:00.000"
"iot-device-01","1.594662686650648E9","74.5","66.2","false","false","0.0077","0.005","0.0204","2020-11-27T02:35:28.287+0000","{defaultclientid=iot-device-01, thingname=iot-device-01, thingid=983c2b68-f9a3-4e83-b3c6-9f6f8ad5431b, thingarn=arn:aws:iot:us-east-1:507441099951:thing/iot-device-01, thingtypename=null, attributes={installed=1594665292, latitude=37.4133144, longitude=-122.1513069}, version=1, billinggroupname=null}","2020-11-27 00:00:00.000"
"iot-device-03","1.5946626898056483E9","49.0","71.06","false","false","0.0078","0.0051","0.0209","2020-11-27T02:35:28.601+0000","{defaultclientid=iot-device-03, thingname=iot-device-03, thingid=877352b9-a35d-45d3-9c98-162d89965a13, thingarn=arn:aws:iot:us-east-1:507441099951:thing/iot-device-03, thingtypename=null, attributes={installed=1592562234, latitude=37.4133144, longitude=-122.1513069}, version=1, billinggroupname=null}","2020-11-27 00:00:00.000"
"iot-device-03","1.594662693491957E9","49.0","71.06","false","false","0.0078","0.0051","0.0209","2020-11-27T02:35:28.879+0000","{defaultclientid=iot-device-03, thingname=iot-device-03, thingid=877352b9-a35d-45d3-9c98-162d89965a13, thingarn=arn:aws:iot:us-east-1:507441099951:thing/iot-device-03, thingtypename=null, attributes={installed=1592562234, latitude=37.4133144, longitude=-122.1513069}, version=1, billinggroupname=null}","2020-11-27 00:00:00.000"
"iot-device-01","1.5946626936899226E9","74.5","66.2","false","false","0.0077","0.005","0.0204","2020-11-27T02:35:29.157+0000","{defaultclientid=iot-device-01, thingname=iot-device-01, thingid=983c2b68-f9a3-4e83-b3c6-9f6f8ad5431b, thingarn=arn:aws:iot:us-east-1:507441099951:thing/iot-device-01, thingtypename=null, attributes={installed=1594665292, latitude=37.4133144, longitude=-122.1513069}, version=1, billinggroupname=null}","2020-11-27 00:00:00.000"
"iot-device-03","1.5946626049975119E9","48.8","71.24","false","false","0.0078","0.0051","0.0209","2020-11-27T02:35:15.040+0000","{defaultclientid=iot-device-03, thingname=iot-device-03, thingid=877352b9-a35d-45d3-9c98-162d89965a13, thingarn=arn:aws:iot:us-east-1:507441099951:thing/iot-device-03, thingtypename=null, attributes={installed=1592562234, latitude=37.4133144, longitude=-122.1513069}, version=1, billinggroupname=null}","2020-11-27 00:00:00.000"
"iot-device-02","1.5946626056194966E9","62.1","77.0","true","false","0.0068","0.0042","0.018","2020-11-27T02:35:15.321+0000","{defaultclientid=iot-device-02, thingname=iot-device-02, thingid=4ae4927a-aefb-4584-a45a-fc4839feffd6, thingarn=arn:aws:iot:us-east-1:507441099951:thing/iot-device-02, thingtypename=null, attributes={installed=1593361211, latitude=32.8205865, longitude=-96.871627}, version=1, billinggroupname=null}","2020-11-27 00:00:00.000"
"iot-device-03","1.5946626086835234E9","48.9","71.24","false","false","0.0078","0.0051","0.0209","2020-11-27T02:35:15.597+0000","{defaultclientid=iot-device-03, thingname=iot-device-03, thingid=877352b9-a35d-45d3-9c98-162d89965a13, thingarn=arn:aws:iot:us-east-1:507441099951:thing/iot-device-03, thingtypename=null, attributes={installed=1592562234, latitude=37.4133144, longitude=-122.1513069}, version=1, billinggroupname=null}","2020-11-27 00:00:00.000"
"iot-device-03","1.5946626123695734E9","48.9","71.42","false","false","0.0078","0.0051","0.0209","2020-11-27T02:35:15.881+0000","{defaultclientid=iot-device-03, thingname=iot-device-03, thingid=877352b9-a35d-45d3-9c98-162d89965a13, thingarn=arn:aws:iot:us-east-1:507441099951:thing/iot-device-03, thingtypename=null, attributes={installed=1592562234, latitude=37.4133144, longitude=-122.1513069}, version=1, billinggroupname=null}","2020-11-27 00:00:00.000"
"iot-device-01","1.5946626154663901E9","74.3","66.2","false","false","0.0077","0.005","0.0204","2020-11-27T02:35:16.172+0000","{defaultclientid=iot-device-01, thingname=iot-device-01, thingid=983c2b68-f9a3-4e83-b3c6-9f6f8ad5431b, thingarn=arn:aws:iot:us-east-1:507441099951:thing/iot-device-01, thingtypename=null, attributes={installed=1594665292, latitude=37.4133144, longitude=-122.1513069}, version=1, billinggroupname=null}","2020-11-27 00:00:00.000"
"iot-device-02","1.5946626158500366E9","62.0","77.0","true","false","0.0068","0.0042","0.018","2020-11-27T02:35:16.449+0000","{defaultclientid=iot-device-02, thingname=iot-device-02, thingid=4ae4927a-aefb-4584-a45a-fc4839feffd6, thingarn=arn:aws:iot:us-east-1:507441099951:thing/iot-device-02, thingtypename=null, attributes={installed=1593361211, latitude=32.8205865, longitude=-96.871627}, version=1, billinggroupname=null}","2020-11-27 00:00:00.000"
"iot-device-03","1.5946626160555394E9","48.8","71.24","false","false","0.0078","0.0051","0.0209","2020-11-27T02:35:16.746+0000","{defaultclientid=iot-device-03, thingname=iot-device-03, thingid=877352b9-a35d-45d3-9c98-162d89965a13, thingarn=arn:aws:iot:us-east-1:507441099951:thing/iot-device-03, thingtypename=null, attributes={installed=1592562234, latitude=37.4133144, longitude=-122.1513069}, version=1, billinggroupname=null}","2020-11-27 00:00:00.000"
"iot-device-02","1.5946626196588464E9","62.1","77.0","true","false","0.0068","0.0042","0.018","2020-11-27T02:35:17.030+0000","{defaultclientid=iot-device-02, thingname=iot-device-02, thingid=4ae4927a-aefb-4584-a45a-fc4839feffd6, thingarn=arn:aws:iot:us-east-1:507441099951:thing/iot-device-02, thingtypename=null, attributes={installed=1593361211, latitude=32.8205865, longitude=-96.871627}, version=1, billinggroupname=null}","2020-11-27 00:00:00.000"
"iot-device-03","1.594662619743528E9","48.7","71.24","false","false","0.0078","0.0051","0.0209","2020-11-27T02:35:17.324+0000","{defaultclientid=iot-device-03, thingname=iot-device-03, thingid=877352b9-a35d-45d3-9c98-162d89965a13, thingarn=arn:aws:iot:us-east-1:507441099951:thing/iot-device-03, thingtypename=null, attributes={installed=1592562234, latitude=37.4133144, longitude=-122.1513069}, version=1, billinggroupname=null}","2020-11-27 00:00:00.000"
"iot-device-03","1.5946626234310687E9","48.7","71.24","false","false","0.0078","0.0051","0.0209","2020-11-27T02:35:17.608+0000","{defaultclientid=iot-device-03, thingname=iot-device-03, thingid=877352b9-a35d-45d3-9c98-162d89965a13, thingarn=arn:aws:iot:us-east-1:507441099951:thing/iot-device-03, thingtypename=null, attributes={installed=1592562234, latitude=37.4133144, longitude=-122.1513069}, version=1, billinggroupname=null}","2020-11-27 00:00:00.000"
"iot-device-03","1.5946625460877542E9","48.8","71.42","false","false","0.0078","0.0051","0.021","2020-11-27T02:35:05.132+0000","{defaultclientid=iot-device-03, thingname=iot-device-03, thingid=877352b9-a35d-45d3-9c98-162d89965a13, thingarn=arn:aws:iot:us-east-1:507441099951:thing/iot-device-03, thingtypename=null, attributes={installed=1592562234, latitude=37.4133144, longitude=-122.1513069}, version=1, billinggroupname=null}","2020-11-27 00:00:00.000"
"iot-device-03","1.5946625497753274E9","48.8","71.42","false","false","0.0078","0.0051","0.0209","2020-11-27T02:35:05.585+0000","{defaultclientid=iot-device-03, thingname=iot-device-03, thingid=877352b9-a35d-45d3-9c98-162d89965a13, thingarn=arn:aws:iot:us-east-1:507441099951:thing/iot-device-03, thingtypename=null, attributes={installed=1592562234, latitude=37.4133144, longitude=-122.1513069}, version=1, billinggroupname=null}","2020-11-27 00:00:00.000"
"iot-device-01","1.5946625498032665E9","74.7","66.38","false","false","0.0077","0.005","0.0204","2020-11-27T02:35:06.040+0000","{defaultclientid=iot-device-01, thingname=iot-device-01, thingid=983c2b68-f9a3-4e83-b3c6-9f6f8ad5431b, thingarn=arn:aws:iot:us-east-1:507441099951:thing/iot-device-01, thingtypename=null, attributes={installed=1594665292, latitude=37.4133144, longitude=-122.1513069}, version=1, billinggroupname=null}","2020-11-27 00:00:00.000"
"iot-device-02","1.5946625532360456E9","62.1","76.82","true","false","0.0068","0.0042","0.018","2020-11-27T02:35:06.449+0000","{defaultclientid=iot-device-02, thingname=iot-device-02, thingid=4ae4927a-aefb-4584-a45a-fc4839feffd6, thingarn=arn:aws:iot:us-east-1:507441099951:thing/iot-device-02, thingtypename=null, attributes={installed=1593361211, latitude=32.8205865, longitude=-96.871627}, version=1, billinggroupname=null}","2020-11-27 00:00:00.000"
"iot-device-03","1.5946625534626374E9","48.8","71.42","false","false","0.0078","0.0051","0.0209","2020-11-27T02:35:06.867+0000","{defaultclientid=iot-device-03, thingname=iot-device-03, thingid=877352b9-a35d-45d3-9c98-162d89965a13, thingarn=arn:aws:iot:us-east-1:507441099951:thing/iot-device-03, thingtypename=null, attributes={installed=1592562234, latitude=37.4133144, longitude=-122.1513069}, version=1, billinggroupname=null}","2020-11-27 00:00:00.000"
"iot-device-03","1.5946625571485279E9","48.9","71.42","false","false","0.0078","0.0051","0.0209","2020-11-27T02:35:07.235+0000","{defaultclientid=iot-device-03, thingname=iot-device-03, thingid=877352b9-a35d-45d3-9c98-162d89965a13, thingarn=arn:aws:iot:us-east-1:507441099951:thing/iot-device-03, thingtypename=null, attributes={installed=1592562234, latitude=37.4133144, longitude=-122.1513069}, version=1, billinggroupname=null}","2020-11-27 00:00:00.000"
"iot-device-01","1.5946625584709342E9","74.5","66.38","false","false","0.0077","0.005","0.0204","2020-11-27T02:35:07.700+0000","{defaultclientid=iot-device-01, thingname=iot-device-01, thingid=983c2b68-f9a3-4e83-b3c6-9f6f8ad5431b, thingarn=arn:aws:iot:us-east-1:507441099951:thing/iot-device-01, thingtypename=null, attributes={installed=1594665292, latitude=37.4133144, longitude=-122.1513069}, version=1, billinggroupname=null}","2020-11-27 00:00:00.000"
"iot-device-03","1.5946625607856748E9","48.9","71.42","false","false","0.0078","0.0051","0.0209","2020-11-27T02:35:08.107+0000","{defaultclientid=iot-device-03, thingname=iot-device-03, thingid=877352b9-a35d-45d3-9c98-162d89965a13, thingarn=arn:aws:iot:us-east-1:507441099951:thing/iot-device-03, thingtypename=null, attributes={installed=1592562234, latitude=37.4133144, longitude=-122.1513069}, version=1, billinggroupname=null}","2020-11-27 00:00:00.000"
"iot-device-01","1.5946625622898607E9","74.5","66.38","false","false","0.0076","0.0049","0.0204","2020-11-27T02:35:08.439+0000","{defaultclientid=iot-device-01, thingname=iot-device-01, thingid=983c2b68-f9a3-4e83-b3c6-9f6f8ad5431b, thingarn=arn:aws:iot:us-east-1:507441099951:thing/iot-device-01, thingtypename=null, attributes={installed=1594665292, latitude=37.4133144, longitude=-122.1513069}, version=1, billinggroupname=null}","2020-11-27 00:00:00.000"
"iot-device-03","1.5946625644728324E9","48.9","71.42","false","false","0.0078","0.0051","0.0209","2020-11-27T02:35:08.822+0000","{defaultclientid=iot-device-03, thingname=iot-device-03, thingid=877352b9-a35d-45d3-9c98-162d89965a13, thingarn=arn:aws:iot:us-east-1:507441099951:thing/iot-device-03, thingtypename=null, attributes={installed=1592562234, latitude=37.4133144, longitude=-122.1513069}, version=1, billinggroupname=null}","2020-11-27 00:00:00.000"
"iot-device-01","1.5946625661036975E9","74.5","66.38","false","false","0.0076","0.0049","0.0204","2020-11-27T02:35:09.262+0000","{defaultclientid=iot-device-01, thingname=iot-device-01, thingid=983c2b68-f9a3-4e83-b3c6-9f6f8ad5431b, thingarn=arn:aws:iot:us-east-1:507441099951:thing/iot-device-01, thingtypename=null, attributes={installed=1594665292, latitude=37.4133144, longitude=-122.1513069}, version=1, billinggroupname=null}","2020-11-27 00:00:00.000"
"iot-device-03","1.5946625681567626E9","48.9","71.42","false","false","0.0078","0.0051","0.0208","2020-11-27T02:35:09.618+0000","{defaultclientid=iot-device-03, thingname=iot-device-03, thingid=877352b9-a35d-45d3-9c98-162d89965a13, thingarn=arn:aws:iot:us-east-1:507441099951:thing/iot-device-03, thingtypename=null, attributes={installed=1592562234, latitude=37.4133144, longitude=-122.1513069}, version=1, billinggroupname=null}","2020-11-27 00:00:00.000"
"iot-device-02","1.5946625706694539E9","62.1","76.82","true","false","0.0068","0.0042","0.0179","2020-11-27T02:35:09.908+0000","{defaultclientid=iot-device-02, thingname=iot-device-02, thingid=4ae4927a-aefb-4584-a45a-fc4839feffd6, thingarn=arn:aws:iot:us-east-1:507441099951:thing/iot-device-02, thingtypename=null, attributes={installed=1593361211, latitude=32.8205865, longitude=-96.871627}, version=1, billinggroupname=null}","2020-11-27 00:00:00.000"
"iot-device-03","1.5946625718357365E9","48.9","71.42","false","false","0.0078","0.0051","0.0209","2020-11-27T02:35:10.200+0000","{defaultclientid=iot-device-03, thingname=iot-device-03, thingid=877352b9-a35d-45d3-9c98-162d89965a13, thingarn=arn:aws:iot:us-east-1:507441099951:thing/iot-device-03, thingtypename=null, attributes={installed=1592562234, latitude=37.4133144, longitude=-122.1513069}, version=1, billinggroupname=null}","2020-11-27 00:00:00.000"
"iot-device-03","1.5946625755211766E9","48.8","71.42","false","false","0.0078","0.0051","0.0208","2020-11-27T02:35:10.507+0000","{defaultclientid=iot-device-03, thingname=iot-device-03, thingid=877352b9-a35d-45d3-9c98-162d89965a13, thingarn=arn:aws:iot:us-east-1:507441099951:thing/iot-device-03, thingtypename=null, attributes={installed=1592562234, latitude=37.4133144, longitude=-122.1513069}, version=1, billinggroupname=null}","2020-11-27 00:00:00.000"
"iot-device-01","1.5946625758216686E9","74.5","66.38","false","false","0.0077","0.005","0.0204","2020-11-27T02:35:10.798+0000","{defaultclientid=iot-device-01, thingname=iot-device-01, thingid=983c2b68-f9a3-4e83-b3c6-9f6f8ad5431b, thingarn=arn:aws:iot:us-east-1:507441099951:thing/iot-device-01, thingtypename=null, attributes={installed=1594665292, latitude=37.4133144, longitude=-122.1513069}, version=1, billinggroupname=null}","2020-11-27 00:00:00.000"
"iot-device-02","1.5946625787561455E9","62.2","77.0","true","false","0.0068","0.0042","0.018","2020-11-27T02:35:11.077+0000","{defaultclientid=iot-device-02, thingname=iot-device-02, thingid=4ae4927a-aefb-4584-a45a-fc4839feffd6, thingarn=arn:aws:iot:us-east-1:507441099951:thing/iot-device-02, thingtypename=null, attributes={installed=1593361211, latitude=32.8205865, longitude=-96.871627}, version=1, billinggroupname=null}","2020-11-27 00:00:00.000"
"iot-device-03","1.594662579205393E9","48.8","71.42","false","false","0.0078","0.0051","0.021","2020-11-27T02:35:11.349+0000","{defaultclientid=iot-device-03, thingname=iot-device-03, thingid=877352b9-a35d-45d3-9c98-162d89965a13, thingarn=arn:aws:iot:us-east-1:507441099951:thing/iot-device-03, thingtypename=null, attributes={installed=1592562234, latitude=37.4133144, longitude=-122.1513069}, version=1, billinggroupname=null}","2020-11-27 00:00:00.000"
"iot-device-01","1.5946625796359742E9","74.5","66.38","false","false","0.0077","0.005","0.0204","2020-11-27T02:35:11.635+0000","{defaultclientid=iot-device-01, thingname=iot-device-01, thingid=983c2b68-f9a3-4e83-b3c6-9f6f8ad5431b, thingarn=arn:aws:iot:us-east-1:507441099951:thing/iot-device-01, thingtypename=null, attributes={installed=1594665292, latitude=37.4133144, longitude=-122.1513069}, version=1, billinggroupname=null}","2020-11-27 00:00:00.000"
"iot-device-03","1.594662582891268E9","48.8","71.42","false","false","0.0078","0.0051","0.0209","2020-11-27T02:35:11.908+0000","{defaultclientid=iot-device-03, thingname=iot-device-03, thingid=877352b9-a35d-45d3-9c98-162d89965a13, thingarn=arn:aws:iot:us-east-1:507441099951:thing/iot-device-03, thingtypename=null, attributes={installed=1592562234, latitude=37.4133144, longitude=-122.1513069}, version=1, billinggroupname=null}","2020-11-27 00:00:00.000"
"iot-device-03","1.5946626455585787E9","48.8","71.24","false","false","0.0078","0.0051","0.0209","2020-11-27T02:35:20.846+0000","{defaultclientid=iot-device-03, thingname=iot-device-03, thingid=877352b9-a35d-45d3-9c98-162d89965a13, thingarn=arn:aws:iot:us-east-1:507441099951:thing/iot-device-03, thingtypename=null, attributes={installed=1592562234, latitude=37.4133144, longitude=-122.1513069}, version=1, billinggroupname=null}","2020-11-27 00:00:00.000"
"iot-device-01","1.594662646500557E9","74.5","66.2","false","false","0.0077","0.005","0.0204","2020-11-27T02:35:21.118+0000","{defaultclientid=iot-device-01, thingname=iot-device-01, thingid=983c2b68-f9a3-4e83-b3c6-9f6f8ad5431b, thingarn=arn:aws:iot:us-east-1:507441099951:thing/iot-device-01, thingtypename=null, attributes={installed=1594665292, latitude=37.4133144, longitude=-122.1513069}, version=1, billinggroupname=null}","2020-11-27 00:00:00.000"
"iot-device-02","1.5946626466770933E9","62.2","77.0","true","false","0.0068","0.0042","0.018","2020-11-27T02:35:21.410+0000","{defaultclientid=iot-device-02, thingname=iot-device-02, thingid=4ae4927a-aefb-4584-a45a-fc4839feffd6, thingarn=arn:aws:iot:us-east-1:507441099951:thing/iot-device-02, thingtypename=null, attributes={installed=1593361211, latitude=32.8205865, longitude=-96.871627}, version=1, billinggroupname=null}","2020-11-27 00:00:00.000"
"iot-device-03","1.5946626492465568E9","48.8","71.24","false","false","0.0078","0.0051","0.0209","2020-11-27T02:35:21.689+0000","{defaultclientid=iot-device-03, thingname=iot-device-03, thingid=877352b9-a35d-45d3-9c98-162d89965a13, thingarn=arn:aws:iot:us-east-1:507441099951:thing/iot-device-03, thingtypename=null, attributes={installed=1592562234, latitude=37.4133144, longitude=-122.1513069}, version=1, billinggroupname=null}","2020-11-27 00:00:00.000"
"iot-device-01","1.5946626508514006E9","74.4","66.38","false","false","0.0077","0.005","0.0204","2020-11-27T02:35:21.974+0000","{defaultclientid=iot-device-01, thingname=iot-device-01, thingid=983c2b68-f9a3-4e83-b3c6-9f6f8ad5431b, thingarn=arn:aws:iot:us-east-1:507441099951:thing/iot-device-01, thingtypename=null, attributes={installed=1594665292, latitude=37.4133144, longitude=-122.1513069}, version=1, billinggroupname=null}","2020-11-27 00:00:00.000"
"iot-device-02","1.5946626526245265E9","62.1","77.0","true","false","0.0068","0.0042","0.018","2020-11-27T02:35:22.257+0000","{defaultclientid=iot-device-02, thingname=iot-device-02, thingid=4ae4927a-aefb-4584-a45a-fc4839feffd6, thingarn=arn:aws:iot:us-east-1:507441099951:thing/iot-device-02, thingtypename=null, attributes={installed=1593361211, latitude=32.8205865, longitude=-96.871627}, version=1, billinggroupname=null}","2020-11-27 00:00:00.000"
"iot-device-03","1.594662652934032E9","48.8","71.24","false","false","0.0078","0.0051","0.0208","2020-11-27T02:35:22.538+0000","{defaultclientid=iot-device-03, thingname=iot-device-03, thingid=877352b9-a35d-45d3-9c98-162d89965a13, thingarn=arn:aws:iot:us-east-1:507441099951:thing/iot-device-03, thingtypename=null, attributes={installed=1592562234, latitude=37.4133144, longitude=-122.1513069}, version=1, billinggroupname=null}","2020-11-27 00:00:00.000"
"iot-device-01","1.5946626552062993E9","74.4","66.38","false","false","0.0076","0.0049","0.0204","2020-11-27T02:35:22.818+0000","{defaultclientid=iot-device-01, thingname=iot-device-01, thingid=983c2b68-f9a3-4e83-b3c6-9f6f8ad5431b, thingarn=arn:aws:iot:us-east-1:507441099951:thing/iot-device-01, thingtypename=null, attributes={installed=1594665292, latitude=37.4133144, longitude=-122.1513069}, version=1, billinggroupname=null}","2020-11-27 00:00:00.000"
"iot-device-03","1.5946626566215162E9","48.8","71.24","false","false","0.0078","0.0051","0.0209","2020-11-27T02:35:23.112+0000","{defaultclientid=iot-device-03, thingname=iot-device-03, thingid=877352b9-a35d-45d3-9c98-162d89965a13, thingarn=arn:aws:iot:us-east-1:507441099951:thing/iot-device-03, thingtypename=null, attributes={installed=1592562234, latitude=37.4133144, longitude=-122.1513069}, version=1, billinggroupname=null}","2020-11-27 00:00:00.000"
"iot-device-02","1.5946626569811285E9","62.2","77.0","true","false","0.0068","0.0042","0.018","2020-11-27T02:35:23.389+0000","{defaultclientid=iot-device-02, thingname=iot-device-02, thingid=4ae4927a-aefb-4584-a45a-fc4839feffd6, thingarn=arn:aws:iot:us-east-1:507441099951:thing/iot-device-02, thingtypename=null, attributes={installed=1593361211, latitude=32.8205865, longitude=-96.871627}, version=1, billinggroupname=null}","2020-11-27 00:00:00.000"
"iot-device-01","1.5946626235719187E9","74.4","66.2","false","false","0.0077","0.005","0.0204","2020-11-27T02:35:17.897+0000","{defaultclientid=iot-device-01, thingname=iot-device-01, thingid=983c2b68-f9a3-4e83-b3c6-9f6f8ad5431b, thingarn=arn:aws:iot:us-east-1:507441099951:thing/iot-device-01, thingtypename=null, attributes={installed=1594665292, latitude=37.4133144, longitude=-122.1513069}, version=1, billinggroupname=null}","2020-11-27 00:00:00.000"
"iot-device-02","1.5946626245399592E9","62.0","77.0","true","false","0.0068","0.0042","0.018","2020-11-27T02:35:18.188+0000","{defaultclientid=iot-device-02, thingname=iot-device-02, thingid=4ae4927a-aefb-4584-a45a-fc4839feffd6, thingarn=arn:aws:iot:us-east-1:507441099951:thing/iot-device-02, thingtypename=null, attributes={installed=1593361211, latitude=32.8205865, longitude=-96.871627}, version=1, billinggroupname=null}","2020-11-27 00:00:00.000"
"iot-device-03","1.5946626271186512E9","48.8","71.24","false","false","0.0078","0.0051","0.0209","2020-11-27T02:35:18.482+0000","{defaultclientid=iot-device-03, thingname=iot-device-03, thingid=877352b9-a35d-45d3-9c98-162d89965a13, thingarn=arn:aws:iot:us-east-1:507441099951:thing/iot-device-03, thingtypename=null, attributes={installed=1592562234, latitude=37.4133144, longitude=-122.1513069}, version=1, billinggroupname=null}","2020-11-27 00:00:00.000"
"iot-device-02","1.5946626294251635E9","63.2","77.0","true","false","0.0068","0.0042","0.0179","2020-11-27T02:35:18.770+0000","{defaultclientid=iot-device-02, thingname=iot-device-02, thingid=4ae4927a-aefb-4584-a45a-fc4839feffd6, thingarn=arn:aws:iot:us-east-1:507441099951:thing/iot-device-02, thingtypename=null, attributes={installed=1593361211, latitude=32.8205865, longitude=-96.871627}, version=1, billinggroupname=null}","2020-11-27 00:00:00.000"
"iot-device-03","1.5946626308044732E9","48.9","71.42","false","false","0.0078","0.0051","0.021","2020-11-27T02:35:19.057+0000","{defaultclientid=iot-device-03, thingname=iot-device-03, thingid=877352b9-a35d-45d3-9c98-162d89965a13, thingarn=arn:aws:iot:us-east-1:507441099951:thing/iot-device-03, thingtypename=null, attributes={installed=1592562234, latitude=37.4133144, longitude=-122.1513069}, version=1, billinggroupname=null}","2020-11-27 00:00:00.000"
"iot-device-03","1.5946626344896073E9","48.8","71.24","false","false","0.0078","0.0051","0.0209","2020-11-27T02:35:19.339+0000","{defaultclientid=iot-device-03, thingname=iot-device-03, thingid=877352b9-a35d-45d3-9c98-162d89965a13, thingarn=arn:aws:iot:us-east-1:507441099951:thing/iot-device-03, thingtypename=null, attributes={installed=1592562234, latitude=37.4133144, longitude=-122.1513069}, version=1, billinggroupname=null}","2020-11-27 00:00:00.000"
"iot-device-01","1.5946626373176112E9","74.3","66.38","false","false","0.0077","0.005","0.0204","2020-11-27T02:35:19.626+0000","{defaultclientid=iot-device-01, thingname=iot-device-01, thingid=983c2b68-f9a3-4e83-b3c6-9f6f8ad5431b, thingarn=arn:aws:iot:us-east-1:507441099951:thing/iot-device-01, thingtypename=null, attributes={installed=1594665292, latitude=37.4133144, longitude=-122.1513069}, version=1, billinggroupname=null}","2020-11-27 00:00:00.000"
"iot-device-03","1.5946626381753454E9","48.8","71.24","false","false","0.0079","0.0051","0.021","2020-11-27T02:35:19.908+0000","{defaultclientid=iot-device-03, thingname=iot-device-03, thingid=877352b9-a35d-45d3-9c98-162d89965a13, thingarn=arn:aws:iot:us-east-1:507441099951:thing/iot-device-03, thingtypename=null, attributes={installed=1592562234, latitude=37.4133144, longitude=-122.1513069}, version=1, billinggroupname=null}","2020-11-27 00:00:00.000"
"iot-device-02","1.5946626385849392E9","62.1","77.0","true","false","0.0068","0.0042","0.018","2020-11-27T02:35:20.188+0000","{defaultclientid=iot-device-02, thingname=iot-device-02, thingid=4ae4927a-aefb-4584-a45a-fc4839feffd6, thingarn=arn:aws:iot:us-east-1:507441099951:thing/iot-device-02, thingtypename=null, attributes={installed=1593361211, latitude=32.8205865, longitude=-96.871627}, version=1, billinggroupname=null}","2020-11-27 00:00:00.000"
"iot-device-03","1.5946626418597238E9","48.8","71.24","false","false","0.0079","0.0051","0.021","2020-11-27T02:35:20.560+0000","{defaultclientid=iot-device-03, thingname=iot-device-03, thingid=877352b9-a35d-45d3-9c98-162d89965a13, thingarn=arn:aws:iot:us-east-1:507441099951:thing/iot-device-03, thingtypename=null, attributes={installed=1592562234, latitude=37.4133144, longitude=-122.1513069}, version=1, billinggroupname=null}","2020-11-27 00:00:00.000"
"iot-device-01","1.5946625856014915E9","74.5","66.38","false","false","0.0077","0.005","0.0204","2020-11-27T02:35:12.214+0000","{defaultclientid=iot-device-01, thingname=iot-device-01, thingid=983c2b68-f9a3-4e83-b3c6-9f6f8ad5431b, thingarn=arn:aws:iot:us-east-1:507441099951:thing/iot-device-01, thingtypename=null, attributes={installed=1594665292, latitude=37.4133144, longitude=-122.1513069}, version=1, billinggroupname=null}","2020-11-27 00:00:00.000"
"iot-device-03","1.5946625865774655E9","48.8","71.42","false","false","0.0078","0.0051","0.0209","2020-11-27T02:35:12.508+0000","{defaultclientid=iot-device-03, thingname=iot-device-03, thingid=877352b9-a35d-45d3-9c98-162d89965a13, thingarn=arn:aws:iot:us-east-1:507441099951:thing/iot-device-03, thingtypename=null, attributes={installed=1592562234, latitude=37.4133144, longitude=-122.1513069}, version=1, billinggroupname=null}","2020-11-27 00:00:00.000"
"iot-device-01","1.5946625899543395E9","74.5","66.38","false","false","0.0077","0.005","0.0204","2020-11-27T02:35:12.787+0000","{defaultclientid=iot-device-01, thingname=iot-device-01, thingid=983c2b68-f9a3-4e83-b3c6-9f6f8ad5431b, thingarn=arn:aws:iot:us-east-1:507441099951:thing/iot-device-01, thingtypename=null, attributes={installed=1594665292, latitude=37.4133144, longitude=-122.1513069}, version=1, billinggroupname=null}","2020-11-27 00:00:00.000"
"iot-device-03","1.5946625902638462E9","48.9","71.42","false","false","0.0078","0.0051","0.0209","2020-11-27T02:35:13.075+0000","{defaultclientid=iot-device-03, thingname=iot-device-03, thingid=877352b9-a35d-45d3-9c98-162d89965a13, thingarn=arn:aws:iot:us-east-1:507441099951:thing/iot-device-03, thingtypename=null, attributes={installed=1592562234, latitude=37.4133144, longitude=-122.1513069}, version=1, billinggroupname=null}","2020-11-27 00:00:00.000"
"iot-device-02","1.594662593525955E9","62.1","77.0","true","false","0.0068","0.0042","0.018","2020-11-27T02:35:13.346+0000","{defaultclientid=iot-device-02, thingname=iot-device-02, thingid=4ae4927a-aefb-4584-a45a-fc4839feffd6, thingarn=arn:aws:iot:us-east-1:507441099951:thing/iot-device-02, thingtypename=null, attributes={installed=1593361211, latitude=32.8205865, longitude=-96.871627}, version=1, billinggroupname=null}","2020-11-27 00:00:00.000"
"iot-device-03","1.5946625939392588E9","48.9","71.42","false","false","0.0078","0.0051","0.021","2020-11-27T02:35:13.633+0000","{defaultclientid=iot-device-03, thingname=iot-device-03, thingid=877352b9-a35d-45d3-9c98-162d89965a13, thingarn=arn:aws:iot:us-east-1:507441099951:thing/iot-device-03, thingtypename=null, attributes={installed=1592562234, latitude=37.4133144, longitude=-122.1513069}, version=1, billinggroupname=null}","2020-11-27 00:00:00.000"
"iot-device-03","1.5946625976252034E9","48.9","71.42","false","false","0.0079","0.0051","0.021","2020-11-27T02:35:13.917+0000","{defaultclientid=iot-device-03, thingname=iot-device-03, thingid=877352b9-a35d-45d3-9c98-162d89965a13, thingarn=arn:aws:iot:us-east-1:507441099951:thing/iot-device-03, thingtypename=null, attributes={installed=1592562234, latitude=37.4133144, longitude=-122.1513069}, version=1, billinggroupname=null}","2020-11-27 00:00:00.000"
"iot-device-01","1.5946625980663676E9","74.5","66.38","false","false","0.0077","0.005","0.0204","2020-11-27T02:35:14.197+0000","{defaultclientid=iot-device-01, thingname=iot-device-01, thingid=983c2b68-f9a3-4e83-b3c6-9f6f8ad5431b, thingarn=arn:aws:iot:us-east-1:507441099951:thing/iot-device-01, thingtypename=null, attributes={installed=1594665292, latitude=37.4133144, longitude=-122.1513069}, version=1, billinggroupname=null}","2020-11-27 00:00:00.000"
"iot-device-03","1.5946626013114095E9","48.9","71.42","false","false","0.0078","0.0051","0.0209","2020-11-27T02:35:14.468+0000","{defaultclientid=iot-device-03, thingname=iot-device-03, thingid=877352b9-a35d-45d3-9c98-162d89965a13, thingarn=arn:aws:iot:us-east-1:507441099951:thing/iot-device-03, thingtypename=null, attributes={installed=1592562234, latitude=37.4133144, longitude=-122.1513069}, version=1, billinggroupname=null}","2020-11-27 00:00:00.000"
"iot-device-01","1.5946626040335448E9","73.7","66.38","false","false","0.0077","0.005","0.0204","2020-11-27T02:35:14.748+0000","{defaultclientid=iot-device-01, thingname=iot-device-01, thingid=983c2b68-f9a3-4e83-b3c6-9f6f8ad5431b, thingarn=arn:aws:iot:us-east-1:507441099951:thing/iot-device-01, thingtypename=null, attributes={installed=1594665292, latitude=37.4133144, longitude=-122.1513069}, version=1, billinggroupname=null}","2020-11-27 00:00:00.000"
"iot-device-01","1.5946560046990373E9","75.3","66.56","false","false","0.0068","0.0042","0.0181","2020-11-26T17:28:39.392+0000","{defaultclientid=iot-device-01, thingname=iot-device-01, thingid=983c2b68-f9a3-4e83-b3c6-9f6f8ad5431b, thingarn=arn:aws:iot:us-east-1:507441099951:thing/iot-device-01, thingtypename=null, attributes={installed=1594665292, latitude=37.4133144, longitude=-122.1513069}, version=1, billinggroupname=null}","2020-11-26 00:00:00.000"
"iot-device-02","1.5946560056730294E9","62.2","75.56","true","false","0.0068","0.0042","0.0181","2020-11-26T17:28:39.697+0000","{defaultclientid=iot-device-02, thingname=iot-device-02, thingid=4ae4927a-aefb-4584-a45a-fc4839feffd6, thingarn=arn:aws:iot:us-east-1:507441099951:thing/iot-device-02, thingtypename=null, attributes={installed=1593361211, latitude=32.8205865, longitude=-96.871627}, version=1, billinggroupname=null}","2020-11-26 00:00:00.000"
"iot-device-03","1.5946560066988475E9","52.2","71.24","false","false","0.008","0.0052","0.0213","2020-11-26T17:28:39.991+0000","{defaultclientid=iot-device-03, thingname=iot-device-03, thingid=877352b9-a35d-45d3-9c98-162d89965a13, thingarn=arn:aws:iot:us-east-1:507441099951:thing/iot-device-03, thingtypename=null, attributes={installed=1592562234, latitude=37.4133144, longitude=-122.1513069}, version=1, billinggroupname=null}","2020-11-26 00:00:00.000"
"iot-device-01","1.5946560101523776E9","75.4","66.56","false","false","0.0067","0.0042","0.0179","2020-11-26T17:28:40.281+0000","{defaultclientid=iot-device-01, thingname=iot-device-01, thingid=983c2b68-f9a3-4e83-b3c6-9f6f8ad5431b, thingarn=arn:aws:iot:us-east-1:507441099951:thing/iot-device-01, thingtypename=null, attributes={installed=1594665292, latitude=37.4133144, longitude=-122.1513069}, version=1, billinggroupname=null}","2020-11-26 00:00:00.000"
"iot-device-03","1.5946560103821287E9","52.2","71.42","false","false","0.0079","0.0052","0.0211","2020-11-26T17:28:40.571+0000","{defaultclientid=iot-device-03, thingname=iot-device-03, thingid=877352b9-a35d-45d3-9c98-162d89965a13, thingarn=arn:aws:iot:us-east-1:507441099951:thing/iot-device-03, thingtypename=null, attributes={installed=1592562234, latitude=37.4133144, longitude=-122.1513069}, version=1, billinggroupname=null}","2020-11-26 00:00:00.000"
"iot-device-03","1.59465601406779E9","52.3","71.42","false","false","0.0079","0.0052","0.0211","2020-11-26T17:28:40.861+0000","{defaultclientid=iot-device-03, thingname=iot-device-03, thingid=877352b9-a35d-45d3-9c98-162d89965a13, thingarn=arn:aws:iot:us-east-1:507441099951:thing/iot-device-03, thingtypename=null, attributes={installed=1592562234, latitude=37.4133144, longitude=-122.1513069}, version=1, billinggroupname=null}","2020-11-26 00:00:00.000"
"iot-device-01","1.5946560145334318E9","75.4","66.56","false","false","0.0067","0.0042","0.0179","2020-11-26T17:28:41.158+0000","{defaultclientid=iot-device-01, thingname=iot-device-01, thingid=983c2b68-f9a3-4e83-b3c6-9f6f8ad5431b, thingarn=arn:aws:iot:us-east-1:507441099951:thing/iot-device-01, thingtypename=null, attributes={installed=1594665292, latitude=37.4133144, longitude=-122.1513069}, version=1, billinggroupname=null}","2020-11-26 00:00:00.000"
"iot-device-03","1.5946560177540793E9","52.3","71.42","false","false","0.0079","0.0052","0.0211","2020-11-26T17:28:41.449+0000","{defaultclientid=iot-device-03, thingname=iot-device-03, thingid=877352b9-a35d-45d3-9c98-162d89965a13, thingarn=arn:aws:iot:us-east-1:507441099951:thing/iot-device-03, thingtypename=null, attributes={installed=1592562234, latitude=37.4133144, longitude=-122.1513069}, version=1, billinggroupname=null}","2020-11-26 00:00:00.000"
"iot-device-02","1.5946560177617052E9","62.2","75.56","true","false","0.0068","0.0042","0.0181","2020-11-26T17:28:41.742+0000","{defaultclientid=iot-device-02, thingname=iot-device-02, thingid=4ae4927a-aefb-4584-a45a-fc4839feffd6, thingarn=arn:aws:iot:us-east-1:507441099951:thing/iot-device-02, thingtypename=null, attributes={installed=1593361211, latitude=32.8205865, longitude=-96.871627}, version=1, billinggroupname=null}","2020-11-26 00:00:00.000"
"iot-device-01","1.5946560204972408E9","75.4","66.56","false","false","0.0068","0.0042","0.0179","2020-11-26T17:28:42.042+0000","{defaultclientid=iot-device-01, thingname=iot-device-01, thingid=983c2b68-f9a3-4e83-b3c6-9f6f8ad5431b, thingarn=arn:aws:iot:us-east-1:507441099951:thing/iot-device-01, thingtypename=null, attributes={installed=1594665292, latitude=37.4133144, longitude=-122.1513069}, version=1, billinggroupname=null}","2020-11-26 00:00:00.000"
"iot-device-02","1.5946559481501484E9","62.3","75.38","true","false","0.0068","0.0042","0.0181","2020-11-26T17:28:30.129+0000","{defaultclientid=iot-device-02, thingname=iot-device-02, thingid=4ae4927a-aefb-4584-a45a-fc4839feffd6, thingarn=arn:aws:iot:us-east-1:507441099951:thing/iot-device-02, thingtypename=null, attributes={installed=1593361211, latitude=32.8205865, longitude=-96.871627}, version=1, billinggroupname=null}","2020-11-26 00:00:00.000"
"iot-device-03","1.5946559514322426E9","52.4","71.42","false","false","0.0079","0.0052","0.0211","2020-11-26T17:28:30.419+0000","{defaultclientid=iot-device-03, thingname=iot-device-03, thingid=877352b9-a35d-45d3-9c98-162d89965a13, thingarn=arn:aws:iot:us-east-1:507441099951:thing/iot-device-03, thingtypename=null, attributes={installed=1592562234, latitude=37.4133144, longitude=-122.1513069}, version=1, billinggroupname=null}","2020-11-26 00:00:00.000"
"iot-device-02","1.594655952495894E9","62.3","75.38","true","false","0.0069","0.0043","0.0182","2020-11-26T17:28:30.711+0000","{defaultclientid=iot-device-02, thingname=iot-device-02, thingid=4ae4927a-aefb-4584-a45a-fc4839feffd6, thingarn=arn:aws:iot:us-east-1:507441099951:thing/iot-device-02, thingtypename=null, attributes={installed=1593361211, latitude=32.8205865, longitude=-96.871627}, version=1, billinggroupname=null}","2020-11-26 00:00:00.000"
"iot-device-03","1.5946559551163778E9","52.3","71.24","false","false","0.0079","0.0052","0.0212","2020-11-26T17:28:31.010+0000","{defaultclientid=iot-device-03, thingname=iot-device-03, thingid=877352b9-a35d-45d3-9c98-162d89965a13, thingarn=arn:aws:iot:us-east-1:507441099951:thing/iot-device-03, thingtypename=null, attributes={installed=1592562234, latitude=37.4133144, longitude=-122.1513069}, version=1, billinggroupname=null}","2020-11-26 00:00:00.000"
"iot-device-01","1.594655957310625E9","75.4","66.56","false","false","0.007","0.0044","0.0186","2020-11-26T17:28:31.320+0000","{defaultclientid=iot-device-01, thingname=iot-device-01, thingid=983c2b68-f9a3-4e83-b3c6-9f6f8ad5431b, thingarn=arn:aws:iot:us-east-1:507441099951:thing/iot-device-01, thingtypename=null, attributes={installed=1594665292, latitude=37.4133144, longitude=-122.1513069}, version=1, billinggroupname=null}","2020-11-26 00:00:00.000"
"iot-device-03","1.5946559587998517E9","52.4","71.42","false","false","0.0079","0.0052","0.0212","2020-11-26T17:28:31.621+0000","{defaultclientid=iot-device-03, thingname=iot-device-03, thingid=877352b9-a35d-45d3-9c98-162d89965a13, thingarn=arn:aws:iot:us-east-1:507441099951:thing/iot-device-03, thingtypename=null, attributes={installed=1592562234, latitude=37.4133144, longitude=-122.1513069}, version=1, billinggroupname=null}","2020-11-26 00:00:00.000"
"iot-device-02","1.594655959519402E9","62.3","75.38","true","false","0.0068","0.0042","0.0181","2020-11-26T17:28:31.920+0000","{defaultclientid=iot-device-02, thingname=iot-device-02, thingid=4ae4927a-aefb-4584-a45a-fc4839feffd6, thingarn=arn:aws:iot:us-east-1:507441099951:thing/iot-device-02, thingtypename=null, attributes={installed=1593361211, latitude=32.8205865, longitude=-96.871627}, version=1, billinggroupname=null}","2020-11-26 00:00:00.000"
"iot-device-01","1.5946559616638696E9","75.4","66.56","false","false","0.0068","0.0042","0.0181","2020-11-26T17:28:32.208+0000","{defaultclientid=iot-device-01, thingname=iot-device-01, thingid=983c2b68-f9a3-4e83-b3c6-9f6f8ad5431b, thingarn=arn:aws:iot:us-east-1:507441099951:thing/iot-device-01, thingtypename=null, attributes={installed=1594665292, latitude=37.4133144, longitude=-122.1513069}, version=1, billinggroupname=null}","2020-11-26 00:00:00.000"
"iot-device-03","1.5946559624846187E9","52.3","71.24","false","false","0.0079","0.0052","0.0212","2020-11-26T17:28:32.531+0000","{defaultclientid=iot-device-03, thingname=iot-device-03, thingid=877352b9-a35d-45d3-9c98-162d89965a13, thingarn=arn:aws:iot:us-east-1:507441099951:thing/iot-device-03, thingtypename=null, attributes={installed=1592562234, latitude=37.4133144, longitude=-122.1513069}, version=1, billinggroupname=null}","2020-11-26 00:00:00.000"
"iot-device-02","1.5946559654602695E9","62.3","75.38","true","false","0.0068","0.0042","0.0181","2020-11-26T17:28:32.830+0000","{defaultclientid=iot-device-02, thingname=iot-device-02, thingid=4ae4927a-aefb-4584-a45a-fc4839feffd6, thingarn=arn:aws:iot:us-east-1:507441099951:thing/iot-device-02, thingtypename=null, attributes={installed=1593361211, latitude=32.8205865, longitude=-96.871627}, version=1, billinggroupname=null}","2020-11-26 00:00:00.000"
"iot-device-03","1.5946559661706984E9","52.3","71.42","false","false","0.0079","0.0052","0.0211","2020-11-26T17:28:33.175+0000","{defaultclientid=iot-device-03, thingname=iot-device-03, thingid=877352b9-a35d-45d3-9c98-162d89965a13, thingarn=arn:aws:iot:us-east-1:507441099951:thing/iot-device-03, thingtypename=null, attributes={installed=1592562234, latitude=37.4133144, longitude=-122.1513069}, version=1, billinggroupname=null}","2020-11-26 00:00:00.000"
"iot-device-01","1.594655968165275E9","75.4","66.56","false","false","0.007","0.0044","0.0186","2020-11-26T17:28:33.464+0000","{defaultclientid=iot-device-01, thingname=iot-device-01, thingid=983c2b68-f9a3-4e83-b3c6-9f6f8ad5431b, thingarn=arn:aws:iot:us-east-1:507441099951:thing/iot-device-01, thingtypename=null, attributes={installed=1594665292, latitude=37.4133144, longitude=-122.1513069}, version=1, billinggroupname=null}","2020-11-26 00:00:00.000"
"iot-device-03","1.5946559698567562E9","52.3","71.42","false","false","0.0079","0.0052","0.0212","2020-11-26T17:28:33.930+0000","{defaultclientid=iot-device-03, thingname=iot-device-03, thingid=877352b9-a35d-45d3-9c98-162d89965a13, thingarn=arn:aws:iot:us-east-1:507441099951:thing/iot-device-03, thingtypename=null, attributes={installed=1592562234, latitude=37.4133144, longitude=-122.1513069}, version=1, billinggroupname=null}","2020-11-26 00:00:00.000"
"iot-device-01","1.59465597251836E9","75.4","66.56","false","false","0.0067","0.0042","0.0179","2020-11-26T17:28:34.226+0000","{defaultclientid=iot-device-01, thingname=iot-device-01, thingid=983c2b68-f9a3-4e83-b3c6-9f6f8ad5431b, thingarn=arn:aws:iot:us-east-1:507441099951:thing/iot-device-01, thingtypename=null, attributes={installed=1594665292, latitude=37.4133144, longitude=-122.1513069}, version=1, billinggroupname=null}","2020-11-26 00:00:00.000"
"iot-device-03","1.5946559735396926E9","52.3","71.24","false","false","0.0079","0.0052","0.0212","2020-11-26T17:28:34.507+0000","{defaultclientid=iot-device-03, thingname=iot-device-03, thingid=877352b9-a35d-45d3-9c98-162d89965a13, thingarn=arn:aws:iot:us-east-1:507441099951:thing/iot-device-03, thingtypename=null, attributes={installed=1592562234, latitude=37.4133144, longitude=-122.1513069}, version=1, billinggroupname=null}","2020-11-26 00:00:00.000"
"iot-device-02","1.594655974085682E9","62.4","75.56","true","false","0.0068","0.0042","0.0181","2020-11-26T17:28:34.800+0000","{defaultclientid=iot-device-02, thingname=iot-device-02, thingid=4ae4927a-aefb-4584-a45a-fc4839feffd6, thingarn=arn:aws:iot:us-east-1:507441099951:thing/iot-device-02, thingtypename=null, attributes={installed=1593361211, latitude=32.8205865, longitude=-96.871627}, version=1, billinggroupname=null}","2020-11-26 00:00:00.000"
"iot-device-03","1.5946559772223186E9","52.3","71.42","false","false","0.0079","0.0052","0.0212","2020-11-26T17:28:35.152+0000","{defaultclientid=iot-device-03, thingname=iot-device-03, thingid=877352b9-a35d-45d3-9c98-162d89965a13, thingarn=arn:aws:iot:us-east-1:507441099951:thing/iot-device-03, thingtypename=null, attributes={installed=1592562234, latitude=37.4133144, longitude=-122.1513069}, version=1, billinggroupname=null}","2020-11-26 00:00:00.000"
"iot-device-01","1.5946559790229404E9","75.4","66.56","false","false","0.0067","0.0042","0.0179","2020-11-26T17:28:35.443+0000","{defaultclientid=iot-device-01, thingname=iot-device-01, thingid=983c2b68-f9a3-4e83-b3c6-9f6f8ad5431b, thingarn=arn:aws:iot:us-east-1:507441099951:thing/iot-device-01, thingtypename=null, attributes={installed=1594665292, latitude=37.4133144, longitude=-122.1513069}, version=1, billinggroupname=null}","2020-11-26 00:00:00.000"
"iot-device-03","1.594655980906417E9","52.3","71.42","false","false","0.0079","0.0052","0.0212","2020-11-26T17:28:35.731+0000","{defaultclientid=iot-device-03, thingname=iot-device-03, thingid=877352b9-a35d-45d3-9c98-162d89965a13, thingarn=arn:aws:iot:us-east-1:507441099951:thing/iot-device-03, thingtypename=null, attributes={installed=1592562234, latitude=37.4133144, longitude=-122.1513069}, version=1, billinggroupname=null}","2020-11-26 00:00:00.000"
"iot-device-02","1.5946559811022582E9","62.3","75.38","true","false","0.0068","0.0042","0.0181","2020-11-26T17:28:36.020+0000","{defaultclientid=iot-device-02, thingname=iot-device-02, thingid=4ae4927a-aefb-4584-a45a-fc4839feffd6, thingarn=arn:aws:iot:us-east-1:507441099951:thing/iot-device-02, thingtypename=null, attributes={installed=1593361211, latitude=32.8205865, longitude=-96.871627}, version=1, billinggroupname=null}","2020-11-26 00:00:00.000"
"iot-device-03","1.5946560546131468E9","52.2","71.42","false","false","0.0079","0.0052","0.0212","2020-11-26T17:28:48.251+0000","{defaultclientid=iot-device-03, thingname=iot-device-03, thingid=877352b9-a35d-45d3-9c98-162d89965a13, thingarn=arn:aws:iot:us-east-1:507441099951:thing/iot-device-03, thingtypename=null, attributes={installed=1592562234, latitude=37.4133144, longitude=-122.1513069}, version=1, billinggroupname=null}","2020-11-26 00:00:00.000"
"iot-device-03","1.5946560582989645E9","52.2","71.42","false","false","0.0079","0.0052","0.0212","2020-11-26T17:28:48.606+0000","{defaultclientid=iot-device-03, thingname=iot-device-03, thingid=877352b9-a35d-45d3-9c98-162d89965a13, thingarn=arn:aws:iot:us-east-1:507441099951:thing/iot-device-03, thingtypename=null, attributes={installed=1592562234, latitude=37.4133144, longitude=-122.1513069}, version=1, billinggroupname=null}","2020-11-26 00:00:00.000"
"iot-device-02","1.5946560588579044E9","62.3","75.56","true","false","0.0068","0.0042","0.0181","2020-11-26T17:28:48.894+0000","{defaultclientid=iot-device-02, thingname=iot-device-02, thingid=4ae4927a-aefb-4584-a45a-fc4839feffd6, thingarn=arn:aws:iot:us-east-1:507441099951:thing/iot-device-02, thingtypename=null, attributes={installed=1593361211, latitude=32.8205865, longitude=-96.871627}, version=1, billinggroupname=null}","2020-11-26 00:00:00.000"
"iot-device-01","1.5946560600558314E9","75.5","66.56","false","false","0.007","0.0044","0.0186","2020-11-26T17:28:49.194+0000","{defaultclientid=iot-device-01, thingname=iot-device-01, thingid=983c2b68-f9a3-4e83-b3c6-9f6f8ad5431b, thingarn=arn:aws:iot:us-east-1:507441099951:thing/iot-device-01, thingtypename=null, attributes={installed=1594665292, latitude=37.4133144, longitude=-122.1513069}, version=1, billinggroupname=null}","2020-11-26 00:00:00.000"
"iot-device-03","1.5946560619847775E9","52.2","71.42","false","false","0.0079","0.0052","0.0212","2020-11-26T17:28:49.482+0000","{defaultclientid=iot-device-03, thingname=iot-device-03, thingid=877352b9-a35d-45d3-9c98-162d89965a13, thingarn=arn:aws:iot:us-east-1:507441099951:thing/iot-device-03, thingtypename=null, attributes={installed=1592562234, latitude=37.4133144, longitude=-122.1513069}, version=1, billinggroupname=null}","2020-11-26 00:00:00.000"
"iot-device-02","1.594656063209457E9","62.4","75.56","true","false","0.0068","0.0042","0.0181","2020-11-26T17:28:49.768+0000","{defaultclientid=iot-device-02, thingname=iot-device-02, thingid=4ae4927a-aefb-4584-a45a-fc4839feffd6, thingarn=arn:aws:iot:us-east-1:507441099951:thing/iot-device-02, thingtypename=null, attributes={installed=1593361211, latitude=32.8205865, longitude=-96.871627}, version=1, billinggroupname=null}","2020-11-26 00:00:00.000"
"iot-device-03","1.5946560656708894E9","52.2","71.42","false","false","0.0079","0.0052","0.0212","2020-11-26T17:28:50.062+0000","{defaultclientid=iot-device-03, thingname=iot-device-03, thingid=877352b9-a35d-45d3-9c98-162d89965a13, thingarn=arn:aws:iot:us-east-1:507441099951:thing/iot-device-03, thingtypename=null, attributes={installed=1592562234, latitude=37.4133144, longitude=-122.1513069}, version=1, billinggroupname=null}","2020-11-26 00:00:00.000"
"iot-device-01","1.5946560660163643E9","75.5","66.56","false","false","0.0067","0.0042","0.0179","2020-11-26T17:28:50.349+0000","{defaultclientid=iot-device-01, thingname=iot-device-01, thingid=983c2b68-f9a3-4e83-b3c6-9f6f8ad5431b, thingarn=arn:aws:iot:us-east-1:507441099951:thing/iot-device-01, thingtypename=null, attributes={installed=1594665292, latitude=37.4133144, longitude=-122.1513069}, version=1, billinggroupname=null}","2020-11-26 00:00:00.000"
"iot-device-02","1.594656069160201E9","62.3","75.56","true","false","0.0068","0.0042","0.0181","2020-11-26T17:28:50.646+0000","{defaultclientid=iot-device-02, thingname=iot-device-02, thingid=4ae4927a-aefb-4584-a45a-fc4839feffd6, thingarn=arn:aws:iot:us-east-1:507441099951:thing/iot-device-02, thingtypename=null, attributes={installed=1593361211, latitude=32.8205865, longitude=-96.871627}, version=1, billinggroupname=null}","2020-11-26 00:00:00.000"
"iot-device-03","1.5946560693541825E9","52.2","71.42","false","false","0.008","0.0052","0.0213","2020-11-26T17:28:50.949+0000","{defaultclientid=iot-device-03, thingname=iot-device-03, thingid=877352b9-a35d-45d3-9c98-162d89965a13, thingarn=arn:aws:iot:us-east-1:507441099951:thing/iot-device-03, thingtypename=null, attributes={installed=1592562234, latitude=37.4133144, longitude=-122.1513069}, version=1, billinggroupname=null}","2020-11-26 00:00:00.000"
"iot-device-03","1.5946559845924892E9","52.3","71.42","false","false","0.0079","0.0052","0.0211","2020-11-26T17:28:36.311+0000","{defaultclientid=iot-device-03, thingname=iot-device-03, thingid=877352b9-a35d-45d3-9c98-162d89965a13, thingarn=arn:aws:iot:us-east-1:507441099951:thing/iot-device-03, thingtypename=null, attributes={installed=1592562234, latitude=37.4133144, longitude=-122.1513069}, version=1, billinggroupname=null}","2020-11-26 00:00:00.000"
"iot-device-03","1.5946559882764325E9","52.2","71.42","false","false","0.0079","0.0052","0.0212","2020-11-26T17:28:36.613+0000","{defaultclientid=iot-device-03, thingname=iot-device-03, thingid=877352b9-a35d-45d3-9c98-162d89965a13, thingarn=arn:aws:iot:us-east-1:507441099951:thing/iot-device-03, thingtypename=null, attributes={installed=1592562234, latitude=37.4133144, longitude=-122.1513069}, version=1, billinggroupname=null}","2020-11-26 00:00:00.000"
"iot-device-01","1.5946559911707976E9","75.4","66.56","false","false","0.0071","0.0045","0.0189","2020-11-26T17:28:36.979+0000","{defaultclientid=iot-device-01, thingname=iot-device-01, thingid=983c2b68-f9a3-4e83-b3c6-9f6f8ad5431b, thingarn=arn:aws:iot:us-east-1:507441099951:thing/iot-device-01, thingtypename=null, attributes={installed=1594665292, latitude=37.4133144, longitude=-122.1513069}, version=1, billinggroupname=null}","2020-11-26 00:00:00.000"
"iot-device-03","1.5946559919605012E9","52.2","71.42","false","false","0.0079","0.0052","0.0211","2020-11-26T17:28:37.275+0000","{defaultclientid=iot-device-03, thingname=iot-device-03, thingid=877352b9-a35d-45d3-9c98-162d89965a13, thingarn=arn:aws:iot:us-east-1:507441099951:thing/iot-device-03, thingtypename=null, attributes={installed=1592562234, latitude=37.4133144, longitude=-122.1513069}, version=1, billinggroupname=null}","2020-11-26 00:00:00.000"
"iot-device-02","1.5946559931976485E9","62.2","75.56","true","false","0.0068","0.0042","0.0181","2020-11-26T17:28:37.560+0000","{defaultclientid=iot-device-02, thingname=iot-device-02, thingid=4ae4927a-aefb-4584-a45a-fc4839feffd6, thingarn=arn:aws:iot:us-east-1:507441099951:thing/iot-device-02, thingtypename=null, attributes={installed=1593361211, latitude=32.8205865, longitude=-96.871627}, version=1, billinggroupname=null}","2020-11-26 00:00:00.000"
"iot-device-03","1.59465599564515E9","52.2","71.42","false","false","0.0079","0.0052","0.0212","2020-11-26T17:28:37.858+0000","{defaultclientid=iot-device-03, thingname=iot-device-03, thingid=877352b9-a35d-45d3-9c98-162d89965a13, thingarn=arn:aws:iot:us-east-1:507441099951:thing/iot-device-03, thingtypename=null, attributes={installed=1592562234, latitude=37.4133144, longitude=-122.1513069}, version=1, billinggroupname=null}","2020-11-26 00:00:00.000"
"iot-device-02","1.59465599701117E9","62.2","75.56","true","false","0.0068","0.0042","0.0181","2020-11-26T17:28:38.150+0000","{defaultclientid=iot-device-02, thingname=iot-device-02, thingid=4ae4927a-aefb-4584-a45a-fc4839feffd6, thingarn=arn:aws:iot:us-east-1:507441099951:thing/iot-device-02, thingtypename=null, attributes={installed=1593361211, latitude=32.8205865, longitude=-96.871627}, version=1, billinggroupname=null}","2020-11-26 00:00:00.000"
"iot-device-01","1.5946559992776713E9","75.4","66.56","false","false","0.0071","0.0045","0.0189","2020-11-26T17:28:38.451+0000","{defaultclientid=iot-device-01, thingname=iot-device-01, thingid=983c2b68-f9a3-4e83-b3c6-9f6f8ad5431b, thingarn=arn:aws:iot:us-east-1:507441099951:thing/iot-device-01, thingtypename=null, attributes={installed=1594665292, latitude=37.4133144, longitude=-122.1513069}, version=1, billinggroupname=null}","2020-11-26 00:00:00.000"
"iot-device-03","1.5946559993285491E9","52.2","71.42","false","false","0.0079","0.0052","0.0212","2020-11-26T17:28:38.794+0000","{defaultclientid=iot-device-03, thingname=iot-device-03, thingid=877352b9-a35d-45d3-9c98-162d89965a13, thingarn=arn:aws:iot:us-east-1:507441099951:thing/iot-device-03, thingtypename=null, attributes={installed=1592562234, latitude=37.4133144, longitude=-122.1513069}, version=1, billinggroupname=null}","2020-11-26 00:00:00.000"
"iot-device-03","1.594656003012191E9","52.2","71.42","false","false","0.0079","0.0052","0.0212","2020-11-26T17:28:39.089+0000","{defaultclientid=iot-device-03, thingname=iot-device-03, thingid=877352b9-a35d-45d3-9c98-162d89965a13, thingarn=arn:aws:iot:us-east-1:507441099951:thing/iot-device-03, thingtypename=null, attributes={installed=1592562234, latitude=37.4133144, longitude=-122.1513069}, version=1, billinggroupname=null}","2020-11-26 00:00:00.000"
"iot-device-01","1.5946564093902912E9","75.8","66.74","false","false","0.0072","0.0046","0.0192","2020-11-26T17:28:57.229+0000","{defaultclientid=iot-device-01, thingname=iot-device-01, thingid=983c2b68-f9a3-4e83-b3c6-9f6f8ad5431b, thingarn=arn:aws:iot:us-east-1:507441099951:thing/iot-device-01, thingtypename=null, attributes={installed=1594665292, latitude=37.4133144, longitude=-122.1513069}, version=1, billinggroupname=null}","2020-11-26 00:00:00.000"
"iot-device-03","1.59465641225212E9","52.0","71.96","false","false","0.0079","0.0052","0.0212","2020-11-26T17:28:57.521+0000","{defaultclientid=iot-device-03, thingname=iot-device-03, thingid=877352b9-a35d-45d3-9c98-162d89965a13, thingarn=arn:aws:iot:us-east-1:507441099951:thing/iot-device-03, thingtypename=null, attributes={installed=1592562234, latitude=37.4133144, longitude=-122.1513069}, version=1, billinggroupname=null}","2020-11-26 00:00:00.000"
"iot-device-02","1.5946564133941786E9","62.5","75.56","true","false","0.0068","0.0042","0.0181","2020-11-26T17:28:57.833+0000","{defaultclientid=iot-device-02, thingname=iot-device-02, thingid=4ae4927a-aefb-4584-a45a-fc4839feffd6, thingarn=arn:aws:iot:us-east-1:507441099951:thing/iot-device-02, thingtypename=null, attributes={installed=1593361211, latitude=32.8205865, longitude=-96.871627}, version=1, billinggroupname=null}","2020-11-26 00:00:00.000"
"iot-device-01","1.5946564153521724E9","75.8","66.74","false","false","0.0071","0.0045","0.0189","2020-11-26T17:28:58.129+0000","{defaultclientid=iot-device-01, thingname=iot-device-01, thingid=983c2b68-f9a3-4e83-b3c6-9f6f8ad5431b, thingarn=arn:aws:iot:us-east-1:507441099951:thing/iot-device-01, thingtypename=null, attributes={installed=1594665292, latitude=37.4133144, longitude=-122.1513069}, version=1, billinggroupname=null}","2020-11-26 00:00:00.000"
"iot-device-03","1.5946564159384038E9","52.0","71.96","false","false","0.0079","0.0052","0.0212","2020-11-26T17:28:58.420+0000","{defaultclientid=iot-device-03, thingname=iot-device-03, thingid=877352b9-a35d-45d3-9c98-162d89965a13, thingarn=arn:aws:iot:us-east-1:507441099951:thing/iot-device-03, thingtypename=null, attributes={installed=1592562234, latitude=37.4133144, longitude=-122.1513069}, version=1, billinggroupname=null}","2020-11-26 00:00:00.000"
"iot-device-03","1.5946564196245213E9","52.0","71.96","false","false","0.0079","0.0052","0.0211","2020-11-26T17:28:58.708+0000","{defaultclientid=iot-device-03, thingname=iot-device-03, thingid=877352b9-a35d-45d3-9c98-162d89965a13, thingarn=arn:aws:iot:us-east-1:507441099951:thing/iot-device-03, thingtypename=null, attributes={installed=1592562234, latitude=37.4133144, longitude=-122.1513069}, version=1, billinggroupname=null}","2020-11-26 00:00:00.000"
"iot-device-02","1.5946564204072073E9","62.5","75.56","true","false","0.0068","0.0042","0.0181","2020-11-26T17:28:59.008+0000","{defaultclientid=iot-device-02, thingname=iot-device-02, thingid=4ae4927a-aefb-4584-a45a-fc4839feffd6, thingarn=arn:aws:iot:us-east-1:507441099951:thing/iot-device-02, thingtypename=null, attributes={installed=1593361211, latitude=32.8205865, longitude=-96.871627}, version=1, billinggroupname=null}","2020-11-26 00:00:00.000"
"iot-device-03","1.5946564233102846E9","51.9","71.96","false","false","0.0079","0.0052","0.0211","2020-11-26T17:28:59.309+0000","{defaultclientid=iot-device-03, thingname=iot-device-03, thingid=877352b9-a35d-45d3-9c98-162d89965a13, thingarn=arn:aws:iot:us-east-1:507441099951:thing/iot-device-03, thingtypename=null, attributes={installed=1592562234, latitude=37.4133144, longitude=-122.1513069}, version=1, billinggroupname=null}","2020-11-26 00:00:00.000"
"iot-device-01","1.5946564240168085E9","75.8","66.74","false","false","0.0072","0.0046","0.0192","2020-11-26T17:28:59.598+0000","{defaultclientid=iot-device-01, thingname=iot-device-01, thingid=983c2b68-f9a3-4e83-b3c6-9f6f8ad5431b, thingarn=arn:aws:iot:us-east-1:507441099951:thing/iot-device-01, thingtypename=null, attributes={installed=1594665292, latitude=37.4133144, longitude=-122.1513069}, version=1, billinggroupname=null}","2020-11-26 00:00:00.000"
"iot-device-03","1.5946560214400527E9","52.3","71.42","false","false","0.0079","0.0052","0.0212","2020-11-26T17:28:42.328+0000","{defaultclientid=iot-device-03, thingname=iot-device-03, thingid=877352b9-a35d-45d3-9c98-162d89965a13, thingarn=arn:aws:iot:us-east-1:507441099951:thing/iot-device-03, thingtypename=null, attributes={installed=1592562234, latitude=37.4133144, longitude=-122.1513069}, version=1, billinggroupname=null}","2020-11-26 00:00:00.000"
"iot-device-03","1.5946560251258357E9","52.3","71.42","false","false","0.0079","0.0052","0.0211","2020-11-26T17:28:42.628+0000","{defaultclientid=iot-device-03, thingname=iot-device-03, thingid=877352b9-a35d-45d3-9c98-162d89965a13, thingarn=arn:aws:iot:us-east-1:507441099951:thing/iot-device-03, thingtypename=null, attributes={installed=1592562234, latitude=37.4133144, longitude=-122.1513069}, version=1, billinggroupname=null}","2020-11-26 00:00:00.000"
"iot-device-02","1.5946560279852462E9","62.2","75.56","true","false","0.0068","0.0042","0.0181","2020-11-26T17:28:42.937+0000","{defaultclientid=iot-device-02, thingname=iot-device-02, thingid=4ae4927a-aefb-4584-a45a-fc4839feffd6, thingarn=arn:aws:iot:us-east-1:507441099951:thing/iot-device-02, thingtypename=null, attributes={installed=1593361211, latitude=32.8205865, longitude=-96.871627}, version=1, billinggroupname=null}","2020-11-26 00:00:00.000"
"iot-device-03","1.59465602881181E9","52.3","71.42","false","false","0.0079","0.0052","0.0212","2020-11-26T17:28:43.229+0000","{defaultclientid=iot-device-03, thingname=iot-device-03, thingid=877352b9-a35d-45d3-9c98-162d89965a13, thingarn=arn:aws:iot:us-east-1:507441099951:thing/iot-device-03, thingtypename=null, attributes={installed=1592562234, latitude=37.4133144, longitude=-122.1513069}, version=1, billinggroupname=null}","2020-11-26 00:00:00.000"
"iot-device-01","1.594656030215584E9","75.4","66.56","false","false","0.007","0.0044","0.0186","2020-11-26T17:28:43.521+0000","{defaultclientid=iot-device-01, thingname=iot-device-01, thingid=983c2b68-f9a3-4e83-b3c6-9f6f8ad5431b, thingarn=arn:aws:iot:us-east-1:507441099951:thing/iot-device-01, thingtypename=null, attributes={installed=1594665292, latitude=37.4133144, longitude=-122.1513069}, version=1, billinggroupname=null}","2020-11-26 00:00:00.000"
"iot-device-03","1.59465603249772E9","52.2","71.42","false","false","0.0079","0.0052","0.0212","2020-11-26T17:28:43.819+0000","{defaultclientid=iot-device-03, thingname=iot-device-03, thingid=877352b9-a35d-45d3-9c98-162d89965a13, thingarn=arn:aws:iot:us-east-1:507441099951:thing/iot-device-03, thingtypename=null, attributes={installed=1592562234, latitude=37.4133144, longitude=-122.1513069}, version=1, billinggroupname=null}","2020-11-26 00:00:00.000"
"iot-device-02","1.5946560333967519E9","62.2","75.56","true","false","0.0068","0.0042","0.0181","2020-11-26T17:28:44.111+0000","{defaultclientid=iot-device-02, thingname=iot-device-02, thingid=4ae4927a-aefb-4584-a45a-fc4839feffd6, thingarn=arn:aws:iot:us-east-1:507441099951:thing/iot-device-02, thingtypename=null, attributes={installed=1593361211, latitude=32.8205865, longitude=-96.871627}, version=1, billinggroupname=null}","2020-11-26 00:00:00.000"
"iot-device-01","1.5946560345675714E9","75.4","66.56","false","false","0.007","0.0044","0.0186","2020-11-26T17:28:44.414+0000","{defaultclientid=iot-device-01, thingname=iot-device-01, thingid=983c2b68-f9a3-4e83-b3c6-9f6f8ad5431b, thingarn=arn:aws:iot:us-east-1:507441099951:thing/iot-device-01, thingtypename=null, attributes={installed=1594665292, latitude=37.4133144, longitude=-122.1513069}, version=1, billinggroupname=null}","2020-11-26 00:00:00.000"
"iot-device-03","1.5946560361836276E9","52.2","71.42","false","false","0.0079","0.0052","0.0211","2020-11-26T17:28:44.699+0000","{defaultclientid=iot-device-03, thingname=iot-device-03, thingid=877352b9-a35d-45d3-9c98-162d89965a13, thingarn=arn:aws:iot:us-east-1:507441099951:thing/iot-device-03, thingtypename=null, attributes={installed=1592562234, latitude=37.4133144, longitude=-122.1513069}, version=1, billinggroupname=null}","2020-11-26 00:00:00.000"
"iot-device-02","1.594656038275878E9","62.3","75.56","true","false","0.0068","0.0042","0.0181","2020-11-26T17:28:44.990+0000","{defaultclientid=iot-device-02, thingname=iot-device-02, thingid=4ae4927a-aefb-4584-a45a-fc4839feffd6, thingarn=arn:aws:iot:us-east-1:507441099951:thing/iot-device-02, thingtypename=null, attributes={installed=1593361211, latitude=32.8205865, longitude=-96.871627}, version=1, billinggroupname=null}","2020-11-26 00:00:00.000"
"iot-device-01","1.594656069830704E9","75.5","66.56","false","false","0.0068","0.0042","0.0181","2020-11-26T17:28:51.227+0000","{defaultclientid=iot-device-01, thingname=iot-device-01, thingid=983c2b68-f9a3-4e83-b3c6-9f6f8ad5431b, thingarn=arn:aws:iot:us-east-1:507441099951:thing/iot-device-01, thingtypename=null, attributes={installed=1594665292, latitude=37.4133144, longitude=-122.1513069}, version=1, billinggroupname=null}","2020-11-26 00:00:00.000"
"iot-device-03","1.594656073040159E9","52.2","71.42","false","false","0.0079","0.0052","0.0212","2020-11-26T17:28:51.525+0000","{defaultclientid=iot-device-03, thingname=iot-device-03, thingid=877352b9-a35d-45d3-9c98-162d89965a13, thingarn=arn:aws:iot:us-east-1:507441099951:thing/iot-device-03, thingtypename=null, attributes={installed=1592562234, latitude=37.4133144, longitude=-122.1513069}, version=1, billinggroupname=null}","2020-11-26 00:00:00.000"
"iot-device-02","1.5946560740381312E9","62.3","75.56","true","false","0.0068","0.0042","0.0181","2020-11-26T17:28:51.810+0000","{defaultclientid=iot-device-02, thingname=iot-device-02, thingid=4ae4927a-aefb-4584-a45a-fc4839feffd6, thingarn=arn:aws:iot:us-east-1:507441099951:thing/iot-device-02, thingtypename=null, attributes={installed=1593361211, latitude=32.8205865, longitude=-96.871627}, version=1, billinggroupname=null}","2020-11-26 00:00:00.000"
"iot-device-01","1.5946560742024572E9","75.8","66.56","false","false","0.0067","0.0042","0.0179","2020-11-26T17:28:52.109+0000","{defaultclientid=iot-device-01, thingname=iot-device-01, thingid=983c2b68-f9a3-4e83-b3c6-9f6f8ad5431b, thingarn=arn:aws:iot:us-east-1:507441099951:thing/iot-device-01, thingtypename=null, attributes={installed=1594665292, latitude=37.4133144, longitude=-122.1513069}, version=1, billinggroupname=null}","2020-11-26 00:00:00.000"
"iot-device-03","1.5946560767267842E9","52.2","71.42","false","false","0.008","0.0052","0.0213","2020-11-26T17:28:52.400+0000","{defaultclientid=iot-device-03, thingname=iot-device-03, thingid=877352b9-a35d-45d3-9c98-162d89965a13, thingarn=arn:aws:iot:us-east-1:507441099951:thing/iot-device-03, thingtypename=null, attributes={installed=1592562234, latitude=37.4133144, longitude=-122.1513069}, version=1, billinggroupname=null}","2020-11-26 00:00:00.000"
"iot-device-02","1.594656077845706E9","62.4","75.56","true","false","0.0068","0.0042","0.0181","2020-11-26T17:28:52.701+0000","{defaultclientid=iot-device-02, thingname=iot-device-02, thingid=4ae4927a-aefb-4584-a45a-fc4839feffd6, thingarn=arn:aws:iot:us-east-1:507441099951:thing/iot-device-02, thingtypename=null, attributes={installed=1593361211, latitude=32.8205865, longitude=-96.871627}, version=1, billinggroupname=null}","2020-11-26 00:00:00.000"
"iot-device-01","1.5946560790858276E9","75.8","66.56","false","false","0.0067","0.0042","0.0179","2020-11-26T17:28:53.000+0000","{defaultclientid=iot-device-01, thingname=iot-device-01, thingid=983c2b68-f9a3-4e83-b3c6-9f6f8ad5431b, thingarn=arn:aws:iot:us-east-1:507441099951:thing/iot-device-01, thingtypename=null, attributes={installed=1594665292, latitude=37.4133144, longitude=-122.1513069}, version=1, billinggroupname=null}","2020-11-26 00:00:00.000"
"iot-device-03","1.5946560804281492E9","52.2","71.42","false","false","0.0079","0.0051","0.021","2020-11-26T17:28:53.288+0000","{defaultclientid=iot-device-03, thingname=iot-device-03, thingid=877352b9-a35d-45d3-9c98-162d89965a13, thingarn=arn:aws:iot:us-east-1:507441099951:thing/iot-device-03, thingtypename=null, attributes={installed=1592562234, latitude=37.4133144, longitude=-122.1513069}, version=1, billinggroupname=null}","2020-11-26 00:00:00.000"
"iot-device-02","1.5946560827201502E9","62.4","75.56","true","false","0.0068","0.0042","0.0181","2020-11-26T17:28:53.579+0000","{defaultclientid=iot-device-02, thingname=iot-device-02, thingid=4ae4927a-aefb-4584-a45a-fc4839feffd6, thingarn=arn:aws:iot:us-east-1:507441099951:thing/iot-device-02, thingtypename=null, attributes={installed=1593361211, latitude=32.8205865, longitude=-96.871627}, version=1, billinggroupname=null}","2020-11-26 00:00:00.000"
"iot-device-03","1.5946560841146102E9","52.2","71.42","false","false","0.0079","0.0052","0.0212","2020-11-26T17:28:53.928+0000","{defaultclientid=iot-device-03, thingname=iot-device-03, thingid=877352b9-a35d-45d3-9c98-162d89965a13, thingarn=arn:aws:iot:us-east-1:507441099951:thing/iot-device-03, thingtypename=null, attributes={installed=1592562234, latitude=37.4133144, longitude=-122.1513069}, version=1, billinggroupname=null}","2020-11-26 00:00:00.000"
"iot-device-03","1.5946560398696425E9","52.2","71.42","false","false","0.0079","0.0052","0.0213","2020-11-26T17:28:45.290+0000","{defaultclientid=iot-device-03, thingname=iot-device-03, thingid=877352b9-a35d-45d3-9c98-162d89965a13, thingarn=arn:aws:iot:us-east-1:507441099951:thing/iot-device-03, thingtypename=null, attributes={installed=1592562234, latitude=37.4133144, longitude=-122.1513069}, version=1, billinggroupname=null}","2020-11-26 00:00:00.000"
"iot-device-02","1.594656043156824E9","62.3","75.56","true","false","0.0068","0.0042","0.0181","2020-11-26T17:28:45.589+0000","{defaultclientid=iot-device-02, thingname=iot-device-02, thingid=4ae4927a-aefb-4584-a45a-fc4839feffd6, thingarn=arn:aws:iot:us-east-1:507441099951:thing/iot-device-02, thingtypename=null, attributes={installed=1593361211, latitude=32.8205865, longitude=-96.871627}, version=1, billinggroupname=null}","2020-11-26 00:00:00.000"
"iot-device-03","1.5946560435554936E9","52.2","71.42","false","false","0.0079","0.0052","0.0212","2020-11-26T17:28:45.904+0000","{defaultclientid=iot-device-03, thingname=iot-device-03, thingid=877352b9-a35d-45d3-9c98-162d89965a13, thingarn=arn:aws:iot:us-east-1:507441099951:thing/iot-device-03, thingtypename=null, attributes={installed=1592562234, latitude=37.4133144, longitude=-122.1513069}, version=1, billinggroupname=null}","2020-11-26 00:00:00.000"
"iot-device-01","1.5946560437594206E9","75.5","66.56","false","false","0.0069","0.0043","0.0184","2020-11-26T17:28:46.208+0000","{defaultclientid=iot-device-01, thingname=iot-device-01, thingid=983c2b68-f9a3-4e83-b3c6-9f6f8ad5431b, thingarn=arn:aws:iot:us-east-1:507441099951:thing/iot-device-01, thingtypename=null, attributes={installed=1594665292, latitude=37.4133144, longitude=-122.1513069}, version=1, billinggroupname=null}","2020-11-26 00:00:00.000"
"iot-device-03","1.5946560472412462E9","52.2","71.42","false","false","0.0079","0.0052","0.0211","2020-11-26T17:28:46.499+0000","{defaultclientid=iot-device-03, thingname=iot-device-03, thingid=877352b9-a35d-45d3-9c98-162d89965a13, thingarn=arn:aws:iot:us-east-1:507441099951:thing/iot-device-03, thingtypename=null, attributes={installed=1592562234, latitude=37.4133144, longitude=-122.1513069}, version=1, billinggroupname=null}","2020-11-26 00:00:00.000"
"iot-device-02","1.594656049105349E9","62.3","75.56","true","false","0.0068","0.0042","0.0181","2020-11-26T17:28:46.788+0000","{defaultclientid=iot-device-02, thingname=iot-device-02, thingid=4ae4927a-aefb-4584-a45a-fc4839feffd6, thingarn=arn:aws:iot:us-east-1:507441099951:thing/iot-device-02, thingtypename=null, attributes={installed=1593361211, latitude=32.8205865, longitude=-96.871627}, version=1, billinggroupname=null}","2020-11-26 00:00:00.000"
"iot-device-03","1.5946560509273252E9","52.2","71.42","false","false","0.0079","0.0052","0.0211","2020-11-26T17:28:47.380+0000","{defaultclientid=iot-device-03, thingname=iot-device-03, thingid=877352b9-a35d-45d3-9c98-162d89965a13, thingarn=arn:aws:iot:us-east-1:507441099951:thing/iot-device-03, thingtypename=null, attributes={installed=1592562234, latitude=37.4133144, longitude=-122.1513069}, version=1, billinggroupname=null}","2020-11-26 00:00:00.000"
"iot-device-01","1.5946560535433767E9","75.6","66.56","false","false","0.0067","0.0042","0.0179","2020-11-26T17:28:47.673+0000","{defaultclientid=iot-device-01, thingname=iot-device-01, thingid=983c2b68-f9a3-4e83-b3c6-9f6f8ad5431b, thingarn=arn:aws:iot:us-east-1:507441099951:thing/iot-device-01, thingtypename=null, attributes={installed=1594665292, latitude=37.4133144, longitude=-122.1513069}, version=1, billinggroupname=null}","2020-11-26 00:00:00.000"
"iot-device-02","1.5946560539798453E9","62.3","75.56","true","false","0.0068","0.0042","0.0181","2020-11-26T17:28:47.959+0000","{defaultclientid=iot-device-02, thingname=iot-device-02, thingid=4ae4927a-aefb-4584-a45a-fc4839feffd6, thingarn=arn:aws:iot:us-east-1:507441099951:thing/iot-device-02, thingtypename=null, attributes={installed=1593361211, latitude=32.8205865, longitude=-96.871627}, version=1, billinggroupname=null}","2020-11-26 00:00:00.000"
"iot-device-01","1.5946560491852615E9","75.8","66.56","false","false","0.0069","0.0043","0.0184","2020-11-26T17:28:47.094+0000","{defaultclientid=iot-device-01, thingname=iot-device-01, thingid=983c2b68-f9a3-4e83-b3c6-9f6f8ad5431b, thingarn=arn:aws:iot:us-east-1:507441099951:thing/iot-device-01, thingtypename=null, attributes={installed=1594665292, latitude=37.4133144, longitude=-122.1513069}, version=1, billinggroupname=null}","2020-11-26 00:00:00.000"
"iot-device-01","1.5946560850502305E9","75.8","66.56","false","false","0.0068","0.0042","0.0181","2020-11-26T17:28:54.220+0000","{defaultclientid=iot-device-01, thingname=iot-device-01, thingid=983c2b68-f9a3-4e83-b3c6-9f6f8ad5431b, thingarn=arn:aws:iot:us-east-1:507441099951:thing/iot-device-01, thingtypename=null, attributes={installed=1594665292, latitude=37.4133144, longitude=-122.1513069}, version=1, billinggroupname=null}","2020-11-26 00:00:00.000"
"iot-device-03","1.5946560877996767E9","52.2","71.42","false","false","0.0079","0.0052","0.0211","2020-11-26T17:28:54.522+0000","{defaultclientid=iot-device-03, thingname=iot-device-03, thingid=877352b9-a35d-45d3-9c98-162d89965a13, thingarn=arn:aws:iot:us-east-1:507441099951:thing/iot-device-03, thingtypename=null, attributes={installed=1592562234, latitude=37.4133144, longitude=-122.1513069}, version=1, billinggroupname=null}","2020-11-26 00:00:00.000"
"iot-device-01","1.5946560894067311E9","75.8","66.56","false","false","0.0067","0.0042","0.0179","2020-11-26T17:28:54.809+0000","{defaultclientid=iot-device-01, thingname=iot-device-01, thingid=983c2b68-f9a3-4e83-b3c6-9f6f8ad5431b, thingarn=arn:aws:iot:us-east-1:507441099951:thing/iot-device-01, thingtypename=null, attributes={installed=1594665292, latitude=37.4133144, longitude=-122.1513069}, version=1, billinggroupname=null}","2020-11-26 00:00:00.000"
"iot-device-03","1.5946560914855273E9","52.2","71.42","false","false","0.0079","0.0052","0.0212","2020-11-26T17:28:55.110+0000","{defaultclientid=iot-device-03, thingname=iot-device-03, thingid=877352b9-a35d-45d3-9c98-162d89965a13, thingarn=arn:aws:iot:us-east-1:507441099951:thing/iot-device-03, thingtypename=null, attributes={installed=1592562234, latitude=37.4133144, longitude=-122.1513069}, version=1, billinggroupname=null}","2020-11-26 00:00:00.000"
"iot-device-02","1.5946560929475732E9","62.3","75.38","true","false","0.0068","0.0042","0.0181","2020-11-26T17:28:55.410+0000","{defaultclientid=iot-device-02, thingname=iot-device-02, thingid=4ae4927a-aefb-4584-a45a-fc4839feffd6, thingarn=arn:aws:iot:us-east-1:507441099951:thing/iot-device-02, thingtypename=null, attributes={installed=1593361211, latitude=32.8205865, longitude=-96.871627}, version=1, billinggroupname=null}","2020-11-26 00:00:00.000"
"iot-device-03","1.5946560951717525E9","52.2","71.42","false","false","0.0079","0.0052","0.0211","2020-11-26T17:28:55.699+0000","{defaultclientid=iot-device-03, thingname=iot-device-03, thingid=877352b9-a35d-45d3-9c98-162d89965a13, thingarn=arn:aws:iot:us-east-1:507441099951:thing/iot-device-03, thingtypename=null, attributes={installed=1592562234, latitude=37.4133144, longitude=-122.1513069}, version=1, billinggroupname=null}","2020-11-26 00:00:00.000"
"iot-device-03","1.5946560988122466E9","52.2","71.42","false","false","0.0079","0.0052","0.0211","2020-11-26T17:28:55.989+0000","{defaultclientid=iot-device-03, thingname=iot-device-03, thingid=877352b9-a35d-45d3-9c98-162d89965a13, thingarn=arn:aws:iot:us-east-1:507441099951:thing/iot-device-03, thingtypename=null, attributes={installed=1592562234, latitude=37.4133144, longitude=-122.1513069}, version=1, billinggroupname=null}","2020-11-26 00:00:00.000"
"iot-device-03","1.5946564048800607E9","52.0","71.78","false","false","0.0079","0.0052","0.0211","2020-11-26T17:28:56.290+0000","{defaultclientid=iot-device-03, thingname=iot-device-03, thingid=877352b9-a35d-45d3-9c98-162d89965a13, thingarn=arn:aws:iot:us-east-1:507441099951:thing/iot-device-03, thingtypename=null, attributes={installed=1592562234, latitude=37.4133144, longitude=-122.1513069}, version=1, billinggroupname=null}","2020-11-26 00:00:00.000"
"iot-device-02","1.5946564074476154E9","62.5","75.56","true","false","0.0068","0.0042","0.0181","2020-11-26T17:28:56.582+0000","{defaultclientid=iot-device-02, thingname=iot-device-02, thingid=4ae4927a-aefb-4584-a45a-fc4839feffd6, thingarn=arn:aws:iot:us-east-1:507441099951:thing/iot-device-02, thingtypename=null, attributes={installed=1593361211, latitude=32.8205865, longitude=-96.871627}, version=1, billinggroupname=null}","2020-11-26 00:00:00.000"
"iot-device-03","1.5946564085662415E9","52.0","71.96","false","false","0.0079","0.0052","0.0211","2020-11-26T17:28:56.935+0000","{defaultclientid=iot-device-03, thingname=iot-device-03, thingid=877352b9-a35d-45d3-9c98-162d89965a13, thingarn=arn:aws:iot:us-east-1:507441099951:thing/iot-device-03, thingtypename=null, attributes={installed=1592562234, latitude=37.4133144, longitude=-122.1513069}, version=1, billinggroupname=null}","2020-11-26 00:00:00.000"
"iot-device-01","1.5946625119843936E9","74.9","66.38","false","false","0.0077","0.005","0.0204","2020-11-27T02:34:55.693+0000","{defaultclientid=iot-device-01, thingname=iot-device-01, thingid=983c2b68-f9a3-4e83-b3c6-9f6f8ad5431b, thingarn=arn:aws:iot:us-east-1:507441099951:thing/iot-device-01, thingtypename=null, attributes={installed=1594665292, latitude=37.4133144, longitude=-122.1513069}, version=1, billinggroupname=null}","2020-11-27 00:00:00.000"
"iot-device-03","1.5946625129062724E9","49.0","71.6","false","false","0.0078","0.0051","0.0209","2020-11-27T02:34:56.190+0000","{defaultclientid=iot-device-03, thingname=iot-device-03, thingid=877352b9-a35d-45d3-9c98-162d89965a13, thingarn=arn:aws:iot:us-east-1:507441099951:thing/iot-device-03, thingtypename=null, attributes={installed=1592562234, latitude=37.4133144, longitude=-122.1513069}, version=1, billinggroupname=null}","2020-11-27 00:00:00.000"
"iot-device-02","1.5946625133157914E9","62.2","76.82","true","false","0.0068","0.0042","0.018","2020-11-27T02:34:56.561+0000","{defaultclientid=iot-device-02, thingname=iot-device-02, thingid=4ae4927a-aefb-4584-a45a-fc4839feffd6, thingarn=arn:aws:iot:us-east-1:507441099951:thing/iot-device-02, thingtypename=null, attributes={installed=1593361211, latitude=32.8205865, longitude=-96.871627}, version=1, billinggroupname=null}","2020-11-27 00:00:00.000"
"iot-device-03","1.5946625165922265E9","48.9","71.6","false","false","0.0078","0.0051","0.0209","2020-11-27T02:34:57.208+0000","{defaultclientid=iot-device-03, thingname=iot-device-03, thingid=877352b9-a35d-45d3-9c98-162d89965a13, thingarn=arn:aws:iot:us-east-1:507441099951:thing/iot-device-03, thingtypename=null, attributes={installed=1592562234, latitude=37.4133144, longitude=-122.1513069}, version=1, billinggroupname=null}","2020-11-27 00:00:00.000"
"iot-device-03","1.5946625202782733E9","48.8","71.6","false","false","0.0078","0.0051","0.021","2020-11-27T02:34:57.876+0000","{defaultclientid=iot-device-03, thingname=iot-device-03, thingid=877352b9-a35d-45d3-9c98-162d89965a13, thingarn=arn:aws:iot:us-east-1:507441099951:thing/iot-device-03, thingtypename=null, attributes={installed=1592562234, latitude=37.4133144, longitude=-122.1513069}, version=1, billinggroupname=null}","2020-11-27 00:00:00.000"
"iot-device-02","1.594662523540874E9","62.0","76.82","true","false","0.0068","0.0042","0.0179","2020-11-27T02:34:58.355+0000","{defaultclientid=iot-device-02, thingname=iot-device-02, thingid=4ae4927a-aefb-4584-a45a-fc4839feffd6, thingarn=arn:aws:iot:us-east-1:507441099951:thing/iot-device-02, thingtypename=null, attributes={installed=1593361211, latitude=32.8205865, longitude=-96.871627}, version=1, billinggroupname=null}","2020-11-27 00:00:00.000"
"iot-device-03","1.5946625239641109E9","48.9","71.6","false","false","0.0078","0.0051","0.021","2020-11-27T02:34:58.899+0000","{defaultclientid=iot-device-03, thingname=iot-device-03, thingid=877352b9-a35d-45d3-9c98-162d89965a13, thingarn=arn:aws:iot:us-east-1:507441099951:thing/iot-device-03, thingtypename=null, attributes={installed=1592562234, latitude=37.4133144, longitude=-122.1513069}, version=1, billinggroupname=null}","2020-11-27 00:00:00.000"
"iot-device-01","1.594662525196769E9","74.6","66.38","false","false","0.0077","0.005","0.0204","2020-11-27T02:34:59.735+0000","{defaultclientid=iot-device-01, thingname=iot-device-01, thingid=983c2b68-f9a3-4e83-b3c6-9f6f8ad5431b, thingarn=arn:aws:iot:us-east-1:507441099951:thing/iot-device-01, thingtypename=null, attributes={installed=1594665292, latitude=37.4133144, longitude=-122.1513069}, version=1, billinggroupname=null}","2020-11-27 00:00:00.000"
"iot-device-03","1.594608513569108E9","48.4","71.24","false","false","0.0078","0.0051","0.021","2020-11-26T17:02:08.878+0000","{defaultclientid=iot-device-03, thingname=iot-device-03, thingid=877352b9-a35d-45d3-9c98-162d89965a13, thingarn=arn:aws:iot:us-east-1:507441099951:thing/iot-device-03, thingtypename=null, attributes={installed=1592562234, latitude=37.4133144, longitude=-122.1513069}, version=1, billinggroupname=null}","2020-11-26 00:00:00.000"
"iot-device-02","1.594608514090469E9","59.4","78.62","true","false","0.0072","0.0045","0.0191","2020-11-26T17:02:09.182+0000","{defaultclientid=iot-device-02, thingname=iot-device-02, thingid=4ae4927a-aefb-4584-a45a-fc4839feffd6, thingarn=arn:aws:iot:us-east-1:507441099951:thing/iot-device-02, thingtypename=null, attributes={installed=1593361211, latitude=32.8205865, longitude=-96.871627}, version=1, billinggroupname=null}","2020-11-26 00:00:00.000"
"iot-device-01","1.5946085153007624E9","73.6","66.38","false","false","0.0091","0.0063","0.0244","2020-11-26T17:02:09.482+0000","{defaultclientid=iot-device-01, thingname=iot-device-01, thingid=983c2b68-f9a3-4e83-b3c6-9f6f8ad5431b, thingarn=arn:aws:iot:us-east-1:507441099951:thing/iot-device-01, thingtypename=null, attributes={installed=1594665292, latitude=37.4133144, longitude=-122.1513069}, version=1, billinggroupname=null}","2020-11-26 00:00:00.000"
"iot-device-03","1.5946085172533448E9","48.3","71.24","false","false","0.0079","0.0052","0.021","2020-11-26T17:02:09.759+0000","{defaultclientid=iot-device-03, thingname=iot-device-03, thingid=877352b9-a35d-45d3-9c98-162d89965a13, thingarn=arn:aws:iot:us-east-1:507441099951:thing/iot-device-03, thingtypename=null, attributes={installed=1592562234, latitude=37.4133144, longitude=-122.1513069}, version=1, billinggroupname=null}","2020-11-26 00:00:00.000"
"iot-device-01","1.5946085191215231E9","73.6","66.38","false","false","0.0091","0.0063","0.0244","2020-11-26T17:02:10.058+0000","{defaultclientid=iot-device-01, thingname=iot-device-01, thingid=983c2b68-f9a3-4e83-b3c6-9f6f8ad5431b, thingarn=arn:aws:iot:us-east-1:507441099951:thing/iot-device-01, thingtypename=null, attributes={installed=1594665292, latitude=37.4133144, longitude=-122.1513069}, version=1, billinggroupname=null}","2020-11-26 00:00:00.000"
"iot-device-02","1.5946085195029302E9","59.4","78.62","true","false","0.0072","0.0046","0.0192","2020-11-26T17:02:10.350+0000","{defaultclientid=iot-device-02, thingname=iot-device-02, thingid=4ae4927a-aefb-4584-a45a-fc4839feffd6, thingarn=arn:aws:iot:us-east-1:507441099951:thing/iot-device-02, thingtypename=null, attributes={installed=1593361211, latitude=32.8205865, longitude=-96.871627}, version=1, billinggroupname=null}","2020-11-26 00:00:00.000"
"iot-device-03","1.5946085209374087E9","48.3","71.42","false","false","0.0079","0.0051","0.021","2020-11-26T17:02:10.641+0000","{defaultclientid=iot-device-03, thingname=iot-device-03, thingid=877352b9-a35d-45d3-9c98-162d89965a13, thingarn=arn:aws:iot:us-east-1:507441099951:thing/iot-device-03, thingtypename=null, attributes={installed=1592562234, latitude=37.4133144, longitude=-122.1513069}, version=1, billinggroupname=null}","2020-11-26 00:00:00.000"
"iot-device-02","1.594608523849151E9","59.4","78.62","true","false","0.0072","0.0046","0.0192","2020-11-26T17:02:10.928+0000","{defaultclientid=iot-device-02, thingname=iot-device-02, thingid=4ae4927a-aefb-4584-a45a-fc4839feffd6, thingarn=arn:aws:iot:us-east-1:507441099951:thing/iot-device-02, thingtypename=null, attributes={installed=1593361211, latitude=32.8205865, longitude=-96.871627}, version=1, billinggroupname=null}","2020-11-26 00:00:00.000"
"iot-device-03","1.5946085246243E9","48.3","71.24","false","false","0.0078","0.0051","0.021","2020-11-26T17:02:11.222+0000","{defaultclientid=iot-device-03, thingname=iot-device-03, thingid=877352b9-a35d-45d3-9c98-162d89965a13, thingarn=arn:aws:iot:us-east-1:507441099951:thing/iot-device-03, thingtypename=null, attributes={installed=1592562234, latitude=37.4133144, longitude=-122.1513069}, version=1, billinggroupname=null}","2020-11-26 00:00:00.000"
"iot-device-01","1.5946085261597676E9","73.7","66.38","false","false","0.0091","0.0063","0.0244","2020-11-26T17:02:11.523+0000","{defaultclientid=iot-device-01, thingname=iot-device-01, thingid=983c2b68-f9a3-4e83-b3c6-9f6f8ad5431b, thingarn=arn:aws:iot:us-east-1:507441099951:thing/iot-device-01, thingtypename=null, attributes={installed=1594665292, latitude=37.4133144, longitude=-122.1513069}, version=1, billinggroupname=null}","2020-11-26 00:00:00.000"
"iot-device-02","1.594608462435603E9","59.5","78.62","true","false","0.0073","0.0046","0.0193","2020-11-26T17:01:59.992+0000","{defaultclientid=iot-device-02, thingname=iot-device-02, thingid=4ae4927a-aefb-4584-a45a-fc4839feffd6, thingarn=arn:aws:iot:us-east-1:507441099951:thing/iot-device-02, thingtypename=null, attributes={installed=1593361211, latitude=32.8205865, longitude=-96.871627}, version=1, billinggroupname=null}","2020-11-26 00:00:00.000"
"iot-device-01","1.5946084624772918E9","73.6","66.38","false","false","0.0089","0.0061","0.0239","2020-11-26T17:02:00.292+0000","{defaultclientid=iot-device-01, thingname=iot-device-01, thingid=983c2b68-f9a3-4e83-b3c6-9f6f8ad5431b, thingarn=arn:aws:iot:us-east-1:507441099951:thing/iot-device-01, thingtypename=null, attributes={installed=1594665292, latitude=37.4133144, longitude=-122.1513069}, version=1, billinggroupname=null}","2020-11-26 00:00:00.000"
"iot-device-03","1.5946084656523852E9","48.3","71.6","false","false","0.0079","0.0051","0.021","2020-11-26T17:02:00.580+0000","{defaultclientid=iot-device-03, thingname=iot-device-03, thingid=877352b9-a35d-45d3-9c98-162d89965a13, thingarn=arn:aws:iot:us-east-1:507441099951:thing/iot-device-03, thingtypename=null, attributes={installed=1592562234, latitude=37.4133144, longitude=-122.1513069}, version=1, billinggroupname=null}","2020-11-26 00:00:00.000"
"iot-device-01","1.5946084668296144E9","73.7","66.38","false","false","0.0091","0.0063","0.0244","2020-11-26T17:02:00.877+0000","{defaultclientid=iot-device-01, thingname=iot-device-01, thingid=983c2b68-f9a3-4e83-b3c6-9f6f8ad5431b, thingarn=arn:aws:iot:us-east-1:507441099951:thing/iot-device-01, thingtypename=null, attributes={installed=1594665292, latitude=37.4133144, longitude=-122.1513069}, version=1, billinggroupname=null}","2020-11-26 00:00:00.000"
"iot-device-03","1.5946084693368185E9","48.3","71.42","false","false","0.0078","0.0051","0.0209","2020-11-26T17:02:01.186+0000","{defaultclientid=iot-device-03, thingname=iot-device-03, thingid=877352b9-a35d-45d3-9c98-162d89965a13, thingarn=arn:aws:iot:us-east-1:507441099951:thing/iot-device-03, thingtypename=null, attributes={installed=1592562234, latitude=37.4133144, longitude=-122.1513069}, version=1, billinggroupname=null}","2020-11-26 00:00:00.000"
"iot-device-03","1.5946084730226808E9","48.3","71.42","false","false","0.0079","0.0051","0.021","2020-11-26T17:02:01.489+0000","{defaultclientid=iot-device-03, thingname=iot-device-03, thingid=877352b9-a35d-45d3-9c98-162d89965a13, thingarn=arn:aws:iot:us-east-1:507441099951:thing/iot-device-03, thingtypename=null, attributes={installed=1592562234, latitude=37.4133144, longitude=-122.1513069}, version=1, billinggroupname=null}","2020-11-26 00:00:00.000"
"iot-device-02","1.594608474513523E9","59.4","78.62","true","false","0.0072","0.0046","0.0192","2020-11-26T17:02:01.788+0000","{defaultclientid=iot-device-02, thingname=iot-device-02, thingid=4ae4927a-aefb-4584-a45a-fc4839feffd6, thingarn=arn:aws:iot:us-east-1:507441099951:thing/iot-device-02, thingtypename=null, attributes={installed=1593361211, latitude=32.8205865, longitude=-96.871627}, version=1, billinggroupname=null}","2020-11-26 00:00:00.000"
"iot-device-01","1.5946084760107331E9","73.5","66.38","false","false","0.0091","0.0063","0.0244","2020-11-26T17:02:02.074+0000","{defaultclientid=iot-device-01, thingname=iot-device-01, thingid=983c2b68-f9a3-4e83-b3c6-9f6f8ad5431b, thingarn=arn:aws:iot:us-east-1:507441099951:thing/iot-device-01, thingtypename=null, attributes={installed=1594665292, latitude=37.4133144, longitude=-122.1513069}, version=1, billinggroupname=null}","2020-11-26 00:00:00.000"
"iot-device-03","1.59460847670845E9","48.3","71.42","false","false","0.0079","0.0051","0.021","2020-11-26T17:02:02.374+0000","{defaultclientid=iot-device-03, thingname=iot-device-03, thingid=877352b9-a35d-45d3-9c98-162d89965a13, thingarn=arn:aws:iot:us-east-1:507441099951:thing/iot-device-03, thingtypename=null, attributes={installed=1592562234, latitude=37.4133144, longitude=-122.1513069}, version=1, billinggroupname=null}","2020-11-26 00:00:00.000"
"iot-device-02","1.5946084788554955E9","59.4","78.62","true","false","0.0073","0.0046","0.0193","2020-11-26T17:02:02.680+0000","{defaultclientid=iot-device-02, thingname=iot-device-02, thingid=4ae4927a-aefb-4584-a45a-fc4839feffd6, thingarn=arn:aws:iot:us-east-1:507441099951:thing/iot-device-02, thingtypename=null, attributes={installed=1593361211, latitude=32.8205865, longitude=-96.871627}, version=1, billinggroupname=null}","2020-11-26 00:00:00.000"
"iot-device-03","1.5946084803950894E9","48.3","71.42","false","false","0.0078","0.0051","0.0209","2020-11-26T17:02:02.976+0000","{defaultclientid=iot-device-03, thingname=iot-device-03, thingid=877352b9-a35d-45d3-9c98-162d89965a13, thingarn=arn:aws:iot:us-east-1:507441099951:thing/iot-device-03, thingtypename=null, attributes={installed=1592562234, latitude=37.4133144, longitude=-122.1513069}, version=1, billinggroupname=null}","2020-11-26 00:00:00.000"
"iot-device-01","1.5946084830518816E9","73.5","66.38","false","false","0.0091","0.0063","0.0244","2020-11-26T17:02:03.272+0000","{defaultclientid=iot-device-01, thingname=iot-device-01, thingid=983c2b68-f9a3-4e83-b3c6-9f6f8ad5431b, thingarn=arn:aws:iot:us-east-1:507441099951:thing/iot-device-01, thingtypename=null, attributes={installed=1594665292, latitude=37.4133144, longitude=-122.1513069}, version=1, billinggroupname=null}","2020-11-26 00:00:00.000"
"iot-device-03","1.5946084840814452E9","48.3","71.42","false","false","0.0079","0.0051","0.021","2020-11-26T17:02:03.562+0000","{defaultclientid=iot-device-03, thingname=iot-device-03, thingid=877352b9-a35d-45d3-9c98-162d89965a13, thingarn=arn:aws:iot:us-east-1:507441099951:thing/iot-device-03, thingtypename=null, attributes={installed=1592562234, latitude=37.4133144, longitude=-122.1513069}, version=1, billinggroupname=null}","2020-11-26 00:00:00.000"
"iot-device-02","1.594608484825941E9","59.0","78.62","true","false","0.0072","0.0046","0.0192","2020-11-26T17:02:03.861+0000","{defaultclientid=iot-device-02, thingname=iot-device-02, thingid=4ae4927a-aefb-4584-a45a-fc4839feffd6, thingarn=arn:aws:iot:us-east-1:507441099951:thing/iot-device-02, thingtypename=null, attributes={installed=1593361211, latitude=32.8205865, longitude=-96.871627}, version=1, billinggroupname=null}","2020-11-26 00:00:00.000"
"iot-device-03","1.5946084877665193E9","48.3","71.42","false","false","0.0078","0.0051","0.0209","2020-11-26T17:02:04.150+0000","{defaultclientid=iot-device-03, thingname=iot-device-03, thingid=877352b9-a35d-45d3-9c98-162d89965a13, thingarn=arn:aws:iot:us-east-1:507441099951:thing/iot-device-03, thingtypename=null, attributes={installed=1592562234, latitude=37.4133144, longitude=-122.1513069}, version=1, billinggroupname=null}","2020-11-26 00:00:00.000"
"iot-device-01","1.59460848794355E9","73.5","66.38","false","false","0.0091","0.0063","0.0244","2020-11-26T17:02:04.489+0000","{defaultclientid=iot-device-01, thingname=iot-device-01, thingid=983c2b68-f9a3-4e83-b3c6-9f6f8ad5431b, thingarn=arn:aws:iot:us-east-1:507441099951:thing/iot-device-01, thingtypename=null, attributes={installed=1594665292, latitude=37.4133144, longitude=-122.1513069}, version=1, billinggroupname=null}","2020-11-26 00:00:00.000"
"iot-device-02","1.594608488633367E9","59.4","78.62","true","false","0.0072","0.0045","0.019","2020-11-26T17:02:04.790+0000","{defaultclientid=iot-device-02, thingname=iot-device-02, thingid=4ae4927a-aefb-4584-a45a-fc4839feffd6, thingarn=arn:aws:iot:us-east-1:507441099951:thing/iot-device-02, thingtypename=null, attributes={installed=1593361211, latitude=32.8205865, longitude=-96.871627}, version=1, billinggroupname=null}","2020-11-26 00:00:00.000"
"iot-device-03","1.5946084914516194E9","48.3","71.42","false","false","0.0079","0.0051","0.021","2020-11-26T17:02:05.070+0000","{defaultclientid=iot-device-03, thingname=iot-device-03, thingid=877352b9-a35d-45d3-9c98-162d89965a13, thingarn=arn:aws:iot:us-east-1:507441099951:thing/iot-device-03, thingtypename=null, attributes={installed=1592562234, latitude=37.4133144, longitude=-122.1513069}, version=1, billinggroupname=null}","2020-11-26 00:00:00.000"
"iot-device-01","1.5946084922973096E9","73.5","66.38","false","false","0.0091","0.0063","0.0244","2020-11-26T17:02:05.375+0000","{defaultclientid=iot-device-01, thingname=iot-device-01, thingid=983c2b68-f9a3-4e83-b3c6-9f6f8ad5431b, thingarn=arn:aws:iot:us-east-1:507441099951:thing/iot-device-01, thingtypename=null, attributes={installed=1594665292, latitude=37.4133144, longitude=-122.1513069}, version=1, billinggroupname=null}","2020-11-26 00:00:00.000"
"iot-device-02","1.594608494578117E9","59.4","78.62","true","false","0.0072","0.0046","0.0192","2020-11-26T17:02:05.661+0000","{defaultclientid=iot-device-02, thingname=iot-device-02, thingid=4ae4927a-aefb-4584-a45a-fc4839feffd6, thingarn=arn:aws:iot:us-east-1:507441099951:thing/iot-device-02, thingtypename=null, attributes={installed=1593361211, latitude=32.8205865, longitude=-96.871627}, version=1, billinggroupname=null}","2020-11-26 00:00:00.000"
"iot-device-03","1.5946084951381176E9","48.3","71.24","false","false","0.0078","0.0051","0.0209","2020-11-26T17:02:05.961+0000","{defaultclientid=iot-device-03, thingname=iot-device-03, thingid=877352b9-a35d-45d3-9c98-162d89965a13, thingarn=arn:aws:iot:us-east-1:507441099951:thing/iot-device-03, thingtypename=null, attributes={installed=1592562234, latitude=37.4133144, longitude=-122.1513069}, version=1, billinggroupname=null}","2020-11-26 00:00:00.000"
"iot-device-03","1.5946084988220048E9","48.3","71.24","false","false","0.0079","0.0051","0.021","2020-11-26T17:02:06.241+0000","{defaultclientid=iot-device-03, thingname=iot-device-03, thingid=877352b9-a35d-45d3-9c98-162d89965a13, thingarn=arn:aws:iot:us-east-1:507441099951:thing/iot-device-03, thingtypename=null, attributes={installed=1592562234, latitude=37.4133144, longitude=-122.1513069}, version=1, billinggroupname=null}","2020-11-26 00:00:00.000"
"iot-device-02","1.594608498924256E9","59.4","78.62","true","false","0.0072","0.0045","0.0191","2020-11-26T17:02:06.530+0000","{defaultclientid=iot-device-02, thingname=iot-device-02, thingid=4ae4927a-aefb-4584-a45a-fc4839feffd6, thingarn=arn:aws:iot:us-east-1:507441099951:thing/iot-device-02, thingtypename=null, attributes={installed=1593361211, latitude=32.8205865, longitude=-96.871627}, version=1, billinggroupname=null}","2020-11-26 00:00:00.000"
"iot-device-03","1.59460850250774E9","48.4","71.42","false","false","0.0078","0.0051","0.021","2020-11-26T17:02:06.864+0000","{defaultclientid=iot-device-03, thingname=iot-device-03, thingid=877352b9-a35d-45d3-9c98-162d89965a13, thingarn=arn:aws:iot:us-east-1:507441099951:thing/iot-device-03, thingtypename=null, attributes={installed=1592562234, latitude=37.4133144, longitude=-122.1513069}, version=1, billinggroupname=null}","2020-11-26 00:00:00.000"
"iot-device-02","1.5946085027312846E9","59.4","78.62","true","false","0.0073","0.0046","0.0193","2020-11-26T17:02:07.149+0000","{defaultclientid=iot-device-02, thingname=iot-device-02, thingid=4ae4927a-aefb-4584-a45a-fc4839feffd6, thingarn=arn:aws:iot:us-east-1:507441099951:thing/iot-device-02, thingtypename=null, attributes={installed=1593361211, latitude=32.8205865, longitude=-96.871627}, version=1, billinggroupname=null}","2020-11-26 00:00:00.000"
"iot-device-01","1.5946085044423373E9","73.6","66.38","false","false","0.0091","0.0063","0.0246","2020-11-26T17:02:07.436+0000","{defaultclientid=iot-device-01, thingname=iot-device-01, thingid=983c2b68-f9a3-4e83-b3c6-9f6f8ad5431b, thingarn=arn:aws:iot:us-east-1:507441099951:thing/iot-device-01, thingtypename=null, attributes={installed=1594665292, latitude=37.4133144, longitude=-122.1513069}, version=1, billinggroupname=null}","2020-11-26 00:00:00.000"
"iot-device-03","1.5946085061939294E9","48.5","71.42","false","false","0.0079","0.0051","0.021","2020-11-26T17:02:07.721+0000","{defaultclientid=iot-device-03, thingname=iot-device-03, thingid=877352b9-a35d-45d3-9c98-162d89965a13, thingarn=arn:aws:iot:us-east-1:507441099951:thing/iot-device-03, thingtypename=null, attributes={installed=1592562234, latitude=37.4133144, longitude=-122.1513069}, version=1, billinggroupname=null}","2020-11-26 00:00:00.000"
"iot-device-02","1.5946085086776812E9","59.4","78.62","true","false","0.0072","0.0046","0.0192","2020-11-26T17:02:08.024+0000","{defaultclientid=iot-device-02, thingname=iot-device-02, thingid=4ae4927a-aefb-4584-a45a-fc4839feffd6, thingarn=arn:aws:iot:us-east-1:507441099951:thing/iot-device-02, thingtypename=null, attributes={installed=1593361211, latitude=32.8205865, longitude=-96.871627}, version=1, billinggroupname=null}","2020-11-26 00:00:00.000"
"iot-device-01","1.594608509868734E9","73.5","66.38","false","false","0.0091","0.0063","0.0244","2020-11-26T17:02:08.304+0000","{defaultclientid=iot-device-01, thingname=iot-device-01, thingid=983c2b68-f9a3-4e83-b3c6-9f6f8ad5431b, thingarn=arn:aws:iot:us-east-1:507441099951:thing/iot-device-01, thingtypename=null, attributes={installed=1594665292, latitude=37.4133144, longitude=-122.1513069}, version=1, billinggroupname=null}","2020-11-26 00:00:00.000"
"iot-device-03","1.594608509880936E9","48.4","71.42","false","false","0.0079","0.0051","0.021","2020-11-26T17:02:08.588+0000","{defaultclientid=iot-device-03, thingname=iot-device-03, thingid=877352b9-a35d-45d3-9c98-162d89965a13, thingarn=arn:aws:iot:us-east-1:507441099951:thing/iot-device-03, thingtypename=null, attributes={installed=1592562234, latitude=37.4133144, longitude=-122.1513069}, version=1, billinggroupname=null}","2020-11-26 00:00:00.000"
"iot-device-01","1.5946086129332554E9","73.6","66.2","false","false","0.0091","0.0063","0.0244","2020-11-26T17:02:26.659+0000","{defaultclientid=iot-device-01, thingname=iot-device-01, thingid=983c2b68-f9a3-4e83-b3c6-9f6f8ad5431b, thingarn=arn:aws:iot:us-east-1:507441099951:thing/iot-device-01, thingtypename=null, attributes={installed=1594665292, latitude=37.4133144, longitude=-122.1513069}, version=1, billinggroupname=null}","2020-11-26 00:00:00.000"
"iot-device-03","1.594608613087163E9","48.3","70.88","false","false","0.0079","0.0052","0.0211","2020-11-26T17:02:26.964+0000","{defaultclientid=iot-device-03, thingname=iot-device-03, thingid=877352b9-a35d-45d3-9c98-162d89965a13, thingarn=arn:aws:iot:us-east-1:507441099951:thing/iot-device-03, thingtypename=null, attributes={installed=1592562234, latitude=37.4133144, longitude=-122.1513069}, version=1, billinggroupname=null}","2020-11-26 00:00:00.000"
"iot-device-02","1.5946086132018027E9","59.4","78.62","true","false","0.0072","0.0046","0.0192","2020-11-26T17:02:27.271+0000","{defaultclientid=iot-device-02, thingname=iot-device-02, thingid=4ae4927a-aefb-4584-a45a-fc4839feffd6, thingarn=arn:aws:iot:us-east-1:507441099951:thing/iot-device-02, thingtypename=null, attributes={installed=1593361211, latitude=32.8205865, longitude=-96.871627}, version=1, billinggroupname=null}","2020-11-26 00:00:00.000"
"iot-device-03","1.594608616774676E9","48.3","70.88","false","false","0.0078","0.0051","0.0209","2020-11-26T17:02:27.567+0000","{defaultclientid=iot-device-03, thingname=iot-device-03, thingid=877352b9-a35d-45d3-9c98-162d89965a13, thingarn=arn:aws:iot:us-east-1:507441099951:thing/iot-device-03, thingtypename=null, attributes={installed=1592562234, latitude=37.4133144, longitude=-122.1513069}, version=1, billinggroupname=null}","2020-11-26 00:00:00.000"
"iot-device-01","1.594608617825457E9","73.6","66.2","false","false","0.0091","0.0063","0.0244","2020-11-26T17:02:27.850+0000","{defaultclientid=iot-device-01, thingname=iot-device-01, thingid=983c2b68-f9a3-4e83-b3c6-9f6f8ad5431b, thingarn=arn:aws:iot:us-east-1:507441099951:thing/iot-device-01, thingtypename=null, attributes={installed=1594665292, latitude=37.4133144, longitude=-122.1513069}, version=1, billinggroupname=null}","2020-11-26 00:00:00.000"
"iot-device-02","1.594608619148128E9","59.3","78.44","true","false","0.0072","0.0046","0.0192","2020-11-26T17:02:28.145+0000","{defaultclientid=iot-device-02, thingname=iot-device-02, thingid=4ae4927a-aefb-4584-a45a-fc4839feffd6, thingarn=arn:aws:iot:us-east-1:507441099951:thing/iot-device-02, thingtypename=null, attributes={installed=1593361211, latitude=32.8205865, longitude=-96.871627}, version=1, billinggroupname=null}","2020-11-26 00:00:00.000"
"iot-device-03","1.59460862046244E9","48.3","70.88","false","false","0.0079","0.0051","0.021","2020-11-26T17:02:28.437+0000","{defaultclientid=iot-device-03, thingname=iot-device-03, thingid=877352b9-a35d-45d3-9c98-162d89965a13, thingarn=arn:aws:iot:us-east-1:507441099951:thing/iot-device-03, thingtypename=null, attributes={installed=1592562234, latitude=37.4133144, longitude=-122.1513069}, version=1, billinggroupname=null}","2020-11-26 00:00:00.000"
"iot-device-01","1.5946086221771894E9","73.6","66.2","false","false","0.0091","0.0063","0.0244","2020-11-26T17:02:28.732+0000","{defaultclientid=iot-device-01, thingname=iot-device-01, thingid=983c2b68-f9a3-4e83-b3c6-9f6f8ad5431b, thingarn=arn:aws:iot:us-east-1:507441099951:thing/iot-device-01, thingtypename=null, attributes={installed=1594665292, latitude=37.4133144, longitude=-122.1513069}, version=1, billinggroupname=null}","2020-11-26 00:00:00.000"
"iot-device-03","1.594608624149671E9","48.3","70.88","false","false","0.0079","0.0051","0.021","2020-11-26T17:02:29.124+0000","{defaultclientid=iot-device-03, thingname=iot-device-03, thingid=877352b9-a35d-45d3-9c98-162d89965a13, thingarn=arn:aws:iot:us-east-1:507441099951:thing/iot-device-03, thingtypename=null, attributes={installed=1592562234, latitude=37.4133144, longitude=-122.1513069}, version=1, billinggroupname=null}","2020-11-26 00:00:00.000"
"iot-device-02","1.5946086272307498E9","59.3","78.44","true","false","0.0072","0.0046","0.0192","2020-11-26T17:02:29.431+0000","{defaultclientid=iot-device-02, thingname=iot-device-02, thingid=4ae4927a-aefb-4584-a45a-fc4839feffd6, thingarn=arn:aws:iot:us-east-1:507441099951:thing/iot-device-02, thingtypename=null, attributes={installed=1593361211, latitude=32.8205865, longitude=-96.871627}, version=1, billinggroupname=null}","2020-11-26 00:00:00.000"
"iot-device-03","1.594608627835778E9","48.3","70.88","false","false","0.0079","0.0051","0.021","2020-11-26T17:02:29.758+0000","{defaultclientid=iot-device-03, thingname=iot-device-03, thingid=877352b9-a35d-45d3-9c98-162d89965a13, thingarn=arn:aws:iot:us-east-1:507441099951:thing/iot-device-03, thingtypename=null, attributes={installed=1592562234, latitude=37.4133144, longitude=-122.1513069}, version=1, billinggroupname=null}","2020-11-26 00:00:00.000"
"iot-device-02","1.594608557976544E9","59.4","78.62","true","false","0.0072","0.0046","0.0192","2020-11-26T17:02:17.769+0000","{defaultclientid=iot-device-02, thingname=iot-device-02, thingid=4ae4927a-aefb-4584-a45a-fc4839feffd6, thingarn=arn:aws:iot:us-east-1:507441099951:thing/iot-device-02, thingtypename=null, attributes={installed=1593361211, latitude=32.8205865, longitude=-96.871627}, version=1, billinggroupname=null}","2020-11-26 00:00:00.000"
"iot-device-03","1.594608561483394E9","48.3","71.24","false","false","0.0079","0.0052","0.0211","2020-11-26T17:02:18.073+0000","{defaultclientid=iot-device-03, thingname=iot-device-03, thingid=877352b9-a35d-45d3-9c98-162d89965a13, thingarn=arn:aws:iot:us-east-1:507441099951:thing/iot-device-03, thingtypename=null, attributes={installed=1592562234, latitude=37.4133144, longitude=-122.1513069}, version=1, billinggroupname=null}","2020-11-26 00:00:00.000"
"iot-device-03","1.594608565167346E9","48.4","71.24","false","false","0.0079","0.0051","0.021","2020-11-26T17:02:18.375+0000","{defaultclientid=iot-device-03, thingname=iot-device-03, thingid=877352b9-a35d-45d3-9c98-162d89965a13, thingarn=arn:aws:iot:us-east-1:507441099951:thing/iot-device-03, thingtypename=null, attributes={installed=1592562234, latitude=37.4133144, longitude=-122.1513069}, version=1, billinggroupname=null}","2020-11-26 00:00:00.000"
"iot-device-02","1.594608567127601E9","59.4","78.62","true","false","0.0072","0.0046","0.0192","2020-11-26T17:02:18.677+0000","{defaultclientid=iot-device-02, thingname=iot-device-02, thingid=4ae4927a-aefb-4584-a45a-fc4839feffd6, thingarn=arn:aws:iot:us-east-1:507441099951:thing/iot-device-02, thingtypename=null, attributes={installed=1593361211, latitude=32.8205865, longitude=-96.871627}, version=1, billinggroupname=null}","2020-11-26 00:00:00.000"
"iot-device-03","1.594608568851301E9","48.4","71.24","false","false","0.0078","0.0051","0.0209","2020-11-26T17:02:18.971+0000","{defaultclientid=iot-device-03, thingname=iot-device-03, thingid=877352b9-a35d-45d3-9c98-162d89965a13, thingarn=arn:aws:iot:us-east-1:507441099951:thing/iot-device-03, thingtypename=null, attributes={installed=1592562234, latitude=37.4133144, longitude=-122.1513069}, version=1, billinggroupname=null}","2020-11-26 00:00:00.000"
"iot-device-01","1.5946085698050852E9","73.6","66.2","false","false","0.0091","0.0063","0.0244","2020-11-26T17:02:19.265+0000","{defaultclientid=iot-device-01, thingname=iot-device-01, thingid=983c2b68-f9a3-4e83-b3c6-9f6f8ad5431b, thingarn=arn:aws:iot:us-east-1:507441099951:thing/iot-device-01, thingtypename=null, attributes={installed=1594665292, latitude=37.4133144, longitude=-122.1513069}, version=1, billinggroupname=null}","2020-11-26 00:00:00.000"
"iot-device-03","1.5946085725383015E9","48.4","71.24","false","false","0.0078","0.0051","0.0209","2020-11-26T17:02:19.549+0000","{defaultclientid=iot-device-03, thingname=iot-device-03, thingid=877352b9-a35d-45d3-9c98-162d89965a13, thingarn=arn:aws:iot:us-east-1:507441099951:thing/iot-device-03, thingtypename=null, attributes={installed=1592562234, latitude=37.4133144, longitude=-122.1513069}, version=1, billinggroupname=null}","2020-11-26 00:00:00.000"
"iot-device-02","1.5946085746815302E9","59.4","78.62","true","false","0.0072","0.0046","0.0192","2020-11-26T17:02:19.839+0000","{defaultclientid=iot-device-02, thingname=iot-device-02, thingid=4ae4927a-aefb-4584-a45a-fc4839feffd6, thingarn=arn:aws:iot:us-east-1:507441099951:thing/iot-device-02, thingtypename=null, attributes={installed=1593361211, latitude=32.8205865, longitude=-96.871627}, version=1, billinggroupname=null}","2020-11-26 00:00:00.000"
"iot-device-01","1.5946085752297704E9","73.6","66.2","false","false","0.0091","0.0063","0.0244","2020-11-26T17:02:20.129+0000","{defaultclientid=iot-device-01, thingname=iot-device-01, thingid=983c2b68-f9a3-4e83-b3c6-9f6f8ad5431b, thingarn=arn:aws:iot:us-east-1:507441099951:thing/iot-device-01, thingtypename=null, attributes={installed=1594665292, latitude=37.4133144, longitude=-122.1513069}, version=1, billinggroupname=null}","2020-11-26 00:00:00.000"
"iot-device-03","1.5946085762235315E9","48.4","71.06","false","false","0.0079","0.0051","0.021","2020-11-26T17:02:20.421+0000","{defaultclientid=iot-device-03, thingname=iot-device-03, thingid=877352b9-a35d-45d3-9c98-162d89965a13, thingarn=arn:aws:iot:us-east-1:507441099951:thing/iot-device-03, thingtypename=null, attributes={installed=1592562234, latitude=37.4133144, longitude=-122.1513069}, version=1, billinggroupname=null}","2020-11-26 00:00:00.000"
"iot-device-03","1.594608594652844E9","48.4","71.06","false","false","0.0079","0.0052","0.0211","2020-11-26T17:02:23.670+0000","{defaultclientid=iot-device-03, thingname=iot-device-03, thingid=877352b9-a35d-45d3-9c98-162d89965a13, thingarn=arn:aws:iot:us-east-1:507441099951:thing/iot-device-03, thingtypename=null, attributes={installed=1592562234, latitude=37.4133144, longitude=-122.1513069}, version=1, billinggroupname=null}","2020-11-26 00:00:00.000"
"iot-device-02","1.594608597463553E9","59.4","78.62","true","false","0.0072","0.0046","0.0192","2020-11-26T17:02:23.960+0000","{defaultclientid=iot-device-02, thingname=iot-device-02, thingid=4ae4927a-aefb-4584-a45a-fc4839feffd6, thingarn=arn:aws:iot:us-east-1:507441099951:thing/iot-device-02, thingtypename=null, attributes={installed=1593361211, latitude=32.8205865, longitude=-96.871627}, version=1, billinggroupname=null}","2020-11-26 00:00:00.000"
"iot-device-01","1.5946085982433658E9","73.6","66.2","false","false","0.0091","0.0063","0.0244","2020-11-26T17:02:24.257+0000","{defaultclientid=iot-device-01, thingname=iot-device-01, thingid=983c2b68-f9a3-4e83-b3c6-9f6f8ad5431b, thingarn=arn:aws:iot:us-east-1:507441099951:thing/iot-device-01, thingtypename=null, attributes={installed=1594665292, latitude=37.4133144, longitude=-122.1513069}, version=1, billinggroupname=null}","2020-11-26 00:00:00.000"
"iot-device-03","1.594608598339201E9","48.4","71.06","false","false","0.0078","0.0051","0.021","2020-11-26T17:02:24.552+0000","{defaultclientid=iot-device-03, thingname=iot-device-03, thingid=877352b9-a35d-45d3-9c98-162d89965a13, thingarn=arn:aws:iot:us-east-1:507441099951:thing/iot-device-03, thingtypename=null, attributes={installed=1592562234, latitude=37.4133144, longitude=-122.1513069}, version=1, billinggroupname=null}","2020-11-26 00:00:00.000"
"iot-device-02","1.5946086012809231E9","59.4","78.62","true","false","0.0072","0.0046","0.0191","2020-11-26T17:02:24.858+0000","{defaultclientid=iot-device-02, thingname=iot-device-02, thingid=4ae4927a-aefb-4584-a45a-fc4839feffd6, thingarn=arn:aws:iot:us-east-1:507441099951:thing/iot-device-02, thingtypename=null, attributes={installed=1593361211, latitude=32.8205865, longitude=-96.871627}, version=1, billinggroupname=null}","2020-11-26 00:00:00.000"
"iot-device-03","1.5946086020263588E9","48.3","71.06","false","false","0.0079","0.0051","0.021","2020-11-26T17:02:25.141+0000","{defaultclientid=iot-device-03, thingname=iot-device-03, thingid=877352b9-a35d-45d3-9c98-162d89965a13, thingarn=arn:aws:iot:us-east-1:507441099951:thing/iot-device-03, thingtypename=null, attributes={installed=1592562234, latitude=37.4133144, longitude=-122.1513069}, version=1, billinggroupname=null}","2020-11-26 00:00:00.000"
"iot-device-01","1.5946086047463849E9","73.6","66.2","false","false","0.0091","0.0063","0.0244","2020-11-26T17:02:25.447+0000","{defaultclientid=iot-device-01, thingname=iot-device-01, thingid=983c2b68-f9a3-4e83-b3c6-9f6f8ad5431b, thingarn=arn:aws:iot:us-east-1:507441099951:thing/iot-device-01, thingtypename=null, attributes={installed=1594665292, latitude=37.4133144, longitude=-122.1513069}, version=1, billinggroupname=null}","2020-11-26 00:00:00.000"
"iot-device-03","1.5946086057133868E9","48.3","71.06","false","false","0.0079","0.0051","0.021","2020-11-26T17:02:25.735+0000","{defaultclientid=iot-device-03, thingname=iot-device-03, thingid=877352b9-a35d-45d3-9c98-162d89965a13, thingarn=arn:aws:iot:us-east-1:507441099951:thing/iot-device-03, thingtypename=null, attributes={installed=1592562234, latitude=37.4133144, longitude=-122.1513069}, version=1, billinggroupname=null}","2020-11-26 00:00:00.000"
"iot-device-02","1.5946086067206464E9","59.4","78.62","true","false","0.0072","0.0045","0.0191","2020-11-26T17:02:26.042+0000","{defaultclientid=iot-device-02, thingname=iot-device-02, thingid=4ae4927a-aefb-4584-a45a-fc4839feffd6, thingarn=arn:aws:iot:us-east-1:507441099951:thing/iot-device-02, thingtypename=null, attributes={installed=1593361211, latitude=32.8205865, longitude=-96.871627}, version=1, billinggroupname=null}","2020-11-26 00:00:00.000"
"iot-device-03","1.594608609399543E9","48.3","71.06","false","false","0.0079","0.0052","0.0211","2020-11-26T17:02:26.351+0000","{defaultclientid=iot-device-03, thingname=iot-device-03, thingid=877352b9-a35d-45d3-9c98-162d89965a13, thingarn=arn:aws:iot:us-east-1:507441099951:thing/iot-device-03, thingtypename=null, attributes={installed=1592562234, latitude=37.4133144, longitude=-122.1513069}, version=1, billinggroupname=null}","2020-11-26 00:00:00.000"
"iot-device-03","1.5946085283108168E9","48.3","71.24","false","false","0.0079","0.0052","0.021","2020-11-26T17:02:11.819+0000","{defaultclientid=iot-device-03, thingname=iot-device-03, thingid=877352b9-a35d-45d3-9c98-162d89965a13, thingarn=arn:aws:iot:us-east-1:507441099951:thing/iot-device-03, thingtypename=null, attributes={installed=1592562234, latitude=37.4133144, longitude=-122.1513069}, version=1, billinggroupname=null}","2020-11-26 00:00:00.000"
"iot-device-01","1.5946085310491107E9","73.6","66.2","false","false","0.0091","0.0063","0.0244","2020-11-26T17:02:12.120+0000","{defaultclientid=iot-device-01, thingname=iot-device-01, thingid=983c2b68-f9a3-4e83-b3c6-9f6f8ad5431b, thingarn=arn:aws:iot:us-east-1:507441099951:thing/iot-device-01, thingtypename=null, attributes={installed=1594665292, latitude=37.4133144, longitude=-122.1513069}, version=1, billinggroupname=null}","2020-11-26 00:00:00.000"
"iot-device-03","1.5946085320010562E9","48.3","71.24","false","false","0.0079","0.0051","0.021","2020-11-26T17:02:12.425+0000","{defaultclientid=iot-device-03, thingname=iot-device-03, thingid=877352b9-a35d-45d3-9c98-162d89965a13, thingarn=arn:aws:iot:us-east-1:507441099951:thing/iot-device-03, thingtypename=null, attributes={installed=1592562234, latitude=37.4133144, longitude=-122.1513069}, version=1, billinggroupname=null}","2020-11-26 00:00:00.000"
"iot-device-02","1.5946085324683733E9","59.4","78.62","true","false","0.0072","0.0046","0.0192","2020-11-26T17:02:12.726+0000","{defaultclientid=iot-device-02, thingname=iot-device-02, thingid=4ae4927a-aefb-4584-a45a-fc4839feffd6, thingarn=arn:aws:iot:us-east-1:507441099951:thing/iot-device-02, thingtypename=null, attributes={installed=1593361211, latitude=32.8205865, longitude=-96.871627}, version=1, billinggroupname=null}","2020-11-26 00:00:00.000"
"iot-device-03","1.594608535685045E9","48.3","71.24","false","false","0.0079","0.0052","0.0211","2020-11-26T17:02:13.048+0000","{defaultclientid=iot-device-03, thingname=iot-device-03, thingid=877352b9-a35d-45d3-9c98-162d89965a13, thingarn=arn:aws:iot:us-east-1:507441099951:thing/iot-device-03, thingtypename=null, attributes={installed=1592562234, latitude=37.4133144, longitude=-122.1513069}, version=1, billinggroupname=null}","2020-11-26 00:00:00.000"
"iot-device-01","1.5946085375512333E9","73.6","66.2","false","false","0.0091","0.0063","0.0244","2020-11-26T17:02:13.337+0000","{defaultclientid=iot-device-01, thingname=iot-device-01, thingid=983c2b68-f9a3-4e83-b3c6-9f6f8ad5431b, thingarn=arn:aws:iot:us-east-1:507441099951:thing/iot-device-01, thingtypename=null, attributes={installed=1594665292, latitude=37.4133144, longitude=-122.1513069}, version=1, billinggroupname=null}","2020-11-26 00:00:00.000"
"iot-device-02","1.5946085378756368E9","59.4","78.62","true","false","0.0072","0.0046","0.0192","2020-11-26T17:02:13.641+0000","{defaultclientid=iot-device-02, thingname=iot-device-02, thingid=4ae4927a-aefb-4584-a45a-fc4839feffd6, thingarn=arn:aws:iot:us-east-1:507441099951:thing/iot-device-02, thingtypename=null, attributes={installed=1593361211, latitude=32.8205865, longitude=-96.871627}, version=1, billinggroupname=null}","2020-11-26 00:00:00.000"
"iot-device-03","1.5946085393711472E9","48.3","71.24","false","false","0.0079","0.0051","0.021","2020-11-26T17:02:13.941+0000","{defaultclientid=iot-device-03, thingname=iot-device-03, thingid=877352b9-a35d-45d3-9c98-162d89965a13, thingarn=arn:aws:iot:us-east-1:507441099951:thing/iot-device-03, thingtypename=null, attributes={installed=1592562234, latitude=37.4133144, longitude=-122.1513069}, version=1, billinggroupname=null}","2020-11-26 00:00:00.000"
"iot-device-01","1.594608542977594E9","73.7","66.38","false","false","0.0091","0.0063","0.0244","2020-11-26T17:02:14.256+0000","{defaultclientid=iot-device-01, thingname=iot-device-01, thingid=983c2b68-f9a3-4e83-b3c6-9f6f8ad5431b, thingarn=arn:aws:iot:us-east-1:507441099951:thing/iot-device-01, thingtypename=null, attributes={installed=1594665292, latitude=37.4133144, longitude=-122.1513069}, version=1, billinggroupname=null}","2020-11-26 00:00:00.000"
"iot-device-03","1.5946085430573385E9","48.3","71.24","false","false","0.0079","0.0051","0.021","2020-11-26T17:02:14.589+0000","{defaultclientid=iot-device-03, thingname=iot-device-03, thingid=877352b9-a35d-45d3-9c98-162d89965a13, thingarn=arn:aws:iot:us-east-1:507441099951:thing/iot-device-03, thingtypename=null, attributes={installed=1592562234, latitude=37.4133144, longitude=-122.1513069}, version=1, billinggroupname=null}","2020-11-26 00:00:00.000"
"iot-device-02","1.594608545484295E9","59.4","78.62","true","false","0.0072","0.0046","0.0192","2020-11-26T17:02:14.888+0000","{defaultclientid=iot-device-02, thingname=iot-device-02, thingid=4ae4927a-aefb-4584-a45a-fc4839feffd6, thingarn=arn:aws:iot:us-east-1:507441099951:thing/iot-device-02, thingtypename=null, attributes={installed=1593361211, latitude=32.8205865, longitude=-96.871627}, version=1, billinggroupname=null}","2020-11-26 00:00:00.000"
"iot-device-03","1.5946085467434864E9","48.3","71.24","false","false","0.0079","0.0052","0.0211","2020-11-26T17:02:15.173+0000","{defaultclientid=iot-device-03, thingname=iot-device-03, thingid=877352b9-a35d-45d3-9c98-162d89965a13, thingarn=arn:aws:iot:us-east-1:507441099951:thing/iot-device-03, thingtypename=null, attributes={installed=1592562234, latitude=37.4133144, longitude=-122.1513069}, version=1, billinggroupname=null}","2020-11-26 00:00:00.000"
"iot-device-01","1.5946085467966495E9","73.7","66.2","false","false","0.0092","0.0064","0.0249","2020-11-26T17:02:15.475+0000","{defaultclientid=iot-device-01, thingname=iot-device-01, thingid=983c2b68-f9a3-4e83-b3c6-9f6f8ad5431b, thingarn=arn:aws:iot:us-east-1:507441099951:thing/iot-device-01, thingtypename=null, attributes={installed=1594665292, latitude=37.4133144, longitude=-122.1513069}, version=1, billinggroupname=null}","2020-11-26 00:00:00.000"
"iot-device-02","1.5946085498264446E9","59.4","78.62","true","false","0.0072","0.0046","0.0192","2020-11-26T17:02:15.770+0000","{defaultclientid=iot-device-02, thingname=iot-device-02, thingid=4ae4927a-aefb-4584-a45a-fc4839feffd6, thingarn=arn:aws:iot:us-east-1:507441099951:thing/iot-device-02, thingtypename=null, attributes={installed=1593361211, latitude=32.8205865, longitude=-96.871627}, version=1, billinggroupname=null}","2020-11-26 00:00:00.000"
"iot-device-03","1.5946085504272804E9","48.2","71.06","false","false","0.0079","0.0052","0.0211","2020-11-26T17:02:16.057+0000","{defaultclientid=iot-device-03, thingname=iot-device-03, thingid=877352b9-a35d-45d3-9c98-162d89965a13, thingarn=arn:aws:iot:us-east-1:507441099951:thing/iot-device-03, thingtypename=null, attributes={installed=1592562234, latitude=37.4133144, longitude=-122.1513069}, version=1, billinggroupname=null}","2020-11-26 00:00:00.000"
"iot-device-01","1.5946085506266468E9","73.7","66.2","false","false","0.0091","0.0063","0.0244","2020-11-26T17:02:16.341+0000","{defaultclientid=iot-device-01, thingname=iot-device-01, thingid=983c2b68-f9a3-4e83-b3c6-9f6f8ad5431b, thingarn=arn:aws:iot:us-east-1:507441099951:thing/iot-device-01, thingtypename=null, attributes={installed=1594665292, latitude=37.4133144, longitude=-122.1513069}, version=1, billinggroupname=null}","2020-11-26 00:00:00.000"
"iot-device-03","1.5946085541123788E9","48.3","71.24","false","false","0.0079","0.0051","0.021","2020-11-26T17:02:16.634+0000","{defaultclientid=iot-device-03, thingname=iot-device-03, thingid=877352b9-a35d-45d3-9c98-162d89965a13, thingarn=arn:aws:iot:us-east-1:507441099951:thing/iot-device-03, thingtypename=null, attributes={installed=1592562234, latitude=37.4133144, longitude=-122.1513069}, version=1, billinggroupname=null}","2020-11-26 00:00:00.000"
"iot-device-02","1.5946085541676207E9","59.4","78.62","true","false","0.0072","0.0046","0.0192","2020-11-26T17:02:16.915+0000","{defaultclientid=iot-device-02, thingname=iot-device-02, thingid=4ae4927a-aefb-4584-a45a-fc4839feffd6, thingarn=arn:aws:iot:us-east-1:507441099951:thing/iot-device-02, thingtypename=null, attributes={installed=1593361211, latitude=32.8205865, longitude=-96.871627}, version=1, billinggroupname=null}","2020-11-26 00:00:00.000"
"iot-device-01","1.5946085544414694E9","73.7","66.2","false","false","0.009","0.0062","0.0242","2020-11-26T17:02:17.211+0000","{defaultclientid=iot-device-01, thingname=iot-device-01, thingid=983c2b68-f9a3-4e83-b3c6-9f6f8ad5431b, thingarn=arn:aws:iot:us-east-1:507441099951:thing/iot-device-01, thingtypename=null, attributes={installed=1594665292, latitude=37.4133144, longitude=-122.1513069}, version=1, billinggroupname=null}","2020-11-26 00:00:00.000"
"iot-device-03","1.5946085577972836E9","48.3","71.24","false","false","0.0079","0.0052","0.0211","2020-11-26T17:02:17.488+0000","{defaultclientid=iot-device-03, thingname=iot-device-03, thingid=877352b9-a35d-45d3-9c98-162d89965a13, thingarn=arn:aws:iot:us-east-1:507441099951:thing/iot-device-03, thingtypename=null, attributes={installed=1592562234, latitude=37.4133144, longitude=-122.1513069}, version=1, billinggroupname=null}","2020-11-26 00:00:00.000"
"iot-device-02","1.5946085790207071E9","59.4","78.62","true","false","0.0072","0.0046","0.0192","2020-11-26T17:02:20.716+0000","{defaultclientid=iot-device-02, thingname=iot-device-02, thingid=4ae4927a-aefb-4584-a45a-fc4839feffd6, thingarn=arn:aws:iot:us-east-1:507441099951:thing/iot-device-02, thingtypename=null, attributes={installed=1593361211, latitude=32.8205865, longitude=-96.871627}, version=1, billinggroupname=null}","2020-11-26 00:00:00.000"
"iot-device-03","1.5946085799096825E9","48.4","71.06","false","false","0.0079","0.0051","0.021","2020-11-26T17:02:21.022+0000","{defaultclientid=iot-device-03, thingname=iot-device-03, thingid=877352b9-a35d-45d3-9c98-162d89965a13, thingarn=arn:aws:iot:us-east-1:507441099951:thing/iot-device-03, thingtypename=null, attributes={installed=1592562234, latitude=37.4133144, longitude=-122.1513069}, version=1, billinggroupname=null}","2020-11-26 00:00:00.000"
"iot-device-02","1.5946085828284965E9","59.4","78.62","true","false","0.0072","0.0046","0.0192","2020-11-26T17:02:21.337+0000","{defaultclientid=iot-device-02, thingname=iot-device-02, thingid=4ae4927a-aefb-4584-a45a-fc4839feffd6, thingarn=arn:aws:iot:us-east-1:507441099951:thing/iot-device-02, thingtypename=null, attributes={installed=1593361211, latitude=32.8205865, longitude=-96.871627}, version=1, billinggroupname=null}","2020-11-26 00:00:00.000"
"iot-device-03","1.5946085835957766E9","48.4","71.06","false","false","0.0078","0.0051","0.021","2020-11-26T17:02:21.621+0000","{defaultclientid=iot-device-03, thingname=iot-device-03, thingid=877352b9-a35d-45d3-9c98-162d89965a13, thingarn=arn:aws:iot:us-east-1:507441099951:thing/iot-device-03, thingtypename=null, attributes={installed=1592562234, latitude=37.4133144, longitude=-122.1513069}, version=1, billinggroupname=null}","2020-11-26 00:00:00.000"
"iot-device-03","1.5946085872817564E9","48.4","71.06","false","false","0.0078","0.0051","0.021","2020-11-26T17:02:21.904+0000","{defaultclientid=iot-device-03, thingname=iot-device-03, thingid=877352b9-a35d-45d3-9c98-162d89965a13, thingarn=arn:aws:iot:us-east-1:507441099951:thing/iot-device-03, thingtypename=null, attributes={installed=1592562234, latitude=37.4133144, longitude=-122.1513069}, version=1, billinggroupname=null}","2020-11-26 00:00:00.000"
"iot-device-02","1.594608587705466E9","59.4","78.62","true","false","0.0072","0.0046","0.0192","2020-11-26T17:02:22.202+0000","{defaultclientid=iot-device-02, thingname=iot-device-02, thingid=4ae4927a-aefb-4584-a45a-fc4839feffd6, thingarn=arn:aws:iot:us-east-1:507441099951:thing/iot-device-02, thingtypename=null, attributes={installed=1593361211, latitude=32.8205865, longitude=-96.871627}, version=1, billinggroupname=null}","2020-11-26 00:00:00.000"
"iot-device-01","1.5946085879189868E9","73.5","66.2","false","false","0.0091","0.0063","0.0244","2020-11-26T17:02:22.489+0000","{defaultclientid=iot-device-01, thingname=iot-device-01, thingid=983c2b68-f9a3-4e83-b3c6-9f6f8ad5431b, thingarn=arn:aws:iot:us-east-1:507441099951:thing/iot-device-01, thingtypename=null, attributes={installed=1594665292, latitude=37.4133144, longitude=-122.1513069}, version=1, billinggroupname=null}","2020-11-26 00:00:00.000"
"iot-device-03","1.594608590966652E9","48.4","71.06","false","false","0.0079","0.0052","0.0211","2020-11-26T17:02:22.779+0000","{defaultclientid=iot-device-03, thingname=iot-device-03, thingid=877352b9-a35d-45d3-9c98-162d89965a13, thingarn=arn:aws:iot:us-east-1:507441099951:thing/iot-device-03, thingtypename=null, attributes={installed=1592562234, latitude=37.4133144, longitude=-122.1513069}, version=1, billinggroupname=null}","2020-11-26 00:00:00.000"
"iot-device-01","1.5946085928125136E9","73.6","66.2","false","false","0.0091","0.0063","0.0244","2020-11-26T17:02:23.079+0000","{defaultclientid=iot-device-01, thingname=iot-device-01, thingid=983c2b68-f9a3-4e83-b3c6-9f6f8ad5431b, thingarn=arn:aws:iot:us-east-1:507441099951:thing/iot-device-01, thingtypename=null, attributes={installed=1594665292, latitude=37.4133144, longitude=-122.1513069}, version=1, billinggroupname=null}","2020-11-26 00:00:00.000"
"iot-device-02","1.5946085931210492E9","59.3","78.44","true","false","0.0073","0.0046","0.0193","2020-11-26T17:02:23.378+0000","{defaultclientid=iot-device-02, thingname=iot-device-02, thingid=4ae4927a-aefb-4584-a45a-fc4839feffd6, thingarn=arn:aws:iot:us-east-1:507441099951:thing/iot-device-02, thingtypename=null, attributes={installed=1593361211, latitude=32.8205865, longitude=-96.871627}, version=1, billinggroupname=null}","2020-11-26 00:00:00.000"
"iot-device-03","1.5946192970154169E9","50.8","71.78","false","false","0.0078","0.0051","0.0209","2020-11-26T17:05:30.081+0000","{defaultclientid=iot-device-03, thingname=iot-device-03, thingid=877352b9-a35d-45d3-9c98-162d89965a13, thingarn=arn:aws:iot:us-east-1:507441099951:thing/iot-device-03, thingtypename=null, attributes={installed=1592562234, latitude=37.4133144, longitude=-122.1513069}, version=1, billinggroupname=null}","2020-11-26 00:00:00.000"
"iot-device-03","1.5946193006989462E9","50.8","71.78","false","false","0.0078","0.0051","0.0209","2020-11-26T17:05:30.379+0000","{defaultclientid=iot-device-03, thingname=iot-device-03, thingid=877352b9-a35d-45d3-9c98-162d89965a13, thingarn=arn:aws:iot:us-east-1:507441099951:thing/iot-device-03, thingtypename=null, attributes={installed=1592562234, latitude=37.4133144, longitude=-122.1513069}, version=1, billinggroupname=null}","2020-11-26 00:00:00.000"
"iot-device-01","1.594619302961257E9","75.8","66.74","false","false","0.0074","0.0047","0.0196","2020-11-26T17:05:30.738+0000","{defaultclientid=iot-device-01, thingname=iot-device-01, thingid=983c2b68-f9a3-4e83-b3c6-9f6f8ad5431b, thingarn=arn:aws:iot:us-east-1:507441099951:thing/iot-device-01, thingtypename=null, attributes={installed=1594665292, latitude=37.4133144, longitude=-122.1513069}, version=1, billinggroupname=null}","2020-11-26 00:00:00.000"
"iot-device-02","1.5946193037865887E9","59.8","76.64","true","false","0.0072","0.0046","0.0192","2020-11-26T17:05:31.048+0000","{defaultclientid=iot-device-02, thingname=iot-device-02, thingid=4ae4927a-aefb-4584-a45a-fc4839feffd6, thingarn=arn:aws:iot:us-east-1:507441099951:thing/iot-device-02, thingtypename=null, attributes={installed=1593361211, latitude=32.8205865, longitude=-96.871627}, version=1, billinggroupname=null}","2020-11-26 00:00:00.000"
"iot-device-03","1.594619304314802E9","50.8","71.78","false","false","0.0078","0.0051","0.0209","2020-11-26T17:05:31.338+0000","{defaultclientid=iot-device-03, thingname=iot-device-03, thingid=877352b9-a35d-45d3-9c98-162d89965a13, thingarn=arn:aws:iot:us-east-1:507441099951:thing/iot-device-03, thingtypename=null, attributes={installed=1592562234, latitude=37.4133144, longitude=-122.1513069}, version=1, billinggroupname=null}","2020-11-26 00:00:00.000"
"iot-device-02","1.5946193075931628E9","59.9","76.64","true","false","0.0072","0.0046","0.0192","2020-11-26T17:05:31.630+0000","{defaultclientid=iot-device-02, thingname=iot-device-02, thingid=4ae4927a-aefb-4584-a45a-fc4839feffd6, thingarn=arn:aws:iot:us-east-1:507441099951:thing/iot-device-02, thingtypename=null, attributes={installed=1593361211, latitude=32.8205865, longitude=-96.871627}, version=1, billinggroupname=null}","2020-11-26 00:00:00.000"
"iot-device-03","1.594619308008258E9","50.8","71.78","false","false","0.0078","0.0051","0.0209","2020-11-26T17:05:31.915+0000","{defaultclientid=iot-device-03, thingname=iot-device-03, thingid=877352b9-a35d-45d3-9c98-162d89965a13, thingarn=arn:aws:iot:us-east-1:507441099951:thing/iot-device-03, thingtypename=null, attributes={installed=1592562234, latitude=37.4133144, longitude=-122.1513069}, version=1, billinggroupname=null}","2020-11-26 00:00:00.000"
"iot-device-01","1.5946193083960204E9","75.8","67.1","false","false","0.0072","0.0046","0.0192","2020-11-26T17:05:32.219+0000","{defaultclientid=iot-device-01, thingname=iot-device-01, thingid=983c2b68-f9a3-4e83-b3c6-9f6f8ad5431b, thingarn=arn:aws:iot:us-east-1:507441099951:thing/iot-device-01, thingtypename=null, attributes={installed=1594665292, latitude=37.4133144, longitude=-122.1513069}, version=1, billinggroupname=null}","2020-11-26 00:00:00.000"
"iot-device-03","1.5946193116946568E9","50.8","71.78","false","false","0.0078","0.0051","0.0208","2020-11-26T17:05:32.505+0000","{defaultclientid=iot-device-03, thingname=iot-device-03, thingid=877352b9-a35d-45d3-9c98-162d89965a13, thingarn=arn:aws:iot:us-east-1:507441099951:thing/iot-device-03, thingtypename=null, attributes={installed=1592562234, latitude=37.4133144, longitude=-122.1513069}, version=1, billinggroupname=null}","2020-11-26 00:00:00.000"
"iot-device-01","1.5946193122183998E9","75.8","67.1","false","false","0.0071","0.0045","0.0189","2020-11-26T17:05:32.821+0000","{defaultclientid=iot-device-01, thingname=iot-device-01, thingid=983c2b68-f9a3-4e83-b3c6-9f6f8ad5431b, thingarn=arn:aws:iot:us-east-1:507441099951:thing/iot-device-01, thingtypename=null, attributes={installed=1594665292, latitude=37.4133144, longitude=-122.1513069}, version=1, billinggroupname=null}","2020-11-26 00:00:00.000"
"iot-device-03","1.594619381757167E9","50.8","71.78","false","false","0.0078","0.0051","0.0209","2020-11-26T17:05:45.090+0000","{defaultclientid=iot-device-03, thingname=iot-device-03, thingid=877352b9-a35d-45d3-9c98-162d89965a13, thingarn=arn:aws:iot:us-east-1:507441099951:thing/iot-device-03, thingtypename=null, attributes={installed=1592562234, latitude=37.4133144, longitude=-122.1513069}, version=1, billinggroupname=null}","2020-11-26 00:00:00.000"
"iot-device-01","1.5946193848935466E9","75.8","67.1","false","false","0.0073","0.0046","0.0194","2020-11-26T17:05:45.393+0000","{defaultclientid=iot-device-01, thingname=iot-device-01, thingid=983c2b68-f9a3-4e83-b3c6-9f6f8ad5431b, thingarn=arn:aws:iot:us-east-1:507441099951:thing/iot-device-01, thingtypename=null, attributes={installed=1594665292, latitude=37.4133144, longitude=-122.1513069}, version=1, billinggroupname=null}","2020-11-26 00:00:00.000"
"iot-device-03","1.5946193853669012E9","50.8","71.78","false","false","0.0079","0.0051","0.021","2020-11-26T17:05:45.689+0000","{defaultclientid=iot-device-03, thingname=iot-device-03, thingid=877352b9-a35d-45d3-9c98-162d89965a13, thingarn=arn:aws:iot:us-east-1:507441099951:thing/iot-device-03, thingtypename=null, attributes={installed=1592562234, latitude=37.4133144, longitude=-122.1513069}, version=1, billinggroupname=null}","2020-11-26 00:00:00.000"
"iot-device-02","1.59461938593599E9","59.9","76.64","true","false","0.0072","0.0046","0.0192","2020-11-26T17:05:45.981+0000","{defaultclientid=iot-device-02, thingname=iot-device-02, thingid=4ae4927a-aefb-4584-a45a-fc4839feffd6, thingarn=arn:aws:iot:us-east-1:507441099951:thing/iot-device-02, thingtypename=null, attributes={installed=1593361211, latitude=32.8205865, longitude=-96.871627}, version=1, billinggroupname=null}","2020-11-26 00:00:00.000"
"iot-device-03","1.594619389068004E9","50.8","71.78","false","false","0.0078","0.0051","0.0208","2020-11-26T17:05:46.266+0000","{defaultclientid=iot-device-03, thingname=iot-device-03, thingid=877352b9-a35d-45d3-9c98-162d89965a13, thingarn=arn:aws:iot:us-east-1:507441099951:thing/iot-device-03, thingtypename=null, attributes={installed=1592562234, latitude=37.4133144, longitude=-122.1513069}, version=1, billinggroupname=null}","2020-11-26 00:00:00.000"
"iot-device-01","1.594619390862295E9","75.8","67.1","false","false","0.0071","0.0045","0.0189","2020-11-26T17:05:46.560+0000","{defaultclientid=iot-device-01, thingname=iot-device-01, thingid=983c2b68-f9a3-4e83-b3c6-9f6f8ad5431b, thingarn=arn:aws:iot:us-east-1:507441099951:thing/iot-device-01, thingtypename=null, attributes={installed=1594665292, latitude=37.4133144, longitude=-122.1513069}, version=1, billinggroupname=null}","2020-11-26 00:00:00.000"
"iot-device-03","1.5946193930105114E9","50.8","71.78","false","false","0.0078","0.0051","0.0209","2020-11-26T17:05:46.860+0000","{defaultclientid=iot-device-03, thingname=iot-device-03, thingid=877352b9-a35d-45d3-9c98-162d89965a13, thingarn=arn:aws:iot:us-east-1:507441099951:thing/iot-device-03, thingtypename=null, attributes={installed=1592562234, latitude=37.4133144, longitude=-122.1513069}, version=1, billinggroupname=null}","2020-11-26 00:00:00.000"
"iot-device-02","1.5946193945508986E9","59.9","76.64","true","false","0.0072","0.0045","0.019","2020-11-26T17:05:47.145+0000","{defaultclientid=iot-device-02, thingname=iot-device-02, thingid=4ae4927a-aefb-4584-a45a-fc4839feffd6, thingarn=arn:aws:iot:us-east-1:507441099951:thing/iot-device-02, thingtypename=null, attributes={installed=1593361211, latitude=32.8205865, longitude=-96.871627}, version=1, billinggroupname=null}","2020-11-26 00:00:00.000"
"iot-device-01","1.594619396286348E9","75.8","67.1","false","false","0.0072","0.0046","0.0192","2020-11-26T17:05:47.431+0000","{defaultclientid=iot-device-01, thingname=iot-device-01, thingid=983c2b68-f9a3-4e83-b3c6-9f6f8ad5431b, thingarn=arn:aws:iot:us-east-1:507441099951:thing/iot-device-01, thingtypename=null, attributes={installed=1594665292, latitude=37.4133144, longitude=-122.1513069}, version=1, billinggroupname=null}","2020-11-26 00:00:00.000"
"iot-device-03","1.5946193967083926E9","50.8","71.78","false","false","0.0078","0.0051","0.0209","2020-11-26T17:05:47.719+0000","{defaultclientid=iot-device-03, thingname=iot-device-03, thingid=877352b9-a35d-45d3-9c98-162d89965a13, thingarn=arn:aws:iot:us-east-1:507441099951:thing/iot-device-03, thingtypename=null, attributes={installed=1592562234, latitude=37.4133144, longitude=-122.1513069}, version=1, billinggroupname=null}","2020-11-26 00:00:00.000"
"iot-device-02","1.5946193983593116E9","60.0","76.64","true","false","0.0072","0.0046","0.0192","2020-11-26T17:05:48.029+0000","{defaultclientid=iot-device-02, thingname=iot-device-02, thingid=4ae4927a-aefb-4584-a45a-fc4839feffd6, thingarn=arn:aws:iot:us-east-1:507441099951:thing/iot-device-02, thingtypename=null, attributes={installed=1593361211, latitude=32.8205865, longitude=-96.871627}, version=1, billinggroupname=null}","2020-11-26 00:00:00.000"
"iot-device-03","1.59461940039409E9","50.8","71.78","false","false","0.0078","0.0051","0.0209","2020-11-26T17:05:48.313+0000","{defaultclientid=iot-device-03, thingname=iot-device-03, thingid=877352b9-a35d-45d3-9c98-162d89965a13, thingarn=arn:aws:iot:us-east-1:507441099951:thing/iot-device-03, thingtypename=null, attributes={installed=1592562234, latitude=37.4133144, longitude=-122.1513069}, version=1, billinggroupname=null}","2020-11-26 00:00:00.000"
"iot-device-01","1.5946194017137706E9","75.8","67.1","false","false","0.0073","0.0046","0.0194","2020-11-26T17:05:48.604+0000","{defaultclientid=iot-device-01, thingname=iot-device-01, thingid=983c2b68-f9a3-4e83-b3c6-9f6f8ad5431b, thingarn=arn:aws:iot:us-east-1:507441099951:thing/iot-device-01, thingtypename=null, attributes={installed=1594665292, latitude=37.4133144, longitude=-122.1513069}, version=1, billinggroupname=null}","2020-11-26 00:00:00.000"
"iot-device-02","1.5946194032479858E9","59.9","76.64","true","false","0.0072","0.0046","0.0192","2020-11-26T17:05:48.884+0000","{defaultclientid=iot-device-02, thingname=iot-device-02, thingid=4ae4927a-aefb-4584-a45a-fc4839feffd6, thingarn=arn:aws:iot:us-east-1:507441099951:thing/iot-device-02, thingtypename=null, attributes={installed=1593361211, latitude=32.8205865, longitude=-96.871627}, version=1, billinggroupname=null}","2020-11-26 00:00:00.000"
"iot-device-03","1.594619404079509E9","50.8","71.78","false","false","0.0078","0.0051","0.0209","2020-11-26T17:05:49.171+0000","{defaultclientid=iot-device-03, thingname=iot-device-03, thingid=877352b9-a35d-45d3-9c98-162d89965a13, thingarn=arn:aws:iot:us-east-1:507441099951:thing/iot-device-03, thingtypename=null, attributes={installed=1592562234, latitude=37.4133144, longitude=-122.1513069}, version=1, billinggroupname=null}","2020-11-26 00:00:00.000"
"iot-device-01","1.5946194055380168E9","75.8","67.1","false","false","0.0072","0.0046","0.0192","2020-11-26T17:05:49.452+0000","{defaultclientid=iot-device-01, thingname=iot-device-01, thingid=983c2b68-f9a3-4e83-b3c6-9f6f8ad5431b, thingarn=arn:aws:iot:us-east-1:507441099951:thing/iot-device-01, thingtypename=null, attributes={installed=1594665292, latitude=37.4133144, longitude=-122.1513069}, version=1, billinggroupname=null}","2020-11-26 00:00:00.000"
"iot-device-03","1.5946194077654426E9","50.8","71.78","false","false","0.0078","0.0051","0.0209","2020-11-26T17:05:49.748+0000","{defaultclientid=iot-device-03, thingname=iot-device-03, thingid=877352b9-a35d-45d3-9c98-162d89965a13, thingarn=arn:aws:iot:us-east-1:507441099951:thing/iot-device-03, thingtypename=null, attributes={installed=1592562234, latitude=37.4133144, longitude=-122.1513069}, version=1, billinggroupname=null}","2020-11-26 00:00:00.000"
"iot-device-03","1.5946194114514835E9","50.8","71.78","false","false","0.0078","0.0051","0.0209","2020-11-26T17:05:50.041+0000","{defaultclientid=iot-device-03, thingname=iot-device-03, thingid=877352b9-a35d-45d3-9c98-162d89965a13, thingarn=arn:aws:iot:us-east-1:507441099951:thing/iot-device-03, thingtypename=null, attributes={installed=1592562234, latitude=37.4133144, longitude=-122.1513069}, version=1, billinggroupname=null}","2020-11-26 00:00:00.000"
"iot-device-01","1.5946194120988624E9","76.1","67.1","false","false","0.0072","0.0046","0.0192","2020-11-26T17:05:50.330+0000","{defaultclientid=iot-device-01, thingname=iot-device-01, thingid=983c2b68-f9a3-4e83-b3c6-9f6f8ad5431b, thingarn=arn:aws:iot:us-east-1:507441099951:thing/iot-device-01, thingtypename=null, attributes={installed=1594665292, latitude=37.4133144, longitude=-122.1513069}, version=1, billinggroupname=null}","2020-11-26 00:00:00.000"
"iot-device-02","1.5946194129617226E9","59.9","76.64","true","false","0.0072","0.0046","0.0191","2020-11-26T17:05:50.620+0000","{defaultclientid=iot-device-02, thingname=iot-device-02, thingid=4ae4927a-aefb-4584-a45a-fc4839feffd6, thingarn=arn:aws:iot:us-east-1:507441099951:thing/iot-device-02, thingtypename=null, attributes={installed=1593361211, latitude=32.8205865, longitude=-96.871627}, version=1, billinggroupname=null}","2020-11-26 00:00:00.000"
"iot-device-03","1.59461933013801E9","50.8","71.78","false","false","0.0078","0.0051","0.0208","2020-11-26T17:05:36.068+0000","{defaultclientid=iot-device-03, thingname=iot-device-03, thingid=877352b9-a35d-45d3-9c98-162d89965a13, thingarn=arn:aws:iot:us-east-1:507441099951:thing/iot-device-03, thingtypename=null, attributes={installed=1592562234, latitude=37.4133144, longitude=-122.1513069}, version=1, billinggroupname=null}","2020-11-26 00:00:00.000"
"iot-device-01","1.5946193301776302E9","75.9","67.1","false","false","0.0072","0.0046","0.0192","2020-11-26T17:05:36.362+0000","{defaultclientid=iot-device-01, thingname=iot-device-01, thingid=983c2b68-f9a3-4e83-b3c6-9f6f8ad5431b, thingarn=arn:aws:iot:us-east-1:507441099951:thing/iot-device-01, thingtypename=null, attributes={installed=1594665292, latitude=37.4133144, longitude=-122.1513069}, version=1, billinggroupname=null}","2020-11-26 00:00:00.000"
"iot-device-02","1.594619330855472E9","60.0","76.64","true","false","0.0072","0.0045","0.0191","2020-11-26T17:05:36.655+0000","{defaultclientid=iot-device-02, thingname=iot-device-02, thingid=4ae4927a-aefb-4584-a45a-fc4839feffd6, thingarn=arn:aws:iot:us-east-1:507441099951:thing/iot-device-02, thingtypename=null, attributes={installed=1593361211, latitude=32.8205865, longitude=-96.871627}, version=1, billinggroupname=null}","2020-11-26 00:00:00.000"
"iot-device-03","1.5946193338256109E9","50.8","71.78","false","false","0.0078","0.0051","0.0209","2020-11-26T17:05:36.977+0000","{defaultclientid=iot-device-03, thingname=iot-device-03, thingid=877352b9-a35d-45d3-9c98-162d89965a13, thingarn=arn:aws:iot:us-east-1:507441099951:thing/iot-device-03, thingtypename=null, attributes={installed=1592562234, latitude=37.4133144, longitude=-122.1513069}, version=1, billinggroupname=null}","2020-11-26 00:00:00.000"
"iot-device-01","1.5946193350662901E9","75.9","67.1","false","false","0.0072","0.0046","0.0192","2020-11-26T17:05:37.279+0000","{defaultclientid=iot-device-01, thingname=iot-device-01, thingid=983c2b68-f9a3-4e83-b3c6-9f6f8ad5431b, thingarn=arn:aws:iot:us-east-1:507441099951:thing/iot-device-01, thingtypename=null, attributes={installed=1594665292, latitude=37.4133144, longitude=-122.1513069}, version=1, billinggroupname=null}","2020-11-26 00:00:00.000"
"iot-device-02","1.5946193367997305E9","59.9","76.64","true","false","0.0072","0.0045","0.019","2020-11-26T17:05:37.564+0000","{defaultclientid=iot-device-02, thingname=iot-device-02, thingid=4ae4927a-aefb-4584-a45a-fc4839feffd6, thingarn=arn:aws:iot:us-east-1:507441099951:thing/iot-device-02, thingtypename=null, attributes={installed=1593361211, latitude=32.8205865, longitude=-96.871627}, version=1, billinggroupname=null}","2020-11-26 00:00:00.000"
"iot-device-03","1.5946193375133045E9","50.8","71.78","false","false","0.0078","0.0051","0.0208","2020-11-26T17:05:37.861+0000","{defaultclientid=iot-device-03, thingname=iot-device-03, thingid=877352b9-a35d-45d3-9c98-162d89965a13, thingarn=arn:aws:iot:us-east-1:507441099951:thing/iot-device-03, thingtypename=null, attributes={installed=1592562234, latitude=37.4133144, longitude=-122.1513069}, version=1, billinggroupname=null}","2020-11-26 00:00:00.000"
"iot-device-03","1.5946193411999798E9","50.8","71.78","false","false","0.0078","0.0051","0.0208","2020-11-26T17:05:38.164+0000","{defaultclientid=iot-device-03, thingname=iot-device-03, thingid=877352b9-a35d-45d3-9c98-162d89965a13, thingarn=arn:aws:iot:us-east-1:507441099951:thing/iot-device-03, thingtypename=null, attributes={installed=1592562234, latitude=37.4133144, longitude=-122.1513069}, version=1, billinggroupname=null}","2020-11-26 00:00:00.000"
"iot-device-01","1.5946193437173648E9","75.8","67.1","false","false","0.0072","0.0046","0.0192","2020-11-26T17:05:38.610+0000","{defaultclientid=iot-device-01, thingname=iot-device-01, thingid=983c2b68-f9a3-4e83-b3c6-9f6f8ad5431b, thingarn=arn:aws:iot:us-east-1:507441099951:thing/iot-device-01, thingtypename=null, attributes={installed=1594665292, latitude=37.4133144, longitude=-122.1513069}, version=1, billinggroupname=null}","2020-11-26 00:00:00.000"
"iot-device-03","1.5946193448874314E9","50.8","71.78","false","false","0.0078","0.0051","0.0209","2020-11-26T17:05:38.916+0000","{defaultclientid=iot-device-03, thingname=iot-device-03, thingid=877352b9-a35d-45d3-9c98-162d89965a13, thingarn=arn:aws:iot:us-east-1:507441099951:thing/iot-device-03, thingtypename=null, attributes={installed=1592562234, latitude=37.4133144, longitude=-122.1513069}, version=1, billinggroupname=null}","2020-11-26 00:00:00.000"
"iot-device-02","1.594619313005848E9","59.9","76.64","true","false","0.0072","0.0045","0.019","2020-11-26T17:05:33.108+0000","{defaultclientid=iot-device-02, thingname=iot-device-02, thingid=4ae4927a-aefb-4584-a45a-fc4839feffd6, thingarn=arn:aws:iot:us-east-1:507441099951:thing/iot-device-02, thingtypename=null, attributes={installed=1593361211, latitude=32.8205865, longitude=-96.871627}, version=1, billinggroupname=null}","2020-11-26 00:00:00.000"
"iot-device-03","1.5946193153772821E9","50.8","71.78","false","false","0.0078","0.0051","0.0208","2020-11-26T17:05:33.405+0000","{defaultclientid=iot-device-03, thingname=iot-device-03, thingid=877352b9-a35d-45d3-9c98-162d89965a13, thingarn=arn:aws:iot:us-east-1:507441099951:thing/iot-device-03, thingtypename=null, attributes={installed=1592562234, latitude=37.4133144, longitude=-122.1513069}, version=1, billinggroupname=null}","2020-11-26 00:00:00.000"
"iot-device-01","1.5946193171090865E9","75.8","67.1","false","false","0.0072","0.0046","0.0192","2020-11-26T17:05:33.695+0000","{defaultclientid=iot-device-01, thingname=iot-device-01, thingid=983c2b68-f9a3-4e83-b3c6-9f6f8ad5431b, thingarn=arn:aws:iot:us-east-1:507441099951:thing/iot-device-01, thingtypename=null, attributes={installed=1594665292, latitude=37.4133144, longitude=-122.1513069}, version=1, billinggroupname=null}","2020-11-26 00:00:00.000"
"iot-device-02","1.5946193173484938E9","59.9","76.64","true","false","0.0072","0.0046","0.0192","2020-11-26T17:05:33.990+0000","{defaultclientid=iot-device-02, thingname=iot-device-02, thingid=4ae4927a-aefb-4584-a45a-fc4839feffd6, thingarn=arn:aws:iot:us-east-1:507441099951:thing/iot-device-02, thingtypename=null, attributes={installed=1593361211, latitude=32.8205865, longitude=-96.871627}, version=1, billinggroupname=null}","2020-11-26 00:00:00.000"
"iot-device-03","1.5946193190606961E9","50.8","71.78","false","false","0.0078","0.0051","0.0209","2020-11-26T17:05:34.297+0000","{defaultclientid=iot-device-03, thingname=iot-device-03, thingid=877352b9-a35d-45d3-9c98-162d89965a13, thingarn=arn:aws:iot:us-east-1:507441099951:thing/iot-device-03, thingtypename=null, attributes={installed=1592562234, latitude=37.4133144, longitude=-122.1513069}, version=1, billinggroupname=null}","2020-11-26 00:00:00.000"
"iot-device-01","1.5946193214693005E9","75.8","67.1","false","false","0.0072","0.0046","0.0192","2020-11-26T17:05:34.601+0000","{defaultclientid=iot-device-01, thingname=iot-device-01, thingid=983c2b68-f9a3-4e83-b3c6-9f6f8ad5431b, thingarn=arn:aws:iot:us-east-1:507441099951:thing/iot-device-01, thingtypename=null, attributes={installed=1594665292, latitude=37.4133144, longitude=-122.1513069}, version=1, billinggroupname=null}","2020-11-26 00:00:00.000"
"iot-device-02","1.5946193216923778E9","59.9","76.64","true","false","0.0072","0.0046","0.0192","2020-11-26T17:05:34.898+0000","{defaultclientid=iot-device-02, thingname=iot-device-02, thingid=4ae4927a-aefb-4584-a45a-fc4839feffd6, thingarn=arn:aws:iot:us-east-1:507441099951:thing/iot-device-02, thingtypename=null, attributes={installed=1593361211, latitude=32.8205865, longitude=-96.871627}, version=1, billinggroupname=null}","2020-11-26 00:00:00.000"
"iot-device-03","1.5946193227354288E9","50.8","71.78","false","false","0.0078","0.0051","0.0209","2020-11-26T17:05:35.194+0000","{defaultclientid=iot-device-03, thingname=iot-device-03, thingid=877352b9-a35d-45d3-9c98-162d89965a13, thingarn=arn:aws:iot:us-east-1:507441099951:thing/iot-device-03, thingtypename=null, attributes={installed=1592562234, latitude=37.4133144, longitude=-122.1513069}, version=1, billinggroupname=null}","2020-11-26 00:00:00.000"
"iot-device-01","1.5946193258227339E9","75.9","67.1","false","false","0.0072","0.0046","0.0192","2020-11-26T17:05:35.486+0000","{defaultclientid=iot-device-01, thingname=iot-device-01, thingid=983c2b68-f9a3-4e83-b3c6-9f6f8ad5431b, thingarn=arn:aws:iot:us-east-1:507441099951:thing/iot-device-01, thingtypename=null, attributes={installed=1594665292, latitude=37.4133144, longitude=-122.1513069}, version=1, billinggroupname=null}","2020-11-26 00:00:00.000"
"iot-device-03","1.5946193264355192E9","50.8","71.78","false","false","0.0078","0.0051","0.0209","2020-11-26T17:05:35.775+0000","{defaultclientid=iot-device-03, thingname=iot-device-03, thingid=877352b9-a35d-45d3-9c98-162d89965a13, thingarn=arn:aws:iot:us-east-1:507441099951:thing/iot-device-03, thingtypename=null, attributes={installed=1592562234, latitude=37.4133144, longitude=-122.1513069}, version=1, billinggroupname=null}","2020-11-26 00:00:00.000"
"iot-device-02","1.5946193627454505E9","59.9","76.64","true","false","0.0072","0.0045","0.0191","2020-11-26T17:05:42.149+0000","{defaultclientid=iot-device-02, thingname=iot-device-02, thingid=4ae4927a-aefb-4584-a45a-fc4839feffd6, thingarn=arn:aws:iot:us-east-1:507441099951:thing/iot-device-02, thingtypename=null, attributes={installed=1593361211, latitude=32.8205865, longitude=-96.871627}, version=1, billinggroupname=null}","2020-11-26 00:00:00.000"
"iot-device-03","1.59461936332437E9","50.9","71.96","false","false","0.0078","0.0051","0.0209","2020-11-26T17:05:42.438+0000","{defaultclientid=iot-device-03, thingname=iot-device-03, thingid=877352b9-a35d-45d3-9c98-162d89965a13, thingarn=arn:aws:iot:us-east-1:507441099951:thing/iot-device-03, thingtypename=null, attributes={installed=1592562234, latitude=37.4133144, longitude=-122.1513069}, version=1, billinggroupname=null}","2020-11-26 00:00:00.000"
"iot-device-03","1.5946193670119286E9","50.8","71.78","false","false","0.0078","0.0051","0.0208","2020-11-26T17:05:42.729+0000","{defaultclientid=iot-device-03, thingname=iot-device-03, thingid=877352b9-a35d-45d3-9c98-162d89965a13, thingarn=arn:aws:iot:us-east-1:507441099951:thing/iot-device-03, thingtypename=null, attributes={installed=1592562234, latitude=37.4133144, longitude=-122.1513069}, version=1, billinggroupname=null}","2020-11-26 00:00:00.000"
"iot-device-01","1.5946193675903625E9","75.8","67.1","false","false","0.0072","0.0046","0.0192","2020-11-26T17:05:43.020+0000","{defaultclientid=iot-device-01, thingname=iot-device-01, thingid=983c2b68-f9a3-4e83-b3c6-9f6f8ad5431b, thingarn=arn:aws:iot:us-east-1:507441099951:thing/iot-device-01, thingtypename=null, attributes={installed=1594665292, latitude=37.4133144, longitude=-122.1513069}, version=1, billinggroupname=null}","2020-11-26 00:00:00.000"
"iot-device-02","1.5946193681581626E9","59.9","76.64","true","false","0.0072","0.0045","0.019","2020-11-26T17:05:43.315+0000","{defaultclientid=iot-device-02, thingname=iot-device-02, thingid=4ae4927a-aefb-4584-a45a-fc4839feffd6, thingarn=arn:aws:iot:us-east-1:507441099951:thing/iot-device-02, thingtypename=null, attributes={installed=1593361211, latitude=32.8205865, longitude=-96.871627}, version=1, billinggroupname=null}","2020-11-26 00:00:00.000"
"iot-device-03","1.5946193706993835E9","50.8","71.78","false","false","0.0078","0.0051","0.0209","2020-11-26T17:05:43.605+0000","{defaultclientid=iot-device-03, thingname=iot-device-03, thingid=877352b9-a35d-45d3-9c98-162d89965a13, thingarn=arn:aws:iot:us-east-1:507441099951:thing/iot-device-03, thingtypename=null, attributes={installed=1592562234, latitude=37.4133144, longitude=-122.1513069}, version=1, billinggroupname=null}","2020-11-26 00:00:00.000"
"iot-device-03","1.5946193743853335E9","50.8","71.78","false","false","0.0078","0.0051","0.0208","2020-11-26T17:05:43.899+0000","{defaultclientid=iot-device-03, thingname=iot-device-03, thingid=877352b9-a35d-45d3-9c98-162d89965a13, thingarn=arn:aws:iot:us-east-1:507441099951:thing/iot-device-03, thingtypename=null, attributes={installed=1592562234, latitude=37.4133144, longitude=-122.1513069}, version=1, billinggroupname=null}","2020-11-26 00:00:00.000"
"iot-device-02","1.5946193757118876E9","60.0","76.64","true","false","0.0072","0.0046","0.0192","2020-11-26T17:05:44.200+0000","{defaultclientid=iot-device-02, thingname=iot-device-02, thingid=4ae4927a-aefb-4584-a45a-fc4839feffd6, thingarn=arn:aws:iot:us-east-1:507441099951:thing/iot-device-02, thingtypename=null, attributes={installed=1593361211, latitude=32.8205865, longitude=-96.871627}, version=1, billinggroupname=null}","2020-11-26 00:00:00.000"
"iot-device-01","1.5946193767877936E9","75.8","67.1","false","false","0.0072","0.0046","0.0192","2020-11-26T17:05:44.500+0000","{defaultclientid=iot-device-01, thingname=iot-device-01, thingid=983c2b68-f9a3-4e83-b3c6-9f6f8ad5431b, thingarn=arn:aws:iot:us-east-1:507441099951:thing/iot-device-01, thingtypename=null, attributes={installed=1594665292, latitude=37.4133144, longitude=-122.1513069}, version=1, billinggroupname=null}","2020-11-26 00:00:00.000"
"iot-device-03","1.594619378071381E9","50.8","71.78","false","false","0.0078","0.0051","0.0209","2020-11-26T17:05:44.799+0000","{defaultclientid=iot-device-03, thingname=iot-device-03, thingid=877352b9-a35d-45d3-9c98-162d89965a13, thingarn=arn:aws:iot:us-east-1:507441099951:thing/iot-device-03, thingtypename=null, attributes={installed=1592562234, latitude=37.4133144, longitude=-122.1513069}, version=1, billinggroupname=null}","2020-11-26 00:00:00.000"
"iot-device-03","1.594619466683597E9","50.9","71.96","false","false","0.0078","0.0051","0.0208","2020-11-26T17:05:59.813+0000","{defaultclientid=iot-device-03, thingname=iot-device-03, thingid=877352b9-a35d-45d3-9c98-162d89965a13, thingarn=arn:aws:iot:us-east-1:507441099951:thing/iot-device-03, thingtypename=null, attributes={installed=1592562234, latitude=37.4133144, longitude=-122.1513069}, version=1, billinggroupname=null}","2020-11-26 00:00:00.000"
"iot-device-03","1.5946194151374626E9","50.8","71.78","false","false","0.0078","0.0051","0.0208","2020-11-26T17:05:50.923+0000","{defaultclientid=iot-device-03, thingname=iot-device-03, thingid=877352b9-a35d-45d3-9c98-162d89965a13, thingarn=arn:aws:iot:us-east-1:507441099951:thing/iot-device-03, thingtypename=null, attributes={installed=1592562234, latitude=37.4133144, longitude=-122.1513069}, version=1, billinggroupname=null}","2020-11-26 00:00:00.000"
"iot-device-02","1.5946194167657356E9","59.9","76.64","true","false","0.0072","0.0046","0.0192","2020-11-26T17:05:51.209+0000","{defaultclientid=iot-device-02, thingname=iot-device-02, thingid=4ae4927a-aefb-4584-a45a-fc4839feffd6, thingarn=arn:aws:iot:us-east-1:507441099951:thing/iot-device-02, thingtypename=null, attributes={installed=1593361211, latitude=32.8205865, longitude=-96.871627}, version=1, billinggroupname=null}","2020-11-26 00:00:00.000"
"iot-device-01","1.5946194175370984E9","75.8","67.1","false","false","0.0072","0.0046","0.0192","2020-11-26T17:05:51.500+0000","{defaultclientid=iot-device-01, thingname=iot-device-01, thingid=983c2b68-f9a3-4e83-b3c6-9f6f8ad5431b, thingarn=arn:aws:iot:us-east-1:507441099951:thing/iot-device-01, thingtypename=null, attributes={installed=1594665292, latitude=37.4133144, longitude=-122.1513069}, version=1, billinggroupname=null}","2020-11-26 00:00:00.000"
"iot-device-03","1.5946194187640073E9","50.9","71.96","false","false","0.0078","0.0051","0.0208","2020-11-26T17:05:51.802+0000","{defaultclientid=iot-device-03, thingname=iot-device-03, thingid=877352b9-a35d-45d3-9c98-162d89965a13, thingarn=arn:aws:iot:us-east-1:507441099951:thing/iot-device-03, thingtypename=null, attributes={installed=1592562234, latitude=37.4133144, longitude=-122.1513069}, version=1, billinggroupname=null}","2020-11-26 00:00:00.000"
"iot-device-03","1.594619422451006E9","50.8","71.78","false","false","0.0078","0.0051","0.0208","2020-11-26T17:05:52.091+0000","{defaultclientid=iot-device-03, thingname=iot-device-03, thingid=877352b9-a35d-45d3-9c98-162d89965a13, thingarn=arn:aws:iot:us-east-1:507441099951:thing/iot-device-03, thingtypename=null, attributes={installed=1592562234, latitude=37.4133144, longitude=-122.1513069}, version=1, billinggroupname=null}","2020-11-26 00:00:00.000"
"iot-device-02","1.594619424318248E9","59.9","76.64","true","false","0.0072","0.0046","0.0192","2020-11-26T17:05:52.380+0000","{defaultclientid=iot-device-02, thingname=iot-device-02, thingid=4ae4927a-aefb-4584-a45a-fc4839feffd6, thingarn=arn:aws:iot:us-east-1:507441099951:thing/iot-device-02, thingtypename=null, attributes={installed=1593361211, latitude=32.8205865, longitude=-96.871627}, version=1, billinggroupname=null}","2020-11-26 00:00:00.000"
"iot-device-03","1.5946194261362052E9","50.8","71.78","false","false","0.0078","0.0051","0.0209","2020-11-26T17:05:52.674+0000","{defaultclientid=iot-device-03, thingname=iot-device-03, thingid=877352b9-a35d-45d3-9c98-162d89965a13, thingarn=arn:aws:iot:us-east-1:507441099951:thing/iot-device-03, thingtypename=null, attributes={installed=1592562234, latitude=37.4133144, longitude=-122.1513069}, version=1, billinggroupname=null}","2020-11-26 00:00:00.000"
"iot-device-01","1.5946194261955678E9","75.8","67.1","false","false","0.0072","0.0046","0.0192","2020-11-26T17:05:52.972+0000","{defaultclientid=iot-device-01, thingname=iot-device-01, thingid=983c2b68-f9a3-4e83-b3c6-9f6f8ad5431b, thingarn=arn:aws:iot:us-east-1:507441099951:thing/iot-device-01, thingtypename=null, attributes={installed=1594665292, latitude=37.4133144, longitude=-122.1513069}, version=1, billinggroupname=null}","2020-11-26 00:00:00.000"
"iot-device-02","1.5946194291977096E9","59.9","76.64","true","false","0.0072","0.0045","0.019","2020-11-26T17:05:53.279+0000","{defaultclientid=iot-device-02, thingname=iot-device-02, thingid=4ae4927a-aefb-4584-a45a-fc4839feffd6, thingarn=arn:aws:iot:us-east-1:507441099951:thing/iot-device-02, thingtypename=null, attributes={installed=1593361211, latitude=32.8205865, longitude=-96.871627}, version=1, billinggroupname=null}","2020-11-26 00:00:00.000"
"iot-device-03","1.5946194298221278E9","50.8","71.78","false","false","0.0078","0.0051","0.0209","2020-11-26T17:05:53.576+0000","{defaultclientid=iot-device-03, thingname=iot-device-03, thingid=877352b9-a35d-45d3-9c98-162d89965a13, thingarn=arn:aws:iot:us-east-1:507441099951:thing/iot-device-03, thingtypename=null, attributes={installed=1592562234, latitude=37.4133144, longitude=-122.1513069}, version=1, billinggroupname=null}","2020-11-26 00:00:00.000"
"iot-device-02","1.5946193459723432E9","60.0","76.64","true","false","0.0072","0.0045","0.019","2020-11-26T17:05:39.206+0000","{defaultclientid=iot-device-02, thingname=iot-device-02, thingid=4ae4927a-aefb-4584-a45a-fc4839feffd6, thingarn=arn:aws:iot:us-east-1:507441099951:thing/iot-device-02, thingtypename=null, attributes={installed=1593361211, latitude=32.8205865, longitude=-96.871627}, version=1, billinggroupname=null}","2020-11-26 00:00:00.000"
"iot-device-01","1.5946193480695612E9","75.9","67.1","false","false","0.0072","0.0046","0.0192","2020-11-26T17:05:39.497+0000","{defaultclientid=iot-device-01, thingname=iot-device-01, thingid=983c2b68-f9a3-4e83-b3c6-9f6f8ad5431b, thingarn=arn:aws:iot:us-east-1:507441099951:thing/iot-device-01, thingtypename=null, attributes={installed=1594665292, latitude=37.4133144, longitude=-122.1513069}, version=1, billinggroupname=null}","2020-11-26 00:00:00.000"
"iot-device-03","1.594619348574465E9","50.8","71.78","false","false","0.0078","0.0051","0.0209","2020-11-26T17:05:39.803+0000","{defaultclientid=iot-device-03, thingname=iot-device-03, thingid=877352b9-a35d-45d3-9c98-162d89965a13, thingarn=arn:aws:iot:us-east-1:507441099951:thing/iot-device-03, thingtypename=null, attributes={installed=1592562234, latitude=37.4133144, longitude=-122.1513069}, version=1, billinggroupname=null}","2020-11-26 00:00:00.000"
"iot-device-02","1.5946193503170269E9","59.9","76.64","true","false","0.0071","0.0045","0.019","2020-11-26T17:05:40.099+0000","{defaultclientid=iot-device-02, thingname=iot-device-02, thingid=4ae4927a-aefb-4584-a45a-fc4839feffd6, thingarn=arn:aws:iot:us-east-1:507441099951:thing/iot-device-02, thingtypename=null, attributes={installed=1593361211, latitude=32.8205865, longitude=-96.871627}, version=1, billinggroupname=null}","2020-11-26 00:00:00.000"
"iot-device-03","1.5946193522619846E9","50.8","71.78","false","false","0.0078","0.0051","0.0209","2020-11-26T17:05:40.393+0000","{defaultclientid=iot-device-03, thingname=iot-device-03, thingid=877352b9-a35d-45d3-9c98-162d89965a13, thingarn=arn:aws:iot:us-east-1:507441099951:thing/iot-device-03, thingtypename=null, attributes={installed=1592562234, latitude=37.4133144, longitude=-122.1513069}, version=1, billinggroupname=null}","2020-11-26 00:00:00.000"
"iot-device-02","1.5946193551930242E9","59.9","76.64","true","false","0.0072","0.0045","0.019","2020-11-26T17:05:40.680+0000","{defaultclientid=iot-device-02, thingname=iot-device-02, thingid=4ae4927a-aefb-4584-a45a-fc4839feffd6, thingarn=arn:aws:iot:us-east-1:507441099951:thing/iot-device-02, thingtypename=null, attributes={installed=1593361211, latitude=32.8205865, longitude=-96.871627}, version=1, billinggroupname=null}","2020-11-26 00:00:00.000"
"iot-device-03","1.5946193559494252E9","50.8","71.78","false","false","0.0078","0.0051","0.0208","2020-11-26T17:05:40.982+0000","{defaultclientid=iot-device-03, thingname=iot-device-03, thingid=877352b9-a35d-45d3-9c98-162d89965a13, thingarn=arn:aws:iot:us-east-1:507441099951:thing/iot-device-03, thingtypename=null, attributes={installed=1592562234, latitude=37.4133144, longitude=-122.1513069}, version=1, billinggroupname=null}","2020-11-26 00:00:00.000"
"iot-device-01","1.5946193561911128E9","75.8","67.1","false","false","0.0072","0.0046","0.0192","2020-11-26T17:05:41.265+0000","{defaultclientid=iot-device-01, thingname=iot-device-01, thingid=983c2b68-f9a3-4e83-b3c6-9f6f8ad5431b, thingarn=arn:aws:iot:us-east-1:507441099951:thing/iot-device-01, thingtypename=null, attributes={installed=1594665292, latitude=37.4133144, longitude=-122.1513069}, version=1, billinggroupname=null}","2020-11-26 00:00:00.000"
"iot-device-03","1.594619359636869E9","50.8","71.78","false","false","0.0078","0.0051","0.0209","2020-11-26T17:05:41.565+0000","{defaultclientid=iot-device-03, thingname=iot-device-03, thingid=877352b9-a35d-45d3-9c98-162d89965a13, thingarn=arn:aws:iot:us-east-1:507441099951:thing/iot-device-03, thingtypename=null, attributes={installed=1592562234, latitude=37.4133144, longitude=-122.1513069}, version=1, billinggroupname=null}","2020-11-26 00:00:00.000"
"iot-device-01","1.594619362157919E9","75.8","67.1","false","false","0.0072","0.0046","0.0192","2020-11-26T17:05:41.854+0000","{defaultclientid=iot-device-01, thingname=iot-device-01, thingid=983c2b68-f9a3-4e83-b3c6-9f6f8ad5431b, thingarn=arn:aws:iot:us-east-1:507441099951:thing/iot-device-01, thingtypename=null, attributes={installed=1594665292, latitude=37.4133144, longitude=-122.1513069}, version=1, billinggroupname=null}","2020-11-26 00:00:00.000"
"iot-device-02","1.594619433006396E9","59.9","76.64","true","false","0.0072","0.0046","0.0192","2020-11-26T17:05:53.872+0000","{defaultclientid=iot-device-02, thingname=iot-device-02, thingid=4ae4927a-aefb-4584-a45a-fc4839feffd6, thingarn=arn:aws:iot:us-east-1:507441099951:thing/iot-device-02, thingtypename=null, attributes={installed=1593361211, latitude=32.8205865, longitude=-96.871627}, version=1, billinggroupname=null}","2020-11-26 00:00:00.000"
"iot-device-03","1.5946194335071669E9","50.9","71.78","false","false","0.0078","0.0051","0.0208","2020-11-26T17:05:54.173+0000","{defaultclientid=iot-device-03, thingname=iot-device-03, thingid=877352b9-a35d-45d3-9c98-162d89965a13, thingarn=arn:aws:iot:us-east-1:507441099951:thing/iot-device-03, thingtypename=null, attributes={installed=1592562234, latitude=37.4133144, longitude=-122.1513069}, version=1, billinggroupname=null}","2020-11-26 00:00:00.000"
"iot-device-03","1.5946194371931612E9","50.8","71.78","false","false","0.0078","0.0051","0.0209","2020-11-26T17:05:54.490+0000","{defaultclientid=iot-device-03, thingname=iot-device-03, thingid=877352b9-a35d-45d3-9c98-162d89965a13, thingarn=arn:aws:iot:us-east-1:507441099951:thing/iot-device-03, thingtypename=null, attributes={installed=1592562234, latitude=37.4133144, longitude=-122.1513069}, version=1, billinggroupname=null}","2020-11-26 00:00:00.000"
"iot-device-01","1.5946194383328676E9","75.8","67.1","false","false","0.0073","0.0046","0.0194","2020-11-26T17:05:54.787+0000","{defaultclientid=iot-device-01, thingname=iot-device-01, thingid=983c2b68-f9a3-4e83-b3c6-9f6f8ad5431b, thingarn=arn:aws:iot:us-east-1:507441099951:thing/iot-device-01, thingtypename=null, attributes={installed=1594665292, latitude=37.4133144, longitude=-122.1513069}, version=1, billinggroupname=null}","2020-11-26 00:00:00.000"
"iot-device-02","1.594619438428184E9","59.9","76.64","true","false","0.0072","0.0045","0.019","2020-11-26T17:05:55.067+0000","{defaultclientid=iot-device-02, thingname=iot-device-02, thingid=4ae4927a-aefb-4584-a45a-fc4839feffd6, thingarn=arn:aws:iot:us-east-1:507441099951:thing/iot-device-02, thingtypename=null, attributes={installed=1593361211, latitude=32.8205865, longitude=-96.871627}, version=1, billinggroupname=null}","2020-11-26 00:00:00.000"
"iot-device-03","1.5946194408793268E9","50.8","71.78","false","false","0.0078","0.0051","0.0209","2020-11-26T17:05:55.359+0000","{defaultclientid=iot-device-03, thingname=iot-device-03, thingid=877352b9-a35d-45d3-9c98-162d89965a13, thingarn=arn:aws:iot:us-east-1:507441099951:thing/iot-device-03, thingtypename=null, attributes={installed=1592562234, latitude=37.4133144, longitude=-122.1513069}, version=1, billinggroupname=null}","2020-11-26 00:00:00.000"
"iot-device-03","1.5946194445654855E9","50.8","71.78","false","false","0.0078","0.0051","0.0209","2020-11-26T17:05:55.660+0000","{defaultclientid=iot-device-03, thingname=iot-device-03, thingid=877352b9-a35d-45d3-9c98-162d89965a13, thingarn=arn:aws:iot:us-east-1:507441099951:thing/iot-device-03, thingtypename=null, attributes={installed=1592562234, latitude=37.4133144, longitude=-122.1513069}, version=1, billinggroupname=null}","2020-11-26 00:00:00.000"
"iot-device-02","1.5946194449161286E9","59.9","76.64","true","false","0.0072","0.0046","0.0192","2020-11-26T17:05:55.960+0000","{defaultclientid=iot-device-02, thingname=iot-device-02, thingid=4ae4927a-aefb-4584-a45a-fc4839feffd6, thingarn=arn:aws:iot:us-east-1:507441099951:thing/iot-device-02, thingtypename=null, attributes={installed=1593361211, latitude=32.8205865, longitude=-96.871627}, version=1, billinggroupname=null}","2020-11-26 00:00:00.000"
"iot-device-03","1.5946194482514472E9","50.8","71.96","false","false","0.0078","0.0051","0.0208","2020-11-26T17:05:56.251+0000","{defaultclientid=iot-device-03, thingname=iot-device-03, thingid=877352b9-a35d-45d3-9c98-162d89965a13, thingarn=arn:aws:iot:us-east-1:507441099951:thing/iot-device-03, thingtypename=null, attributes={installed=1592562234, latitude=37.4133144, longitude=-122.1513069}, version=1, billinggroupname=null}","2020-11-26 00:00:00.000"
"iot-device-01","1.5946194485968075E9","75.7","67.1","false","false","0.0073","0.0046","0.0194","2020-11-26T17:05:56.538+0000","{defaultclientid=iot-device-01, thingname=iot-device-01, thingid=983c2b68-f9a3-4e83-b3c6-9f6f8ad5431b, thingarn=arn:aws:iot:us-east-1:507441099951:thing/iot-device-01, thingtypename=null, attributes={installed=1594665292, latitude=37.4133144, longitude=-122.1513069}, version=1, billinggroupname=null}","2020-11-26 00:00:00.000"
"iot-device-02","1.5946194497900221E9","59.9","76.64","true","false","0.0072","0.0045","0.019","2020-11-26T17:05:56.827+0000","{defaultclientid=iot-device-02, thingname=iot-device-02, thingid=4ae4927a-aefb-4584-a45a-fc4839feffd6, thingarn=arn:aws:iot:us-east-1:507441099951:thing/iot-device-02, thingtypename=null, attributes={installed=1593361211, latitude=32.8205865, longitude=-96.871627}, version=1, billinggroupname=null}","2020-11-26 00:00:00.000"
"iot-device-03","1.5946194519373505E9","50.8","71.78","false","false","0.0079","0.0051","0.021","2020-11-26T17:05:57.110+0000","{defaultclientid=iot-device-03, thingname=iot-device-03, thingid=877352b9-a35d-45d3-9c98-162d89965a13, thingarn=arn:aws:iot:us-east-1:507441099951:thing/iot-device-03, thingtypename=null, attributes={installed=1592562234, latitude=37.4133144, longitude=-122.1513069}, version=1, billinggroupname=null}","2020-11-26 00:00:00.000"
"iot-device-01","1.594619452413373E9","75.8","67.1","false","false","0.0072","0.0046","0.0192","2020-11-26T17:05:57.416+0000","{defaultclientid=iot-device-01, thingname=iot-device-01, thingid=983c2b68-f9a3-4e83-b3c6-9f6f8ad5431b, thingarn=arn:aws:iot:us-east-1:507441099951:thing/iot-device-01, thingtypename=null, attributes={installed=1594665292, latitude=37.4133144, longitude=-122.1513069}, version=1, billinggroupname=null}","2020-11-26 00:00:00.000"
"iot-device-02","1.5946194546661985E9","60.0","76.64","true","false","0.0072","0.0045","0.0191","2020-11-26T17:05:57.700+0000","{defaultclientid=iot-device-02, thingname=iot-device-02, thingid=4ae4927a-aefb-4584-a45a-fc4839feffd6, thingarn=arn:aws:iot:us-east-1:507441099951:thing/iot-device-02, thingtypename=null, attributes={installed=1593361211, latitude=32.8205865, longitude=-96.871627}, version=1, billinggroupname=null}","2020-11-26 00:00:00.000"
"iot-device-03","1.5946194556214669E9","50.8","71.78","false","false","0.0078","0.0051","0.021","2020-11-26T17:05:58.012+0000","{defaultclientid=iot-device-03, thingname=iot-device-03, thingid=877352b9-a35d-45d3-9c98-162d89965a13, thingarn=arn:aws:iot:us-east-1:507441099951:thing/iot-device-03, thingtypename=null, attributes={installed=1592562234, latitude=37.4133144, longitude=-122.1513069}, version=1, billinggroupname=null}","2020-11-26 00:00:00.000"
"iot-device-01","1.5946194562252686E9","75.7","67.1","false","false","0.0072","0.0046","0.0192","2020-11-26T17:05:58.298+0000","{defaultclientid=iot-device-01, thingname=iot-device-01, thingid=983c2b68-f9a3-4e83-b3c6-9f6f8ad5431b, thingarn=arn:aws:iot:us-east-1:507441099951:thing/iot-device-01, thingtypename=null, attributes={installed=1594665292, latitude=37.4133144, longitude=-122.1513069}, version=1, billinggroupname=null}","2020-11-26 00:00:00.000"
"iot-device-03","1.5946194593079498E9","50.8","71.78","false","false","0.0078","0.0051","0.0209","2020-11-26T17:05:58.592+0000","{defaultclientid=iot-device-03, thingname=iot-device-03, thingid=877352b9-a35d-45d3-9c98-162d89965a13, thingarn=arn:aws:iot:us-east-1:507441099951:thing/iot-device-03, thingtypename=null, attributes={installed=1592562234, latitude=37.4133144, longitude=-122.1513069}, version=1, billinggroupname=null}","2020-11-26 00:00:00.000"
"iot-device-01","1.594619461118661E9","75.9","67.1","false","false","0.0072","0.0046","0.0192","2020-11-26T17:05:58.894+0000","{defaultclientid=iot-device-01, thingname=iot-device-01, thingid=983c2b68-f9a3-4e83-b3c6-9f6f8ad5431b, thingarn=arn:aws:iot:us-east-1:507441099951:thing/iot-device-01, thingtypename=null, attributes={installed=1594665292, latitude=37.4133144, longitude=-122.1513069}, version=1, billinggroupname=null}","2020-11-26 00:00:00.000"
"iot-device-02","1.5946194627633355E9","60.0","76.64","true","false","0.0072","0.0045","0.019","2020-11-26T17:05:59.192+0000","{defaultclientid=iot-device-02, thingname=iot-device-02, thingid=4ae4927a-aefb-4584-a45a-fc4839feffd6, thingarn=arn:aws:iot:us-east-1:507441099951:thing/iot-device-02, thingtypename=null, attributes={installed=1593361211, latitude=32.8205865, longitude=-96.871627}, version=1, billinggroupname=null}","2020-11-26 00:00:00.000"
"iot-device-03","1.5946194629959755E9","50.8","71.78","false","false","0.0078","0.0051","0.0208","2020-11-26T17:05:59.482+0000","{defaultclientid=iot-device-03, thingname=iot-device-03, thingid=877352b9-a35d-45d3-9c98-162d89965a13, thingarn=arn:aws:iot:us-east-1:507441099951:thing/iot-device-03, thingtypename=null, attributes={installed=1592562234, latitude=37.4133144, longitude=-122.1513069}, version=1, billinggroupname=null}","2020-11-26 00:00:00.000"
"iot-device-03","1.5946246454976196E9","51.1","71.42","false","false","0.0078","0.0051","0.021","2020-11-26T17:06:59.975+0000","{defaultclientid=iot-device-03, thingname=iot-device-03, thingid=877352b9-a35d-45d3-9c98-162d89965a13, thingarn=arn:aws:iot:us-east-1:507441099951:thing/iot-device-03, thingtypename=null, attributes={installed=1592562234, latitude=37.4133144, longitude=-122.1513069}, version=1, billinggroupname=null}","2020-11-26 00:00:00.000"
"iot-device-03","1.5946246491856887E9","51.1","71.42","false","false","0.0078","0.0051","0.0209","2020-11-26T17:07:00.264+0000","{defaultclientid=iot-device-03, thingname=iot-device-03, thingid=877352b9-a35d-45d3-9c98-162d89965a13, thingarn=arn:aws:iot:us-east-1:507441099951:thing/iot-device-03, thingtypename=null, attributes={installed=1592562234, latitude=37.4133144, longitude=-122.1513069}, version=1, billinggroupname=null}","2020-11-26 00:00:00.000"
"iot-device-02","1.5946246495575373E9","59.7","75.74","true","false","0.0073","0.0046","0.0193","2020-11-26T17:07:00.559+0000","{defaultclientid=iot-device-02, thingname=iot-device-02, thingid=4ae4927a-aefb-4584-a45a-fc4839feffd6, thingarn=arn:aws:iot:us-east-1:507441099951:thing/iot-device-02, thingtypename=null, attributes={installed=1593361211, latitude=32.8205865, longitude=-96.871627}, version=1, billinggroupname=null}","2020-11-26 00:00:00.000"
"iot-device-01","1.5946246499264395E9","75.7","67.1","false","false","0.0067","0.0042","0.0179","2020-11-26T17:07:00.850+0000","{defaultclientid=iot-device-01, thingname=iot-device-01, thingid=983c2b68-f9a3-4e83-b3c6-9f6f8ad5431b, thingarn=arn:aws:iot:us-east-1:507441099951:thing/iot-device-01, thingtypename=null, attributes={installed=1594665292, latitude=37.4133144, longitude=-122.1513069}, version=1, billinggroupname=null}","2020-11-26 00:00:00.000"
"iot-device-03","1.5946246528733785E9","51.1","71.42","false","false","0.0078","0.0051","0.0209","2020-11-26T17:07:01.147+0000","{defaultclientid=iot-device-03, thingname=iot-device-03, thingid=877352b9-a35d-45d3-9c98-162d89965a13, thingarn=arn:aws:iot:us-east-1:507441099951:thing/iot-device-03, thingtypename=null, attributes={installed=1592562234, latitude=37.4133144, longitude=-122.1513069}, version=1, billinggroupname=null}","2020-11-26 00:00:00.000"
"iot-device-02","1.5946246555050836E9","59.7","75.74","true","false","0.0072","0.0046","0.0192","2020-11-26T17:07:01.443+0000","{defaultclientid=iot-device-02, thingname=iot-device-02, thingid=4ae4927a-aefb-4584-a45a-fc4839feffd6, thingarn=arn:aws:iot:us-east-1:507441099951:thing/iot-device-02, thingtypename=null, attributes={installed=1593361211, latitude=32.8205865, longitude=-96.871627}, version=1, billinggroupname=null}","2020-11-26 00:00:00.000"
"iot-device-01","1.5946246559034538E9","76.4","67.28","false","false","0.0067","0.0042","0.0179","2020-11-26T17:07:01.780+0000","{defaultclientid=iot-device-01, thingname=iot-device-01, thingid=983c2b68-f9a3-4e83-b3c6-9f6f8ad5431b, thingarn=arn:aws:iot:us-east-1:507441099951:thing/iot-device-01, thingtypename=null, attributes={installed=1594665292, latitude=37.4133144, longitude=-122.1513069}, version=1, billinggroupname=null}","2020-11-26 00:00:00.000"
"iot-device-03","1.5946246565617812E9","51.1","71.42","false","false","0.0078","0.0051","0.021","2020-11-26T17:07:02.064+0000","{defaultclientid=iot-device-03, thingname=iot-device-03, thingid=877352b9-a35d-45d3-9c98-162d89965a13, thingarn=arn:aws:iot:us-east-1:507441099951:thing/iot-device-03, thingtypename=null, attributes={installed=1592562234, latitude=37.4133144, longitude=-122.1513069}, version=1, billinggroupname=null}","2020-11-26 00:00:00.000"
"iot-device-03","1.5946246602475162E9","51.1","71.42","false","false","0.0079","0.0051","0.021","2020-11-26T17:07:02.356+0000","{defaultclientid=iot-device-03, thingname=iot-device-03, thingid=877352b9-a35d-45d3-9c98-162d89965a13, thingarn=arn:aws:iot:us-east-1:507441099951:thing/iot-device-03, thingtypename=null, attributes={installed=1592562234, latitude=37.4133144, longitude=-122.1513069}, version=1, billinggroupname=null}","2020-11-26 00:00:00.000"
"iot-device-01","1.5946246602573593E9","75.8","67.1","false","false","0.0067","0.0042","0.0179","2020-11-26T17:07:02.640+0000","{defaultclientid=iot-device-01, thingname=iot-device-01, thingid=983c2b68-f9a3-4e83-b3c6-9f6f8ad5431b, thingarn=arn:aws:iot:us-east-1:507441099951:thing/iot-device-01, thingtypename=null, attributes={installed=1594665292, latitude=37.4133144, longitude=-122.1513069}, version=1, billinggroupname=null}","2020-11-26 00:00:00.000"
"iot-device-02","1.594624660917921E9","59.7","75.74","true","false","0.0073","0.0047","0.0195","2020-11-26T17:07:02.934+0000","{defaultclientid=iot-device-02, thingname=iot-device-02, thingid=4ae4927a-aefb-4584-a45a-fc4839feffd6, thingarn=arn:aws:iot:us-east-1:507441099951:thing/iot-device-02, thingtypename=null, attributes={installed=1593361211, latitude=32.8205865, longitude=-96.871627}, version=1, billinggroupname=null}","2020-11-26 00:00:00.000"
"iot-device-03","1.5946246639353428E9","51.1","71.42","false","false","0.0078","0.0051","0.0209","2020-11-26T17:07:03.224+0000","{defaultclientid=iot-device-03, thingname=iot-device-03, thingid=877352b9-a35d-45d3-9c98-162d89965a13, thingarn=arn:aws:iot:us-east-1:507441099951:thing/iot-device-03, thingtypename=null, attributes={installed=1592562234, latitude=37.4133144, longitude=-122.1513069}, version=1, billinggroupname=null}","2020-11-26 00:00:00.000"
"iot-device-03","1.5946246676233704E9","51.1","71.42","false","false","0.0079","0.0051","0.021","2020-11-26T17:07:03.505+0000","{defaultclientid=iot-device-03, thingname=iot-device-03, thingid=877352b9-a35d-45d3-9c98-162d89965a13, thingarn=arn:aws:iot:us-east-1:507441099951:thing/iot-device-03, thingtypename=null, attributes={installed=1592562234, latitude=37.4133144, longitude=-122.1513069}, version=1, billinggroupname=null}","2020-11-26 00:00:00.000"
"iot-device-02","1.5946246684702337E9","59.7","75.74","true","false","0.0075","0.0049","0.0201","2020-11-26T17:07:03.795+0000","{defaultclientid=iot-device-02, thingname=iot-device-02, thingid=4ae4927a-aefb-4584-a45a-fc4839feffd6, thingarn=arn:aws:iot:us-east-1:507441099951:thing/iot-device-02, thingtypename=null, attributes={installed=1593361211, latitude=32.8205865, longitude=-96.871627}, version=1, billinggroupname=null}","2020-11-26 00:00:00.000"
"iot-device-03","1.5946246713110995E9","51.1","71.42","false","false","0.0078","0.0051","0.0209","2020-11-26T17:07:04.091+0000","{defaultclientid=iot-device-03, thingname=iot-device-03, thingid=877352b9-a35d-45d3-9c98-162d89965a13, thingarn=arn:aws:iot:us-east-1:507441099951:thing/iot-device-03, thingtypename=null, attributes={installed=1592562234, latitude=37.4133144, longitude=-122.1513069}, version=1, billinggroupname=null}","2020-11-26 00:00:00.000"
"iot-device-01","1.594624674023237E9","75.8","67.1","false","false","0.0067","0.0042","0.0179","2020-11-26T17:07:04.380+0000","{defaultclientid=iot-device-01, thingname=iot-device-01, thingid=983c2b68-f9a3-4e83-b3c6-9f6f8ad5431b, thingarn=arn:aws:iot:us-east-1:507441099951:thing/iot-device-01, thingtypename=null, attributes={installed=1594665292, latitude=37.4133144, longitude=-122.1513069}, version=1, billinggroupname=null}","2020-11-26 00:00:00.000"
"iot-device-03","1.5946246749986765E9","51.1","71.42","false","false","0.0078","0.0051","0.021","2020-11-26T17:07:04.681+0000","{defaultclientid=iot-device-03, thingname=iot-device-03, thingid=877352b9-a35d-45d3-9c98-162d89965a13, thingarn=arn:aws:iot:us-east-1:507441099951:thing/iot-device-03, thingtypename=null, attributes={installed=1592562234, latitude=37.4133144, longitude=-122.1513069}, version=1, billinggroupname=null}","2020-11-26 00:00:00.000"
"iot-device-02","1.594624676561012E9","59.7","75.74","true","false","0.0073","0.0047","0.0195","2020-11-26T17:07:04.988+0000","{defaultclientid=iot-device-02, thingname=iot-device-02, thingid=4ae4927a-aefb-4584-a45a-fc4839feffd6, thingarn=arn:aws:iot:us-east-1:507441099951:thing/iot-device-02, thingtypename=null, attributes={installed=1593361211, latitude=32.8205865, longitude=-96.871627}, version=1, billinggroupname=null}","2020-11-26 00:00:00.000"
"iot-device-01","1.5946246778392572E9","76.0","67.28","false","false","0.0067","0.0042","0.0179","2020-11-26T17:07:05.330+0000","{defaultclientid=iot-device-01, thingname=iot-device-01, thingid=983c2b68-f9a3-4e83-b3c6-9f6f8ad5431b, thingarn=arn:aws:iot:us-east-1:507441099951:thing/iot-device-01, thingtypename=null, attributes={installed=1594665292, latitude=37.4133144, longitude=-122.1513069}, version=1, billinggroupname=null}","2020-11-26 00:00:00.000"
"iot-device-03","1.5946246786862528E9","51.1","71.42","false","false","0.0078","0.0051","0.021","2020-11-26T17:07:05.627+0000","{defaultclientid=iot-device-03, thingname=iot-device-03, thingid=877352b9-a35d-45d3-9c98-162d89965a13, thingarn=arn:aws:iot:us-east-1:507441099951:thing/iot-device-03, thingtypename=null, attributes={installed=1592562234, latitude=37.4133144, longitude=-122.1513069}, version=1, billinggroupname=null}","2020-11-26 00:00:00.000"
"iot-device-03","1.594625688986505E9","49.0","71.24","false","false","0.0078","0.0051","0.0209","2020-11-26T17:07:23.849+0000","{defaultclientid=iot-device-03, thingname=iot-device-03, thingid=877352b9-a35d-45d3-9c98-162d89965a13, thingarn=arn:aws:iot:us-east-1:507441099951:thing/iot-device-03, thingtypename=null, attributes={installed=1592562234, latitude=37.4133144, longitude=-122.1513069}, version=1, billinggroupname=null}","2020-11-26 00:00:00.000"
"iot-device-02","1.594625689420331E9","59.7","75.56","true","false","0.0072","0.0046","0.0192","2020-11-26T17:07:24.144+0000","{defaultclientid=iot-device-02, thingname=iot-device-02, thingid=4ae4927a-aefb-4584-a45a-fc4839feffd6, thingarn=arn:aws:iot:us-east-1:507441099951:thing/iot-device-02, thingtypename=null, attributes={installed=1593361211, latitude=32.8205865, longitude=-96.871627}, version=1, billinggroupname=null}","2020-11-26 00:00:00.000"
"iot-device-03","1.5946256926703598E9","49.0","71.06","false","false","0.0078","0.0051","0.0209","2020-11-26T17:07:24.441+0000","{defaultclientid=iot-device-03, thingname=iot-device-03, thingid=877352b9-a35d-45d3-9c98-162d89965a13, thingarn=arn:aws:iot:us-east-1:507441099951:thing/iot-device-03, thingtypename=null, attributes={installed=1592562234, latitude=37.4133144, longitude=-122.1513069}, version=1, billinggroupname=null}","2020-11-26 00:00:00.000"
"iot-device-01","1.594625694799182E9","74.5","67.1","false","false","0.0067","0.0042","0.0179","2020-11-26T17:07:24.728+0000","{defaultclientid=iot-device-01, thingname=iot-device-01, thingid=983c2b68-f9a3-4e83-b3c6-9f6f8ad5431b, thingarn=arn:aws:iot:us-east-1:507441099951:thing/iot-device-01, thingtypename=null, attributes={installed=1594665292, latitude=37.4133144, longitude=-122.1513069}, version=1, billinggroupname=null}","2020-11-26 00:00:00.000"
"iot-device-03","1.594625696357176E9","49.0","71.06","false","false","0.0078","0.0051","0.0209","2020-11-26T17:07:25.010+0000","{defaultclientid=iot-device-03, thingname=iot-device-03, thingid=877352b9-a35d-45d3-9c98-162d89965a13, thingarn=arn:aws:iot:us-east-1:507441099951:thing/iot-device-03, thingtypename=null, attributes={installed=1592562234, latitude=37.4133144, longitude=-122.1513069}, version=1, billinggroupname=null}","2020-11-26 00:00:00.000"
"iot-device-01","1.594625699688617E9","74.6","67.1","false","false","0.0067","0.0042","0.0179","2020-11-26T17:07:25.310+0000","{defaultclientid=iot-device-01, thingname=iot-device-01, thingid=983c2b68-f9a3-4e83-b3c6-9f6f8ad5431b, thingarn=arn:aws:iot:us-east-1:507441099951:thing/iot-device-01, thingtypename=null, attributes={installed=1594665292, latitude=37.4133144, longitude=-122.1513069}, version=1, billinggroupname=null}","2020-11-26 00:00:00.000"
"iot-device-03","1.5946257000431714E9","48.9","71.06","false","false","0.0079","0.0051","0.021","2020-11-26T17:07:25.605+0000","{defaultclientid=iot-device-03, thingname=iot-device-03, thingid=877352b9-a35d-45d3-9c98-162d89965a13, thingarn=arn:aws:iot:us-east-1:507441099951:thing/iot-device-03, thingtypename=null, attributes={installed=1592562234, latitude=37.4133144, longitude=-122.1513069}, version=1, billinggroupname=null}","2020-11-26 00:00:00.000"
"iot-device-03","1.594625703729234E9","48.9","71.06","false","false","0.0078","0.0051","0.0209","2020-11-26T17:07:25.897+0000","{defaultclientid=iot-device-03, thingname=iot-device-03, thingid=877352b9-a35d-45d3-9c98-162d89965a13, thingarn=arn:aws:iot:us-east-1:507441099951:thing/iot-device-03, thingtypename=null, attributes={installed=1592562234, latitude=37.4133144, longitude=-122.1513069}, version=1, billinggroupname=null}","2020-11-26 00:00:00.000"
"iot-device-03","1.5946257076668582E9","48.9","71.06","false","false","0.0078","0.0051","0.021","2020-11-26T17:07:26.197+0000","{defaultclientid=iot-device-03, thingname=iot-device-03, thingid=877352b9-a35d-45d3-9c98-162d89965a13, thingarn=arn:aws:iot:us-east-1:507441099951:thing/iot-device-03, thingtypename=null, attributes={installed=1592562234, latitude=37.4133144, longitude=-122.1513069}, version=1, billinggroupname=null}","2020-11-26 00:00:00.000"
"iot-device-01","1.594625710542021E9","74.4","67.1","false","false","0.0067","0.0042","0.0179","2020-11-26T17:07:26.524+0000","{defaultclientid=iot-device-01, thingname=iot-device-01, thingid=983c2b68-f9a3-4e83-b3c6-9f6f8ad5431b, thingarn=arn:aws:iot:us-east-1:507441099951:thing/iot-device-01, thingtypename=null, attributes={installed=1594665292, latitude=37.4133144, longitude=-122.1513069}, version=1, billinggroupname=null}","2020-11-26 00:00:00.000"
"iot-device-02","1.5946256548001106E9","59.8","75.74","true","false","0.0071","0.0045","0.0188","2020-11-26T17:07:17.917+0000","{defaultclientid=iot-device-02, thingname=iot-device-02, thingid=4ae4927a-aefb-4584-a45a-fc4839feffd6, thingarn=arn:aws:iot:us-east-1:507441099951:thing/iot-device-02, thingtypename=null, attributes={installed=1593361211, latitude=32.8205865, longitude=-96.871627}, version=1, billinggroupname=null}","2020-11-26 00:00:00.000"
"iot-device-03","1.594625655541058E9","49.2","71.24","false","false","0.0078","0.0051","0.0209","2020-11-26T17:07:18.209+0000","{defaultclientid=iot-device-03, thingname=iot-device-03, thingid=877352b9-a35d-45d3-9c98-162d89965a13, thingarn=arn:aws:iot:us-east-1:507441099951:thing/iot-device-03, thingtypename=null, attributes={installed=1592562234, latitude=37.4133144, longitude=-122.1513069}, version=1, billinggroupname=null}","2020-11-26 00:00:00.000"
"iot-device-03","1.5946256592271268E9","49.0","71.24","false","false","0.0079","0.0051","0.021","2020-11-26T17:07:18.490+0000","{defaultclientid=iot-device-03, thingname=iot-device-03, thingid=877352b9-a35d-45d3-9c98-162d89965a13, thingarn=arn:aws:iot:us-east-1:507441099951:thing/iot-device-03, thingtypename=null, attributes={installed=1592562234, latitude=37.4133144, longitude=-122.1513069}, version=1, billinggroupname=null}","2020-11-26 00:00:00.000"
"iot-device-02","1.5946256596824155E9","60.0","75.74","true","false","0.0072","0.0045","0.019","2020-11-26T17:07:18.781+0000","{defaultclientid=iot-device-02, thingname=iot-device-02, thingid=4ae4927a-aefb-4584-a45a-fc4839feffd6, thingarn=arn:aws:iot:us-east-1:507441099951:thing/iot-device-02, thingtypename=null, attributes={installed=1593361211, latitude=32.8205865, longitude=-96.871627}, version=1, billinggroupname=null}","2020-11-26 00:00:00.000"
"iot-device-01","1.5946256617489207E9","74.4","67.1","false","false","0.0067","0.0042","0.0179","2020-11-26T17:07:19.091+0000","{defaultclientid=iot-device-01, thingname=iot-device-01, thingid=983c2b68-f9a3-4e83-b3c6-9f6f8ad5431b, thingarn=arn:aws:iot:us-east-1:507441099951:thing/iot-device-01, thingtypename=null, attributes={installed=1594665292, latitude=37.4133144, longitude=-122.1513069}, version=1, billinggroupname=null}","2020-11-26 00:00:00.000"
"iot-device-03","1.5946256631858401E9","49.0","71.24","false","false","0.0079","0.0052","0.0211","2020-11-26T17:07:19.382+0000","{defaultclientid=iot-device-03, thingname=iot-device-03, thingid=877352b9-a35d-45d3-9c98-162d89965a13, thingarn=arn:aws:iot:us-east-1:507441099951:thing/iot-device-03, thingtypename=null, attributes={installed=1592562234, latitude=37.4133144, longitude=-122.1513069}, version=1, billinggroupname=null}","2020-11-26 00:00:00.000"
"iot-device-03","1.5946256668718605E9","49.0","71.24","false","false","0.0079","0.0051","0.021","2020-11-26T17:07:19.677+0000","{defaultclientid=iot-device-03, thingname=iot-device-03, thingid=877352b9-a35d-45d3-9c98-162d89965a13, thingarn=arn:aws:iot:us-east-1:507441099951:thing/iot-device-03, thingtypename=null, attributes={installed=1592562234, latitude=37.4133144, longitude=-122.1513069}, version=1, billinggroupname=null}","2020-11-26 00:00:00.000"
"iot-device-02","1.59462566723339E9","59.8","75.56","true","false","0.0072","0.0046","0.0191","2020-11-26T17:07:19.986+0000","{defaultclientid=iot-device-02, thingname=iot-device-02, thingid=4ae4927a-aefb-4584-a45a-fc4839feffd6, thingarn=arn:aws:iot:us-east-1:507441099951:thing/iot-device-02, thingtypename=null, attributes={installed=1593361211, latitude=32.8205865, longitude=-96.871627}, version=1, billinggroupname=null}","2020-11-26 00:00:00.000"
"iot-device-03","1.5946256705577307E9","48.9","71.24","false","false","0.0078","0.0051","0.021","2020-11-26T17:07:20.289+0000","{defaultclientid=iot-device-03, thingname=iot-device-03, thingid=877352b9-a35d-45d3-9c98-162d89965a13, thingarn=arn:aws:iot:us-east-1:507441099951:thing/iot-device-03, thingtypename=null, attributes={installed=1592562234, latitude=37.4133144, longitude=-122.1513069}, version=1, billinggroupname=null}","2020-11-26 00:00:00.000"
"iot-device-01","1.5946256709369626E9","74.4","67.1","false","false","0.0067","0.0042","0.0179","2020-11-26T17:07:20.589+0000","{defaultclientid=iot-device-01, thingname=iot-device-01, thingid=983c2b68-f9a3-4e83-b3c6-9f6f8ad5431b, thingarn=arn:aws:iot:us-east-1:507441099951:thing/iot-device-01, thingtypename=null, attributes={installed=1594665292, latitude=37.4133144, longitude=-122.1513069}, version=1, billinggroupname=null}","2020-11-26 00:00:00.000"
"iot-device-03","1.594625711356824E9","49.0","71.06","false","false","0.0078","0.0051","0.0209","2020-11-26T17:07:26.818+0000","{defaultclientid=iot-device-03, thingname=iot-device-03, thingid=877352b9-a35d-45d3-9c98-162d89965a13, thingarn=arn:aws:iot:us-east-1:507441099951:thing/iot-device-03, thingtypename=null, attributes={installed=1592562234, latitude=37.4133144, longitude=-122.1513069}, version=1, billinggroupname=null}","2020-11-26 00:00:00.000"
"iot-device-01","1.5946257143573525E9","74.3","66.92","false","false","0.0067","0.0041","0.0177","2020-11-26T17:07:27.100+0000","{defaultclientid=iot-device-01, thingname=iot-device-01, thingid=983c2b68-f9a3-4e83-b3c6-9f6f8ad5431b, thingarn=arn:aws:iot:us-east-1:507441099951:thing/iot-device-01, thingtypename=null, attributes={installed=1594665292, latitude=37.4133144, longitude=-122.1513069}, version=1, billinggroupname=null}","2020-11-26 00:00:00.000"
"iot-device-03","1.59462571504479E9","48.9","71.06","false","false","0.0079","0.0052","0.021","2020-11-26T17:07:27.396+0000","{defaultclientid=iot-device-03, thingname=iot-device-03, thingid=877352b9-a35d-45d3-9c98-162d89965a13, thingarn=arn:aws:iot:us-east-1:507441099951:thing/iot-device-03, thingtypename=null, attributes={installed=1592562234, latitude=37.4133144, longitude=-122.1513069}, version=1, billinggroupname=null}","2020-11-26 00:00:00.000"
"iot-device-02","1.5946257151991513E9","59.5","75.56","true","false","0.0073","0.0047","0.0195","2020-11-26T17:07:27.699+0000","{defaultclientid=iot-device-02, thingname=iot-device-02, thingid=4ae4927a-aefb-4584-a45a-fc4839feffd6, thingarn=arn:aws:iot:us-east-1:507441099951:thing/iot-device-02, thingtypename=null, attributes={installed=1593361211, latitude=32.8205865, longitude=-96.871627}, version=1, billinggroupname=null}","2020-11-26 00:00:00.000"
"iot-device-03","1.5946257187388868E9","48.9","71.06","false","false","0.0078","0.0051","0.021","2020-11-26T17:07:28.140+0000","{defaultclientid=iot-device-03, thingname=iot-device-03, thingid=877352b9-a35d-45d3-9c98-162d89965a13, thingarn=arn:aws:iot:us-east-1:507441099951:thing/iot-device-03, thingtypename=null, attributes={installed=1592562234, latitude=37.4133144, longitude=-122.1513069}, version=1, billinggroupname=null}","2020-11-26 00:00:00.000"
"iot-device-02","1.5946257195407045E9","59.6","75.74","true","false","0.0073","0.0047","0.0195","2020-11-26T17:07:28.430+0000","{defaultclientid=iot-device-02, thingname=iot-device-02, thingid=4ae4927a-aefb-4584-a45a-fc4839feffd6, thingarn=arn:aws:iot:us-east-1:507441099951:thing/iot-device-02, thingtypename=null, attributes={installed=1593361211, latitude=32.8205865, longitude=-96.871627}, version=1, billinggroupname=null}","2020-11-26 00:00:00.000"
"iot-device-01","1.594625721399615E9","74.2","67.1","false","false","0.0067","0.0041","0.0177","2020-11-26T17:07:28.740+0000","{defaultclientid=iot-device-01, thingname=iot-device-01, thingid=983c2b68-f9a3-4e83-b3c6-9f6f8ad5431b, thingarn=arn:aws:iot:us-east-1:507441099951:thing/iot-device-01, thingtypename=null, attributes={installed=1594665292, latitude=37.4133144, longitude=-122.1513069}, version=1, billinggroupname=null}","2020-11-26 00:00:00.000"
"iot-device-03","1.5946257224249148E9","49.0","71.06","false","false","0.0078","0.0051","0.021","2020-11-26T17:07:29.076+0000","{defaultclientid=iot-device-03, thingname=iot-device-03, thingid=877352b9-a35d-45d3-9c98-162d89965a13, thingarn=arn:aws:iot:us-east-1:507441099951:thing/iot-device-03, thingtypename=null, attributes={installed=1592562234, latitude=37.4133144, longitude=-122.1513069}, version=1, billinggroupname=null}","2020-11-26 00:00:00.000"
"iot-device-03","1.5946257261114671E9","49.1","71.06","false","false","0.0079","0.0052","0.0211","2020-11-26T17:07:29.357+0000","{defaultclientid=iot-device-03, thingname=iot-device-03, thingid=877352b9-a35d-45d3-9c98-162d89965a13, thingarn=arn:aws:iot:us-east-1:507441099951:thing/iot-device-03, thingtypename=null, attributes={installed=1592562234, latitude=37.4133144, longitude=-122.1513069}, version=1, billinggroupname=null}","2020-11-26 00:00:00.000"
"iot-device-01","1.5946257279044614E9","74.2","67.1","false","false","0.0067","0.0042","0.0179","2020-11-26T17:07:29.653+0000","{defaultclientid=iot-device-01, thingname=iot-device-01, thingid=983c2b68-f9a3-4e83-b3c6-9f6f8ad5431b, thingarn=arn:aws:iot:us-east-1:507441099951:thing/iot-device-01, thingtypename=null, attributes={installed=1594665292, latitude=37.4133144, longitude=-122.1513069}, version=1, billinggroupname=null}","2020-11-26 00:00:00.000"
"iot-device-03","1.5946247118722944E9","51.1","71.42","false","false","0.0078","0.0051","0.0208","2020-11-26T17:07:11.794+0000","{defaultclientid=iot-device-03, thingname=iot-device-03, thingid=877352b9-a35d-45d3-9c98-162d89965a13, thingarn=arn:aws:iot:us-east-1:507441099951:thing/iot-device-03, thingtypename=null, attributes={installed=1592562234, latitude=37.4133144, longitude=-122.1513069}, version=1, billinggroupname=null}","2020-11-26 00:00:00.000"
"iot-device-02","1.5946256207075188E9","59.7","75.56","true","false","0.0071","0.0045","0.0189","2020-11-26T17:07:12.089+0000","{defaultclientid=iot-device-02, thingname=iot-device-02, thingid=4ae4927a-aefb-4584-a45a-fc4839feffd6, thingarn=arn:aws:iot:us-east-1:507441099951:thing/iot-device-02, thingtypename=null, attributes={installed=1593361211, latitude=32.8205865, longitude=-96.871627}, version=1, billinggroupname=null}","2020-11-26 00:00:00.000"
"iot-device-01","1.5946256209102006E9","74.5","67.1","false","false","0.0067","0.0041","0.0177","2020-11-26T17:07:12.415+0000","{defaultclientid=iot-device-01, thingname=iot-device-01, thingid=983c2b68-f9a3-4e83-b3c6-9f6f8ad5431b, thingarn=arn:aws:iot:us-east-1:507441099951:thing/iot-device-01, thingtypename=null, attributes={installed=1594665292, latitude=37.4133144, longitude=-122.1513069}, version=1, billinggroupname=null}","2020-11-26 00:00:00.000"
"iot-device-03","1.5946256223545694E9","49.7","71.42","false","false","0.0079","0.0051","0.021","2020-11-26T17:07:12.792+0000","{defaultclientid=iot-device-03, thingname=iot-device-03, thingid=877352b9-a35d-45d3-9c98-162d89965a13, thingarn=arn:aws:iot:us-east-1:507441099951:thing/iot-device-03, thingtypename=null, attributes={installed=1592562234, latitude=37.4133144, longitude=-122.1513069}, version=1, billinggroupname=null}","2020-11-26 00:00:00.000"
"iot-device-02","1.594625625058033E9","59.8","75.56","true","false","0.0071","0.0045","0.0189","2020-11-26T17:07:13.090+0000","{defaultclientid=iot-device-02, thingname=iot-device-02, thingid=4ae4927a-aefb-4584-a45a-fc4839feffd6, thingarn=arn:aws:iot:us-east-1:507441099951:thing/iot-device-02, thingtypename=null, attributes={installed=1593361211, latitude=32.8205865, longitude=-96.871627}, version=1, billinggroupname=null}","2020-11-26 00:00:00.000"
"iot-device-03","1.5946256260395074E9","49.6","71.42","false","false","0.0078","0.0051","0.0209","2020-11-26T17:07:13.387+0000","{defaultclientid=iot-device-03, thingname=iot-device-03, thingid=877352b9-a35d-45d3-9c98-162d89965a13, thingarn=arn:aws:iot:us-east-1:507441099951:thing/iot-device-03, thingtypename=null, attributes={installed=1592562234, latitude=37.4133144, longitude=-122.1513069}, version=1, billinggroupname=null}","2020-11-26 00:00:00.000"
"iot-device-01","1.5946256284775126E9","74.5","67.1","false","false","0.0067","0.0042","0.0179","2020-11-26T17:07:13.675+0000","{defaultclientid=iot-device-01, thingname=iot-device-01, thingid=983c2b68-f9a3-4e83-b3c6-9f6f8ad5431b, thingarn=arn:aws:iot:us-east-1:507441099951:thing/iot-device-01, thingtypename=null, attributes={installed=1594665292, latitude=37.4133144, longitude=-122.1513069}, version=1, billinggroupname=null}","2020-11-26 00:00:00.000"
"iot-device-03","1.5946256297253456E9","49.5","71.42","false","false","0.0078","0.0051","0.0209","2020-11-26T17:07:13.974+0000","{defaultclientid=iot-device-03, thingname=iot-device-03, thingid=877352b9-a35d-45d3-9c98-162d89965a13, thingarn=arn:aws:iot:us-east-1:507441099951:thing/iot-device-03, thingtypename=null, attributes={installed=1592562234, latitude=37.4133144, longitude=-122.1513069}, version=1, billinggroupname=null}","2020-11-26 00:00:00.000"
"iot-device-02","1.594625630474857E9","59.8","75.56","true","false","0.0071","0.0045","0.0189","2020-11-26T17:07:14.253+0000","{defaultclientid=iot-device-02, thingname=iot-device-02, thingid=4ae4927a-aefb-4584-a45a-fc4839feffd6, thingarn=arn:aws:iot:us-east-1:507441099951:thing/iot-device-02, thingtypename=null, attributes={installed=1593361211, latitude=32.8205865, longitude=-96.871627}, version=1, billinggroupname=null}","2020-11-26 00:00:00.000"
"iot-device-01","1.5946256328295925E9","74.5","67.1","false","false","0.0067","0.0042","0.0179","2020-11-26T17:07:14.539+0000","{defaultclientid=iot-device-01, thingname=iot-device-01, thingid=983c2b68-f9a3-4e83-b3c6-9f6f8ad5431b, thingarn=arn:aws:iot:us-east-1:507441099951:thing/iot-device-01, thingtypename=null, attributes={installed=1594665292, latitude=37.4133144, longitude=-122.1513069}, version=1, billinggroupname=null}","2020-11-26 00:00:00.000"
"iot-device-02","1.5946246814344766E9","59.7","75.74","true","false","0.0074","0.0047","0.0196","2020-11-26T17:07:05.910+0000","{defaultclientid=iot-device-02, thingname=iot-device-02, thingid=4ae4927a-aefb-4584-a45a-fc4839feffd6, thingarn=arn:aws:iot:us-east-1:507441099951:thing/iot-device-02, thingtypename=null, attributes={installed=1593361211, latitude=32.8205865, longitude=-96.871627}, version=1, billinggroupname=null}","2020-11-26 00:00:00.000"
"iot-device-03","1.5946246823737895E9","51.1","71.42","false","false","0.0078","0.0051","0.0209","2020-11-26T17:07:06.204+0000","{defaultclientid=iot-device-03, thingname=iot-device-03, thingid=877352b9-a35d-45d3-9c98-162d89965a13, thingarn=arn:aws:iot:us-east-1:507441099951:thing/iot-device-03, thingtypename=null, attributes={installed=1592562234, latitude=37.4133144, longitude=-122.1513069}, version=1, billinggroupname=null}","2020-11-26 00:00:00.000"
"iot-device-01","1.5946246843490353E9","75.8","67.28","false","false","0.0067","0.0042","0.0179","2020-11-26T17:07:06.484+0000","{defaultclientid=iot-device-01, thingname=iot-device-01, thingid=983c2b68-f9a3-4e83-b3c6-9f6f8ad5431b, thingarn=arn:aws:iot:us-east-1:507441099951:thing/iot-device-01, thingtypename=null, attributes={installed=1594665292, latitude=37.4133144, longitude=-122.1513069}, version=1, billinggroupname=null}","2020-11-26 00:00:00.000"
"iot-device-02","1.5946246857793286E9","59.7","75.74","true","false","0.0074","0.0047","0.0197","2020-11-26T17:07:06.785+0000","{defaultclientid=iot-device-02, thingname=iot-device-02, thingid=4ae4927a-aefb-4584-a45a-fc4839feffd6, thingarn=arn:aws:iot:us-east-1:507441099951:thing/iot-device-02, thingtypename=null, attributes={installed=1593361211, latitude=32.8205865, longitude=-96.871627}, version=1, billinggroupname=null}","2020-11-26 00:00:00.000"
"iot-device-03","1.5946246860603874E9","51.1","71.42","false","false","0.0078","0.0051","0.021","2020-11-26T17:07:07.077+0000","{defaultclientid=iot-device-03, thingname=iot-device-03, thingid=877352b9-a35d-45d3-9c98-162d89965a13, thingarn=arn:aws:iot:us-east-1:507441099951:thing/iot-device-03, thingtypename=null, attributes={installed=1592562234, latitude=37.4133144, longitude=-122.1513069}, version=1, billinggroupname=null}","2020-11-26 00:00:00.000"
"iot-device-03","1.5946246897478821E9","51.1","71.42","false","false","0.0078","0.0051","0.0209","2020-11-26T17:07:07.378+0000","{defaultclientid=iot-device-03, thingname=iot-device-03, thingid=877352b9-a35d-45d3-9c98-162d89965a13, thingarn=arn:aws:iot:us-east-1:507441099951:thing/iot-device-03, thingtypename=null, attributes={installed=1592562234, latitude=37.4133144, longitude=-122.1513069}, version=1, billinggroupname=null}","2020-11-26 00:00:00.000"
"iot-device-02","1.594624690659515E9","59.9","75.74","true","false","0.0073","0.0047","0.0195","2020-11-26T17:07:07.694+0000","{defaultclientid=iot-device-02, thingname=iot-device-02, thingid=4ae4927a-aefb-4584-a45a-fc4839feffd6, thingarn=arn:aws:iot:us-east-1:507441099951:thing/iot-device-02, thingtypename=null, attributes={installed=1593361211, latitude=32.8205865, longitude=-96.871627}, version=1, billinggroupname=null}","2020-11-26 00:00:00.000"
"iot-device-01","1.594624692507443E9","75.8","67.28","false","false","0.0067","0.0041","0.0177","2020-11-26T17:07:07.986+0000","{defaultclientid=iot-device-01, thingname=iot-device-01, thingid=983c2b68-f9a3-4e83-b3c6-9f6f8ad5431b, thingarn=arn:aws:iot:us-east-1:507441099951:thing/iot-device-01, thingtypename=null, attributes={installed=1594665292, latitude=37.4133144, longitude=-122.1513069}, version=1, billinggroupname=null}","2020-11-26 00:00:00.000"
"iot-device-03","1.5946246934355187E9","51.1","71.42","false","false","0.0078","0.0051","0.021","2020-11-26T17:07:08.285+0000","{defaultclientid=iot-device-03, thingname=iot-device-03, thingid=877352b9-a35d-45d3-9c98-162d89965a13, thingarn=arn:aws:iot:us-east-1:507441099951:thing/iot-device-03, thingtypename=null, attributes={installed=1592562234, latitude=37.4133144, longitude=-122.1513069}, version=1, billinggroupname=null}","2020-11-26 00:00:00.000"
"iot-device-02","1.5946246955367699E9","59.8","75.74","true","false","0.0074","0.0047","0.0196","2020-11-26T17:07:08.567+0000","{defaultclientid=iot-device-02, thingname=iot-device-02, thingid=4ae4927a-aefb-4584-a45a-fc4839feffd6, thingarn=arn:aws:iot:us-east-1:507441099951:thing/iot-device-02, thingtypename=null, attributes={installed=1593361211, latitude=32.8205865, longitude=-96.871627}, version=1, billinggroupname=null}","2020-11-26 00:00:00.000"
"iot-device-03","1.5946256742436721E9","49.0","71.24","false","false","0.0079","0.0052","0.0211","2020-11-26T17:07:20.897+0000","{defaultclientid=iot-device-03, thingname=iot-device-03, thingid=877352b9-a35d-45d3-9c98-162d89965a13, thingarn=arn:aws:iot:us-east-1:507441099951:thing/iot-device-03, thingtypename=null, attributes={installed=1592562234, latitude=37.4133144, longitude=-122.1513069}, version=1, billinggroupname=null}","2020-11-26 00:00:00.000"
"iot-device-02","1.5946256753209743E9","59.8","75.56","true","false","0.0072","0.0045","0.019","2020-11-26T17:07:21.198+0000","{defaultclientid=iot-device-02, thingname=iot-device-02, thingid=4ae4927a-aefb-4584-a45a-fc4839feffd6, thingarn=arn:aws:iot:us-east-1:507441099951:thing/iot-device-02, thingtypename=null, attributes={installed=1593361211, latitude=32.8205865, longitude=-96.871627}, version=1, billinggroupname=null}","2020-11-26 00:00:00.000"
"iot-device-01","1.5946256769024878E9","74.3","67.1","false","false","0.0067","0.0042","0.0179","2020-11-26T17:07:21.516+0000","{defaultclientid=iot-device-01, thingname=iot-device-01, thingid=983c2b68-f9a3-4e83-b3c6-9f6f8ad5431b, thingarn=arn:aws:iot:us-east-1:507441099951:thing/iot-device-01, thingtypename=null, attributes={installed=1594665292, latitude=37.4133144, longitude=-122.1513069}, version=1, billinggroupname=null}","2020-11-26 00:00:00.000"
"iot-device-03","1.59462567792254E9","48.9","71.24","false","false","0.0079","0.0051","0.021","2020-11-26T17:07:21.804+0000","{defaultclientid=iot-device-03, thingname=iot-device-03, thingid=877352b9-a35d-45d3-9c98-162d89965a13, thingarn=arn:aws:iot:us-east-1:507441099951:thing/iot-device-03, thingtypename=null, attributes={installed=1592562234, latitude=37.4133144, longitude=-122.1513069}, version=1, billinggroupname=null}","2020-11-26 00:00:00.000"
"iot-device-02","1.5946256807326984E9","59.7","75.56","true","false","0.0071","0.0045","0.019","2020-11-26T17:07:22.089+0000","{defaultclientid=iot-device-02, thingname=iot-device-02, thingid=4ae4927a-aefb-4584-a45a-fc4839feffd6, thingarn=arn:aws:iot:us-east-1:507441099951:thing/iot-device-02, thingtypename=null, attributes={installed=1593361211, latitude=32.8205865, longitude=-96.871627}, version=1, billinggroupname=null}","2020-11-26 00:00:00.000"
"iot-device-03","1.5946256816136885E9","48.9","71.06","false","false","0.0079","0.0051","0.021","2020-11-26T17:07:22.389+0000","{defaultclientid=iot-device-03, thingname=iot-device-03, thingid=877352b9-a35d-45d3-9c98-162d89965a13, thingarn=arn:aws:iot:us-east-1:507441099951:thing/iot-device-03, thingtypename=null, attributes={installed=1592562234, latitude=37.4133144, longitude=-122.1513069}, version=1, billinggroupname=null}","2020-11-26 00:00:00.000"
"iot-device-01","1.5946256834047654E9","74.4","67.1","false","false","0.0067","0.0042","0.0179","2020-11-26T17:07:22.698+0000","{defaultclientid=iot-device-01, thingname=iot-device-01, thingid=983c2b68-f9a3-4e83-b3c6-9f6f8ad5431b, thingarn=arn:aws:iot:us-east-1:507441099951:thing/iot-device-01, thingtypename=null, attributes={installed=1594665292, latitude=37.4133144, longitude=-122.1513069}, version=1, billinggroupname=null}","2020-11-26 00:00:00.000"
"iot-device-03","1.5946256852999527E9","48.9","71.06","false","false","0.0078","0.0051","0.0209","2020-11-26T17:07:22.985+0000","{defaultclientid=iot-device-03, thingname=iot-device-03, thingid=877352b9-a35d-45d3-9c98-162d89965a13, thingarn=arn:aws:iot:us-east-1:507441099951:thing/iot-device-03, thingtypename=null, attributes={installed=1592562234, latitude=37.4133144, longitude=-122.1513069}, version=1, billinggroupname=null}","2020-11-26 00:00:00.000"
"iot-device-02","1.5946256856134224E9","59.7","75.56","true","false","0.0072","0.0046","0.0191","2020-11-26T17:07:23.272+0000","{defaultclientid=iot-device-02, thingname=iot-device-02, thingid=4ae4927a-aefb-4584-a45a-fc4839feffd6, thingarn=arn:aws:iot:us-east-1:507441099951:thing/iot-device-02, thingtypename=null, attributes={installed=1593361211, latitude=32.8205865, longitude=-96.871627}, version=1, billinggroupname=null}","2020-11-26 00:00:00.000"
"iot-device-01","1.5946256888302646E9","74.5","67.1","false","false","0.0068","0.0042","0.0179","2020-11-26T17:07:23.560+0000","{defaultclientid=iot-device-01, thingname=iot-device-01, thingid=983c2b68-f9a3-4e83-b3c6-9f6f8ad5431b, thingarn=arn:aws:iot:us-east-1:507441099951:thing/iot-device-01, thingtypename=null, attributes={installed=1594665292, latitude=37.4133144, longitude=-122.1513069}, version=1, billinggroupname=null}","2020-11-26 00:00:00.000"
"iot-device-03","1.5946256334110749E9","49.5","71.42","false","false","0.0078","0.0051","0.0209","2020-11-26T17:07:14.840+0000","{defaultclientid=iot-device-03, thingname=iot-device-03, thingid=877352b9-a35d-45d3-9c98-162d89965a13, thingarn=arn:aws:iot:us-east-1:507441099951:thing/iot-device-03, thingtypename=null, attributes={installed=1592562234, latitude=37.4133144, longitude=-122.1513069}, version=1, billinggroupname=null}","2020-11-26 00:00:00.000"
"iot-device-03","1.5946256370951445E9","49.3","71.24","false","false","0.0078","0.0051","0.0209","2020-11-26T17:07:15.137+0000","{defaultclientid=iot-device-03, thingname=iot-device-03, thingid=877352b9-a35d-45d3-9c98-162d89965a13, thingarn=arn:aws:iot:us-east-1:507441099951:thing/iot-device-03, thingtypename=null, attributes={installed=1592562234, latitude=37.4133144, longitude=-122.1513069}, version=1, billinggroupname=null}","2020-11-26 00:00:00.000"
"iot-device-01","1.5946256387843919E9","74.5","67.1","false","false","0.0067","0.0041","0.0177","2020-11-26T17:07:15.437+0000","{defaultclientid=iot-device-01, thingname=iot-device-01, thingid=983c2b68-f9a3-4e83-b3c6-9f6f8ad5431b, thingarn=arn:aws:iot:us-east-1:507441099951:thing/iot-device-01, thingtypename=null, attributes={installed=1594665292, latitude=37.4133144, longitude=-122.1513069}, version=1, billinggroupname=null}","2020-11-26 00:00:00.000"
"iot-device-02","1.5946256401679587E9","59.8","75.56","true","false","0.0071","0.0045","0.019","2020-11-26T17:07:15.736+0000","{defaultclientid=iot-device-02, thingname=iot-device-02, thingid=4ae4927a-aefb-4584-a45a-fc4839feffd6, thingarn=arn:aws:iot:us-east-1:507441099951:thing/iot-device-02, thingtypename=null, attributes={installed=1593361211, latitude=32.8205865, longitude=-96.871627}, version=1, billinggroupname=null}","2020-11-26 00:00:00.000"
"iot-device-03","1.5946256407981179E9","49.3","71.24","false","false","0.0078","0.0051","0.021","2020-11-26T17:07:16.019+0000","{defaultclientid=iot-device-03, thingname=iot-device-03, thingid=877352b9-a35d-45d3-9c98-162d89965a13, thingarn=arn:aws:iot:us-east-1:507441099951:thing/iot-device-03, thingtypename=null, attributes={installed=1592562234, latitude=37.4133144, longitude=-122.1513069}, version=1, billinggroupname=null}","2020-11-26 00:00:00.000"
"iot-device-03","1.594625644483948E9","49.2","71.24","false","false","0.0078","0.0051","0.0209","2020-11-26T17:07:16.319+0000","{defaultclientid=iot-device-03, thingname=iot-device-03, thingid=877352b9-a35d-45d3-9c98-162d89965a13, thingarn=arn:aws:iot:us-east-1:507441099951:thing/iot-device-03, thingtypename=null, attributes={installed=1592562234, latitude=37.4133144, longitude=-122.1513069}, version=1, billinggroupname=null}","2020-11-26 00:00:00.000"
"iot-device-01","1.5946256463640213E9","74.5","67.1","false","false","0.0067","0.0042","0.0179","2020-11-26T17:07:16.597+0000","{defaultclientid=iot-device-01, thingname=iot-device-01, thingid=983c2b68-f9a3-4e83-b3c6-9f6f8ad5431b, thingarn=arn:aws:iot:us-east-1:507441099951:thing/iot-device-01, thingtypename=null, attributes={installed=1594665292, latitude=37.4133144, longitude=-122.1513069}, version=1, billinggroupname=null}","2020-11-26 00:00:00.000"
"iot-device-03","1.594625648169672E9","49.3","71.24","false","false","0.0078","0.0051","0.0208","2020-11-26T17:07:16.885+0000","{defaultclientid=iot-device-03, thingname=iot-device-03, thingid=877352b9-a35d-45d3-9c98-162d89965a13, thingarn=arn:aws:iot:us-east-1:507441099951:thing/iot-device-03, thingtypename=null, attributes={installed=1592562234, latitude=37.4133144, longitude=-122.1513069}, version=1, billinggroupname=null}","2020-11-26 00:00:00.000"
"iot-device-02","1.5946256504584491E9","59.7","75.56","true","false","0.0071","0.0045","0.0189","2020-11-26T17:07:17.239+0000","{defaultclientid=iot-device-02, thingname=iot-device-02, thingid=4ae4927a-aefb-4584-a45a-fc4839feffd6, thingarn=arn:aws:iot:us-east-1:507441099951:thing/iot-device-02, thingtypename=null, attributes={installed=1593361211, latitude=32.8205865, longitude=-96.871627}, version=1, billinggroupname=null}","2020-11-26 00:00:00.000"
"iot-device-03","1.5946256518554199E9","49.3","71.42","false","false","0.0078","0.0051","0.0209","2020-11-26T17:07:17.632+0000","{defaultclientid=iot-device-03, thingname=iot-device-03, thingid=877352b9-a35d-45d3-9c98-162d89965a13, thingarn=arn:aws:iot:us-east-1:507441099951:thing/iot-device-03, thingtypename=null, attributes={installed=1592562234, latitude=37.4133144, longitude=-122.1513069}, version=1, billinggroupname=null}","2020-11-26 00:00:00.000"
"iot-device-03","1.594624697123227E9","51.1","71.42","false","false","0.0078","0.0051","0.021","2020-11-26T17:07:08.859+0000","{defaultclientid=iot-device-03, thingname=iot-device-03, thingid=877352b9-a35d-45d3-9c98-162d89965a13, thingarn=arn:aws:iot:us-east-1:507441099951:thing/iot-device-03, thingtypename=null, attributes={installed=1592562234, latitude=37.4133144, longitude=-122.1513069}, version=1, billinggroupname=null}","2020-11-26 00:00:00.000"
"iot-device-01","1.59462469739642E9","75.8","67.28","false","false","0.0067","0.0042","0.0179","2020-11-26T17:07:09.148+0000","{defaultclientid=iot-device-01, thingname=iot-device-01, thingid=983c2b68-f9a3-4e83-b3c6-9f6f8ad5431b, thingarn=arn:aws:iot:us-east-1:507441099951:thing/iot-device-01, thingtypename=null, attributes={installed=1594665292, latitude=37.4133144, longitude=-122.1513069}, version=1, billinggroupname=null}","2020-11-26 00:00:00.000"
"iot-device-03","1.5946247008108413E9","51.1","71.42","false","false","0.0078","0.0051","0.021","2020-11-26T17:07:09.435+0000","{defaultclientid=iot-device-03, thingname=iot-device-03, thingid=877352b9-a35d-45d3-9c98-162d89965a13, thingarn=arn:aws:iot:us-east-1:507441099951:thing/iot-device-03, thingtypename=null, attributes={installed=1592562234, latitude=37.4133144, longitude=-122.1513069}, version=1, billinggroupname=null}","2020-11-26 00:00:00.000"
"iot-device-02","1.5946247020170224E9","59.8","75.74","true","false","0.0073","0.0047","0.0195","2020-11-26T17:07:09.718+0000","{defaultclientid=iot-device-02, thingname=iot-device-02, thingid=4ae4927a-aefb-4584-a45a-fc4839feffd6, thingarn=arn:aws:iot:us-east-1:507441099951:thing/iot-device-02, thingtypename=null, attributes={installed=1593361211, latitude=32.8205865, longitude=-96.871627}, version=1, billinggroupname=null}","2020-11-26 00:00:00.000"
"iot-device-03","1.5946247044984436E9","51.1","71.42","false","false","0.0079","0.0051","0.021","2020-11-26T17:07:10.010+0000","{defaultclientid=iot-device-03, thingname=iot-device-03, thingid=877352b9-a35d-45d3-9c98-162d89965a13, thingarn=arn:aws:iot:us-east-1:507441099951:thing/iot-device-03, thingtypename=null, attributes={installed=1592562234, latitude=37.4133144, longitude=-122.1513069}, version=1, billinggroupname=null}","2020-11-26 00:00:00.000"
"iot-device-01","1.594624705509427E9","75.7","67.28","false","false","0.0067","0.0042","0.0179","2020-11-26T17:07:10.295+0000","{defaultclientid=iot-device-01, thingname=iot-device-01, thingid=983c2b68-f9a3-4e83-b3c6-9f6f8ad5431b, thingarn=arn:aws:iot:us-east-1:507441099951:thing/iot-device-01, thingtypename=null, attributes={installed=1594665292, latitude=37.4133144, longitude=-122.1513069}, version=1, billinggroupname=null}","2020-11-26 00:00:00.000"
"iot-device-02","1.594624706891E9","59.8","75.74","true","false","0.0073","0.0046","0.0194","2020-11-26T17:07:10.580+0000","{defaultclientid=iot-device-02, thingname=iot-device-02, thingid=4ae4927a-aefb-4584-a45a-fc4839feffd6, thingarn=arn:aws:iot:us-east-1:507441099951:thing/iot-device-02, thingtypename=null, attributes={installed=1593361211, latitude=32.8205865, longitude=-96.871627}, version=1, billinggroupname=null}","2020-11-26 00:00:00.000"
"iot-device-03","1.5946247081850405E9","51.1","71.42","false","false","0.0078","0.0051","0.0209","2020-11-26T17:07:10.885+0000","{defaultclientid=iot-device-03, thingname=iot-device-03, thingid=877352b9-a35d-45d3-9c98-162d89965a13, thingarn=arn:aws:iot:us-east-1:507441099951:thing/iot-device-03, thingtypename=null, attributes={installed=1592562234, latitude=37.4133144, longitude=-122.1513069}, version=1, billinggroupname=null}","2020-11-26 00:00:00.000"
"iot-device-01","1.5946247109463625E9","75.7","67.1","false","false","0.0067","0.0042","0.0179","2020-11-26T17:07:11.208+0000","{defaultclientid=iot-device-01, thingname=iot-device-01, thingid=983c2b68-f9a3-4e83-b3c6-9f6f8ad5431b, thingarn=arn:aws:iot:us-east-1:507441099951:thing/iot-device-01, thingtypename=null, attributes={installed=1594665292, latitude=37.4133144, longitude=-122.1513069}, version=1, billinggroupname=null}","2020-11-26 00:00:00.000"
"iot-device-02","1.5946247117699795E9","59.8","75.74","true","false","0.0074","0.0047","0.0196","2020-11-26T17:07:11.496+0000","{defaultclientid=iot-device-02, thingname=iot-device-02, thingid=4ae4927a-aefb-4584-a45a-fc4839feffd6, thingarn=arn:aws:iot:us-east-1:507441099951:thing/iot-device-02, thingtypename=null, attributes={installed=1593361211, latitude=32.8205865, longitude=-96.871627}, version=1, billinggroupname=null}","2020-11-26 00:00:00.000"
"iot-device-02","1.5946192816701114E9","60.0","76.64","true","false","0.0072","0.0046","0.0192","2020-11-26T17:05:27.043+0000","{defaultclientid=iot-device-02, thingname=iot-device-02, thingid=4ae4927a-aefb-4584-a45a-fc4839feffd6, thingarn=arn:aws:iot:us-east-1:507441099951:thing/iot-device-02, thingtypename=null, attributes={installed=1593361211, latitude=32.8205865, longitude=-96.871627}, version=1, billinggroupname=null}","2020-11-26 00:00:00.000"
"iot-device-03","1.5946192822723756E9","50.8","71.78","false","false","0.0078","0.0051","0.0208","2020-11-26T17:05:27.339+0000","{defaultclientid=iot-device-03, thingname=iot-device-03, thingid=877352b9-a35d-45d3-9c98-162d89965a13, thingarn=arn:aws:iot:us-east-1:507441099951:thing/iot-device-03, thingtypename=null, attributes={installed=1592562234, latitude=37.4133144, longitude=-122.1513069}, version=1, billinggroupname=null}","2020-11-26 00:00:00.000"
"iot-device-01","1.5946192850780206E9","75.7","67.1","false","false","0.0072","0.0046","0.0192","2020-11-26T17:05:27.635+0000","{defaultclientid=iot-device-01, thingname=iot-device-01, thingid=983c2b68-f9a3-4e83-b3c6-9f6f8ad5431b, thingarn=arn:aws:iot:us-east-1:507441099951:thing/iot-device-01, thingtypename=null, attributes={installed=1594665292, latitude=37.4133144, longitude=-122.1513069}, version=1, billinggroupname=null}","2020-11-26 00:00:00.000"
"iot-device-02","1.594619285482623E9","60.0","76.64","true","false","0.0072","0.0046","0.0191","2020-11-26T17:05:27.924+0000","{defaultclientid=iot-device-02, thingname=iot-device-02, thingid=4ae4927a-aefb-4584-a45a-fc4839feffd6, thingarn=arn:aws:iot:us-east-1:507441099951:thing/iot-device-02, thingtypename=null, attributes={installed=1593361211, latitude=32.8205865, longitude=-96.871627}, version=1, billinggroupname=null}","2020-11-26 00:00:00.000"
"iot-device-03","1.5946192859596224E9","50.8","71.78","false","false","0.0078","0.0051","0.0209","2020-11-26T17:05:28.220+0000","{defaultclientid=iot-device-03, thingname=iot-device-03, thingid=877352b9-a35d-45d3-9c98-162d89965a13, thingarn=arn:aws:iot:us-east-1:507441099951:thing/iot-device-03, thingtypename=null, attributes={installed=1592562234, latitude=37.4133144, longitude=-122.1513069}, version=1, billinggroupname=null}","2020-11-26 00:00:00.000"
"iot-device-01","1.5946192894323983E9","75.8","67.1","false","false","0.0072","0.0046","0.0192","2020-11-26T17:05:28.525+0000","{defaultclientid=iot-device-01, thingname=iot-device-01, thingid=983c2b68-f9a3-4e83-b3c6-9f6f8ad5431b, thingarn=arn:aws:iot:us-east-1:507441099951:thing/iot-device-01, thingtypename=null, attributes={installed=1594665292, latitude=37.4133144, longitude=-122.1513069}, version=1, billinggroupname=null}","2020-11-26 00:00:00.000"
"iot-device-03","1.5946192896434054E9","50.8","71.78","false","false","0.0078","0.0051","0.0207","2020-11-26T17:05:28.820+0000","{defaultclientid=iot-device-03, thingname=iot-device-03, thingid=877352b9-a35d-45d3-9c98-162d89965a13, thingarn=arn:aws:iot:us-east-1:507441099951:thing/iot-device-03, thingtypename=null, attributes={installed=1592562234, latitude=37.4133144, longitude=-122.1513069}, version=1, billinggroupname=null}","2020-11-26 00:00:00.000"
"iot-device-01","1.5946192932467134E9","75.7","67.1","false","false","0.0073","0.0046","0.0194","2020-11-26T17:05:29.118+0000","{defaultclientid=iot-device-01, thingname=iot-device-01, thingid=983c2b68-f9a3-4e83-b3c6-9f6f8ad5431b, thingarn=arn:aws:iot:us-east-1:507441099951:thing/iot-device-01, thingtypename=null, attributes={installed=1594665292, latitude=37.4133144, longitude=-122.1513069}, version=1, billinggroupname=null}","2020-11-26 00:00:00.000"
"iot-device-03","1.5946192933290734E9","50.8","71.78","false","false","0.0078","0.0051","0.0209","2020-11-26T17:05:29.424+0000","{defaultclientid=iot-device-03, thingname=iot-device-03, thingid=877352b9-a35d-45d3-9c98-162d89965a13, thingarn=arn:aws:iot:us-east-1:507441099951:thing/iot-device-03, thingtypename=null, attributes={installed=1592562234, latitude=37.4133144, longitude=-122.1513069}, version=1, billinggroupname=null}","2020-11-26 00:00:00.000"
"iot-device-02","1.5946192946337569E9","60.0","76.64","true","false","0.0072","0.0046","0.0192","2020-11-26T17:05:29.730+0000","{defaultclientid=iot-device-02, thingname=iot-device-02, thingid=4ae4927a-aefb-4584-a45a-fc4839feffd6, thingarn=arn:aws:iot:us-east-1:507441099951:thing/iot-device-02, thingtypename=null, attributes={installed=1593361211, latitude=32.8205865, longitude=-96.871627}, version=1, billinggroupname=null}","2020-11-26 00:00:00.000"
"iot-device-03","1.5946176673609288E9","48.1","71.06","false","false","0.0078","0.0051","0.0208","2020-11-26T17:05:09.241+0000","{defaultclientid=iot-device-03, thingname=iot-device-03, thingid=877352b9-a35d-45d3-9c98-162d89965a13, thingarn=arn:aws:iot:us-east-1:507441099951:thing/iot-device-03, thingtypename=null, attributes={installed=1592562234, latitude=37.4133144, longitude=-122.1513069}, version=1, billinggroupname=null}","2020-11-26 00:00:00.000"
"iot-device-01","1.5946176677022488E9","74.4","66.74","false","false","0.0076","0.0049","0.0202","2020-11-26T17:05:09.540+0000","{defaultclientid=iot-device-01, thingname=iot-device-01, thingid=983c2b68-f9a3-4e83-b3c6-9f6f8ad5431b, thingarn=arn:aws:iot:us-east-1:507441099951:thing/iot-device-01, thingtypename=null, attributes={installed=1594665292, latitude=37.4133144, longitude=-122.1513069}, version=1, billinggroupname=null}","2020-11-26 00:00:00.000"
"iot-device-03","1.5946176710473654E9","48.1","71.06","false","false","0.0078","0.0051","0.0208","2020-11-26T17:05:09.824+0000","{defaultclientid=iot-device-03, thingname=iot-device-03, thingid=877352b9-a35d-45d3-9c98-162d89965a13, thingarn=arn:aws:iot:us-east-1:507441099951:thing/iot-device-03, thingtypename=null, attributes={installed=1592562234, latitude=37.4133144, longitude=-122.1513069}, version=1, billinggroupname=null}","2020-11-26 00:00:00.000"
"iot-device-01","1.5946176720792847E9","74.7","66.74","false","false","0.0076","0.0049","0.0202","2020-11-26T17:05:10.121+0000","{defaultclientid=iot-device-01, thingname=iot-device-01, thingid=983c2b68-f9a3-4e83-b3c6-9f6f8ad5431b, thingarn=arn:aws:iot:us-east-1:507441099951:thing/iot-device-01, thingtypename=null, attributes={installed=1594665292, latitude=37.4133144, longitude=-122.1513069}, version=1, billinggroupname=null}","2020-11-26 00:00:00.000"
"iot-device-03","1.5946176747286866E9","48.1","71.06","false","false","0.0078","0.0051","0.0208","2020-11-26T17:05:10.409+0000","{defaultclientid=iot-device-03, thingname=iot-device-03, thingid=877352b9-a35d-45d3-9c98-162d89965a13, thingarn=arn:aws:iot:us-east-1:507441099951:thing/iot-device-03, thingtypename=null, attributes={installed=1592562234, latitude=37.4133144, longitude=-122.1513069}, version=1, billinggroupname=null}","2020-11-26 00:00:00.000"
"iot-device-02","1.5946176768402221E9","59.8","77.0","true","false","0.0073","0.0047","0.0195","2020-11-26T17:05:10.710+0000","{defaultclientid=iot-device-02, thingname=iot-device-02, thingid=4ae4927a-aefb-4584-a45a-fc4839feffd6, thingarn=arn:aws:iot:us-east-1:507441099951:thing/iot-device-02, thingtypename=null, attributes={installed=1593361211, latitude=32.8205865, longitude=-96.871627}, version=1, billinggroupname=null}","2020-11-26 00:00:00.000"
"iot-device-01","1.5946176769671974E9","74.4","66.74","false","false","0.0075","0.0048","0.02","2020-11-26T17:05:10.999+0000","{defaultclientid=iot-device-01, thingname=iot-device-01, thingid=983c2b68-f9a3-4e83-b3c6-9f6f8ad5431b, thingarn=arn:aws:iot:us-east-1:507441099951:thing/iot-device-01, thingtypename=null, attributes={installed=1594665292, latitude=37.4133144, longitude=-122.1513069}, version=1, billinggroupname=null}","2020-11-26 00:00:00.000"
"iot-device-03","1.5946176784150627E9","48.2","71.06","false","false","0.0078","0.0051","0.0208","2020-11-26T17:05:11.289+0000","{defaultclientid=iot-device-03, thingname=iot-device-03, thingid=877352b9-a35d-45d3-9c98-162d89965a13, thingarn=arn:aws:iot:us-east-1:507441099951:thing/iot-device-03, thingtypename=null, attributes={installed=1592562234, latitude=37.4133144, longitude=-122.1513069}, version=1, billinggroupname=null}","2020-11-26 00:00:00.000"
"iot-device-02","1.594617681185801E9","59.8","77.0","true","false","0.0072","0.0046","0.0192","2020-11-26T17:05:11.610+0000","{defaultclientid=iot-device-02, thingname=iot-device-02, thingid=4ae4927a-aefb-4584-a45a-fc4839feffd6, thingarn=arn:aws:iot:us-east-1:507441099951:thing/iot-device-02, thingtypename=null, attributes={installed=1593361211, latitude=32.8205865, longitude=-96.871627}, version=1, billinggroupname=null}","2020-11-26 00:00:00.000"
"iot-device-03","1.5946176821015015E9","48.1","71.06","false","false","0.0078","0.0051","0.0208","2020-11-26T17:05:11.910+0000","{defaultclientid=iot-device-03, thingname=iot-device-03, thingid=877352b9-a35d-45d3-9c98-162d89965a13, thingarn=arn:aws:iot:us-east-1:507441099951:thing/iot-device-03, thingtypename=null, attributes={installed=1592562234, latitude=37.4133144, longitude=-122.1513069}, version=1, billinggroupname=null}","2020-11-26 00:00:00.000"
"iot-device-03","1.594617634194364E9","48.1","71.24","false","false","0.0078","0.0051","0.0208","2020-11-26T17:05:03.288+0000","{defaultclientid=iot-device-03, thingname=iot-device-03, thingid=877352b9-a35d-45d3-9c98-162d89965a13, thingarn=arn:aws:iot:us-east-1:507441099951:thing/iot-device-03, thingtypename=null, attributes={installed=1592562234, latitude=37.4133144, longitude=-122.1513069}, version=1, billinggroupname=null}","2020-11-26 00:00:00.000"
"iot-device-02","1.594617635040261E9","59.8","77.0","true","false","0.0072","0.0045","0.019","2020-11-26T17:05:03.590+0000","{defaultclientid=iot-device-02, thingname=iot-device-02, thingid=4ae4927a-aefb-4584-a45a-fc4839feffd6, thingarn=arn:aws:iot:us-east-1:507441099951:thing/iot-device-02, thingtypename=null, attributes={installed=1593361211, latitude=32.8205865, longitude=-96.871627}, version=1, billinggroupname=null}","2020-11-26 00:00:00.000"
"iot-device-03","1.5946176378803067E9","48.1","71.24","false","false","0.0078","0.0051","0.0207","2020-11-26T17:05:03.908+0000","{defaultclientid=iot-device-03, thingname=iot-device-03, thingid=877352b9-a35d-45d3-9c98-162d89965a13, thingarn=arn:aws:iot:us-east-1:507441099951:thing/iot-device-03, thingtypename=null, attributes={installed=1592562234, latitude=37.4133144, longitude=-122.1513069}, version=1, billinggroupname=null}","2020-11-26 00:00:00.000"
"iot-device-01","1.5946176383438349E9","74.5","66.74","false","false","0.0076","0.0049","0.0202","2020-11-26T17:05:04.211+0000","{defaultclientid=iot-device-01, thingname=iot-device-01, thingid=983c2b68-f9a3-4e83-b3c6-9f6f8ad5431b, thingarn=arn:aws:iot:us-east-1:507441099951:thing/iot-device-01, thingtypename=null, attributes={installed=1594665292, latitude=37.4133144, longitude=-122.1513069}, version=1, billinggroupname=null}","2020-11-26 00:00:00.000"
"iot-device-02","1.5946176388467085E9","59.8","77.0","true","false","0.0071","0.0045","0.0189","2020-11-26T17:05:04.499+0000","{defaultclientid=iot-device-02, thingname=iot-device-02, thingid=4ae4927a-aefb-4584-a45a-fc4839feffd6, thingarn=arn:aws:iot:us-east-1:507441099951:thing/iot-device-02, thingtypename=null, attributes={installed=1593361211, latitude=32.8205865, longitude=-96.871627}, version=1, billinggroupname=null}","2020-11-26 00:00:00.000"
"iot-device-03","1.5946176415662978E9","48.1","71.24","false","false","0.0078","0.0051","0.0208","2020-11-26T17:05:04.809+0000","{defaultclientid=iot-device-03, thingname=iot-device-03, thingid=877352b9-a35d-45d3-9c98-162d89965a13, thingarn=arn:aws:iot:us-east-1:507441099951:thing/iot-device-03, thingtypename=null, attributes={installed=1592562234, latitude=37.4133144, longitude=-122.1513069}, version=1, billinggroupname=null}","2020-11-26 00:00:00.000"
"iot-device-02","1.5946176431902757E9","59.8","77.0","true","false","0.0072","0.0045","0.019","2020-11-26T17:05:05.099+0000","{defaultclientid=iot-device-02, thingname=iot-device-02, thingid=4ae4927a-aefb-4584-a45a-fc4839feffd6, thingarn=arn:aws:iot:us-east-1:507441099951:thing/iot-device-02, thingtypename=null, attributes={installed=1593361211, latitude=32.8205865, longitude=-96.871627}, version=1, billinggroupname=null}","2020-11-26 00:00:00.000"
"iot-device-01","1.5946176432292027E9","74.3","66.74","false","false","0.0075","0.0048","0.02","2020-11-26T17:05:05.390+0000","{defaultclientid=iot-device-01, thingname=iot-device-01, thingid=983c2b68-f9a3-4e83-b3c6-9f6f8ad5431b, thingarn=arn:aws:iot:us-east-1:507441099951:thing/iot-device-01, thingtypename=null, attributes={installed=1594665292, latitude=37.4133144, longitude=-122.1513069}, version=1, billinggroupname=null}","2020-11-26 00:00:00.000"
"iot-device-03","1.59461764525464E9","48.1","71.24","false","false","0.0078","0.0051","0.0208","2020-11-26T17:05:05.668+0000","{defaultclientid=iot-device-03, thingname=iot-device-03, thingid=877352b9-a35d-45d3-9c98-162d89965a13, thingarn=arn:aws:iot:us-east-1:507441099951:thing/iot-device-03, thingtypename=null, attributes={installed=1592562234, latitude=37.4133144, longitude=-122.1513069}, version=1, billinggroupname=null}","2020-11-26 00:00:00.000"
"iot-device-01","1.594617648119628E9","74.3","66.74","false","false","0.0076","0.0049","0.0202","2020-11-26T17:05:05.961+0000","{defaultclientid=iot-device-01, thingname=iot-device-01, thingid=983c2b68-f9a3-4e83-b3c6-9f6f8ad5431b, thingarn=arn:aws:iot:us-east-1:507441099951:thing/iot-device-01, thingtypename=null, attributes={installed=1594665292, latitude=37.4133144, longitude=-122.1513069}, version=1, billinggroupname=null}","2020-11-26 00:00:00.000"
"iot-device-03","1.594617733691239E9","49.0","71.06","false","false","0.0078","0.0051","0.0208","2020-11-26T17:05:21.117+0000","{defaultclientid=iot-device-03, thingname=iot-device-03, thingid=877352b9-a35d-45d3-9c98-162d89965a13, thingarn=arn:aws:iot:us-east-1:507441099951:thing/iot-device-03, thingtypename=null, attributes={installed=1592562234, latitude=37.4133144, longitude=-122.1513069}, version=1, billinggroupname=null}","2020-11-26 00:00:00.000"
"iot-device-03","1.594617737377346E9","49.1","71.06","false","false","0.0078","0.0051","0.0208","2020-11-26T17:05:21.401+0000","{defaultclientid=iot-device-03, thingname=iot-device-03, thingid=877352b9-a35d-45d3-9c98-162d89965a13, thingarn=arn:aws:iot:us-east-1:507441099951:thing/iot-device-03, thingtypename=null, attributes={installed=1592562234, latitude=37.4133144, longitude=-122.1513069}, version=1, billinggroupname=null}","2020-11-26 00:00:00.000"
"iot-device-01","1.5946177376702824E9","74.7","66.74","false","false","0.0076","0.0049","0.0202","2020-11-26T17:05:21.679+0000","{defaultclientid=iot-device-01, thingname=iot-device-01, thingid=983c2b68-f9a3-4e83-b3c6-9f6f8ad5431b, thingarn=arn:aws:iot:us-east-1:507441099951:thing/iot-device-01, thingtypename=null, attributes={installed=1594665292, latitude=37.4133144, longitude=-122.1513069}, version=1, billinggroupname=null}","2020-11-26 00:00:00.000"
"iot-device-03","1.5946177410632238E9","49.1","71.06","false","false","0.0078","0.0051","0.0208","2020-11-26T17:05:21.990+0000","{defaultclientid=iot-device-03, thingname=iot-device-03, thingid=877352b9-a35d-45d3-9c98-162d89965a13, thingarn=arn:aws:iot:us-east-1:507441099951:thing/iot-device-03, thingtypename=null, attributes={installed=1592562234, latitude=37.4133144, longitude=-122.1513069}, version=1, billinggroupname=null}","2020-11-26 00:00:00.000"
"iot-device-01","1.5946177436281495E9","74.7","66.74","false","false","0.0076","0.0049","0.0202","2020-11-26T17:05:22.296+0000","{defaultclientid=iot-device-01, thingname=iot-device-01, thingid=983c2b68-f9a3-4e83-b3c6-9f6f8ad5431b, thingarn=arn:aws:iot:us-east-1:507441099951:thing/iot-device-01, thingtypename=null, attributes={installed=1594665292, latitude=37.4133144, longitude=-122.1513069}, version=1, billinggroupname=null}","2020-11-26 00:00:00.000"
"iot-device-02","1.5946177446868453E9","59.7","76.82","true","false","0.0072","0.0046","0.0192","2020-11-26T17:05:22.595+0000","{defaultclientid=iot-device-02, thingname=iot-device-02, thingid=4ae4927a-aefb-4584-a45a-fc4839feffd6, thingarn=arn:aws:iot:us-east-1:507441099951:thing/iot-device-02, thingtypename=null, attributes={installed=1593361211, latitude=32.8205865, longitude=-96.871627}, version=1, billinggroupname=null}","2020-11-26 00:00:00.000"
"iot-device-03","1.5946177447345498E9","49.2","70.88","false","false","0.0078","0.0051","0.0208","2020-11-26T17:05:22.883+0000","{defaultclientid=iot-device-03, thingname=iot-device-03, thingid=877352b9-a35d-45d3-9c98-162d89965a13, thingarn=arn:aws:iot:us-east-1:507441099951:thing/iot-device-03, thingtypename=null, attributes={installed=1592562234, latitude=37.4133144, longitude=-122.1513069}, version=1, billinggroupname=null}","2020-11-26 00:00:00.000"
"iot-device-03","1.5946177484194973E9","49.3","71.06","false","false","0.0078","0.0051","0.0209","2020-11-26T17:05:23.179+0000","{defaultclientid=iot-device-03, thingname=iot-device-03, thingid=877352b9-a35d-45d3-9c98-162d89965a13, thingarn=arn:aws:iot:us-east-1:507441099951:thing/iot-device-03, thingtypename=null, attributes={installed=1592562234, latitude=37.4133144, longitude=-122.1513069}, version=1, billinggroupname=null}","2020-11-26 00:00:00.000"
"iot-device-01","1.5946177485213976E9","74.7","66.74","false","false","0.0076","0.0049","0.0202","2020-11-26T17:05:23.483+0000","{defaultclientid=iot-device-01, thingname=iot-device-01, thingid=983c2b68-f9a3-4e83-b3c6-9f6f8ad5431b, thingarn=arn:aws:iot:us-east-1:507441099951:thing/iot-device-01, thingtypename=null, attributes={installed=1594665292, latitude=37.4133144, longitude=-122.1513069}, version=1, billinggroupname=null}","2020-11-26 00:00:00.000"
"iot-device-02","1.5946177490293481E9","59.7","76.82","true","false","0.0072","0.0045","0.019","2020-11-26T17:05:23.787+0000","{defaultclientid=iot-device-02, thingname=iot-device-02, thingid=4ae4927a-aefb-4584-a45a-fc4839feffd6, thingarn=arn:aws:iot:us-east-1:507441099951:thing/iot-device-02, thingtypename=null, attributes={installed=1593361211, latitude=32.8205865, longitude=-96.871627}, version=1, billinggroupname=null}","2020-11-26 00:00:00.000"
"iot-device-02","1.5946176182636163E9","59.9","77.0","true","false","0.0071","0.0045","0.0189","2020-11-26T17:05:00.183+0000","{defaultclientid=iot-device-02, thingname=iot-device-02, thingid=4ae4927a-aefb-4584-a45a-fc4839feffd6, thingarn=arn:aws:iot:us-east-1:507441099951:thing/iot-device-02, thingtypename=null, attributes={installed=1593361211, latitude=32.8205865, longitude=-96.871627}, version=1, billinggroupname=null}","2020-11-26 00:00:00.000"
"iot-device-01","1.594617618831005E9","74.4","66.74","false","false","0.0075","0.0048","0.02","2020-11-26T17:05:00.518+0000","{defaultclientid=iot-device-01, thingname=iot-device-01, thingid=983c2b68-f9a3-4e83-b3c6-9f6f8ad5431b, thingarn=arn:aws:iot:us-east-1:507441099951:thing/iot-device-01, thingtypename=null, attributes={installed=1594665292, latitude=37.4133144, longitude=-122.1513069}, version=1, billinggroupname=null}","2020-11-26 00:00:00.000"
"iot-device-03","1.594617619464743E9","48.3","71.24","false","false","0.0078","0.0051","0.0208","2020-11-26T17:05:00.910+0000","{defaultclientid=iot-device-03, thingname=iot-device-03, thingid=877352b9-a35d-45d3-9c98-162d89965a13, thingarn=arn:aws:iot:us-east-1:507441099951:thing/iot-device-03, thingtypename=null, attributes={installed=1592562234, latitude=37.4133144, longitude=-122.1513069}, version=1, billinggroupname=null}","2020-11-26 00:00:00.000"
"iot-device-02","1.5946176226088324E9","59.8","77.0","true","false","0.0071","0.0045","0.0189","2020-11-26T17:05:01.202+0000","{defaultclientid=iot-device-02, thingname=iot-device-02, thingid=4ae4927a-aefb-4584-a45a-fc4839feffd6, thingarn=arn:aws:iot:us-east-1:507441099951:thing/iot-device-02, thingtypename=null, attributes={installed=1593361211, latitude=32.8205865, longitude=-96.871627}, version=1, billinggroupname=null}","2020-11-26 00:00:00.000"
"iot-device-03","1.5946176231509445E9","48.2","71.24","false","false","0.0078","0.0051","0.0208","2020-11-26T17:05:01.509+0000","{defaultclientid=iot-device-03, thingname=iot-device-03, thingid=877352b9-a35d-45d3-9c98-162d89965a13, thingarn=arn:aws:iot:us-east-1:507441099951:thing/iot-device-03, thingtypename=null, attributes={installed=1592562234, latitude=37.4133144, longitude=-122.1513069}, version=1, billinggroupname=null}","2020-11-26 00:00:00.000"
"iot-device-01","1.5946176253261015E9","74.4","66.74","false","false","0.0074","0.0048","0.0198","2020-11-26T17:05:01.815+0000","{defaultclientid=iot-device-01, thingname=iot-device-01, thingid=983c2b68-f9a3-4e83-b3c6-9f6f8ad5431b, thingarn=arn:aws:iot:us-east-1:507441099951:thing/iot-device-01, thingtypename=null, attributes={installed=1594665292, latitude=37.4133144, longitude=-122.1513069}, version=1, billinggroupname=null}","2020-11-26 00:00:00.000"
"iot-device-03","1.594617626836174E9","48.2","71.24","false","false","0.0078","0.0051","0.0208","2020-11-26T17:05:02.107+0000","{defaultclientid=iot-device-03, thingname=iot-device-03, thingid=877352b9-a35d-45d3-9c98-162d89965a13, thingarn=arn:aws:iot:us-east-1:507441099951:thing/iot-device-03, thingtypename=null, attributes={installed=1592562234, latitude=37.4133144, longitude=-122.1513069}, version=1, billinggroupname=null}","2020-11-26 00:00:00.000"
"iot-device-02","1.594617627486317E9","59.8","77.0","true","false","0.0071","0.0045","0.0189","2020-11-26T17:05:02.389+0000","{defaultclientid=iot-device-02, thingname=iot-device-02, thingid=4ae4927a-aefb-4584-a45a-fc4839feffd6, thingarn=arn:aws:iot:us-east-1:507441099951:thing/iot-device-02, thingtypename=null, attributes={installed=1593361211, latitude=32.8205865, longitude=-96.871627}, version=1, billinggroupname=null}","2020-11-26 00:00:00.000"
"iot-device-01","1.5946176296785994E9","74.5","66.74","false","false","0.0076","0.0049","0.0202","2020-11-26T17:05:02.683+0000","{defaultclientid=iot-device-01, thingname=iot-device-01, thingid=983c2b68-f9a3-4e83-b3c6-9f6f8ad5431b, thingarn=arn:aws:iot:us-east-1:507441099951:thing/iot-device-01, thingtypename=null, attributes={installed=1594665292, latitude=37.4133144, longitude=-122.1513069}, version=1, billinggroupname=null}","2020-11-26 00:00:00.000"
"iot-device-03","1.5946176305222304E9","48.2","71.24","false","false","0.0078","0.0051","0.0208","2020-11-26T17:05:02.996+0000","{defaultclientid=iot-device-03, thingname=iot-device-03, thingid=877352b9-a35d-45d3-9c98-162d89965a13, thingarn=arn:aws:iot:us-east-1:507441099951:thing/iot-device-03, thingtypename=null, attributes={installed=1592562234, latitude=37.4133144, longitude=-122.1513069}, version=1, billinggroupname=null}","2020-11-26 00:00:00.000"
"iot-device-01","1.5946177003097508E9","74.3","66.74","false","false","0.0076","0.0049","0.0202","2020-11-26T17:05:15.139+0000","{defaultclientid=iot-device-01, thingname=iot-device-01, thingid=983c2b68-f9a3-4e83-b3c6-9f6f8ad5431b, thingarn=arn:aws:iot:us-east-1:507441099951:thing/iot-device-01, thingtypename=null, attributes={installed=1594665292, latitude=37.4133144, longitude=-122.1513069}, version=1, billinggroupname=null}","2020-11-26 00:00:00.000"
"iot-device-03","1.5946177005273798E9","48.3","71.06","false","false","0.0078","0.0051","0.0208","2020-11-26T17:05:15.439+0000","{defaultclientid=iot-device-03, thingname=iot-device-03, thingid=877352b9-a35d-45d3-9c98-162d89965a13, thingarn=arn:aws:iot:us-east-1:507441099951:thing/iot-device-03, thingtypename=null, attributes={installed=1592562234, latitude=37.4133144, longitude=-122.1513069}, version=1, billinggroupname=null}","2020-11-26 00:00:00.000"
"iot-device-03","1.594617704214682E9","48.3","71.06","false","false","0.0078","0.0051","0.0208","2020-11-26T17:05:15.740+0000","{defaultclientid=iot-device-03, thingname=iot-device-03, thingid=877352b9-a35d-45d3-9c98-162d89965a13, thingarn=arn:aws:iot:us-east-1:507441099951:thing/iot-device-03, thingtypename=null, attributes={installed=1592562234, latitude=37.4133144, longitude=-122.1513069}, version=1, billinggroupname=null}","2020-11-26 00:00:00.000"
"iot-device-02","1.594617707654468E9","59.8","77.0","true","false","0.0072","0.0045","0.019","2020-11-26T17:05:16.019+0000","{defaultclientid=iot-device-02, thingname=iot-device-02, thingid=4ae4927a-aefb-4584-a45a-fc4839feffd6, thingarn=arn:aws:iot:us-east-1:507441099951:thing/iot-device-02, thingtypename=null, attributes={installed=1593361211, latitude=32.8205865, longitude=-96.871627}, version=1, billinggroupname=null}","2020-11-26 00:00:00.000"
"iot-device-03","1.5946177078999455E9","48.4","71.06","false","false","0.0078","0.0051","0.0209","2020-11-26T17:05:16.333+0000","{defaultclientid=iot-device-03, thingname=iot-device-03, thingid=877352b9-a35d-45d3-9c98-162d89965a13, thingarn=arn:aws:iot:us-east-1:507441099951:thing/iot-device-03, thingtypename=null, attributes={installed=1592562234, latitude=37.4133144, longitude=-122.1513069}, version=1, billinggroupname=null}","2020-11-26 00:00:00.000"
"iot-device-01","1.594617708956335E9","74.3","66.74","false","false","0.0076","0.0049","0.0202","2020-11-26T17:05:16.606+0000","{defaultclientid=iot-device-01, thingname=iot-device-01, thingid=983c2b68-f9a3-4e83-b3c6-9f6f8ad5431b, thingarn=arn:aws:iot:us-east-1:507441099951:thing/iot-device-01, thingtypename=null, attributes={installed=1594665292, latitude=37.4133144, longitude=-122.1513069}, version=1, billinggroupname=null}","2020-11-26 00:00:00.000"
"iot-device-03","1.5946177115858526E9","48.4","71.06","false","false","0.0078","0.0051","0.0208","2020-11-26T17:05:16.907+0000","{defaultclientid=iot-device-03, thingname=iot-device-03, thingid=877352b9-a35d-45d3-9c98-162d89965a13, thingarn=arn:aws:iot:us-east-1:507441099951:thing/iot-device-03, thingtypename=null, attributes={installed=1592562234, latitude=37.4133144, longitude=-122.1513069}, version=1, billinggroupname=null}","2020-11-26 00:00:00.000"
"iot-device-02","1.5946177120003011E9","59.7","76.82","true","false","0.0072","0.0046","0.0192","2020-11-26T17:05:17.268+0000","{defaultclientid=iot-device-02, thingname=iot-device-02, thingid=4ae4927a-aefb-4584-a45a-fc4839feffd6, thingarn=arn:aws:iot:us-east-1:507441099951:thing/iot-device-02, thingtypename=null, attributes={installed=1593361211, latitude=32.8205865, longitude=-96.871627}, version=1, billinggroupname=null}","2020-11-26 00:00:00.000"
"iot-device-01","1.5946177133076982E9","74.4","66.74","false","false","0.0076","0.0049","0.0202","2020-11-26T17:05:17.559+0000","{defaultclientid=iot-device-01, thingname=iot-device-01, thingid=983c2b68-f9a3-4e83-b3c6-9f6f8ad5431b, thingarn=arn:aws:iot:us-east-1:507441099951:thing/iot-device-01, thingtypename=null, attributes={installed=1594665292, latitude=37.4133144, longitude=-122.1513069}, version=1, billinggroupname=null}","2020-11-26 00:00:00.000"
"iot-device-03","1.594617715271745E9","48.5","71.06","false","false","0.0078","0.0051","0.0207","2020-11-26T17:05:17.848+0000","{defaultclientid=iot-device-03, thingname=iot-device-03, thingid=877352b9-a35d-45d3-9c98-162d89965a13, thingarn=arn:aws:iot:us-east-1:507441099951:thing/iot-device-03, thingtypename=null, attributes={installed=1592562234, latitude=37.4133144, longitude=-122.1513069}, version=1, billinggroupname=null}","2020-11-26 00:00:00.000"
"iot-device-02","1.5946177158060105E9","59.8","77.0","true","false","0.0072","0.0046","0.0192","2020-11-26T17:05:18.132+0000","{defaultclientid=iot-device-02, thingname=iot-device-02, thingid=4ae4927a-aefb-4584-a45a-fc4839feffd6, thingarn=arn:aws:iot:us-east-1:507441099951:thing/iot-device-02, thingtypename=null, attributes={installed=1593361211, latitude=32.8205865, longitude=-96.871627}, version=1, billinggroupname=null}","2020-11-26 00:00:00.000"
"iot-device-03","1.5946177189577398E9","48.6","71.06","false","false","0.0078","0.0051","0.0209","2020-11-26T17:05:18.489+0000","{defaultclientid=iot-device-03, thingname=iot-device-03, thingid=877352b9-a35d-45d3-9c98-162d89965a13, thingarn=arn:aws:iot:us-east-1:507441099951:thing/iot-device-03, thingtypename=null, attributes={installed=1592562234, latitude=37.4133144, longitude=-122.1513069}, version=1, billinggroupname=null}","2020-11-26 00:00:00.000"
"iot-device-02","1.5946177212186663E9","59.8","77.0","true","false","0.0072","0.0046","0.0192","2020-11-26T17:05:18.792+0000","{defaultclientid=iot-device-02, thingname=iot-device-02, thingid=4ae4927a-aefb-4584-a45a-fc4839feffd6, thingarn=arn:aws:iot:us-east-1:507441099951:thing/iot-device-02, thingtypename=null, attributes={installed=1593361211, latitude=32.8205865, longitude=-96.871627}, version=1, billinggroupname=null}","2020-11-26 00:00:00.000"
"iot-device-03","1.594617722643633E9","48.7","70.88","false","false","0.0078","0.0051","0.0208","2020-11-26T17:05:19.100+0000","{defaultclientid=iot-device-03, thingname=iot-device-03, thingid=877352b9-a35d-45d3-9c98-162d89965a13, thingarn=arn:aws:iot:us-east-1:507441099951:thing/iot-device-03, thingtypename=null, attributes={installed=1592562234, latitude=37.4133144, longitude=-122.1513069}, version=1, billinggroupname=null}","2020-11-26 00:00:00.000"
"iot-device-01","1.5946177230424926E9","74.5","66.74","false","false","0.0076","0.0049","0.0202","2020-11-26T17:05:19.400+0000","{defaultclientid=iot-device-01, thingname=iot-device-01, thingid=983c2b68-f9a3-4e83-b3c6-9f6f8ad5431b, thingarn=arn:aws:iot:us-east-1:507441099951:thing/iot-device-01, thingtypename=null, attributes={installed=1594665292, latitude=37.4133144, longitude=-122.1513069}, version=1, billinggroupname=null}","2020-11-26 00:00:00.000"
"iot-device-02","1.5946177261190555E9","59.7","76.82","true","false","0.0072","0.0046","0.0192","2020-11-26T17:05:19.689+0000","{defaultclientid=iot-device-02, thingname=iot-device-02, thingid=4ae4927a-aefb-4584-a45a-fc4839feffd6, thingarn=arn:aws:iot:us-east-1:507441099951:thing/iot-device-02, thingtypename=null, attributes={installed=1593361211, latitude=32.8205865, longitude=-96.871627}, version=1, billinggroupname=null}","2020-11-26 00:00:00.000"
"iot-device-03","1.5946177263199596E9","48.9","71.06","false","false","0.0078","0.0051","0.0209","2020-11-26T17:05:19.982+0000","{defaultclientid=iot-device-03, thingname=iot-device-03, thingid=877352b9-a35d-45d3-9c98-162d89965a13, thingarn=arn:aws:iot:us-east-1:507441099951:thing/iot-device-03, thingtypename=null, attributes={installed=1592562234, latitude=37.4133144, longitude=-122.1513069}, version=1, billinggroupname=null}","2020-11-26 00:00:00.000"
"iot-device-01","1.5946177284668026E9","74.6","66.74","false","false","0.0076","0.0049","0.0202","2020-11-26T17:05:20.278+0000","{defaultclientid=iot-device-01, thingname=iot-device-01, thingid=983c2b68-f9a3-4e83-b3c6-9f6f8ad5431b, thingarn=arn:aws:iot:us-east-1:507441099951:thing/iot-device-01, thingtypename=null, attributes={installed=1594665292, latitude=37.4133144, longitude=-122.1513069}, version=1, billinggroupname=null}","2020-11-26 00:00:00.000"
"iot-device-02","1.5946177299258952E9","59.7","76.82","true","false","0.0072","0.0046","0.0192","2020-11-26T17:05:20.561+0000","{defaultclientid=iot-device-02, thingname=iot-device-02, thingid=4ae4927a-aefb-4584-a45a-fc4839feffd6, thingarn=arn:aws:iot:us-east-1:507441099951:thing/iot-device-02, thingtypename=null, attributes={installed=1593361211, latitude=32.8205865, longitude=-96.871627}, version=1, billinggroupname=null}","2020-11-26 00:00:00.000"
"iot-device-03","1.594617730006185E9","48.9","70.88","false","false","0.0078","0.0051","0.0209","2020-11-26T17:05:20.841+0000","{defaultclientid=iot-device-03, thingname=iot-device-03, thingid=877352b9-a35d-45d3-9c98-162d89965a13, thingarn=arn:aws:iot:us-east-1:507441099951:thing/iot-device-03, thingtypename=null, attributes={installed=1592562234, latitude=37.4133144, longitude=-122.1513069}, version=1, billinggroupname=null}","2020-11-26 00:00:00.000"
"iot-device-03","1.5946177521046546E9","49.5","70.88","false","false","0.0078","0.0051","0.0208","2020-11-26T17:05:24.080+0000","{defaultclientid=iot-device-03, thingname=iot-device-03, thingid=877352b9-a35d-45d3-9c98-162d89965a13, thingarn=arn:aws:iot:us-east-1:507441099951:thing/iot-device-03, thingtypename=null, attributes={installed=1592562234, latitude=37.4133144, longitude=-122.1513069}, version=1, billinggroupname=null}","2020-11-26 00:00:00.000"
"iot-device-02","1.5946177549783633E9","59.7","76.82","true","false","0.0072","0.0045","0.019","2020-11-26T17:05:24.376+0000","{defaultclientid=iot-device-02, thingname=iot-device-02, thingid=4ae4927a-aefb-4584-a45a-fc4839feffd6, thingarn=arn:aws:iot:us-east-1:507441099951:thing/iot-device-02, thingtypename=null, attributes={installed=1593361211, latitude=32.8205865, longitude=-96.871627}, version=1, billinggroupname=null}","2020-11-26 00:00:00.000"
"iot-device-03","1.5946177557908475E9","49.8","70.88","false","false","0.0078","0.0051","0.0208","2020-11-26T17:05:24.676+0000","{defaultclientid=iot-device-03, thingname=iot-device-03, thingid=877352b9-a35d-45d3-9c98-162d89965a13, thingarn=arn:aws:iot:us-east-1:507441099951:thing/iot-device-03, thingtypename=null, attributes={installed=1592562234, latitude=37.4133144, longitude=-122.1513069}, version=1, billinggroupname=null}","2020-11-26 00:00:00.000"
"iot-device-01","1.5946177577180045E9","74.5","66.74","false","false","0.0076","0.0049","0.0202","2020-11-26T17:05:24.976+0000","{defaultclientid=iot-device-01, thingname=iot-device-01, thingid=983c2b68-f9a3-4e83-b3c6-9f6f8ad5431b, thingarn=arn:aws:iot:us-east-1:507441099951:thing/iot-device-01, thingtypename=null, attributes={installed=1594665292, latitude=37.4133144, longitude=-122.1513069}, version=1, billinggroupname=null}","2020-11-26 00:00:00.000"
"iot-device-03","1.5946177594692745E9","50.0","70.88","false","false","0.0078","0.0051","0.0208","2020-11-26T17:05:25.268+0000","{defaultclientid=iot-device-03, thingname=iot-device-03, thingid=877352b9-a35d-45d3-9c98-162d89965a13, thingarn=arn:aws:iot:us-east-1:507441099951:thing/iot-device-03, thingtypename=null, attributes={installed=1592562234, latitude=37.4133144, longitude=-122.1513069}, version=1, billinggroupname=null}","2020-11-26 00:00:00.000"
"iot-device-01","1.5946177620672762E9","74.8","66.74","false","false","0.0076","0.0049","0.0202","2020-11-26T17:05:25.581+0000","{defaultclientid=iot-device-01, thingname=iot-device-01, thingid=983c2b68-f9a3-4e83-b3c6-9f6f8ad5431b, thingarn=arn:aws:iot:us-east-1:507441099951:thing/iot-device-01, thingtypename=null, attributes={installed=1594665292, latitude=37.4133144, longitude=-122.1513069}, version=1, billinggroupname=null}","2020-11-26 00:00:00.000"
"iot-device-03","1.5946177631553311E9","50.0","70.88","false","false","0.0078","0.0051","0.0209","2020-11-26T17:05:25.869+0000","{defaultclientid=iot-device-03, thingname=iot-device-03, thingid=877352b9-a35d-45d3-9c98-162d89965a13, thingarn=arn:aws:iot:us-east-1:507441099951:thing/iot-device-03, thingtypename=null, attributes={installed=1592562234, latitude=37.4133144, longitude=-122.1513069}, version=1, billinggroupname=null}","2020-11-26 00:00:00.000"
"iot-device-02","1.5946177652061555E9","59.7","76.82","true","false","0.0072","0.0046","0.0192","2020-11-26T17:05:26.165+0000","{defaultclientid=iot-device-02, thingname=iot-device-02, thingid=4ae4927a-aefb-4584-a45a-fc4839feffd6, thingarn=arn:aws:iot:us-east-1:507441099951:thing/iot-device-02, thingtypename=null, attributes={installed=1593361211, latitude=32.8205865, longitude=-96.871627}, version=1, billinggroupname=null}","2020-11-26 00:00:00.000"
"iot-device-03","1.5946177668403134E9","49.9","70.88","false","false","0.0078","0.0051","0.0208","2020-11-26T17:05:26.454+0000","{defaultclientid=iot-device-03, thingname=iot-device-03, thingid=877352b9-a35d-45d3-9c98-162d89965a13, thingarn=arn:aws:iot:us-east-1:507441099951:thing/iot-device-03, thingtypename=null, attributes={installed=1592562234, latitude=37.4133144, longitude=-122.1513069}, version=1, billinggroupname=null}","2020-11-26 00:00:00.000"
"iot-device-01","1.5946177680294044E9","74.8","66.74","false","false","0.0075","0.0048","0.02","2020-11-26T17:05:26.746+0000","{defaultclientid=iot-device-01, thingname=iot-device-01, thingid=983c2b68-f9a3-4e83-b3c6-9f6f8ad5431b, thingarn=arn:aws:iot:us-east-1:507441099951:thing/iot-device-01, thingtypename=null, attributes={installed=1594665292, latitude=37.4133144, longitude=-122.1513069}, version=1, billinggroupname=null}","2020-11-26 00:00:00.000"
"iot-device-01","1.5946176856304307E9","74.3","66.74","false","false","0.0076","0.0049","0.0202","2020-11-26T17:05:12.203+0000","{defaultclientid=iot-device-01, thingname=iot-device-01, thingid=983c2b68-f9a3-4e83-b3c6-9f6f8ad5431b, thingarn=arn:aws:iot:us-east-1:507441099951:thing/iot-device-01, thingtypename=null, attributes={installed=1594665292, latitude=37.4133144, longitude=-122.1513069}, version=1, billinggroupname=null}","2020-11-26 00:00:00.000"
"iot-device-03","1.5946176857878938E9","48.1","71.06","false","false","0.0078","0.0051","0.0209","2020-11-26T17:05:12.512+0000","{defaultclientid=iot-device-03, thingname=iot-device-03, thingid=877352b9-a35d-45d3-9c98-162d89965a13, thingarn=arn:aws:iot:us-east-1:507441099951:thing/iot-device-03, thingtypename=null, attributes={installed=1592562234, latitude=37.4133144, longitude=-122.1513069}, version=1, billinggroupname=null}","2020-11-26 00:00:00.000"
"iot-device-02","1.5946176871282687E9","59.8","77.0","true","false","0.0072","0.0046","0.0191","2020-11-26T17:05:12.802+0000","{defaultclientid=iot-device-02, thingname=iot-device-02, thingid=4ae4927a-aefb-4584-a45a-fc4839feffd6, thingarn=arn:aws:iot:us-east-1:507441099951:thing/iot-device-02, thingtypename=null, attributes={installed=1593361211, latitude=32.8205865, longitude=-96.871627}, version=1, billinggroupname=null}","2020-11-26 00:00:00.000"
"iot-device-03","1.5946176894715428E9","48.2","71.06","false","false","0.0078","0.0051","0.0209","2020-11-26T17:05:13.099+0000","{defaultclientid=iot-device-03, thingname=iot-device-03, thingid=877352b9-a35d-45d3-9c98-162d89965a13, thingarn=arn:aws:iot:us-east-1:507441099951:thing/iot-device-03, thingtypename=null, attributes={installed=1592562234, latitude=37.4133144, longitude=-122.1513069}, version=1, billinggroupname=null}","2020-11-26 00:00:00.000"
"iot-device-02","1.594617690936192E9","59.8","77.0","true","false","0.0072","0.0046","0.0192","2020-11-26T17:05:13.385+0000","{defaultclientid=iot-device-02, thingname=iot-device-02, thingid=4ae4927a-aefb-4584-a45a-fc4839feffd6, thingarn=arn:aws:iot:us-east-1:507441099951:thing/iot-device-02, thingtypename=null, attributes={installed=1593361211, latitude=32.8205865, longitude=-96.871627}, version=1, billinggroupname=null}","2020-11-26 00:00:00.000"
"iot-device-01","1.59461769105763E9","74.3","66.74","false","false","0.0075","0.0048","0.02","2020-11-26T17:05:13.673+0000","{defaultclientid=iot-device-01, thingname=iot-device-01, thingid=983c2b68-f9a3-4e83-b3c6-9f6f8ad5431b, thingarn=arn:aws:iot:us-east-1:507441099951:thing/iot-device-01, thingtypename=null, attributes={installed=1594665292, latitude=37.4133144, longitude=-122.1513069}, version=1, billinggroupname=null}","2020-11-26 00:00:00.000"
"iot-device-03","1.5946176931559277E9","48.3","71.06","false","false","0.0078","0.0051","0.0208","2020-11-26T17:05:13.974+0000","{defaultclientid=iot-device-03, thingname=iot-device-03, thingid=877352b9-a35d-45d3-9c98-162d89965a13, thingarn=arn:aws:iot:us-east-1:507441099951:thing/iot-device-03, thingtypename=null, attributes={installed=1592562234, latitude=37.4133144, longitude=-122.1513069}, version=1, billinggroupname=null}","2020-11-26 00:00:00.000"
"iot-device-01","1.5946176959594064E9","74.3","66.74","false","false","0.0076","0.0049","0.0202","2020-11-26T17:05:14.261+0000","{defaultclientid=iot-device-01, thingname=iot-device-01, thingid=983c2b68-f9a3-4e83-b3c6-9f6f8ad5431b, thingarn=arn:aws:iot:us-east-1:507441099951:thing/iot-device-01, thingtypename=null, attributes={installed=1594665292, latitude=37.4133144, longitude=-122.1513069}, version=1, billinggroupname=null}","2020-11-26 00:00:00.000"
"iot-device-03","1.5946176968420606E9","48.3","71.06","false","false","0.0078","0.0051","0.0208","2020-11-26T17:05:14.554+0000","{defaultclientid=iot-device-03, thingname=iot-device-03, thingid=877352b9-a35d-45d3-9c98-162d89965a13, thingarn=arn:aws:iot:us-east-1:507441099951:thing/iot-device-03, thingtypename=null, attributes={installed=1592562234, latitude=37.4133144, longitude=-122.1513069}, version=1, billinggroupname=null}","2020-11-26 00:00:00.000"
"iot-device-02","1.5946176974201214E9","59.8","77.0","true","false","0.0072","0.0046","0.0192","2020-11-26T17:05:14.849+0000","{defaultclientid=iot-device-02, thingname=iot-device-02, thingid=4ae4927a-aefb-4584-a45a-fc4839feffd6, thingarn=arn:aws:iot:us-east-1:507441099951:thing/iot-device-02, thingtypename=null, attributes={installed=1593361211, latitude=32.8205865, longitude=-96.871627}, version=1, billinggroupname=null}","2020-11-26 00:00:00.000"
"iot-device-03","1.594617648939867E9","48.1","71.24","false","false","0.0078","0.0051","0.0208","2020-11-26T17:05:06.270+0000","{defaultclientid=iot-device-03, thingname=iot-device-03, thingid=877352b9-a35d-45d3-9c98-162d89965a13, thingarn=arn:aws:iot:us-east-1:507441099951:thing/iot-device-03, thingtypename=null, attributes={installed=1592562234, latitude=37.4133144, longitude=-122.1513069}, version=1, billinggroupname=null}","2020-11-26 00:00:00.000"
"iot-device-02","1.5946176507402515E9","59.9","77.0","true","false","0.0072","0.0045","0.019","2020-11-26T17:05:06.573+0000","{defaultclientid=iot-device-02, thingname=iot-device-02, thingid=4ae4927a-aefb-4584-a45a-fc4839feffd6, thingarn=arn:aws:iot:us-east-1:507441099951:thing/iot-device-02, thingtypename=null, attributes={installed=1593361211, latitude=32.8205865, longitude=-96.871627}, version=1, billinggroupname=null}","2020-11-26 00:00:00.000"
"iot-device-03","1.5946176526239185E9","48.1","71.24","false","false","0.0078","0.0051","0.0208","2020-11-26T17:05:06.868+0000","{defaultclientid=iot-device-03, thingname=iot-device-03, thingid=877352b9-a35d-45d3-9c98-162d89965a13, thingarn=arn:aws:iot:us-east-1:507441099951:thing/iot-device-03, thingtypename=null, attributes={installed=1592562234, latitude=37.4133144, longitude=-122.1513069}, version=1, billinggroupname=null}","2020-11-26 00:00:00.000"
"iot-device-01","1.5946176530088608E9","74.4","66.74","false","false","0.0075","0.0048","0.02","2020-11-26T17:05:07.191+0000","{defaultclientid=iot-device-01, thingname=iot-device-01, thingid=983c2b68-f9a3-4e83-b3c6-9f6f8ad5431b, thingarn=arn:aws:iot:us-east-1:507441099951:thing/iot-device-01, thingtypename=null, attributes={installed=1594665292, latitude=37.4133144, longitude=-122.1513069}, version=1, billinggroupname=null}","2020-11-26 00:00:00.000"
"iot-device-03","1.5946176563076265E9","48.2","71.24","false","false","0.0078","0.0051","0.0209","2020-11-26T17:05:07.490+0000","{defaultclientid=iot-device-03, thingname=iot-device-03, thingid=877352b9-a35d-45d3-9c98-162d89965a13, thingarn=arn:aws:iot:us-east-1:507441099951:thing/iot-device-03, thingtypename=null, attributes={installed=1592562234, latitude=37.4133144, longitude=-122.1513069}, version=1, billinggroupname=null}","2020-11-26 00:00:00.000"
"iot-device-01","1.5946176568477185E9","74.4","66.74","false","false","0.0075","0.0048","0.02","2020-11-26T17:05:07.780+0000","{defaultclientid=iot-device-01, thingname=iot-device-01, thingid=983c2b68-f9a3-4e83-b3c6-9f6f8ad5431b, thingarn=arn:aws:iot:us-east-1:507441099951:thing/iot-device-01, thingtypename=null, attributes={installed=1594665292, latitude=37.4133144, longitude=-122.1513069}, version=1, billinggroupname=null}","2020-11-26 00:00:00.000"
"iot-device-03","1.5946176599905953E9","48.1","71.24","false","false","0.0078","0.0051","0.0208","2020-11-26T17:05:08.080+0000","{defaultclientid=iot-device-03, thingname=iot-device-03, thingid=877352b9-a35d-45d3-9c98-162d89965a13, thingarn=arn:aws:iot:us-east-1:507441099951:thing/iot-device-03, thingtypename=null, attributes={installed=1592562234, latitude=37.4133144, longitude=-122.1513069}, version=1, billinggroupname=null}","2020-11-26 00:00:00.000"
"iot-device-01","1.5946176606616054E9","74.4","66.74","false","false","0.0076","0.0049","0.0202","2020-11-26T17:05:08.368+0000","{defaultclientid=iot-device-01, thingname=iot-device-01, thingid=983c2b68-f9a3-4e83-b3c6-9f6f8ad5431b, thingarn=arn:aws:iot:us-east-1:507441099951:thing/iot-device-01, thingtypename=null, attributes={installed=1594665292, latitude=37.4133144, longitude=-122.1513069}, version=1, billinggroupname=null}","2020-11-26 00:00:00.000"
"iot-device-03","1.5946176636753561E9","48.1","71.06","false","false","0.0078","0.0051","0.0208","2020-11-26T17:05:08.658+0000","{defaultclientid=iot-device-03, thingname=iot-device-03, thingid=877352b9-a35d-45d3-9c98-162d89965a13, thingarn=arn:aws:iot:us-east-1:507441099951:thing/iot-device-03, thingtypename=null, attributes={installed=1592562234, latitude=37.4133144, longitude=-122.1513069}, version=1, billinggroupname=null}","2020-11-26 00:00:00.000"
"iot-device-02","1.594617666607388E9","59.9","77.0","true","false","0.0073","0.0046","0.0194","2020-11-26T17:05:08.950+0000","{defaultclientid=iot-device-02, thingname=iot-device-02, thingid=4ae4927a-aefb-4584-a45a-fc4839feffd6, thingarn=arn:aws:iot:us-east-1:507441099951:thing/iot-device-02, thingtypename=null, attributes={installed=1593361211, latitude=32.8205865, longitude=-96.871627}, version=1, billinggroupname=null}","2020-11-26 00:00:00.000"
"iot-device-01","1.5946558386356056E9","75.2","66.38","false","false","0.0067","0.0042","0.0179","2020-11-26T17:28:11.748+0000","{defaultclientid=iot-device-01, thingname=iot-device-01, thingid=983c2b68-f9a3-4e83-b3c6-9f6f8ad5431b, thingarn=arn:aws:iot:us-east-1:507441099951:thing/iot-device-01, thingtypename=null, attributes={installed=1594665292, latitude=37.4133144, longitude=-122.1513069}, version=1, billinggroupname=null}","2020-11-26 00:00:00.000"
"iot-device-03","1.5946558408417404E9","51.7","71.06","false","false","0.0079","0.0052","0.0213","2020-11-26T17:28:12.038+0000","{defaultclientid=iot-device-03, thingname=iot-device-03, thingid=877352b9-a35d-45d3-9c98-162d89965a13, thingarn=arn:aws:iot:us-east-1:507441099951:thing/iot-device-03, thingtypename=null, attributes={installed=1592562234, latitude=37.4133144, longitude=-122.1513069}, version=1, billinggroupname=null}","2020-11-26 00:00:00.000"
"iot-device-01","1.5946558440656018E9","75.2","66.38","false","false","0.0067","0.0042","0.0179","2020-11-26T17:28:12.339+0000","{defaultclientid=iot-device-01, thingname=iot-device-01, thingid=983c2b68-f9a3-4e83-b3c6-9f6f8ad5431b, thingarn=arn:aws:iot:us-east-1:507441099951:thing/iot-device-01, thingtypename=null, attributes={installed=1594665292, latitude=37.4133144, longitude=-122.1513069}, version=1, billinggroupname=null}","2020-11-26 00:00:00.000"
"iot-device-03","1.5946558445262766E9","52.0","71.06","false","false","0.0079","0.0052","0.0211","2020-11-26T17:28:12.631+0000","{defaultclientid=iot-device-03, thingname=iot-device-03, thingid=877352b9-a35d-45d3-9c98-162d89965a13, thingarn=arn:aws:iot:us-east-1:507441099951:thing/iot-device-03, thingtypename=null, attributes={installed=1592562234, latitude=37.4133144, longitude=-122.1513069}, version=1, billinggroupname=null}","2020-11-26 00:00:00.000"
"iot-device-02","1.594655845531297E9","62.2","75.38","true","false","0.0068","0.0042","0.0181","2020-11-26T17:28:12.929+0000","{defaultclientid=iot-device-02, thingname=iot-device-02, thingid=4ae4927a-aefb-4584-a45a-fc4839feffd6, thingarn=arn:aws:iot:us-east-1:507441099951:thing/iot-device-02, thingtypename=null, attributes={installed=1593361211, latitude=32.8205865, longitude=-96.871627}, version=1, billinggroupname=null}","2020-11-26 00:00:00.000"
"iot-device-03","1.5946558482112489E9","52.0","71.06","false","false","0.0079","0.0052","0.0212","2020-11-26T17:28:13.220+0000","{defaultclientid=iot-device-03, thingname=iot-device-03, thingid=877352b9-a35d-45d3-9c98-162d89965a13, thingarn=arn:aws:iot:us-east-1:507441099951:thing/iot-device-03, thingtypename=null, attributes={installed=1592562234, latitude=37.4133144, longitude=-122.1513069}, version=1, billinggroupname=null}","2020-11-26 00:00:00.000"
"iot-device-02","1.594655850408909E9","62.3","75.38","true","false","0.0068","0.0042","0.018","2020-11-26T17:28:13.519+0000","{defaultclientid=iot-device-02, thingname=iot-device-02, thingid=4ae4927a-aefb-4584-a45a-fc4839feffd6, thingarn=arn:aws:iot:us-east-1:507441099951:thing/iot-device-02, thingtypename=null, attributes={installed=1593361211, latitude=32.8205865, longitude=-96.871627}, version=1, billinggroupname=null}","2020-11-26 00:00:00.000"
"iot-device-01","1.594655851106126E9","75.2","66.38","false","false","0.0069","0.0043","0.0184","2020-11-26T17:28:13.809+0000","{defaultclientid=iot-device-01, thingname=iot-device-01, thingid=983c2b68-f9a3-4e83-b3c6-9f6f8ad5431b, thingarn=arn:aws:iot:us-east-1:507441099951:thing/iot-device-01, thingtypename=null, attributes={installed=1594665292, latitude=37.4133144, longitude=-122.1513069}, version=1, billinggroupname=null}","2020-11-26 00:00:00.000"
"iot-device-03","1.5946558518968484E9","52.1","71.24","false","false","0.0079","0.0052","0.0212","2020-11-26T17:28:14.099+0000","{defaultclientid=iot-device-03, thingname=iot-device-03, thingid=877352b9-a35d-45d3-9c98-162d89965a13, thingarn=arn:aws:iot:us-east-1:507441099951:thing/iot-device-03, thingtypename=null, attributes={installed=1592562234, latitude=37.4133144, longitude=-122.1513069}, version=1, billinggroupname=null}","2020-11-26 00:00:00.000"
"iot-device-03","1.5946558555831525E9","52.1","71.06","false","false","0.0079","0.0052","0.0212","2020-11-26T17:28:14.392+0000","{defaultclientid=iot-device-03, thingname=iot-device-03, thingid=877352b9-a35d-45d3-9c98-162d89965a13, thingarn=arn:aws:iot:us-east-1:507441099951:thing/iot-device-03, thingtypename=null, attributes={installed=1592562234, latitude=37.4133144, longitude=-122.1513069}, version=1, billinggroupname=null}","2020-11-26 00:00:00.000"
"iot-device-02","1.5946558568959165E9","62.3","75.38","true","false","0.0068","0.0042","0.0181","2020-11-26T17:28:14.690+0000","{defaultclientid=iot-device-02, thingname=iot-device-02, thingid=4ae4927a-aefb-4584-a45a-fc4839feffd6, thingarn=arn:aws:iot:us-east-1:507441099951:thing/iot-device-02, thingtypename=null, attributes={installed=1593361211, latitude=32.8205865, longitude=-96.871627}, version=1, billinggroupname=null}","2020-11-26 00:00:00.000"
"iot-device-03","1.5946558592675505E9","52.2","71.06","false","false","0.0079","0.0052","0.0212","2020-11-26T17:28:14.978+0000","{defaultclientid=iot-device-03, thingname=iot-device-03, thingid=877352b9-a35d-45d3-9c98-162d89965a13, thingarn=arn:aws:iot:us-east-1:507441099951:thing/iot-device-03, thingtypename=null, attributes={installed=1592562234, latitude=37.4133144, longitude=-122.1513069}, version=1, billinggroupname=null}","2020-11-26 00:00:00.000"
"iot-device-01","1.594655859746306E9","75.2","66.38","false","false","0.0069","0.0043","0.0184","2020-11-26T17:28:15.279+0000","{defaultclientid=iot-device-01, thingname=iot-device-01, thingid=983c2b68-f9a3-4e83-b3c6-9f6f8ad5431b, thingarn=arn:aws:iot:us-east-1:507441099951:thing/iot-device-01, thingtypename=null, attributes={installed=1594665292, latitude=37.4133144, longitude=-122.1513069}, version=1, billinggroupname=null}","2020-11-26 00:00:00.000"
"iot-device-03","1.594655862952513E9","52.2","71.24","false","false","0.0079","0.0052","0.0212","2020-11-26T17:28:15.579+0000","{defaultclientid=iot-device-03, thingname=iot-device-03, thingid=877352b9-a35d-45d3-9c98-162d89965a13, thingarn=arn:aws:iot:us-east-1:507441099951:thing/iot-device-03, thingtypename=null, attributes={installed=1592562234, latitude=37.4133144, longitude=-122.1513069}, version=1, billinggroupname=null}","2020-11-26 00:00:00.000"
"iot-device-02","1.594655863378551E9","62.3","75.38","true","false","0.0068","0.0042","0.0181","2020-11-26T17:28:15.869+0000","{defaultclientid=iot-device-02, thingname=iot-device-02, thingid=4ae4927a-aefb-4584-a45a-fc4839feffd6, thingarn=arn:aws:iot:us-east-1:507441099951:thing/iot-device-02, thingtypename=null, attributes={installed=1593361211, latitude=32.8205865, longitude=-96.871627}, version=1, billinggroupname=null}","2020-11-26 00:00:00.000"
"iot-device-01","1.5946558640944266E9","75.5","66.38","false","false","0.0067","0.0042","0.0179","2020-11-26T17:28:16.163+0000","{defaultclientid=iot-device-01, thingname=iot-device-01, thingid=983c2b68-f9a3-4e83-b3c6-9f6f8ad5431b, thingarn=arn:aws:iot:us-east-1:507441099951:thing/iot-device-01, thingtypename=null, attributes={installed=1594665292, latitude=37.4133144, longitude=-122.1513069}, version=1, billinggroupname=null}","2020-11-26 00:00:00.000"
"iot-device-03","1.5946558666378136E9","52.2","71.24","false","false","0.0079","0.0052","0.0212","2020-11-26T17:28:16.476+0000","{defaultclientid=iot-device-03, thingname=iot-device-03, thingid=877352b9-a35d-45d3-9c98-162d89965a13, thingarn=arn:aws:iot:us-east-1:507441099951:thing/iot-device-03, thingtypename=null, attributes={installed=1592562234, latitude=37.4133144, longitude=-122.1513069}, version=1, billinggroupname=null}","2020-11-26 00:00:00.000"
"iot-device-03","1.5946558703240294E9","52.2","71.24","false","false","0.0079","0.0052","0.0211","2020-11-26T17:28:16.772+0000","{defaultclientid=iot-device-03, thingname=iot-device-03, thingid=877352b9-a35d-45d3-9c98-162d89965a13, thingarn=arn:aws:iot:us-east-1:507441099951:thing/iot-device-03, thingtypename=null, attributes={installed=1592562234, latitude=37.4133144, longitude=-122.1513069}, version=1, billinggroupname=null}","2020-11-26 00:00:00.000"
"iot-device-02","1.5946558720113206E9","62.3","75.38","true","false","0.0068","0.0042","0.0181","2020-11-26T17:28:17.073+0000","{defaultclientid=iot-device-02, thingname=iot-device-02, thingid=4ae4927a-aefb-4584-a45a-fc4839feffd6, thingarn=arn:aws:iot:us-east-1:507441099951:thing/iot-device-02, thingtypename=null, attributes={installed=1593361211, latitude=32.8205865, longitude=-96.871627}, version=1, billinggroupname=null}","2020-11-26 00:00:00.000"
"iot-device-03","1.5946558740101292E9","52.2","71.24","false","false","0.0079","0.0052","0.0212","2020-11-26T17:28:17.358+0000","{defaultclientid=iot-device-03, thingname=iot-device-03, thingid=877352b9-a35d-45d3-9c98-162d89965a13, thingarn=arn:aws:iot:us-east-1:507441099951:thing/iot-device-03, thingtypename=null, attributes={installed=1592562234, latitude=37.4133144, longitude=-122.1513069}, version=1, billinggroupname=null}","2020-11-26 00:00:00.000"
"iot-device-01","1.5946558754422483E9","75.1","66.38","false","false","0.0068","0.0042","0.0181","2020-11-26T17:28:17.660+0000","{defaultclientid=iot-device-01, thingname=iot-device-01, thingid=983c2b68-f9a3-4e83-b3c6-9f6f8ad5431b, thingarn=arn:aws:iot:us-east-1:507441099951:thing/iot-device-01, thingtypename=null, attributes={installed=1594665292, latitude=37.4133144, longitude=-122.1513069}, version=1, billinggroupname=null}","2020-11-26 00:00:00.000"
"iot-device-03","1.5946558776959975E9","52.2","71.06","false","false","0.0079","0.0052","0.0212","2020-11-26T17:28:17.966+0000","{defaultclientid=iot-device-03, thingname=iot-device-03, thingid=877352b9-a35d-45d3-9c98-162d89965a13, thingarn=arn:aws:iot:us-east-1:507441099951:thing/iot-device-03, thingtypename=null, attributes={installed=1592562234, latitude=37.4133144, longitude=-122.1513069}, version=1, billinggroupname=null}","2020-11-26 00:00:00.000"
"iot-device-03","1.594655881383369E9","52.3","71.06","false","false","0.0079","0.0052","0.0212","2020-11-26T17:28:18.259+0000","{defaultclientid=iot-device-03, thingname=iot-device-03, thingid=877352b9-a35d-45d3-9c98-162d89965a13, thingarn=arn:aws:iot:us-east-1:507441099951:thing/iot-device-03, thingtypename=null, attributes={installed=1592562234, latitude=37.4133144, longitude=-122.1513069}, version=1, billinggroupname=null}","2020-11-26 00:00:00.000"
"iot-device-03","1.5946558850697274E9","52.4","71.24","false","false","0.0079","0.0052","0.0211","2020-11-26T17:28:18.549+0000","{defaultclientid=iot-device-03, thingname=iot-device-03, thingid=877352b9-a35d-45d3-9c98-162d89965a13, thingarn=arn:aws:iot:us-east-1:507441099951:thing/iot-device-03, thingtypename=null, attributes={installed=1592562234, latitude=37.4133144, longitude=-122.1513069}, version=1, billinggroupname=null}","2020-11-26 00:00:00.000"
"iot-device-01","1.5946558857010908E9","75.0","66.38","false","false","0.0071","0.0045","0.0189","2020-11-26T17:28:18.845+0000","{defaultclientid=iot-device-01, thingname=iot-device-01, thingid=983c2b68-f9a3-4e83-b3c6-9f6f8ad5431b, thingarn=arn:aws:iot:us-east-1:507441099951:thing/iot-device-01, thingtypename=null, attributes={installed=1594665292, latitude=37.4133144, longitude=-122.1513069}, version=1, billinggroupname=null}","2020-11-26 00:00:00.000"
"iot-device-03","1.5946558887556279E9","52.3","71.06","false","false","0.0079","0.0052","0.0212","2020-11-26T17:28:19.139+0000","{defaultclientid=iot-device-03, thingname=iot-device-03, thingid=877352b9-a35d-45d3-9c98-162d89965a13, thingarn=arn:aws:iot:us-east-1:507441099951:thing/iot-device-03, thingtypename=null, attributes={installed=1592562234, latitude=37.4133144, longitude=-122.1513069}, version=1, billinggroupname=null}","2020-11-26 00:00:00.000"
"iot-device-02","1.5946558894838018E9","62.2","75.38","true","false","0.0068","0.0042","0.0181","2020-11-26T17:28:19.430+0000","{defaultclientid=iot-device-02, thingname=iot-device-02, thingid=4ae4927a-aefb-4584-a45a-fc4839feffd6, thingarn=arn:aws:iot:us-east-1:507441099951:thing/iot-device-02, thingtypename=null, attributes={installed=1593361211, latitude=32.8205865, longitude=-96.871627}, version=1, billinggroupname=null}","2020-11-26 00:00:00.000"
"iot-device-03","1.594655892441482E9","52.4","71.24","false","false","0.0079","0.0052","0.0212","2020-11-26T17:28:19.720+0000","{defaultclientid=iot-device-03, thingname=iot-device-03, thingid=877352b9-a35d-45d3-9c98-162d89965a13, thingarn=arn:aws:iot:us-east-1:507441099951:thing/iot-device-03, thingtypename=null, attributes={installed=1592562234, latitude=37.4133144, longitude=-122.1513069}, version=1, billinggroupname=null}","2020-11-26 00:00:00.000"
"iot-device-01","1.5946558933277788E9","75.0","66.56","false","false","0.0068","0.0042","0.0181","2020-11-26T17:28:20.012+0000","{defaultclientid=iot-device-01, thingname=iot-device-01, thingid=983c2b68-f9a3-4e83-b3c6-9f6f8ad5431b, thingarn=arn:aws:iot:us-east-1:507441099951:thing/iot-device-01, thingtypename=null, attributes={installed=1594665292, latitude=37.4133144, longitude=-122.1513069}, version=1, billinggroupname=null}","2020-11-26 00:00:00.000"
"iot-device-02","1.5946558938256304E9","62.3","75.56","true","false","0.0068","0.0042","0.0181","2020-11-26T17:28:20.308+0000","{defaultclientid=iot-device-02, thingname=iot-device-02, thingid=4ae4927a-aefb-4584-a45a-fc4839feffd6, thingarn=arn:aws:iot:us-east-1:507441099951:thing/iot-device-02, thingtypename=null, attributes={installed=1593361211, latitude=32.8205865, longitude=-96.871627}, version=1, billinggroupname=null}","2020-11-26 00:00:00.000"
"iot-device-03","1.5946558961273913E9","52.3","71.24","false","false","0.0079","0.0052","0.0212","2020-11-26T17:28:20.616+0000","{defaultclientid=iot-device-03, thingname=iot-device-03, thingid=877352b9-a35d-45d3-9c98-162d89965a13, thingarn=arn:aws:iot:us-east-1:507441099951:thing/iot-device-03, thingtypename=null, attributes={installed=1592562234, latitude=37.4133144, longitude=-122.1513069}, version=1, billinggroupname=null}","2020-11-26 00:00:00.000"
"iot-device-01","1.5946558982178874E9","75.0","66.56","false","false","0.0068","0.0042","0.0181","2020-11-26T17:28:20.909+0000","{defaultclientid=iot-device-01, thingname=iot-device-01, thingid=983c2b68-f9a3-4e83-b3c6-9f6f8ad5431b, thingarn=arn:aws:iot:us-east-1:507441099951:thing/iot-device-01, thingtypename=null, attributes={installed=1594665292, latitude=37.4133144, longitude=-122.1513069}, version=1, billinggroupname=null}","2020-11-26 00:00:00.000"
"iot-device-03","1.5946558998134675E9","52.3","71.24","false","false","0.0079","0.0052","0.0211","2020-11-26T17:28:21.209+0000","{defaultclientid=iot-device-03, thingname=iot-device-03, thingid=877352b9-a35d-45d3-9c98-162d89965a13, thingarn=arn:aws:iot:us-east-1:507441099951:thing/iot-device-03, thingtypename=null, attributes={installed=1592562234, latitude=37.4133144, longitude=-122.1513069}, version=1, billinggroupname=null}","2020-11-26 00:00:00.000"
"iot-device-01","1.5946559041780472E9","75.0","66.56","false","false","0.0068","0.0042","0.0179","2020-11-26T17:28:21.801+0000","{defaultclientid=iot-device-01, thingname=iot-device-01, thingid=983c2b68-f9a3-4e83-b3c6-9f6f8ad5431b, thingarn=arn:aws:iot:us-east-1:507441099951:thing/iot-device-01, thingtypename=null, attributes={installed=1594665292, latitude=37.4133144, longitude=-122.1513069}, version=1, billinggroupname=null}","2020-11-26 00:00:00.000"
"iot-device-03","1.5946559034996245E9","52.4","71.24","false","false","0.0079","0.0052","0.0212","2020-11-26T17:28:21.509+0000","{defaultclientid=iot-device-03, thingname=iot-device-03, thingid=877352b9-a35d-45d3-9c98-162d89965a13, thingarn=arn:aws:iot:us-east-1:507441099951:thing/iot-device-03, thingtypename=null, attributes={installed=1592562234, latitude=37.4133144, longitude=-122.1513069}, version=1, billinggroupname=null}","2020-11-26 00:00:00.000"
"iot-device-02","1.5946559069888206E9","62.3","75.38","true","false","0.0069","0.0043","0.0182","2020-11-26T17:28:22.091+0000","{defaultclientid=iot-device-02, thingname=iot-device-02, thingid=4ae4927a-aefb-4584-a45a-fc4839feffd6, thingarn=arn:aws:iot:us-east-1:507441099951:thing/iot-device-02, thingtypename=null, attributes={installed=1593361211, latitude=32.8205865, longitude=-96.871627}, version=1, billinggroupname=null}","2020-11-26 00:00:00.000"
"iot-device-03","1.5946559071857176E9","52.3","71.24","false","false","0.0079","0.0052","0.0212","2020-11-26T17:28:22.395+0000","{defaultclientid=iot-device-03, thingname=iot-device-03, thingid=877352b9-a35d-45d3-9c98-162d89965a13, thingarn=arn:aws:iot:us-east-1:507441099951:thing/iot-device-03, thingtypename=null, attributes={installed=1592562234, latitude=37.4133144, longitude=-122.1513069}, version=1, billinggroupname=null}","2020-11-26 00:00:00.000"
"iot-device-01","1.594655908529265E9","75.1","66.56","false","false","0.0068","0.0042","0.0181","2020-11-26T17:28:22.675+0000","{defaultclientid=iot-device-01, thingname=iot-device-01, thingid=983c2b68-f9a3-4e83-b3c6-9f6f8ad5431b, thingarn=arn:aws:iot:us-east-1:507441099951:thing/iot-device-01, thingtypename=null, attributes={installed=1594665292, latitude=37.4133144, longitude=-122.1513069}, version=1, billinggroupname=null}","2020-11-26 00:00:00.000"
"iot-device-03","1.5946559108707106E9","52.3","71.24","false","false","0.0079","0.0052","0.0212","2020-11-26T17:28:22.970+0000","{defaultclientid=iot-device-03, thingname=iot-device-03, thingid=877352b9-a35d-45d3-9c98-162d89965a13, thingarn=arn:aws:iot:us-east-1:507441099951:thing/iot-device-03, thingtypename=null, attributes={installed=1592562234, latitude=37.4133144, longitude=-122.1513069}, version=1, billinggroupname=null}","2020-11-26 00:00:00.000"
"iot-device-02","1.594655912398634E9","62.3","75.38","true","false","0.0069","0.0043","0.0182","2020-11-26T17:28:23.258+0000","{defaultclientid=iot-device-02, thingname=iot-device-02, thingid=4ae4927a-aefb-4584-a45a-fc4839feffd6, thingarn=arn:aws:iot:us-east-1:507441099951:thing/iot-device-02, thingtypename=null, attributes={installed=1593361211, latitude=32.8205865, longitude=-96.871627}, version=1, billinggroupname=null}","2020-11-26 00:00:00.000"
"iot-device-01","1.5946551672705536E9","75.0","66.74","false","false","0.0067","0.0042","0.0179","2020-11-26T17:27:59.990+0000","{defaultclientid=iot-device-01, thingname=iot-device-01, thingid=983c2b68-f9a3-4e83-b3c6-9f6f8ad5431b, thingarn=arn:aws:iot:us-east-1:507441099951:thing/iot-device-01, thingtypename=null, attributes={installed=1594665292, latitude=37.4133144, longitude=-122.1513069}, version=1, billinggroupname=null}","2020-11-26 00:00:00.000"
"iot-device-02","1.5946551690428252E9","62.0","75.2","true","false","0.0069","0.0043","0.0182","2020-11-26T17:28:00.280+0000","{defaultclientid=iot-device-02, thingname=iot-device-02, thingid=4ae4927a-aefb-4584-a45a-fc4839feffd6, thingarn=arn:aws:iot:us-east-1:507441099951:thing/iot-device-02, thingtypename=null, attributes={installed=1593361211, latitude=32.8205865, longitude=-96.871627}, version=1, billinggroupname=null}","2020-11-26 00:00:00.000"
"iot-device-03","1.5946551699896154E9","51.7","71.78","false","false","0.0079","0.0052","0.0212","2020-11-26T17:28:00.569+0000","{defaultclientid=iot-device-03, thingname=iot-device-03, thingid=877352b9-a35d-45d3-9c98-162d89965a13, thingarn=arn:aws:iot:us-east-1:507441099951:thing/iot-device-03, thingtypename=null, attributes={installed=1592562234, latitude=37.4133144, longitude=-122.1513069}, version=1, billinggroupname=null}","2020-11-26 00:00:00.000"
"iot-device-03","1.594655173675668E9","51.7","71.78","false","false","0.0079","0.0052","0.0211","2020-11-26T17:28:00.859+0000","{defaultclientid=iot-device-03, thingname=iot-device-03, thingid=877352b9-a35d-45d3-9c98-162d89965a13, thingarn=arn:aws:iot:us-east-1:507441099951:thing/iot-device-03, thingtypename=null, attributes={installed=1592562234, latitude=37.4133144, longitude=-122.1513069}, version=1, billinggroupname=null}","2020-11-26 00:00:00.000"
"iot-device-01","1.5946551738561635E9","75.0","66.74","false","false","0.0067","0.0042","0.0179","2020-11-26T17:28:01.150+0000","{defaultclientid=iot-device-01, thingname=iot-device-01, thingid=983c2b68-f9a3-4e83-b3c6-9f6f8ad5431b, thingarn=arn:aws:iot:us-east-1:507441099951:thing/iot-device-01, thingtypename=null, attributes={installed=1594665292, latitude=37.4133144, longitude=-122.1513069}, version=1, billinggroupname=null}","2020-11-26 00:00:00.000"
"iot-device-03","1.5946551773619382E9","51.7","71.78","false","false","0.0079","0.0052","0.021","2020-11-26T17:28:01.442+0000","{defaultclientid=iot-device-03, thingname=iot-device-03, thingid=877352b9-a35d-45d3-9c98-162d89965a13, thingarn=arn:aws:iot:us-east-1:507441099951:thing/iot-device-03, thingtypename=null, attributes={installed=1592562234, latitude=37.4133144, longitude=-122.1513069}, version=1, billinggroupname=null}","2020-11-26 00:00:00.000"
"iot-device-02","1.5946551776661036E9","62.0","75.38","true","false","0.0068","0.0042","0.0181","2020-11-26T17:28:01.733+0000","{defaultclientid=iot-device-02, thingname=iot-device-02, thingid=4ae4927a-aefb-4584-a45a-fc4839feffd6, thingarn=arn:aws:iot:us-east-1:507441099951:thing/iot-device-02, thingtypename=null, attributes={installed=1593361211, latitude=32.8205865, longitude=-96.871627}, version=1, billinggroupname=null}","2020-11-26 00:00:00.000"
"iot-device-01","1.5946551792800105E9","75.1","66.74","false","false","0.0066","0.0041","0.0175","2020-11-26T17:28:02.021+0000","{defaultclientid=iot-device-01, thingname=iot-device-01, thingid=983c2b68-f9a3-4e83-b3c6-9f6f8ad5431b, thingarn=arn:aws:iot:us-east-1:507441099951:thing/iot-device-01, thingtypename=null, attributes={installed=1594665292, latitude=37.4133144, longitude=-122.1513069}, version=1, billinggroupname=null}","2020-11-26 00:00:00.000"
"iot-device-03","1.5946551810470812E9","51.8","71.96","false","false","0.0079","0.0052","0.0212","2020-11-26T17:28:02.310+0000","{defaultclientid=iot-device-03, thingname=iot-device-03, thingid=877352b9-a35d-45d3-9c98-162d89965a13, thingarn=arn:aws:iot:us-east-1:507441099951:thing/iot-device-03, thingtypename=null, attributes={installed=1592562234, latitude=37.4133144, longitude=-122.1513069}, version=1, billinggroupname=null}","2020-11-26 00:00:00.000"
"iot-device-03","1.5946551847311795E9","51.7","71.78","false","false","0.0079","0.0052","0.0211","2020-11-26T17:28:02.598+0000","{defaultclientid=iot-device-03, thingname=iot-device-03, thingid=877352b9-a35d-45d3-9c98-162d89965a13, thingarn=arn:aws:iot:us-east-1:507441099951:thing/iot-device-03, thingtypename=null, attributes={installed=1592562234, latitude=37.4133144, longitude=-122.1513069}, version=1, billinggroupname=null}","2020-11-26 00:00:00.000"
"iot-device-01","1.5946559475859625E9","75.4","66.56","false","false","0.0067","0.0042","0.0179","2020-11-26T17:28:29.548+0000","{defaultclientid=iot-device-01, thingname=iot-device-01, thingid=983c2b68-f9a3-4e83-b3c6-9f6f8ad5431b, thingarn=arn:aws:iot:us-east-1:507441099951:thing/iot-device-01, thingtypename=null, attributes={installed=1594665292, latitude=37.4133144, longitude=-122.1513069}, version=1, billinggroupname=null}","2020-11-26 00:00:00.000"
"iot-device-03","1.5946559477472727E9","52.3","71.24","false","false","0.0079","0.0052","0.0211","2020-11-26T17:28:29.837+0000","{defaultclientid=iot-device-03, thingname=iot-device-03, thingid=877352b9-a35d-45d3-9c98-162d89965a13, thingarn=arn:aws:iot:us-east-1:507441099951:thing/iot-device-03, thingtypename=null, attributes={installed=1592562234, latitude=37.4133144, longitude=-122.1513069}, version=1, billinggroupname=null}","2020-11-26 00:00:00.000"
"iot-device-03","1.5946559293108592E9","52.4","71.24","false","false","0.0079","0.0052","0.0212","2020-11-26T17:28:26.570+0000","{defaultclientid=iot-device-03, thingname=iot-device-03, thingid=877352b9-a35d-45d3-9c98-162d89965a13, thingarn=arn:aws:iot:us-east-1:507441099951:thing/iot-device-03, thingtypename=null, attributes={installed=1592562234, latitude=37.4133144, longitude=-122.1513069}, version=1, billinggroupname=null}","2020-11-26 00:00:00.000"
"iot-device-03","1.5946559329957151E9","52.4","71.24","false","false","0.0079","0.0052","0.0211","2020-11-26T17:28:26.880+0000","{defaultclientid=iot-device-03, thingname=iot-device-03, thingid=877352b9-a35d-45d3-9c98-162d89965a13, thingarn=arn:aws:iot:us-east-1:507441099951:thing/iot-device-03, thingtypename=null, attributes={installed=1592562234, latitude=37.4133144, longitude=-122.1513069}, version=1, billinggroupname=null}","2020-11-26 00:00:00.000"
"iot-device-01","1.5946559339920745E9","75.1","66.56","false","false","0.0068","0.0042","0.0181","2020-11-26T17:28:27.188+0000","{defaultclientid=iot-device-01, thingname=iot-device-01, thingid=983c2b68-f9a3-4e83-b3c6-9f6f8ad5431b, thingarn=arn:aws:iot:us-east-1:507441099951:thing/iot-device-01, thingtypename=null, attributes={installed=1594665292, latitude=37.4133144, longitude=-122.1513069}, version=1, billinggroupname=null}","2020-11-26 00:00:00.000"
"iot-device-02","1.594655935674817E9","62.3","75.56","true","false","0.0068","0.0042","0.0181","2020-11-26T17:28:27.481+0000","{defaultclientid=iot-device-02, thingname=iot-device-02, thingid=4ae4927a-aefb-4584-a45a-fc4839feffd6, thingarn=arn:aws:iot:us-east-1:507441099951:thing/iot-device-02, thingtypename=null, attributes={installed=1593361211, latitude=32.8205865, longitude=-96.871627}, version=1, billinggroupname=null}","2020-11-26 00:00:00.000"
"iot-device-03","1.594655936679869E9","52.4","71.24","false","false","0.0079","0.0052","0.0212","2020-11-26T17:28:27.779+0000","{defaultclientid=iot-device-03, thingname=iot-device-03, thingid=877352b9-a35d-45d3-9c98-162d89965a13, thingarn=arn:aws:iot:us-east-1:507441099951:thing/iot-device-03, thingtypename=null, attributes={installed=1592562234, latitude=37.4133144, longitude=-122.1513069}, version=1, billinggroupname=null}","2020-11-26 00:00:00.000"
"iot-device-01","1.594655938345337E9","75.2","66.56","false","false","0.0068","0.0042","0.0181","2020-11-26T17:28:28.069+0000","{defaultclientid=iot-device-01, thingname=iot-device-01, thingid=983c2b68-f9a3-4e83-b3c6-9f6f8ad5431b, thingarn=arn:aws:iot:us-east-1:507441099951:thing/iot-device-01, thingtypename=null, attributes={installed=1594665292, latitude=37.4133144, longitude=-122.1513069}, version=1, billinggroupname=null}","2020-11-26 00:00:00.000"
"iot-device-02","1.5946559400227337E9","62.4","75.56","true","false","0.0069","0.0043","0.0182","2020-11-26T17:28:28.369+0000","{defaultclientid=iot-device-02, thingname=iot-device-02, thingid=4ae4927a-aefb-4584-a45a-fc4839feffd6, thingarn=arn:aws:iot:us-east-1:507441099951:thing/iot-device-02, thingtypename=null, attributes={installed=1593361211, latitude=32.8205865, longitude=-96.871627}, version=1, billinggroupname=null}","2020-11-26 00:00:00.000"
"iot-device-03","1.5946559403603828E9","52.4","71.42","false","false","0.0079","0.0052","0.0211","2020-11-26T17:28:28.669+0000","{defaultclientid=iot-device-03, thingname=iot-device-03, thingid=877352b9-a35d-45d3-9c98-162d89965a13, thingarn=arn:aws:iot:us-east-1:507441099951:thing/iot-device-03, thingtypename=null, attributes={installed=1592562234, latitude=37.4133144, longitude=-122.1513069}, version=1, billinggroupname=null}","2020-11-26 00:00:00.000"
"iot-device-01","1.594655942157745E9","75.2","66.56","false","false","0.0069","0.0043","0.0183","2020-11-26T17:28:28.966+0000","{defaultclientid=iot-device-01, thingname=iot-device-01, thingid=983c2b68-f9a3-4e83-b3c6-9f6f8ad5431b, thingarn=arn:aws:iot:us-east-1:507441099951:thing/iot-device-01, thingtypename=null, attributes={installed=1594665292, latitude=37.4133144, longitude=-122.1513069}, version=1, billinggroupname=null}","2020-11-26 00:00:00.000"
"iot-device-03","1.5946559440429013E9","52.4","71.42","false","false","0.0079","0.0052","0.0212","2020-11-26T17:28:29.258+0000","{defaultclientid=iot-device-03, thingname=iot-device-03, thingid=877352b9-a35d-45d3-9c98-162d89965a13, thingarn=arn:aws:iot:us-east-1:507441099951:thing/iot-device-03, thingtypename=null, attributes={installed=1592562234, latitude=37.4133144, longitude=-122.1513069}, version=1, billinggroupname=null}","2020-11-26 00:00:00.000"
"iot-device-03","1.5946559145569816E9","52.3","71.24","false","false","0.0079","0.0052","0.0212","2020-11-26T17:28:23.548+0000","{defaultclientid=iot-device-03, thingname=iot-device-03, thingid=877352b9-a35d-45d3-9c98-162d89965a13, thingarn=arn:aws:iot:us-east-1:507441099951:thing/iot-device-03, thingtypename=null, attributes={installed=1592562234, latitude=37.4133144, longitude=-122.1513069}, version=1, billinggroupname=null}","2020-11-26 00:00:00.000"
"iot-device-03","1.5946559182446828E9","52.4","71.24","false","false","0.0079","0.0052","0.0211","2020-11-26T17:28:23.846+0000","{defaultclientid=iot-device-03, thingname=iot-device-03, thingid=877352b9-a35d-45d3-9c98-162d89965a13, thingarn=arn:aws:iot:us-east-1:507441099951:thing/iot-device-03, thingtypename=null, attributes={installed=1592562234, latitude=37.4133144, longitude=-122.1513069}, version=1, billinggroupname=null}","2020-11-26 00:00:00.000"
"iot-device-01","1.5946559187877612E9","75.0","66.56","false","false","0.0069","0.0043","0.0184","2020-11-26T17:28:24.149+0000","{defaultclientid=iot-device-01, thingname=iot-device-01, thingid=983c2b68-f9a3-4e83-b3c6-9f6f8ad5431b, thingarn=arn:aws:iot:us-east-1:507441099951:thing/iot-device-01, thingtypename=null, attributes={installed=1594665292, latitude=37.4133144, longitude=-122.1513069}, version=1, billinggroupname=null}","2020-11-26 00:00:00.000"
"iot-device-02","1.594655919415759E9","62.3","75.38","true","false","0.0068","0.0042","0.0181","2020-11-26T17:28:24.450+0000","{defaultclientid=iot-device-02, thingname=iot-device-02, thingid=4ae4927a-aefb-4584-a45a-fc4839feffd6, thingarn=arn:aws:iot:us-east-1:507441099951:thing/iot-device-02, thingtypename=null, attributes={installed=1593361211, latitude=32.8205865, longitude=-96.871627}, version=1, billinggroupname=null}","2020-11-26 00:00:00.000"
"iot-device-03","1.5946559219325936E9","52.4","71.24","false","false","0.0079","0.0052","0.0212","2020-11-26T17:28:24.745+0000","{defaultclientid=iot-device-03, thingname=iot-device-03, thingid=877352b9-a35d-45d3-9c98-162d89965a13, thingarn=arn:aws:iot:us-east-1:507441099951:thing/iot-device-03, thingtypename=null, attributes={installed=1592562234, latitude=37.4133144, longitude=-122.1513069}, version=1, billinggroupname=null}","2020-11-26 00:00:00.000"
"iot-device-01","1.5946559231339054E9","75.0","66.56","false","false","0.0068","0.0042","0.0179","2020-11-26T17:28:25.040+0000","{defaultclientid=iot-device-01, thingname=iot-device-01, thingid=983c2b68-f9a3-4e83-b3c6-9f6f8ad5431b, thingarn=arn:aws:iot:us-east-1:507441099951:thing/iot-device-01, thingtypename=null, attributes={installed=1594665292, latitude=37.4133144, longitude=-122.1513069}, version=1, billinggroupname=null}","2020-11-26 00:00:00.000"
"iot-device-02","1.594655923769182E9","62.5","75.56","true","false","0.0068","0.0042","0.0181","2020-11-26T17:28:25.362+0000","{defaultclientid=iot-device-02, thingname=iot-device-02, thingid=4ae4927a-aefb-4584-a45a-fc4839feffd6, thingarn=arn:aws:iot:us-east-1:507441099951:thing/iot-device-02, thingtypename=null, attributes={installed=1593361211, latitude=32.8205865, longitude=-96.871627}, version=1, billinggroupname=null}","2020-11-26 00:00:00.000"
"iot-device-03","1.594655925625693E9","52.4","71.24","false","false","0.0079","0.0052","0.0212","2020-11-26T17:28:25.648+0000","{defaultclientid=iot-device-03, thingname=iot-device-03, thingid=877352b9-a35d-45d3-9c98-162d89965a13, thingarn=arn:aws:iot:us-east-1:507441099951:thing/iot-device-03, thingtypename=null, attributes={installed=1592562234, latitude=37.4133144, longitude=-122.1513069}, version=1, billinggroupname=null}","2020-11-26 00:00:00.000"
"iot-device-02","1.5946559286473575E9","62.3","75.56","true","false","0.0068","0.0042","0.0181","2020-11-26T17:28:25.974+0000","{defaultclientid=iot-device-02, thingname=iot-device-02, thingid=4ae4927a-aefb-4584-a45a-fc4839feffd6, thingarn=arn:aws:iot:us-east-1:507441099951:thing/iot-device-02, thingtypename=null, attributes={installed=1593361211, latitude=32.8205865, longitude=-96.871627}, version=1, billinggroupname=null}","2020-11-26 00:00:00.000"
"iot-device-01","1.5946559291004E9","75.0","66.56","false","false","0.0067","0.0042","0.0179","2020-11-26T17:28:26.281+0000","{defaultclientid=iot-device-01, thingname=iot-device-01, thingid=983c2b68-f9a3-4e83-b3c6-9f6f8ad5431b, thingarn=arn:aws:iot:us-east-1:507441099951:thing/iot-device-01, thingtypename=null, attributes={installed=1594665292, latitude=37.4133144, longitude=-122.1513069}, version=1, billinggroupname=null}","2020-11-26 00:00:00.000"
"iot-device-01","1.594655185240012E9","75.0","66.74","false","false","0.0067","0.0041","0.0177","2020-11-26T17:28:02.893+0000","{defaultclientid=iot-device-01, thingname=iot-device-01, thingid=983c2b68-f9a3-4e83-b3c6-9f6f8ad5431b, thingarn=arn:aws:iot:us-east-1:507441099951:thing/iot-device-01, thingtypename=null, attributes={installed=1594665292, latitude=37.4133144, longitude=-122.1513069}, version=1, billinggroupname=null}","2020-11-26 00:00:00.000"
"iot-device-03","1.5946551884171705E9","51.7","71.96","false","false","0.0079","0.0052","0.0212","2020-11-26T17:28:03.199+0000","{defaultclientid=iot-device-03, thingname=iot-device-03, thingid=877352b9-a35d-45d3-9c98-162d89965a13, thingarn=arn:aws:iot:us-east-1:507441099951:thing/iot-device-03, thingtypename=null, attributes={installed=1592562234, latitude=37.4133144, longitude=-122.1513069}, version=1, billinggroupname=null}","2020-11-26 00:00:00.000"
"iot-device-02","1.5946551889703548E9","62.0","75.38","true","false","0.0068","0.0042","0.0181","2020-11-26T17:28:03.493+0000","{defaultclientid=iot-device-02, thingname=iot-device-02, thingid=4ae4927a-aefb-4584-a45a-fc4839feffd6, thingarn=arn:aws:iot:us-east-1:507441099951:thing/iot-device-02, thingtypename=null, attributes={installed=1593361211, latitude=32.8205865, longitude=-96.871627}, version=1, billinggroupname=null}","2020-11-26 00:00:00.000"
"iot-device-01","1.5946551912104275E9","75.1","66.74","false","false","0.0067","0.0041","0.0177","2020-11-26T17:28:03.787+0000","{defaultclientid=iot-device-01, thingname=iot-device-01, thingid=983c2b68-f9a3-4e83-b3c6-9f6f8ad5431b, thingarn=arn:aws:iot:us-east-1:507441099951:thing/iot-device-01, thingtypename=null, attributes={installed=1594665292, latitude=37.4133144, longitude=-122.1513069}, version=1, billinggroupname=null}","2020-11-26 00:00:00.000"
"iot-device-03","1.594655192103485E9","51.7","71.96","false","false","0.0079","0.0052","0.0211","2020-11-26T17:28:04.089+0000","{defaultclientid=iot-device-03, thingname=iot-device-03, thingid=877352b9-a35d-45d3-9c98-162d89965a13, thingarn=arn:aws:iot:us-east-1:507441099951:thing/iot-device-03, thingtypename=null, attributes={installed=1592562234, latitude=37.4133144, longitude=-122.1513069}, version=1, billinggroupname=null}","2020-11-26 00:00:00.000"
"iot-device-02","1.59465519332443E9","62.0","75.38","true","false","0.0069","0.0043","0.0182","2020-11-26T17:28:04.396+0000","{defaultclientid=iot-device-02, thingname=iot-device-02, thingid=4ae4927a-aefb-4584-a45a-fc4839feffd6, thingarn=arn:aws:iot:us-east-1:507441099951:thing/iot-device-02, thingtypename=null, attributes={installed=1593361211, latitude=32.8205865, longitude=-96.871627}, version=1, billinggroupname=null}","2020-11-26 00:00:00.000"
"iot-device-03","1.5946551957875519E9","51.7","71.96","false","false","0.0079","0.0052","0.0211","2020-11-26T17:28:04.679+0000","{defaultclientid=iot-device-03, thingname=iot-device-03, thingid=877352b9-a35d-45d3-9c98-162d89965a13, thingarn=arn:aws:iot:us-east-1:507441099951:thing/iot-device-03, thingtypename=null, attributes={installed=1592562234, latitude=37.4133144, longitude=-122.1513069}, version=1, billinggroupname=null}","2020-11-26 00:00:00.000"
"iot-device-01","1.594655801647376E9","75.1","66.38","false","false","0.0069","0.0043","0.0184","2020-11-26T17:28:04.980+0000","{defaultclientid=iot-device-01, thingname=iot-device-01, thingid=983c2b68-f9a3-4e83-b3c6-9f6f8ad5431b, thingarn=arn:aws:iot:us-east-1:507441099951:thing/iot-device-01, thingtypename=null, attributes={installed=1594665292, latitude=37.4133144, longitude=-122.1513069}, version=1, billinggroupname=null}","2020-11-26 00:00:00.000"
"iot-device-03","1.5946558037441607E9","51.9","71.06","false","false","0.0079","0.0052","0.0211","2020-11-26T17:28:05.273+0000","{defaultclientid=iot-device-03, thingname=iot-device-03, thingid=877352b9-a35d-45d3-9c98-162d89965a13, thingarn=arn:aws:iot:us-east-1:507441099951:thing/iot-device-03, thingtypename=null, attributes={installed=1592562234, latitude=37.4133144, longitude=-122.1513069}, version=1, billinggroupname=null}","2020-11-26 00:00:00.000"
"iot-device-01","1.5946558054618356E9","75.2","66.56","false","false","0.0068","0.0042","0.0181","2020-11-26T17:28:05.562+0000","{defaultclientid=iot-device-01, thingname=iot-device-01, thingid=983c2b68-f9a3-4e83-b3c6-9f6f8ad5431b, thingarn=arn:aws:iot:us-east-1:507441099951:thing/iot-device-01, thingtypename=null, attributes={installed=1594665292, latitude=37.4133144, longitude=-122.1513069}, version=1, billinggroupname=null}","2020-11-26 00:00:00.000"
"iot-device-01","1.5946558228155243E9","75.2","66.38","false","false","0.0068","0.0042","0.0181","2020-11-26T17:28:08.771+0000","{defaultclientid=iot-device-01, thingname=iot-device-01, thingid=983c2b68-f9a3-4e83-b3c6-9f6f8ad5431b, thingarn=arn:aws:iot:us-east-1:507441099951:thing/iot-device-01, thingtypename=null, attributes={installed=1594665292, latitude=37.4133144, longitude=-122.1513069}, version=1, billinggroupname=null}","2020-11-26 00:00:00.000"
"iot-device-02","1.5946558255412238E9","62.1","75.38","true","false","0.0069","0.0043","0.0181","2020-11-26T17:28:09.058+0000","{defaultclientid=iot-device-02, thingname=iot-device-02, thingid=4ae4927a-aefb-4584-a45a-fc4839feffd6, thingarn=arn:aws:iot:us-east-1:507441099951:thing/iot-device-02, thingtypename=null, attributes={installed=1593361211, latitude=32.8205865, longitude=-96.871627}, version=1, billinggroupname=null}","2020-11-26 00:00:00.000"
"iot-device-03","1.5946558258547876E9","51.9","71.06","false","false","0.0079","0.0052","0.0212","2020-11-26T17:28:09.360+0000","{defaultclientid=iot-device-03, thingname=iot-device-03, thingid=877352b9-a35d-45d3-9c98-162d89965a13, thingarn=arn:aws:iot:us-east-1:507441099951:thing/iot-device-03, thingtypename=null, attributes={installed=1592562234, latitude=37.4133144, longitude=-122.1513069}, version=1, billinggroupname=null}","2020-11-26 00:00:00.000"
"iot-device-01","1.5946558271697328E9","75.3","66.56","false","false","0.0067","0.0042","0.0179","2020-11-26T17:28:09.667+0000","{defaultclientid=iot-device-01, thingname=iot-device-01, thingid=983c2b68-f9a3-4e83-b3c6-9f6f8ad5431b, thingarn=arn:aws:iot:us-east-1:507441099951:thing/iot-device-01, thingtypename=null, attributes={installed=1594665292, latitude=37.4133144, longitude=-122.1513069}, version=1, billinggroupname=null}","2020-11-26 00:00:00.000"
"iot-device-03","1.5946558295393908E9","51.9","71.06","false","false","0.0079","0.0052","0.0212","2020-11-26T17:28:09.960+0000","{defaultclientid=iot-device-03, thingname=iot-device-03, thingid=877352b9-a35d-45d3-9c98-162d89965a13, thingarn=arn:aws:iot:us-east-1:507441099951:thing/iot-device-03, thingtypename=null, attributes={installed=1592562234, latitude=37.4133144, longitude=-122.1513069}, version=1, billinggroupname=null}","2020-11-26 00:00:00.000"
"iot-device-01","1.5946558315703404E9","75.3","66.56","false","false","0.0067","0.0042","0.0179","2020-11-26T17:28:10.255+0000","{defaultclientid=iot-device-01, thingname=iot-device-01, thingid=983c2b68-f9a3-4e83-b3c6-9f6f8ad5431b, thingarn=arn:aws:iot:us-east-1:507441099951:thing/iot-device-01, thingtypename=null, attributes={installed=1594665292, latitude=37.4133144, longitude=-122.1513069}, version=1, billinggroupname=null}","2020-11-26 00:00:00.000"
"iot-device-02","1.5946558320273352E9","62.2","75.38","true","false","0.0069","0.0043","0.0182","2020-11-26T17:28:10.557+0000","{defaultclientid=iot-device-02, thingname=iot-device-02, thingid=4ae4927a-aefb-4584-a45a-fc4839feffd6, thingarn=arn:aws:iot:us-east-1:507441099951:thing/iot-device-02, thingtypename=null, attributes={installed=1593361211, latitude=32.8205865, longitude=-96.871627}, version=1, billinggroupname=null}","2020-11-26 00:00:00.000"
"iot-device-03","1.5946558332256112E9","51.7","71.06","false","false","0.0079","0.0052","0.0212","2020-11-26T17:28:10.855+0000","{defaultclientid=iot-device-03, thingname=iot-device-03, thingid=877352b9-a35d-45d3-9c98-162d89965a13, thingarn=arn:aws:iot:us-east-1:507441099951:thing/iot-device-03, thingtypename=null, attributes={installed=1592562234, latitude=37.4133144, longitude=-122.1513069}, version=1, billinggroupname=null}","2020-11-26 00:00:00.000"
"iot-device-03","1.5946558369102252E9","51.7","71.06","false","false","0.0079","0.0052","0.0212","2020-11-26T17:28:11.169+0000","{defaultclientid=iot-device-03, thingname=iot-device-03, thingid=877352b9-a35d-45d3-9c98-162d89965a13, thingarn=arn:aws:iot:us-east-1:507441099951:thing/iot-device-03, thingtypename=null, attributes={installed=1592562234, latitude=37.4133144, longitude=-122.1513069}, version=1, billinggroupname=null}","2020-11-26 00:00:00.000"
"iot-device-02","1.5946558385110896E9","62.3","75.38","true","false","0.0068","0.0042","0.0181","2020-11-26T17:28:11.460+0000","{defaultclientid=iot-device-02, thingname=iot-device-02, thingid=4ae4927a-aefb-4584-a45a-fc4839feffd6, thingarn=arn:aws:iot:us-east-1:507441099951:thing/iot-device-02, thingtypename=null, attributes={installed=1593361211, latitude=32.8205865, longitude=-96.871627}, version=1, billinggroupname=null}","2020-11-26 00:00:00.000"
"iot-device-03","1.5946558074303856E9","51.9","71.06","false","false","0.0079","0.0052","0.0212","2020-11-26T17:28:05.850+0000","{defaultclientid=iot-device-03, thingname=iot-device-03, thingid=877352b9-a35d-45d3-9c98-162d89965a13, thingarn=arn:aws:iot:us-east-1:507441099951:thing/iot-device-03, thingtypename=null, attributes={installed=1592562234, latitude=37.4133144, longitude=-122.1513069}, version=1, billinggroupname=null}","2020-11-26 00:00:00.000"
"iot-device-02","1.5946558081808903E9","62.1","75.38","true","false","0.0069","0.0043","0.0183","2020-11-26T17:28:06.150+0000","{defaultclientid=iot-device-02, thingname=iot-device-02, thingid=4ae4927a-aefb-4584-a45a-fc4839feffd6, thingarn=arn:aws:iot:us-east-1:507441099951:thing/iot-device-02, thingtypename=null, attributes={installed=1593361211, latitude=32.8205865, longitude=-96.871627}, version=1, billinggroupname=null}","2020-11-26 00:00:00.000"
"iot-device-03","1.5946558111141255E9","51.9","71.06","false","false","0.0079","0.0052","0.0212","2020-11-26T17:28:06.446+0000","{defaultclientid=iot-device-03, thingname=iot-device-03, thingid=877352b9-a35d-45d3-9c98-162d89965a13, thingarn=arn:aws:iot:us-east-1:507441099951:thing/iot-device-03, thingtypename=null, attributes={installed=1592562234, latitude=37.4133144, longitude=-122.1513069}, version=1, billinggroupname=null}","2020-11-26 00:00:00.000"
"iot-device-01","1.5946558125047195E9","75.2","66.38","false","false","0.0067","0.0042","0.0179","2020-11-26T17:28:06.739+0000","{defaultclientid=iot-device-01, thingname=iot-device-01, thingid=983c2b68-f9a3-4e83-b3c6-9f6f8ad5431b, thingarn=arn:aws:iot:us-east-1:507441099951:thing/iot-device-01, thingtypename=null, attributes={installed=1594665292, latitude=37.4133144, longitude=-122.1513069}, version=1, billinggroupname=null}","2020-11-26 00:00:00.000"
"iot-device-02","1.5946558146639185E9","62.2","75.56","true","false","0.0069","0.0043","0.0182","2020-11-26T17:28:07.041+0000","{defaultclientid=iot-device-02, thingname=iot-device-02, thingid=4ae4927a-aefb-4584-a45a-fc4839feffd6, thingarn=arn:aws:iot:us-east-1:507441099951:thing/iot-device-02, thingtypename=null, attributes={installed=1593361211, latitude=32.8205865, longitude=-96.871627}, version=1, billinggroupname=null}","2020-11-26 00:00:00.000"
"iot-device-03","1.594655814798693E9","51.9","71.06","false","false","0.0079","0.0052","0.0212","2020-11-26T17:28:07.329+0000","{defaultclientid=iot-device-03, thingname=iot-device-03, thingid=877352b9-a35d-45d3-9c98-162d89965a13, thingarn=arn:aws:iot:us-east-1:507441099951:thing/iot-device-03, thingtypename=null, attributes={installed=1592562234, latitude=37.4133144, longitude=-122.1513069}, version=1, billinggroupname=null}","2020-11-26 00:00:00.000"
"iot-device-01","1.5946558168579845E9","75.2","66.56","false","false","0.0068","0.0042","0.0181","2020-11-26T17:28:07.619+0000","{defaultclientid=iot-device-01, thingname=iot-device-01, thingid=983c2b68-f9a3-4e83-b3c6-9f6f8ad5431b, thingarn=arn:aws:iot:us-east-1:507441099951:thing/iot-device-01, thingtypename=null, attributes={installed=1594665292, latitude=37.4133144, longitude=-122.1513069}, version=1, billinggroupname=null}","2020-11-26 00:00:00.000"
"iot-device-03","1.5946558184853678E9","52.0","71.06","false","false","0.0079","0.0052","0.0212","2020-11-26T17:28:07.899+0000","{defaultclientid=iot-device-03, thingname=iot-device-03, thingid=877352b9-a35d-45d3-9c98-162d89965a13, thingarn=arn:aws:iot:us-east-1:507441099951:thing/iot-device-03, thingtypename=null, attributes={installed=1592562234, latitude=37.4133144, longitude=-122.1513069}, version=1, billinggroupname=null}","2020-11-26 00:00:00.000"
"iot-device-02","1.5946558195409286E9","62.1","75.38","true","false","0.0069","0.0043","0.0181","2020-11-26T17:28:08.188+0000","{defaultclientid=iot-device-02, thingname=iot-device-02, thingid=4ae4927a-aefb-4584-a45a-fc4839feffd6, thingarn=arn:aws:iot:us-east-1:507441099951:thing/iot-device-02, thingtypename=null, attributes={installed=1593361211, latitude=32.8205865, longitude=-96.871627}, version=1, billinggroupname=null}","2020-11-26 00:00:00.000"
"iot-device-03","1.594655822170733E9","51.9","71.06","false","false","0.0079","0.0052","0.0212","2020-11-26T17:28:08.480+0000","{defaultclientid=iot-device-03, thingname=iot-device-03, thingid=877352b9-a35d-45d3-9c98-162d89965a13, thingarn=arn:aws:iot:us-east-1:507441099951:thing/iot-device-03, thingtypename=null, attributes={installed=1592562234, latitude=37.4133144, longitude=-122.1513069}, version=1, billinggroupname=null}","2020-11-26 00:00:00.000"
"iot-device-03","1.5946375680715055E9","52.3","71.06","false","false","0.0078","0.0051","0.0208","2020-11-26T17:19:56.940+0000","{defaultclientid=iot-device-03, thingname=iot-device-03, thingid=877352b9-a35d-45d3-9c98-162d89965a13, thingarn=arn:aws:iot:us-east-1:507441099951:thing/iot-device-03, thingtypename=null, attributes={installed=1592562234, latitude=37.4133144, longitude=-122.1513069}, version=1, billinggroupname=null}","2020-11-26 00:00:00.000"
"iot-device-02","1.594637569269488E9","59.8","74.48","true","false","0.0071","0.0045","0.0189","2020-11-26T17:19:57.230+0000","{defaultclientid=iot-device-02, thingname=iot-device-02, thingid=4ae4927a-aefb-4584-a45a-fc4839feffd6, thingarn=arn:aws:iot:us-east-1:507441099951:thing/iot-device-02, thingtypename=null, attributes={installed=1593361211, latitude=32.8205865, longitude=-96.871627}, version=1, billinggroupname=null}","2020-11-26 00:00:00.000"
"iot-device-01","1.5946375701211011E9","75.7","67.64","false","false","0.0063","0.0038","0.0167","2020-11-26T17:19:57.521+0000","{defaultclientid=iot-device-01, thingname=iot-device-01, thingid=983c2b68-f9a3-4e83-b3c6-9f6f8ad5431b, thingarn=arn:aws:iot:us-east-1:507441099951:thing/iot-device-01, thingtypename=null, attributes={installed=1594665292, latitude=37.4133144, longitude=-122.1513069}, version=1, billinggroupname=null}","2020-11-26 00:00:00.000"
"iot-device-03","1.5946375717559724E9","52.2","71.06","false","false","0.0078","0.0051","0.0209","2020-11-26T17:19:57.808+0000","{defaultclientid=iot-device-03, thingname=iot-device-03, thingid=877352b9-a35d-45d3-9c98-162d89965a13, thingarn=arn:aws:iot:us-east-1:507441099951:thing/iot-device-03, thingtypename=null, attributes={installed=1592562234, latitude=37.4133144, longitude=-122.1513069}, version=1, billinggroupname=null}","2020-11-26 00:00:00.000"
"iot-device-02","1.594637574144696E9","59.7","74.48","true","false","0.0071","0.0045","0.0189","2020-11-26T17:19:58.163+0000","{defaultclientid=iot-device-02, thingname=iot-device-02, thingid=4ae4927a-aefb-4584-a45a-fc4839feffd6, thingarn=arn:aws:iot:us-east-1:507441099951:thing/iot-device-02, thingtypename=null, attributes={installed=1593361211, latitude=32.8205865, longitude=-96.871627}, version=1, billinggroupname=null}","2020-11-26 00:00:00.000"
"iot-device-03","1.5946375754421346E9","52.2","70.88","false","false","0.0078","0.0051","0.0208","2020-11-26T17:19:58.446+0000","{defaultclientid=iot-device-03, thingname=iot-device-03, thingid=877352b9-a35d-45d3-9c98-162d89965a13, thingarn=arn:aws:iot:us-east-1:507441099951:thing/iot-device-03, thingtypename=null, attributes={installed=1592562234, latitude=37.4133144, longitude=-122.1513069}, version=1, billinggroupname=null}","2020-11-26 00:00:00.000"
"iot-device-01","1.5946375755493464E9","75.7","67.64","false","false","0.0063","0.0038","0.0167","2020-11-26T17:19:58.749+0000","{defaultclientid=iot-device-01, thingname=iot-device-01, thingid=983c2b68-f9a3-4e83-b3c6-9f6f8ad5431b, thingarn=arn:aws:iot:us-east-1:507441099951:thing/iot-device-01, thingtypename=null, attributes={installed=1594665292, latitude=37.4133144, longitude=-122.1513069}, version=1, billinggroupname=null}","2020-11-26 00:00:00.000"
"iot-device-03","1.5946375791280873E9","52.2","71.06","false","false","0.0078","0.0051","0.0209","2020-11-26T17:19:59.048+0000","{defaultclientid=iot-device-03, thingname=iot-device-03, thingid=877352b9-a35d-45d3-9c98-162d89965a13, thingarn=arn:aws:iot:us-east-1:507441099951:thing/iot-device-03, thingtypename=null, attributes={installed=1592562234, latitude=37.4133144, longitude=-122.1513069}, version=1, billinggroupname=null}","2020-11-26 00:00:00.000"
"iot-device-01","1.5946375820529275E9","75.8","67.64","false","false","0.0062","0.0037","0.0164","2020-11-26T17:19:59.338+0000","{defaultclientid=iot-device-01, thingname=iot-device-01, thingid=983c2b68-f9a3-4e83-b3c6-9f6f8ad5431b, thingarn=arn:aws:iot:us-east-1:507441099951:thing/iot-device-01, thingtypename=null, attributes={installed=1594665292, latitude=37.4133144, longitude=-122.1513069}, version=1, billinggroupname=null}","2020-11-26 00:00:00.000"
"iot-device-02","1.5946375822259233E9","59.7","74.48","true","false","0.0071","0.0045","0.0189","2020-11-26T17:19:59.626+0000","{defaultclientid=iot-device-02, thingname=iot-device-02, thingid=4ae4927a-aefb-4584-a45a-fc4839feffd6, thingarn=arn:aws:iot:us-east-1:507441099951:thing/iot-device-02, thingtypename=null, attributes={installed=1593361211, latitude=32.8205865, longitude=-96.871627}, version=1, billinggroupname=null}","2020-11-26 00:00:00.000"
"iot-device-03","1.5946374980473056E9","52.2","71.06","false","false","0.0078","0.0051","0.0209","2020-11-26T17:19:45.118+0000","{defaultclientid=iot-device-03, thingname=iot-device-03, thingid=877352b9-a35d-45d3-9c98-162d89965a13, thingarn=arn:aws:iot:us-east-1:507441099951:thing/iot-device-03, thingtypename=null, attributes={installed=1592562234, latitude=37.4133144, longitude=-122.1513069}, version=1, billinggroupname=null}","2020-11-26 00:00:00.000"
"iot-device-02","1.5946374984465075E9","59.7","74.48","true","false","0.0071","0.0045","0.0189","2020-11-26T17:19:45.421+0000","{defaultclientid=iot-device-02, thingname=iot-device-02, thingid=4ae4927a-aefb-4584-a45a-fc4839feffd6, thingarn=arn:aws:iot:us-east-1:507441099951:thing/iot-device-02, thingtypename=null, attributes={installed=1593361211, latitude=32.8205865, longitude=-96.871627}, version=1, billinggroupname=null}","2020-11-26 00:00:00.000"
"iot-device-03","1.594637501731145E9","52.2","71.06","false","false","0.0078","0.0051","0.0208","2020-11-26T17:19:45.715+0000","{defaultclientid=iot-device-03, thingname=iot-device-03, thingid=877352b9-a35d-45d3-9c98-162d89965a13, thingarn=arn:aws:iot:us-east-1:507441099951:thing/iot-device-03, thingtypename=null, attributes={installed=1592562234, latitude=37.4133144, longitude=-122.1513069}, version=1, billinggroupname=null}","2020-11-26 00:00:00.000"
"iot-device-01","1.5946375022020307E9","75.9","67.64","false","false","0.0062","0.0037","0.0164","2020-11-26T17:19:46.011+0000","{defaultclientid=iot-device-01, thingname=iot-device-01, thingid=983c2b68-f9a3-4e83-b3c6-9f6f8ad5431b, thingarn=arn:aws:iot:us-east-1:507441099951:thing/iot-device-01, thingtypename=null, attributes={installed=1594665292, latitude=37.4133144, longitude=-122.1513069}, version=1, billinggroupname=null}","2020-11-26 00:00:00.000"
"iot-device-03","1.594637505415247E9","52.2","71.06","false","false","0.0078","0.0051","0.0209","2020-11-26T17:19:46.300+0000","{defaultclientid=iot-device-03, thingname=iot-device-03, thingid=877352b9-a35d-45d3-9c98-162d89965a13, thingarn=arn:aws:iot:us-east-1:507441099951:thing/iot-device-03, thingtypename=null, attributes={installed=1592562234, latitude=37.4133144, longitude=-122.1513069}, version=1, billinggroupname=null}","2020-11-26 00:00:00.000"
"iot-device-02","1.5946375054544413E9","59.7","74.48","true","false","0.0071","0.0045","0.0189","2020-11-26T17:19:46.596+0000","{defaultclientid=iot-device-02, thingname=iot-device-02, thingid=4ae4927a-aefb-4584-a45a-fc4839feffd6, thingarn=arn:aws:iot:us-east-1:507441099951:thing/iot-device-02, thingtypename=null, attributes={installed=1593361211, latitude=32.8205865, longitude=-96.871627}, version=1, billinggroupname=null}","2020-11-26 00:00:00.000"
"iot-device-03","1.594637509099607E9","52.2","71.06","false","false","0.0078","0.0051","0.0208","2020-11-26T17:19:46.891+0000","{defaultclientid=iot-device-03, thingname=iot-device-03, thingid=877352b9-a35d-45d3-9c98-162d89965a13, thingarn=arn:aws:iot:us-east-1:507441099951:thing/iot-device-03, thingtypename=null, attributes={installed=1592562234, latitude=37.4133144, longitude=-122.1513069}, version=1, billinggroupname=null}","2020-11-26 00:00:00.000"
"iot-device-02","1.5946375103334286E9","59.7","74.48","true","false","0.0071","0.0045","0.0189","2020-11-26T17:19:47.204+0000","{defaultclientid=iot-device-02, thingname=iot-device-02, thingid=4ae4927a-aefb-4584-a45a-fc4839feffd6, thingarn=arn:aws:iot:us-east-1:507441099951:thing/iot-device-02, thingtypename=null, attributes={installed=1593361211, latitude=32.8205865, longitude=-96.871627}, version=1, billinggroupname=null}","2020-11-26 00:00:00.000"
"iot-device-01","1.5946375108516195E9","75.6","67.64","false","false","0.0062","0.0037","0.0164","2020-11-26T17:19:47.502+0000","{defaultclientid=iot-device-01, thingname=iot-device-01, thingid=983c2b68-f9a3-4e83-b3c6-9f6f8ad5431b, thingarn=arn:aws:iot:us-east-1:507441099951:thing/iot-device-01, thingtypename=null, attributes={installed=1594665292, latitude=37.4133144, longitude=-122.1513069}, version=1, billinggroupname=null}","2020-11-26 00:00:00.000"
"iot-device-03","1.594637512785411E9","52.2","71.06","false","false","0.0078","0.0051","0.0209","2020-11-26T17:19:47.800+0000","{defaultclientid=iot-device-03, thingname=iot-device-03, thingid=877352b9-a35d-45d3-9c98-162d89965a13, thingarn=arn:aws:iot:us-east-1:507441099951:thing/iot-device-03, thingtypename=null, attributes={installed=1592562234, latitude=37.4133144, longitude=-122.1513069}, version=1, billinggroupname=null}","2020-11-26 00:00:00.000"
"iot-device-03","1.5946374796124465E9","52.2","71.06","false","false","0.0078","0.0051","0.0209","2020-11-26T17:19:42.142+0000","{defaultclientid=iot-device-03, thingname=iot-device-03, thingid=877352b9-a35d-45d3-9c98-162d89965a13, thingarn=arn:aws:iot:us-east-1:507441099951:thing/iot-device-03, thingtypename=null, attributes={installed=1592562234, latitude=37.4133144, longitude=-122.1513069}, version=1, billinggroupname=null}","2020-11-26 00:00:00.000"
"iot-device-03","1.5946374832985215E9","52.2","71.06","false","false","0.0078","0.0051","0.0209","2020-11-26T17:19:42.460+0000","{defaultclientid=iot-device-03, thingname=iot-device-03, thingid=877352b9-a35d-45d3-9c98-162d89965a13, thingarn=arn:aws:iot:us-east-1:507441099951:thing/iot-device-03, thingtypename=null, attributes={installed=1592562234, latitude=37.4133144, longitude=-122.1513069}, version=1, billinggroupname=null}","2020-11-26 00:00:00.000"
"iot-device-02","1.5946374849458573E9","59.7","74.48","true","false","0.0071","0.0045","0.0189","2020-11-26T17:19:42.762+0000","{defaultclientid=iot-device-02, thingname=iot-device-02, thingid=4ae4927a-aefb-4584-a45a-fc4839feffd6, thingarn=arn:aws:iot:us-east-1:507441099951:thing/iot-device-02, thingtypename=null, attributes={installed=1593361211, latitude=32.8205865, longitude=-96.871627}, version=1, billinggroupname=null}","2020-11-26 00:00:00.000"
"iot-device-03","1.5946374869840574E9","52.2","71.06","false","false","0.0078","0.0051","0.0209","2020-11-26T17:19:43.059+0000","{defaultclientid=iot-device-03, thingname=iot-device-03, thingid=877352b9-a35d-45d3-9c98-162d89965a13, thingarn=arn:aws:iot:us-east-1:507441099951:thing/iot-device-03, thingtypename=null, attributes={installed=1592562234, latitude=37.4133144, longitude=-122.1513069}, version=1, billinggroupname=null}","2020-11-26 00:00:00.000"
"iot-device-01","1.5946374875365908E9","76.3","67.46","false","false","0.0063","0.0038","0.0166","2020-11-26T17:19:43.351+0000","{defaultclientid=iot-device-01, thingname=iot-device-01, thingid=983c2b68-f9a3-4e83-b3c6-9f6f8ad5431b, thingarn=arn:aws:iot:us-east-1:507441099951:thing/iot-device-01, thingtypename=null, attributes={installed=1594665292, latitude=37.4133144, longitude=-122.1513069}, version=1, billinggroupname=null}","2020-11-26 00:00:00.000"
"iot-device-03","1.5946374906769414E9","52.2","71.06","false","false","0.0078","0.0051","0.0209","2020-11-26T17:19:43.651+0000","{defaultclientid=iot-device-03, thingname=iot-device-03, thingid=877352b9-a35d-45d3-9c98-162d89965a13, thingarn=arn:aws:iot:us-east-1:507441099951:thing/iot-device-03, thingtypename=null, attributes={installed=1592562234, latitude=37.4133144, longitude=-122.1513069}, version=1, billinggroupname=null}","2020-11-26 00:00:00.000"
"iot-device-02","1.5946374919600148E9","59.7","74.48","true","false","0.0071","0.0045","0.0188","2020-11-26T17:19:43.944+0000","{defaultclientid=iot-device-02, thingname=iot-device-02, thingid=4ae4927a-aefb-4584-a45a-fc4839feffd6, thingarn=arn:aws:iot:us-east-1:507441099951:thing/iot-device-02, thingtypename=null, attributes={installed=1593361211, latitude=32.8205865, longitude=-96.871627}, version=1, billinggroupname=null}","2020-11-26 00:00:00.000"
"iot-device-01","1.594637492421255E9","76.4","67.64","false","false","0.0063","0.0038","0.0166","2020-11-26T17:19:44.239+0000","{defaultclientid=iot-device-01, thingname=iot-device-01, thingid=983c2b68-f9a3-4e83-b3c6-9f6f8ad5431b, thingarn=arn:aws:iot:us-east-1:507441099951:thing/iot-device-01, thingtypename=null, attributes={installed=1594665292, latitude=37.4133144, longitude=-122.1513069}, version=1, billinggroupname=null}","2020-11-26 00:00:00.000"
"iot-device-03","1.5946374943611329E9","52.1","70.88","false","false","0.0078","0.0051","0.0209","2020-11-26T17:19:44.538+0000","{defaultclientid=iot-device-03, thingname=iot-device-03, thingid=877352b9-a35d-45d3-9c98-162d89965a13, thingarn=arn:aws:iot:us-east-1:507441099951:thing/iot-device-03, thingtypename=null, attributes={installed=1592562234, latitude=37.4133144, longitude=-122.1513069}, version=1, billinggroupname=null}","2020-11-26 00:00:00.000"
"iot-device-01","1.5946374973106546E9","76.2","67.46","false","false","0.0062","0.0037","0.0164","2020-11-26T17:19:44.830+0000","{defaultclientid=iot-device-01, thingname=iot-device-01, thingid=983c2b68-f9a3-4e83-b3c6-9f6f8ad5431b, thingarn=arn:aws:iot:us-east-1:507441099951:thing/iot-device-01, thingtypename=null, attributes={installed=1594665292, latitude=37.4133144, longitude=-122.1513069}, version=1, billinggroupname=null}","2020-11-26 00:00:00.000"
"iot-device-03","1.594637446430406E9","52.2","71.06","false","false","0.0078","0.0051","0.021","2020-11-26T17:19:36.155+0000","{defaultclientid=iot-device-03, thingname=iot-device-03, thingid=877352b9-a35d-45d3-9c98-162d89965a13, thingarn=arn:aws:iot:us-east-1:507441099951:thing/iot-device-03, thingtypename=null, attributes={installed=1592562234, latitude=37.4133144, longitude=-122.1513069}, version=1, billinggroupname=null}","2020-11-26 00:00:00.000"
"iot-device-01","1.5946374472252676E9","76.6","67.64","false","false","0.0062","0.0037","0.0164","2020-11-26T17:19:36.450+0000","{defaultclientid=iot-device-01, thingname=iot-device-01, thingid=983c2b68-f9a3-4e83-b3c6-9f6f8ad5431b, thingarn=arn:aws:iot:us-east-1:507441099951:thing/iot-device-01, thingtypename=null, attributes={installed=1594665292, latitude=37.4133144, longitude=-122.1513069}, version=1, billinggroupname=null}","2020-11-26 00:00:00.000"
"iot-device-03","1.5946374501162105E9","52.2","71.06","false","false","0.0078","0.0051","0.0209","2020-11-26T17:19:36.740+0000","{defaultclientid=iot-device-03, thingname=iot-device-03, thingid=877352b9-a35d-45d3-9c98-162d89965a13, thingarn=arn:aws:iot:us-east-1:507441099951:thing/iot-device-03, thingtypename=null, attributes={installed=1592562234, latitude=37.4133144, longitude=-122.1513069}, version=1, billinggroupname=null}","2020-11-26 00:00:00.000"
"iot-device-02","1.5946374513732538E9","59.6","74.48","true","false","0.0071","0.0045","0.0188","2020-11-26T17:19:37.028+0000","{defaultclientid=iot-device-02, thingname=iot-device-02, thingid=4ae4927a-aefb-4584-a45a-fc4839feffd6, thingarn=arn:aws:iot:us-east-1:507441099951:thing/iot-device-02, thingtypename=null, attributes={installed=1593361211, latitude=32.8205865, longitude=-96.871627}, version=1, billinggroupname=null}","2020-11-26 00:00:00.000"
"iot-device-01","1.5946374537262552E9","76.5","67.46","false","false","0.0063","0.0038","0.0166","2020-11-26T17:19:37.438+0000","{defaultclientid=iot-device-01, thingname=iot-device-01, thingid=983c2b68-f9a3-4e83-b3c6-9f6f8ad5431b, thingarn=arn:aws:iot:us-east-1:507441099951:thing/iot-device-01, thingtypename=null, attributes={installed=1594665292, latitude=37.4133144, longitude=-122.1513069}, version=1, billinggroupname=null}","2020-11-26 00:00:00.000"
"iot-device-03","1.5946374538021936E9","52.1","70.88","false","false","0.0078","0.0051","0.0208","2020-11-26T17:19:37.719+0000","{defaultclientid=iot-device-03, thingname=iot-device-03, thingid=877352b9-a35d-45d3-9c98-162d89965a13, thingarn=arn:aws:iot:us-east-1:507441099951:thing/iot-device-03, thingtypename=null, attributes={installed=1592562234, latitude=37.4133144, longitude=-122.1513069}, version=1, billinggroupname=null}","2020-11-26 00:00:00.000"
"iot-device-02","1.5946374557161279E9","59.6","74.48","true","false","0.0071","0.0045","0.0189","2020-11-26T17:19:38.009+0000","{defaultclientid=iot-device-02, thingname=iot-device-02, thingid=4ae4927a-aefb-4584-a45a-fc4839feffd6, thingarn=arn:aws:iot:us-east-1:507441099951:thing/iot-device-02, thingtypename=null, attributes={installed=1593361211, latitude=32.8205865, longitude=-96.871627}, version=1, billinggroupname=null}","2020-11-26 00:00:00.000"
"iot-device-03","1.5946374574882927E9","52.2","71.06","false","false","0.0078","0.0051","0.0209","2020-11-26T17:19:38.308+0000","{defaultclientid=iot-device-03, thingname=iot-device-03, thingid=877352b9-a35d-45d3-9c98-162d89965a13, thingarn=arn:aws:iot:us-east-1:507441099951:thing/iot-device-03, thingtypename=null, attributes={installed=1592562234, latitude=37.4133144, longitude=-122.1513069}, version=1, billinggroupname=null}","2020-11-26 00:00:00.000"
"iot-device-01","1.5946374580811849E9","76.5","67.46","false","false","0.0062","0.0037","0.0164","2020-11-26T17:19:38.609+0000","{defaultclientid=iot-device-01, thingname=iot-device-01, thingid=983c2b68-f9a3-4e83-b3c6-9f6f8ad5431b, thingarn=arn:aws:iot:us-east-1:507441099951:thing/iot-device-01, thingtypename=null, attributes={installed=1594665292, latitude=37.4133144, longitude=-122.1513069}, version=1, billinggroupname=null}","2020-11-26 00:00:00.000"
"iot-device-02","1.5946374595232532E9","59.7","74.48","true","false","0.0071","0.0045","0.0189","2020-11-26T17:19:38.902+0000","{defaultclientid=iot-device-02, thingname=iot-device-02, thingid=4ae4927a-aefb-4584-a45a-fc4839feffd6, thingarn=arn:aws:iot:us-east-1:507441099951:thing/iot-device-02, thingtypename=null, attributes={installed=1593361211, latitude=32.8205865, longitude=-96.871627}, version=1, billinggroupname=null}","2020-11-26 00:00:00.000"
"iot-device-03","1.5946375312141602E9","52.2","71.06","false","false","0.0078","0.0051","0.0209","2020-11-26T17:19:51.080+0000","{defaultclientid=iot-device-03, thingname=iot-device-03, thingid=877352b9-a35d-45d3-9c98-162d89965a13, thingarn=arn:aws:iot:us-east-1:507441099951:thing/iot-device-03, thingtypename=null, attributes={installed=1592562234, latitude=37.4133144, longitude=-122.1513069}, version=1, billinggroupname=null}","2020-11-26 00:00:00.000"
"iot-device-02","1.594637533055966E9","59.8","74.48","true","false","0.0071","0.0045","0.0189","2020-11-26T17:19:51.368+0000","{defaultclientid=iot-device-02, thingname=iot-device-02, thingid=4ae4927a-aefb-4584-a45a-fc4839feffd6, thingarn=arn:aws:iot:us-east-1:507441099951:thing/iot-device-02, thingtypename=null, attributes={installed=1593361211, latitude=32.8205865, longitude=-96.871627}, version=1, billinggroupname=null}","2020-11-26 00:00:00.000"
"iot-device-03","1.5946375349001179E9","52.2","71.06","false","false","0.0078","0.0051","0.0209","2020-11-26T17:19:51.669+0000","{defaultclientid=iot-device-03, thingname=iot-device-03, thingid=877352b9-a35d-45d3-9c98-162d89965a13, thingarn=arn:aws:iot:us-east-1:507441099951:thing/iot-device-03, thingtypename=null, attributes={installed=1592562234, latitude=37.4133144, longitude=-122.1513069}, version=1, billinggroupname=null}","2020-11-26 00:00:00.000"
"iot-device-01","1.5946375352496912E9","75.4","67.64","false","false","0.0063","0.0038","0.0167","2020-11-26T17:19:51.969+0000","{defaultclientid=iot-device-01, thingname=iot-device-01, thingid=983c2b68-f9a3-4e83-b3c6-9f6f8ad5431b, thingarn=arn:aws:iot:us-east-1:507441099951:thing/iot-device-01, thingtypename=null, attributes={installed=1594665292, latitude=37.4133144, longitude=-122.1513069}, version=1, billinggroupname=null}","2020-11-26 00:00:00.000"
"iot-device-02","1.5946375384691596E9","59.8","74.48","true","false","0.0071","0.0045","0.0189","2020-11-26T17:19:52.261+0000","{defaultclientid=iot-device-02, thingname=iot-device-02, thingid=4ae4927a-aefb-4584-a45a-fc4839feffd6, thingarn=arn:aws:iot:us-east-1:507441099951:thing/iot-device-02, thingtypename=null, attributes={installed=1593361211, latitude=32.8205865, longitude=-96.871627}, version=1, billinggroupname=null}","2020-11-26 00:00:00.000"
"iot-device-03","1.594637538586174E9","52.2","71.06","false","false","0.0078","0.0051","0.0208","2020-11-26T17:19:52.549+0000","{defaultclientid=iot-device-03, thingname=iot-device-03, thingid=877352b9-a35d-45d3-9c98-162d89965a13, thingarn=arn:aws:iot:us-east-1:507441099951:thing/iot-device-03, thingtypename=null, attributes={installed=1592562234, latitude=37.4133144, longitude=-122.1513069}, version=1, billinggroupname=null}","2020-11-26 00:00:00.000"
"iot-device-01","1.5946375401349092E9","62.6","67.64","false","false","0.0062","0.0037","0.0164","2020-11-26T17:19:52.840+0000","{defaultclientid=iot-device-01, thingname=iot-device-01, thingid=983c2b68-f9a3-4e83-b3c6-9f6f8ad5431b, thingarn=arn:aws:iot:us-east-1:507441099951:thing/iot-device-01, thingtypename=null, attributes={installed=1594665292, latitude=37.4133144, longitude=-122.1513069}, version=1, billinggroupname=null}","2020-11-26 00:00:00.000"
"iot-device-03","1.5946375422719884E9","52.1","70.88","false","false","0.0078","0.0051","0.0209","2020-11-26T17:19:53.139+0000","{defaultclientid=iot-device-03, thingname=iot-device-03, thingid=877352b9-a35d-45d3-9c98-162d89965a13, thingarn=arn:aws:iot:us-east-1:507441099951:thing/iot-device-03, thingtypename=null, attributes={installed=1592562234, latitude=37.4133144, longitude=-122.1513069}, version=1, billinggroupname=null}","2020-11-26 00:00:00.000"
"iot-device-02","1.5946375444182074E9","59.8","74.48","true","false","0.0071","0.0045","0.0189","2020-11-26T17:19:53.430+0000","{defaultclientid=iot-device-02, thingname=iot-device-02, thingid=4ae4927a-aefb-4584-a45a-fc4839feffd6, thingarn=arn:aws:iot:us-east-1:507441099951:thing/iot-device-02, thingtypename=null, attributes={installed=1593361211, latitude=32.8205865, longitude=-96.871627}, version=1, billinggroupname=null}","2020-11-26 00:00:00.000"
"iot-device-03","1.5946375459579222E9","52.2","71.06","false","false","0.0078","0.0051","0.0208","2020-11-26T17:19:53.719+0000","{defaultclientid=iot-device-03, thingname=iot-device-03, thingid=877352b9-a35d-45d3-9c98-162d89965a13, thingarn=arn:aws:iot:us-east-1:507441099951:thing/iot-device-03, thingtypename=null, attributes={installed=1592562234, latitude=37.4133144, longitude=-122.1513069}, version=1, billinggroupname=null}","2020-11-26 00:00:00.000"
"iot-device-03","1.5946374611764328E9","52.2","71.06","false","false","0.0078","0.0051","0.0209","2020-11-26T17:19:39.189+0000","{defaultclientid=iot-device-03, thingname=iot-device-03, thingid=877352b9-a35d-45d3-9c98-162d89965a13, thingarn=arn:aws:iot:us-east-1:507441099951:thing/iot-device-03, thingtypename=null, attributes={installed=1592562234, latitude=37.4133144, longitude=-122.1513069}, version=1, billinggroupname=null}","2020-11-26 00:00:00.000"
"iot-device-02","1.5946374633404078E9","59.6","74.48","true","false","0.0071","0.0045","0.0189","2020-11-26T17:19:39.480+0000","{defaultclientid=iot-device-02, thingname=iot-device-02, thingid=4ae4927a-aefb-4584-a45a-fc4839feffd6, thingarn=arn:aws:iot:us-east-1:507441099951:thing/iot-device-02, thingtypename=null, attributes={installed=1593361211, latitude=32.8205865, longitude=-96.871627}, version=1, billinggroupname=null}","2020-11-26 00:00:00.000"
"iot-device-03","1.594637464862727E9","52.2","71.06","false","false","0.0078","0.0051","0.0209","2020-11-26T17:19:39.769+0000","{defaultclientid=iot-device-03, thingname=iot-device-03, thingid=877352b9-a35d-45d3-9c98-162d89965a13, thingarn=arn:aws:iot:us-east-1:507441099951:thing/iot-device-03, thingtypename=null, attributes={installed=1592562234, latitude=37.4133144, longitude=-122.1513069}, version=1, billinggroupname=null}","2020-11-26 00:00:00.000"
"iot-device-01","1.5946374678061619E9","76.5","67.46","false","false","0.0062","0.0037","0.0164","2020-11-26T17:19:40.084+0000","{defaultclientid=iot-device-01, thingname=iot-device-01, thingid=983c2b68-f9a3-4e83-b3c6-9f6f8ad5431b, thingarn=arn:aws:iot:us-east-1:507441099951:thing/iot-device-01, thingtypename=null, attributes={installed=1594665292, latitude=37.4133144, longitude=-122.1513069}, version=1, billinggroupname=null}","2020-11-26 00:00:00.000"
"iot-device-03","1.5946374685530055E9","52.2","71.06","false","false","0.0078","0.0051","0.0209","2020-11-26T17:19:40.371+0000","{defaultclientid=iot-device-03, thingname=iot-device-03, thingid=877352b9-a35d-45d3-9c98-162d89965a13, thingarn=arn:aws:iot:us-east-1:507441099951:thing/iot-device-03, thingtypename=null, attributes={installed=1592562234, latitude=37.4133144, longitude=-122.1513069}, version=1, billinggroupname=null}","2020-11-26 00:00:00.000"
"iot-device-02","1.5946374698375075E9","59.7","74.48","true","false","0.0072","0.0045","0.019","2020-11-26T17:19:40.690+0000","{defaultclientid=iot-device-02, thingname=iot-device-02, thingid=4ae4927a-aefb-4584-a45a-fc4839feffd6, thingarn=arn:aws:iot:us-east-1:507441099951:thing/iot-device-02, thingtypename=null, attributes={installed=1593361211, latitude=32.8205865, longitude=-96.871627}, version=1, billinggroupname=null}","2020-11-26 00:00:00.000"
"iot-device-03","1.5946374722388835E9","52.2","71.06","false","false","0.0078","0.0051","0.0209","2020-11-26T17:19:40.979+0000","{defaultclientid=iot-device-03, thingname=iot-device-03, thingid=877352b9-a35d-45d3-9c98-162d89965a13, thingarn=arn:aws:iot:us-east-1:507441099951:thing/iot-device-03, thingtypename=null, attributes={installed=1592562234, latitude=37.4133144, longitude=-122.1513069}, version=1, billinggroupname=null}","2020-11-26 00:00:00.000"
"iot-device-01","1.5946374753981311E9","76.4","67.46","false","false","0.0062","0.0037","0.0164","2020-11-26T17:19:41.268+0000","{defaultclientid=iot-device-01, thingname=iot-device-01, thingid=983c2b68-f9a3-4e83-b3c6-9f6f8ad5431b, thingarn=arn:aws:iot:us-east-1:507441099951:thing/iot-device-01, thingtypename=null, attributes={installed=1594665292, latitude=37.4133144, longitude=-122.1513069}, version=1, billinggroupname=null}","2020-11-26 00:00:00.000"
"iot-device-03","1.5946374759255455E9","52.2","71.06","false","false","0.0078","0.0051","0.0209","2020-11-26T17:19:41.561+0000","{defaultclientid=iot-device-03, thingname=iot-device-03, thingid=877352b9-a35d-45d3-9c98-162d89965a13, thingarn=arn:aws:iot:us-east-1:507441099951:thing/iot-device-03, thingtypename=null, attributes={installed=1592562234, latitude=37.4133144, longitude=-122.1513069}, version=1, billinggroupname=null}","2020-11-26 00:00:00.000"
"iot-device-02","1.5946374763191018E9","59.7","74.48","true","false","0.0071","0.0045","0.0189","2020-11-26T17:19:41.850+0000","{defaultclientid=iot-device-02, thingname=iot-device-02, thingid=4ae4927a-aefb-4584-a45a-fc4839feffd6, thingarn=arn:aws:iot:us-east-1:507441099951:thing/iot-device-02, thingtypename=null, attributes={installed=1593361211, latitude=32.8205865, longitude=-96.871627}, version=1, billinggroupname=null}","2020-11-26 00:00:00.000"
"iot-device-02","1.5946375162796807E9","59.7","74.48","true","false","0.0071","0.0045","0.0189","2020-11-26T17:19:48.087+0000","{defaultclientid=iot-device-02, thingname=iot-device-02, thingid=4ae4927a-aefb-4584-a45a-fc4839feffd6, thingarn=arn:aws:iot:us-east-1:507441099951:thing/iot-device-02, thingtypename=null, attributes={installed=1593361211, latitude=32.8205865, longitude=-96.871627}, version=1, billinggroupname=null}","2020-11-26 00:00:00.000"
"iot-device-01","1.5946375162841187E9","75.4","67.64","false","false","0.0062","0.0037","0.0164","2020-11-26T17:19:48.448+0000","{defaultclientid=iot-device-01, thingname=iot-device-01, thingid=983c2b68-f9a3-4e83-b3c6-9f6f8ad5431b, thingarn=arn:aws:iot:us-east-1:507441099951:thing/iot-device-01, thingtypename=null, attributes={installed=1594665292, latitude=37.4133144, longitude=-122.1513069}, version=1, billinggroupname=null}","2020-11-26 00:00:00.000"
"iot-device-03","1.5946375164725506E9","52.2","71.06","false","false","0.0078","0.0051","0.0209","2020-11-26T17:19:48.736+0000","{defaultclientid=iot-device-03, thingname=iot-device-03, thingid=877352b9-a35d-45d3-9c98-162d89965a13, thingarn=arn:aws:iot:us-east-1:507441099951:thing/iot-device-03, thingtypename=null, attributes={installed=1592562234, latitude=37.4133144, longitude=-122.1513069}, version=1, billinggroupname=null}","2020-11-26 00:00:00.000"
"iot-device-03","1.5946375201583774E9","52.2","71.06","false","false","0.0078","0.0051","0.0208","2020-11-26T17:19:49.042+0000","{defaultclientid=iot-device-03, thingname=iot-device-03, thingid=877352b9-a35d-45d3-9c98-162d89965a13, thingarn=arn:aws:iot:us-east-1:507441099951:thing/iot-device-03, thingtypename=null, attributes={installed=1592562234, latitude=37.4133144, longitude=-122.1513069}, version=1, billinggroupname=null}","2020-11-26 00:00:00.000"
"iot-device-01","1.5946375211740975E9","75.5","67.64","false","false","0.0063","0.0038","0.0166","2020-11-26T17:19:49.339+0000","{defaultclientid=iot-device-01, thingname=iot-device-01, thingid=983c2b68-f9a3-4e83-b3c6-9f6f8ad5431b, thingarn=arn:aws:iot:us-east-1:507441099951:thing/iot-device-01, thingtypename=null, attributes={installed=1594665292, latitude=37.4133144, longitude=-122.1513069}, version=1, billinggroupname=null}","2020-11-26 00:00:00.000"
"iot-device-02","1.5946375222228286E9","59.7","74.48","true","false","0.0071","0.0045","0.0188","2020-11-26T17:19:49.631+0000","{defaultclientid=iot-device-02, thingname=iot-device-02, thingid=4ae4927a-aefb-4584-a45a-fc4839feffd6, thingarn=arn:aws:iot:us-east-1:507441099951:thing/iot-device-02, thingtypename=null, attributes={installed=1593361211, latitude=32.8205865, longitude=-96.871627}, version=1, billinggroupname=null}","2020-11-26 00:00:00.000"
"iot-device-03","1.594637523843284E9","52.2","71.06","false","false","0.0078","0.0051","0.0208","2020-11-26T17:19:49.920+0000","{defaultclientid=iot-device-03, thingname=iot-device-03, thingid=877352b9-a35d-45d3-9c98-162d89965a13, thingarn=arn:aws:iot:us-east-1:507441099951:thing/iot-device-03, thingtypename=null, attributes={installed=1592562234, latitude=37.4133144, longitude=-122.1513069}, version=1, billinggroupname=null}","2020-11-26 00:00:00.000"
"iot-device-03","1.5946375275282347E9","52.2","71.06","false","false","0.0078","0.0051","0.0209","2020-11-26T17:19:50.208+0000","{defaultclientid=iot-device-03, thingname=iot-device-03, thingid=877352b9-a35d-45d3-9c98-162d89965a13, thingarn=arn:aws:iot:us-east-1:507441099951:thing/iot-device-03, thingtypename=null, attributes={installed=1592562234, latitude=37.4133144, longitude=-122.1513069}, version=1, billinggroupname=null}","2020-11-26 00:00:00.000"
"iot-device-02","1.5946375281772606E9","59.8","74.48","true","false","0.0071","0.0045","0.0189","2020-11-26T17:19:50.500+0000","{defaultclientid=iot-device-02, thingname=iot-device-02, thingid=4ae4927a-aefb-4584-a45a-fc4839feffd6, thingarn=arn:aws:iot:us-east-1:507441099951:thing/iot-device-02, thingtypename=null, attributes={installed=1593361211, latitude=32.8205865, longitude=-96.871627}, version=1, billinggroupname=null}","2020-11-26 00:00:00.000"
"iot-device-01","1.5946375287455199E9","75.3","67.64","false","false","0.0062","0.0037","0.0164","2020-11-26T17:19:50.793+0000","{defaultclientid=iot-device-01, thingname=iot-device-01, thingid=983c2b68-f9a3-4e83-b3c6-9f6f8ad5431b, thingarn=arn:aws:iot:us-east-1:507441099951:thing/iot-device-01, thingtypename=null, attributes={installed=1594665292, latitude=37.4133144, longitude=-122.1513069}, version=1, billinggroupname=null}","2020-11-26 00:00:00.000"
"iot-device-01","1.5946374129374306E9","76.5","67.46","false","false","0.0063","0.0038","0.0166","2020-11-26T17:19:30.179+0000","{defaultclientid=iot-device-01, thingname=iot-device-01, thingid=983c2b68-f9a3-4e83-b3c6-9f6f8ad5431b, thingarn=arn:aws:iot:us-east-1:507441099951:thing/iot-device-01, thingtypename=null, attributes={installed=1594665292, latitude=37.4133144, longitude=-122.1513069}, version=1, billinggroupname=null}","2020-11-26 00:00:00.000"
"iot-device-03","1.5946374130062935E9","52.2","71.06","false","false","0.0078","0.0051","0.0209","2020-11-26T17:19:30.471+0000","{defaultclientid=iot-device-03, thingname=iot-device-03, thingid=877352b9-a35d-45d3-9c98-162d89965a13, thingarn=arn:aws:iot:us-east-1:507441099951:thing/iot-device-03, thingtypename=null, attributes={installed=1592562234, latitude=37.4133144, longitude=-122.1513069}, version=1, billinggroupname=null}","2020-11-26 00:00:00.000"
"iot-device-03","1.5946374166943588E9","52.1","70.88","false","false","0.0078","0.0051","0.0209","2020-11-26T17:19:30.769+0000","{defaultclientid=iot-device-03, thingname=iot-device-03, thingid=877352b9-a35d-45d3-9c98-162d89965a13, thingarn=arn:aws:iot:us-east-1:507441099951:thing/iot-device-03, thingtypename=null, attributes={installed=1592562234, latitude=37.4133144, longitude=-122.1513069}, version=1, billinggroupname=null}","2020-11-26 00:00:00.000"
"iot-device-02","1.594637420118641E9","59.7","74.48","true","false","0.0071","0.0045","0.019","2020-11-26T17:19:31.060+0000","{defaultclientid=iot-device-02, thingname=iot-device-02, thingid=4ae4927a-aefb-4584-a45a-fc4839feffd6, thingarn=arn:aws:iot:us-east-1:507441099951:thing/iot-device-02, thingtypename=null, attributes={installed=1593361211, latitude=32.8205865, longitude=-96.871627}, version=1, billinggroupname=null}","2020-11-26 00:00:00.000"
"iot-device-03","1.5946374203818474E9","52.2","71.06","false","false","0.0078","0.0051","0.0208","2020-11-26T17:19:31.349+0000","{defaultclientid=iot-device-03, thingname=iot-device-03, thingid=877352b9-a35d-45d3-9c98-162d89965a13, thingarn=arn:aws:iot:us-east-1:507441099951:thing/iot-device-03, thingtypename=null, attributes={installed=1592562234, latitude=37.4133144, longitude=-122.1513069}, version=1, billinggroupname=null}","2020-11-26 00:00:00.000"
"iot-device-01","1.5946374205082948E9","76.4","67.46","false","false","0.0063","0.0038","0.0166","2020-11-26T17:19:31.637+0000","{defaultclientid=iot-device-01, thingname=iot-device-01, thingid=983c2b68-f9a3-4e83-b3c6-9f6f8ad5431b, thingarn=arn:aws:iot:us-east-1:507441099951:thing/iot-device-01, thingtypename=null, attributes={installed=1594665292, latitude=37.4133144, longitude=-122.1513069}, version=1, billinggroupname=null}","2020-11-26 00:00:00.000"
"iot-device-03","1.5946374240692587E9","52.2","71.06","false","false","0.0078","0.0051","0.0209","2020-11-26T17:19:31.931+0000","{defaultclientid=iot-device-03, thingname=iot-device-03, thingid=877352b9-a35d-45d3-9c98-162d89965a13, thingarn=arn:aws:iot:us-east-1:507441099951:thing/iot-device-03, thingtypename=null, attributes={installed=1592562234, latitude=37.4133144, longitude=-122.1513069}, version=1, billinggroupname=null}","2020-11-26 00:00:00.000"
"iot-device-01","1.5946374254206755E9","76.4","67.46","false","false","0.0062","0.0037","0.0164","2020-11-26T17:19:32.221+0000","{defaultclientid=iot-device-01, thingname=iot-device-01, thingid=983c2b68-f9a3-4e83-b3c6-9f6f8ad5431b, thingarn=arn:aws:iot:us-east-1:507441099951:thing/iot-device-01, thingtypename=null, attributes={installed=1594665292, latitude=37.4133144, longitude=-122.1513069}, version=1, billinggroupname=null}","2020-11-26 00:00:00.000"
"iot-device-03","1.5946374277562535E9","52.2","71.06","false","false","0.0078","0.0051","0.0208","2020-11-26T17:19:32.511+0000","{defaultclientid=iot-device-03, thingname=iot-device-03, thingid=877352b9-a35d-45d3-9c98-162d89965a13, thingarn=arn:aws:iot:us-east-1:507441099951:thing/iot-device-03, thingtypename=null, attributes={installed=1592562234, latitude=37.4133144, longitude=-122.1513069}, version=1, billinggroupname=null}","2020-11-26 00:00:00.000"
"iot-device-01","1.5946374292667546E9","76.4","67.64","false","false","0.0062","0.0037","0.0164","2020-11-26T17:19:32.815+0000","{defaultclientid=iot-device-01, thingname=iot-device-01, thingid=983c2b68-f9a3-4e83-b3c6-9f6f8ad5431b, thingarn=arn:aws:iot:us-east-1:507441099951:thing/iot-device-01, thingtypename=null, attributes={installed=1594665292, latitude=37.4133144, longitude=-122.1513069}, version=1, billinggroupname=null}","2020-11-26 00:00:00.000"
"iot-device-02","1.594637429802599E9","59.6","74.48","true","false","0.0071","0.0045","0.0189","2020-11-26T17:19:33.110+0000","{defaultclientid=iot-device-02, thingname=iot-device-02, thingid=4ae4927a-aefb-4584-a45a-fc4839feffd6, thingarn=arn:aws:iot:us-east-1:507441099951:thing/iot-device-02, thingtypename=null, attributes={installed=1593361211, latitude=32.8205865, longitude=-96.871627}, version=1, billinggroupname=null}","2020-11-26 00:00:00.000"
"iot-device-03","1.5946374316980546E9","52.2","71.06","false","false","0.0078","0.0051","0.0209","2020-11-26T17:19:33.401+0000","{defaultclientid=iot-device-03, thingname=iot-device-03, thingid=877352b9-a35d-45d3-9c98-162d89965a13, thingarn=arn:aws:iot:us-east-1:507441099951:thing/iot-device-03, thingtypename=null, attributes={installed=1592562234, latitude=37.4133144, longitude=-122.1513069}, version=1, billinggroupname=null}","2020-11-26 00:00:00.000"
"iot-device-02","1.5946374341456842E9","59.6","74.48","true","false","0.0072","0.0046","0.0191","2020-11-26T17:19:33.748+0000","{defaultclientid=iot-device-02, thingname=iot-device-02, thingid=4ae4927a-aefb-4584-a45a-fc4839feffd6, thingarn=arn:aws:iot:us-east-1:507441099951:thing/iot-device-02, thingtypename=null, attributes={installed=1593361211, latitude=32.8205865, longitude=-96.871627}, version=1, billinggroupname=null}","2020-11-26 00:00:00.000"
"iot-device-03","1.5946374353766475E9","52.2","71.06","false","false","0.0078","0.0051","0.0208","2020-11-26T17:19:34.050+0000","{defaultclientid=iot-device-03, thingname=iot-device-03, thingid=877352b9-a35d-45d3-9c98-162d89965a13, thingarn=arn:aws:iot:us-east-1:507441099951:thing/iot-device-03, thingtypename=null, attributes={installed=1592562234, latitude=37.4133144, longitude=-122.1513069}, version=1, billinggroupname=null}","2020-11-26 00:00:00.000"
"iot-device-01","1.5946374357764232E9","76.5","67.46","false","false","0.0062","0.0037","0.0164","2020-11-26T17:19:34.350+0000","{defaultclientid=iot-device-01, thingname=iot-device-01, thingid=983c2b68-f9a3-4e83-b3c6-9f6f8ad5431b, thingarn=arn:aws:iot:us-east-1:507441099951:thing/iot-device-01, thingtypename=null, attributes={installed=1594665292, latitude=37.4133144, longitude=-122.1513069}, version=1, billinggroupname=null}","2020-11-26 00:00:00.000"
"iot-device-03","1.5946374390608215E9","52.1","71.06","false","false","0.0078","0.0051","0.0208","2020-11-26T17:19:34.637+0000","{defaultclientid=iot-device-03, thingname=iot-device-03, thingid=877352b9-a35d-45d3-9c98-162d89965a13, thingarn=arn:aws:iot:us-east-1:507441099951:thing/iot-device-03, thingtypename=null, attributes={installed=1592562234, latitude=37.4133144, longitude=-122.1513069}, version=1, billinggroupname=null}","2020-11-26 00:00:00.000"
"iot-device-01","1.594637439592134E9","76.4","67.64","false","false","0.0062","0.0037","0.0164","2020-11-26T17:19:34.940+0000","{defaultclientid=iot-device-01, thingname=iot-device-01, thingid=983c2b68-f9a3-4e83-b3c6-9f6f8ad5431b, thingarn=arn:aws:iot:us-east-1:507441099951:thing/iot-device-01, thingtypename=null, attributes={installed=1594665292, latitude=37.4133144, longitude=-122.1513069}, version=1, billinggroupname=null}","2020-11-26 00:00:00.000"
"iot-device-02","1.5946374406205711E9","59.7","74.48","true","false","0.0071","0.0045","0.0189","2020-11-26T17:19:35.240+0000","{defaultclientid=iot-device-02, thingname=iot-device-02, thingid=4ae4927a-aefb-4584-a45a-fc4839feffd6, thingarn=arn:aws:iot:us-east-1:507441099951:thing/iot-device-02, thingtypename=null, attributes={installed=1593361211, latitude=32.8205865, longitude=-96.871627}, version=1, billinggroupname=null}","2020-11-26 00:00:00.000"
"iot-device-03","1.5946374427465255E9","52.1","71.06","false","false","0.0078","0.0051","0.0209","2020-11-26T17:19:35.529+0000","{defaultclientid=iot-device-03, thingname=iot-device-03, thingid=877352b9-a35d-45d3-9c98-162d89965a13, thingarn=arn:aws:iot:us-east-1:507441099951:thing/iot-device-03, thingtypename=null, attributes={installed=1592562234, latitude=37.4133144, longitude=-122.1513069}, version=1, billinggroupname=null}","2020-11-26 00:00:00.000"
"iot-device-01","1.5946374434065928E9","76.5","67.64","false","false","0.0062","0.0037","0.0164","2020-11-26T17:19:35.847+0000","{defaultclientid=iot-device-01, thingname=iot-device-01, thingid=983c2b68-f9a3-4e83-b3c6-9f6f8ad5431b, thingarn=arn:aws:iot:us-east-1:507441099951:thing/iot-device-01, thingtypename=null, attributes={installed=1594665292, latitude=37.4133144, longitude=-122.1513069}, version=1, billinggroupname=null}","2020-11-26 00:00:00.000"
"iot-device-02","1.5946375482260008E9","59.7","74.3","true","false","0.0071","0.0045","0.0188","2020-11-26T17:19:54.020+0000","{defaultclientid=iot-device-02, thingname=iot-device-02, thingid=4ae4927a-aefb-4584-a45a-fc4839feffd6, thingarn=arn:aws:iot:us-east-1:507441099951:thing/iot-device-02, thingtypename=null, attributes={installed=1593361211, latitude=32.8205865, longitude=-96.871627}, version=1, billinggroupname=null}","2020-11-26 00:00:00.000"
"iot-device-03","1.5946375496409047E9","52.2","71.06","false","false","0.0078","0.0051","0.0208","2020-11-26T17:19:54.326+0000","{defaultclientid=iot-device-03, thingname=iot-device-03, thingid=877352b9-a35d-45d3-9c98-162d89965a13, thingarn=arn:aws:iot:us-east-1:507441099951:thing/iot-device-03, thingtypename=null, attributes={installed=1592562234, latitude=37.4133144, longitude=-122.1513069}, version=1, billinggroupname=null}","2020-11-26 00:00:00.000"
"iot-device-01","1.5946375522866654E9","75.9","67.64","false","false","0.0064","0.0038","0.0168","2020-11-26T17:19:54.619+0000","{defaultclientid=iot-device-01, thingname=iot-device-01, thingid=983c2b68-f9a3-4e83-b3c6-9f6f8ad5431b, thingarn=arn:aws:iot:us-east-1:507441099951:thing/iot-device-01, thingtypename=null, attributes={installed=1594665292, latitude=37.4133144, longitude=-122.1513069}, version=1, billinggroupname=null}","2020-11-26 00:00:00.000"
"iot-device-03","1.5946375533270366E9","52.2","71.06","false","false","0.0078","0.0051","0.0209","2020-11-26T17:19:54.909+0000","{defaultclientid=iot-device-03, thingname=iot-device-03, thingid=877352b9-a35d-45d3-9c98-162d89965a13, thingarn=arn:aws:iot:us-east-1:507441099951:thing/iot-device-03, thingtypename=null, attributes={installed=1592562234, latitude=37.4133144, longitude=-122.1513069}, version=1, billinggroupname=null}","2020-11-26 00:00:00.000"
"iot-device-02","1.5946375547081664E9","59.8","74.48","true","false","0.0071","0.0045","0.0189","2020-11-26T17:19:55.188+0000","{defaultclientid=iot-device-02, thingname=iot-device-02, thingid=4ae4927a-aefb-4584-a45a-fc4839feffd6, thingarn=arn:aws:iot:us-east-1:507441099951:thing/iot-device-02, thingtypename=null, attributes={installed=1593361211, latitude=32.8205865, longitude=-96.871627}, version=1, billinggroupname=null}","2020-11-26 00:00:00.000"
"iot-device-03","1.5946375570130668E9","52.2","71.06","false","false","0.0078","0.0051","0.0209","2020-11-26T17:19:55.473+0000","{defaultclientid=iot-device-03, thingname=iot-device-03, thingid=877352b9-a35d-45d3-9c98-162d89965a13, thingarn=arn:aws:iot:us-east-1:507441099951:thing/iot-device-03, thingtypename=null, attributes={installed=1592562234, latitude=37.4133144, longitude=-122.1513069}, version=1, billinggroupname=null}","2020-11-26 00:00:00.000"
"iot-device-02","1.5946375585158436E9","59.9","74.48","true","false","0.0071","0.0045","0.0188","2020-11-26T17:19:55.770+0000","{defaultclientid=iot-device-02, thingname=iot-device-02, thingid=4ae4927a-aefb-4584-a45a-fc4839feffd6, thingarn=arn:aws:iot:us-east-1:507441099951:thing/iot-device-02, thingtypename=null, attributes={installed=1593361211, latitude=32.8205865, longitude=-96.871627}, version=1, billinggroupname=null}","2020-11-26 00:00:00.000"
"iot-device-01","1.5946375587889485E9","75.7","67.46","false","false","0.0062","0.0037","0.0164","2020-11-26T17:19:56.059+0000","{defaultclientid=iot-device-01, thingname=iot-device-01, thingid=983c2b68-f9a3-4e83-b3c6-9f6f8ad5431b, thingarn=arn:aws:iot:us-east-1:507441099951:thing/iot-device-01, thingtypename=null, attributes={installed=1594665292, latitude=37.4133144, longitude=-122.1513069}, version=1, billinggroupname=null}","2020-11-26 00:00:00.000"
"iot-device-03","1.5946375606991596E9","52.3","71.06","false","false","0.0078","0.0051","0.0209","2020-11-26T17:19:56.351+0000","{defaultclientid=iot-device-03, thingname=iot-device-03, thingid=877352b9-a35d-45d3-9c98-162d89965a13, thingarn=arn:aws:iot:us-east-1:507441099951:thing/iot-device-03, thingtypename=null, attributes={installed=1592562234, latitude=37.4133144, longitude=-122.1513069}, version=1, billinggroupname=null}","2020-11-26 00:00:00.000"
"iot-device-03","1.594637564385519E9","52.3","71.06","false","false","0.0078","0.0051","0.0209","2020-11-26T17:19:56.649+0000","{defaultclientid=iot-device-03, thingname=iot-device-03, thingid=877352b9-a35d-45d3-9c98-162d89965a13, thingarn=arn:aws:iot:us-east-1:507441099951:thing/iot-device-03, thingtypename=null, attributes={installed=1592562234, latitude=37.4133144, longitude=-122.1513069}, version=1, billinggroupname=null}","2020-11-26 00:00:00.000"
"iot-device-03","1.5946375828144345E9","52.2","70.88","false","false","0.0078","0.0051","0.0209","2020-11-26T17:19:59.919+0000","{defaultclientid=iot-device-03, thingname=iot-device-03, thingid=877352b9-a35d-45d3-9c98-162d89965a13, thingarn=arn:aws:iot:us-east-1:507441099951:thing/iot-device-03, thingtypename=null, attributes={installed=1592562234, latitude=37.4133144, longitude=-122.1513069}, version=1, billinggroupname=null}","2020-11-26 00:00:00.000"
"iot-device-03","1.5946414991905534E9","50.3","70.7","false","false","0.0078","0.0051","0.0209","2020-11-26T17:22:35.922+0000","{defaultclientid=iot-device-03, thingname=iot-device-03, thingid=877352b9-a35d-45d3-9c98-162d89965a13, thingarn=arn:aws:iot:us-east-1:507441099951:thing/iot-device-03, thingtypename=null, attributes={installed=1592562234, latitude=37.4133144, longitude=-122.1513069}, version=1, billinggroupname=null}","2020-11-26 00:00:00.000"
"iot-device-02","1.5946415015673256E9","59.5","74.48","true","false","0.0071","0.0045","0.0189","2020-11-26T17:22:36.211+0000","{defaultclientid=iot-device-02, thingname=iot-device-02, thingid=4ae4927a-aefb-4584-a45a-fc4839feffd6, thingarn=arn:aws:iot:us-east-1:507441099951:thing/iot-device-02, thingtypename=null, attributes={installed=1593361211, latitude=32.8205865, longitude=-96.871627}, version=1, billinggroupname=null}","2020-11-26 00:00:00.000"
"iot-device-03","1.5946415028777955E9","50.2","70.7","false","false","0.0078","0.0051","0.0208","2020-11-26T17:22:36.510+0000","{defaultclientid=iot-device-03, thingname=iot-device-03, thingid=877352b9-a35d-45d3-9c98-162d89965a13, thingarn=arn:aws:iot:us-east-1:507441099951:thing/iot-device-03, thingtypename=null, attributes={installed=1592562234, latitude=37.4133144, longitude=-122.1513069}, version=1, billinggroupname=null}","2020-11-26 00:00:00.000"
"iot-device-01","1.5946415040891025E9","75.1","67.28","false","false","0.0063","0.0038","0.0166","2020-11-26T17:22:36.808+0000","{defaultclientid=iot-device-01, thingname=iot-device-01, thingid=983c2b68-f9a3-4e83-b3c6-9f6f8ad5431b, thingarn=arn:aws:iot:us-east-1:507441099951:thing/iot-device-01, thingtypename=null, attributes={installed=1594665292, latitude=37.4133144, longitude=-122.1513069}, version=1, billinggroupname=null}","2020-11-26 00:00:00.000"
"iot-device-03","1.5946415065653448E9","50.1","70.7","false","false","0.0078","0.0051","0.0209","2020-11-26T17:22:37.102+0000","{defaultclientid=iot-device-03, thingname=iot-device-03, thingid=877352b9-a35d-45d3-9c98-162d89965a13, thingarn=arn:aws:iot:us-east-1:507441099951:thing/iot-device-03, thingtypename=null, attributes={installed=1592562234, latitude=37.4133144, longitude=-122.1513069}, version=1, billinggroupname=null}","2020-11-26 00:00:00.000"
"iot-device-02","1.5946415069798381E9","59.5","74.48","true","false","0.0071","0.0045","0.0189","2020-11-26T17:22:37.388+0000","{defaultclientid=iot-device-02, thingname=iot-device-02, thingid=4ae4927a-aefb-4584-a45a-fc4839feffd6, thingarn=arn:aws:iot:us-east-1:507441099951:thing/iot-device-02, thingtypename=null, attributes={installed=1593361211, latitude=32.8205865, longitude=-96.871627}, version=1, billinggroupname=null}","2020-11-26 00:00:00.000"
"iot-device-01","1.5946415100499663E9","74.8","67.28","false","false","0.0062","0.0037","0.0164","2020-11-26T17:22:37.705+0000","{defaultclientid=iot-device-01, thingname=iot-device-01, thingid=983c2b68-f9a3-4e83-b3c6-9f6f8ad5431b, thingarn=arn:aws:iot:us-east-1:507441099951:thing/iot-device-01, thingtypename=null, attributes={installed=1594665292, latitude=37.4133144, longitude=-122.1513069}, version=1, billinggroupname=null}","2020-11-26 00:00:00.000"
"iot-device-03","1.5946415102530868E9","50.1","70.52","false","false","0.0078","0.0051","0.0208","2020-11-26T17:22:38.002+0000","{defaultclientid=iot-device-03, thingname=iot-device-03, thingid=877352b9-a35d-45d3-9c98-162d89965a13, thingarn=arn:aws:iot:us-east-1:507441099951:thing/iot-device-03, thingtypename=null, attributes={installed=1592562234, latitude=37.4133144, longitude=-122.1513069}, version=1, billinggroupname=null}","2020-11-26 00:00:00.000"
"iot-device-03","1.5946415139406295E9","50.1","70.7","false","false","0.0078","0.0051","0.0209","2020-11-26T17:22:38.359+0000","{defaultclientid=iot-device-03, thingname=iot-device-03, thingid=877352b9-a35d-45d3-9c98-162d89965a13, thingarn=arn:aws:iot:us-east-1:507441099951:thing/iot-device-03, thingtypename=null, attributes={installed=1592562234, latitude=37.4133144, longitude=-122.1513069}, version=1, billinggroupname=null}","2020-11-26 00:00:00.000"
"iot-device-02","1.5946415150772314E9","59.5","74.48","true","false","0.0072","0.0045","0.019","2020-11-26T17:22:38.663+0000","{defaultclientid=iot-device-02, thingname=iot-device-02, thingid=4ae4927a-aefb-4584-a45a-fc4839feffd6, thingarn=arn:aws:iot:us-east-1:507441099951:thing/iot-device-02, thingtypename=null, attributes={installed=1593361211, latitude=32.8205865, longitude=-96.871627}, version=1, billinggroupname=null}","2020-11-26 00:00:00.000"
"iot-device-03","1.5946415508055422E9","50.4","70.52","false","false","0.0078","0.0051","0.0209","2020-11-26T17:22:44.800+0000","{defaultclientid=iot-device-03, thingname=iot-device-03, thingid=877352b9-a35d-45d3-9c98-162d89965a13, thingarn=arn:aws:iot:us-east-1:507441099951:thing/iot-device-03, thingtypename=null, attributes={installed=1592562234, latitude=37.4133144, longitude=-122.1513069}, version=1, billinggroupname=null}","2020-11-26 00:00:00.000"
"iot-device-03","1.5946415544913745E9","50.6","70.34","false","false","0.0078","0.0051","0.0208","2020-11-26T17:22:45.096+0000","{defaultclientid=iot-device-03, thingname=iot-device-03, thingid=877352b9-a35d-45d3-9c98-162d89965a13, thingarn=arn:aws:iot:us-east-1:507441099951:thing/iot-device-03, thingtypename=null, attributes={installed=1592562234, latitude=37.4133144, longitude=-122.1513069}, version=1, billinggroupname=null}","2020-11-26 00:00:00.000"
"iot-device-02","1.5946415561831913E9","59.5","74.48","true","false","0.0071","0.0045","0.0189","2020-11-26T17:22:45.380+0000","{defaultclientid=iot-device-02, thingname=iot-device-02, thingid=4ae4927a-aefb-4584-a45a-fc4839feffd6, thingarn=arn:aws:iot:us-east-1:507441099951:thing/iot-device-02, thingtypename=null, attributes={installed=1593361211, latitude=32.8205865, longitude=-96.871627}, version=1, billinggroupname=null}","2020-11-26 00:00:00.000"
"iot-device-03","1.5946415581772966E9","50.7","70.52","false","false","0.0078","0.0051","0.0208","2020-11-26T17:22:45.673+0000","{defaultclientid=iot-device-03, thingname=iot-device-03, thingid=877352b9-a35d-45d3-9c98-162d89965a13, thingarn=arn:aws:iot:us-east-1:507441099951:thing/iot-device-03, thingtypename=null, attributes={installed=1592562234, latitude=37.4133144, longitude=-122.1513069}, version=1, billinggroupname=null}","2020-11-26 00:00:00.000"
"iot-device-01","1.5946415590770113E9","74.7","67.1","false","false","0.0062","0.0037","0.0164","2020-11-26T17:22:45.976+0000","{defaultclientid=iot-device-01, thingname=iot-device-01, thingid=983c2b68-f9a3-4e83-b3c6-9f6f8ad5431b, thingarn=arn:aws:iot:us-east-1:507441099951:thing/iot-device-01, thingtypename=null, attributes={installed=1594665292, latitude=37.4133144, longitude=-122.1513069}, version=1, billinggroupname=null}","2020-11-26 00:00:00.000"
"iot-device-03","1.594641561863298E9","50.8","70.34","false","false","0.0078","0.0051","0.0209","2020-11-26T17:22:46.269+0000","{defaultclientid=iot-device-03, thingname=iot-device-03, thingid=877352b9-a35d-45d3-9c98-162d89965a13, thingarn=arn:aws:iot:us-east-1:507441099951:thing/iot-device-03, thingtypename=null, attributes={installed=1592562234, latitude=37.4133144, longitude=-122.1513069}, version=1, billinggroupname=null}","2020-11-26 00:00:00.000"
"iot-device-02","1.5946415648066947E9","59.5","74.48","true","false","0.0071","0.0045","0.0189","2020-11-26T17:22:46.572+0000","{defaultclientid=iot-device-02, thingname=iot-device-02, thingid=4ae4927a-aefb-4584-a45a-fc4839feffd6, thingarn=arn:aws:iot:us-east-1:507441099951:thing/iot-device-02, thingtypename=null, attributes={installed=1593361211, latitude=32.8205865, longitude=-96.871627}, version=1, billinggroupname=null}","2020-11-26 00:00:00.000"
"iot-device-01","1.5946415650377555E9","74.5","67.1","false","false","0.0062","0.0037","0.0164","2020-11-26T17:22:46.862+0000","{defaultclientid=iot-device-01, thingname=iot-device-01, thingid=983c2b68-f9a3-4e83-b3c6-9f6f8ad5431b, thingarn=arn:aws:iot:us-east-1:507441099951:thing/iot-device-01, thingtypename=null, attributes={installed=1594665292, latitude=37.4133144, longitude=-122.1513069}, version=1, billinggroupname=null}","2020-11-26 00:00:00.000"
"iot-device-03","1.594641565549295E9","50.9","70.52","false","false","0.0078","0.0051","0.0208","2020-11-26T17:22:47.176+0000","{defaultclientid=iot-device-03, thingname=iot-device-03, thingid=877352b9-a35d-45d3-9c98-162d89965a13, thingarn=arn:aws:iot:us-east-1:507441099951:thing/iot-device-03, thingtypename=null, attributes={installed=1592562234, latitude=37.4133144, longitude=-122.1513069}, version=1, billinggroupname=null}","2020-11-26 00:00:00.000"
"iot-device-03","1.5946415692351887E9","51.0","70.34","false","false","0.0078","0.0051","0.0209","2020-11-26T17:22:47.469+0000","{defaultclientid=iot-device-03, thingname=iot-device-03, thingid=877352b9-a35d-45d3-9c98-162d89965a13, thingarn=arn:aws:iot:us-east-1:507441099951:thing/iot-device-03, thingtypename=null, attributes={installed=1592562234, latitude=37.4133144, longitude=-122.1513069}, version=1, billinggroupname=null}","2020-11-26 00:00:00.000"
"iot-device-02","1.5946415707533615E9","59.5","74.48","true","false","0.0072","0.0045","0.019","2020-11-26T17:22:47.771+0000","{defaultclientid=iot-device-02, thingname=iot-device-02, thingid=4ae4927a-aefb-4584-a45a-fc4839feffd6, thingarn=arn:aws:iot:us-east-1:507441099951:thing/iot-device-02, thingtypename=null, attributes={installed=1593361211, latitude=32.8205865, longitude=-96.871627}, version=1, billinggroupname=null}","2020-11-26 00:00:00.000"
"iot-device-01","1.5946415710050097E9","74.5","67.1","false","false","0.0062","0.0037","0.0164","2020-11-26T17:22:48.061+0000","{defaultclientid=iot-device-01, thingname=iot-device-01, thingid=983c2b68-f9a3-4e83-b3c6-9f6f8ad5431b, thingarn=arn:aws:iot:us-east-1:507441099951:thing/iot-device-01, thingtypename=null, attributes={installed=1594665292, latitude=37.4133144, longitude=-122.1513069}, version=1, billinggroupname=null}","2020-11-26 00:00:00.000"
"iot-device-03","1.5946415729213502E9","50.9","70.34","false","false","0.0078","0.0051","0.0209","2020-11-26T17:22:48.351+0000","{defaultclientid=iot-device-03, thingname=iot-device-03, thingid=877352b9-a35d-45d3-9c98-162d89965a13, thingarn=arn:aws:iot:us-east-1:507441099951:thing/iot-device-03, thingtypename=null, attributes={installed=1592562234, latitude=37.4133144, longitude=-122.1513069}, version=1, billinggroupname=null}","2020-11-26 00:00:00.000"
"iot-device-02","1.5946415745614586E9","59.6","74.48","true","false","0.0072","0.0045","0.019","2020-11-26T17:22:48.638+0000","{defaultclientid=iot-device-02, thingname=iot-device-02, thingid=4ae4927a-aefb-4584-a45a-fc4839feffd6, thingarn=arn:aws:iot:us-east-1:507441099951:thing/iot-device-02, thingtypename=null, attributes={installed=1593361211, latitude=32.8205865, longitude=-96.871627}, version=1, billinggroupname=null}","2020-11-26 00:00:00.000"
"iot-device-03","1.5946415766073856E9","51.0","70.34","false","false","0.0078","0.0051","0.0209","2020-11-26T17:22:48.931+0000","{defaultclientid=iot-device-03, thingname=iot-device-03, thingid=877352b9-a35d-45d3-9c98-162d89965a13, thingarn=arn:aws:iot:us-east-1:507441099951:thing/iot-device-03, thingtypename=null, attributes={installed=1592562234, latitude=37.4133144, longitude=-122.1513069}, version=1, billinggroupname=null}","2020-11-26 00:00:00.000"
"iot-device-02","1.594641578370591E9","59.5","74.48","true","false","0.0072","0.0045","0.0191","2020-11-26T17:22:49.219+0000","{defaultclientid=iot-device-02, thingname=iot-device-02, thingid=4ae4927a-aefb-4584-a45a-fc4839feffd6, thingarn=arn:aws:iot:us-east-1:507441099951:thing/iot-device-02, thingtypename=null, attributes={installed=1593361211, latitude=32.8205865, longitude=-96.871627}, version=1, billinggroupname=null}","2020-11-26 00:00:00.000"
"iot-device-01","1.5946415802015178E9","74.5","67.1","false","false","0.0064","0.0038","0.0168","2020-11-26T17:22:49.512+0000","{defaultclientid=iot-device-01, thingname=iot-device-01, thingid=983c2b68-f9a3-4e83-b3c6-9f6f8ad5431b, thingarn=arn:aws:iot:us-east-1:507441099951:thing/iot-device-01, thingtypename=null, attributes={installed=1594665292, latitude=37.4133144, longitude=-122.1513069}, version=1, billinggroupname=null}","2020-11-26 00:00:00.000"
"iot-device-03","1.594641580293422E9","51.1","70.34","false","false","0.0078","0.0051","0.0208","2020-11-26T17:22:49.811+0000","{defaultclientid=iot-device-03, thingname=iot-device-03, thingid=877352b9-a35d-45d3-9c98-162d89965a13, thingarn=arn:aws:iot:us-east-1:507441099951:thing/iot-device-03, thingtypename=null, attributes={installed=1592562234, latitude=37.4133144, longitude=-122.1513069}, version=1, billinggroupname=null}","2020-11-26 00:00:00.000"
"iot-device-03","1.5946415839786167E9","51.2","70.34","false","false","0.0078","0.0051","0.0208","2020-11-26T17:22:50.104+0000","{defaultclientid=iot-device-03, thingname=iot-device-03, thingid=877352b9-a35d-45d3-9c98-162d89965a13, thingarn=arn:aws:iot:us-east-1:507441099951:thing/iot-device-03, thingtypename=null, attributes={installed=1592562234, latitude=37.4133144, longitude=-122.1513069}, version=1, billinggroupname=null}","2020-11-26 00:00:00.000"
"iot-device-01","1.594641585093086E9","74.6","67.1","false","false","0.0062","0.0037","0.0164","2020-11-26T17:22:50.395+0000","{defaultclientid=iot-device-01, thingname=iot-device-01, thingid=983c2b68-f9a3-4e83-b3c6-9f6f8ad5431b, thingarn=arn:aws:iot:us-east-1:507441099951:thing/iot-device-01, thingtypename=null, attributes={installed=1594665292, latitude=37.4133144, longitude=-122.1513069}, version=1, billinggroupname=null}","2020-11-26 00:00:00.000"
"iot-device-02","1.5946415864588315E9","59.5","74.48","true","false","0.0071","0.0045","0.0189","2020-11-26T17:22:50.688+0000","{defaultclientid=iot-device-02, thingname=iot-device-02, thingid=4ae4927a-aefb-4584-a45a-fc4839feffd6, thingarn=arn:aws:iot:us-east-1:507441099951:thing/iot-device-02, thingtypename=null, attributes={installed=1593361211, latitude=32.8205865, longitude=-96.871627}, version=1, billinggroupname=null}","2020-11-26 00:00:00.000"
"iot-device-03","1.594641587666828E9","51.2","70.34","false","false","0.0078","0.0051","0.0208","2020-11-26T17:22:50.987+0000","{defaultclientid=iot-device-03, thingname=iot-device-03, thingid=877352b9-a35d-45d3-9c98-162d89965a13, thingarn=arn:aws:iot:us-east-1:507441099951:thing/iot-device-03, thingtypename=null, attributes={installed=1592562234, latitude=37.4133144, longitude=-122.1513069}, version=1, billinggroupname=null}","2020-11-26 00:00:00.000"
"iot-device-01","1.5946415899790425E9","74.7","67.1","false","false","0.0062","0.0037","0.0164","2020-11-26T17:22:51.279+0000","{defaultclientid=iot-device-01, thingname=iot-device-01, thingid=983c2b68-f9a3-4e83-b3c6-9f6f8ad5431b, thingarn=arn:aws:iot:us-east-1:507441099951:thing/iot-device-01, thingtypename=null, attributes={installed=1594665292, latitude=37.4133144, longitude=-122.1513069}, version=1, billinggroupname=null}","2020-11-26 00:00:00.000"
"iot-device-03","1.5946415913544393E9","51.1","70.34","false","false","0.0078","0.0051","0.0209","2020-11-26T17:22:51.579+0000","{defaultclientid=iot-device-03, thingname=iot-device-03, thingid=877352b9-a35d-45d3-9c98-162d89965a13, thingarn=arn:aws:iot:us-east-1:507441099951:thing/iot-device-03, thingtypename=null, attributes={installed=1592562234, latitude=37.4133144, longitude=-122.1513069}, version=1, billinggroupname=null}","2020-11-26 00:00:00.000"
"iot-device-02","1.594641591870892E9","59.6","74.48","true","false","0.0071","0.0045","0.0189","2020-11-26T17:22:51.957+0000","{defaultclientid=iot-device-02, thingname=iot-device-02, thingid=4ae4927a-aefb-4584-a45a-fc4839feffd6, thingarn=arn:aws:iot:us-east-1:507441099951:thing/iot-device-02, thingtypename=null, attributes={installed=1593361211, latitude=32.8205865, longitude=-96.871627}, version=1, billinggroupname=null}","2020-11-26 00:00:00.000"
"iot-device-01","1.5946415948803413E9","74.4","67.1","false","false","0.0062","0.0037","0.0164","2020-11-26T17:22:52.248+0000","{defaultclientid=iot-device-01, thingname=iot-device-01, thingid=983c2b68-f9a3-4e83-b3c6-9f6f8ad5431b, thingarn=arn:aws:iot:us-east-1:507441099951:thing/iot-device-01, thingtypename=null, attributes={installed=1594665292, latitude=37.4133144, longitude=-122.1513069}, version=1, billinggroupname=null}","2020-11-26 00:00:00.000"
"iot-device-03","1.5946415950424798E9","51.1","70.34","false","false","0.0078","0.0051","0.0208","2020-11-26T17:22:52.547+0000","{defaultclientid=iot-device-03, thingname=iot-device-03, thingid=877352b9-a35d-45d3-9c98-162d89965a13, thingarn=arn:aws:iot:us-east-1:507441099951:thing/iot-device-03, thingtypename=null, attributes={installed=1592562234, latitude=37.4133144, longitude=-122.1513069}, version=1, billinggroupname=null}","2020-11-26 00:00:00.000"
"iot-device-03","1.594641598730051E9","51.1","70.34","false","false","0.0078","0.0051","0.0208","2020-11-26T17:22:52.847+0000","{defaultclientid=iot-device-03, thingname=iot-device-03, thingid=877352b9-a35d-45d3-9c98-162d89965a13, thingarn=arn:aws:iot:us-east-1:507441099951:thing/iot-device-03, thingtypename=null, attributes={installed=1592562234, latitude=37.4133144, longitude=-122.1513069}, version=1, billinggroupname=null}","2020-11-26 00:00:00.000"
"iot-device-02","1.5946415994229276E9","59.6","74.48","true","false","0.0071","0.0045","0.0189","2020-11-26T17:22:53.139+0000","{defaultclientid=iot-device-02, thingname=iot-device-02, thingid=4ae4927a-aefb-4584-a45a-fc4839feffd6, thingarn=arn:aws:iot:us-east-1:507441099951:thing/iot-device-02, thingtypename=null, attributes={installed=1593361211, latitude=32.8205865, longitude=-96.871627}, version=1, billinggroupname=null}","2020-11-26 00:00:00.000"
"iot-device-03","1.594641602417591E9","51.1","70.34","false","false","0.0078","0.0051","0.0209","2020-11-26T17:22:53.452+0000","{defaultclientid=iot-device-03, thingname=iot-device-03, thingid=877352b9-a35d-45d3-9c98-162d89965a13, thingarn=arn:aws:iot:us-east-1:507441099951:thing/iot-device-03, thingtypename=null, attributes={installed=1592562234, latitude=37.4133144, longitude=-122.1513069}, version=1, billinggroupname=null}","2020-11-26 00:00:00.000"
"iot-device-02","1.5946428425775926E9","59.8","74.48","true","false","0.007","0.0044","0.0185","2020-11-26T17:22:59.721+0000","{defaultclientid=iot-device-02, thingname=iot-device-02, thingid=4ae4927a-aefb-4584-a45a-fc4839feffd6, thingarn=arn:aws:iot:us-east-1:507441099951:thing/iot-device-02, thingtypename=null, attributes={installed=1593361211, latitude=32.8205865, longitude=-96.871627}, version=1, billinggroupname=null}","2020-11-26 00:00:00.000"
"iot-device-01","1.5946416024533243E9","74.9","67.1","false","false","0.0062","0.0037","0.0164","2020-11-26T17:22:53.740+0000","{defaultclientid=iot-device-01, thingname=iot-device-01, thingid=983c2b68-f9a3-4e83-b3c6-9f6f8ad5431b, thingarn=arn:aws:iot:us-east-1:507441099951:thing/iot-device-01, thingtypename=null, attributes={installed=1594665292, latitude=37.4133144, longitude=-122.1513069}, version=1, billinggroupname=null}","2020-11-26 00:00:00.000"
"iot-device-02","1.5946416043250635E9","59.6","74.48","true","false","0.0072","0.0045","0.019","2020-11-26T17:22:54.030+0000","{defaultclientid=iot-device-02, thingname=iot-device-02, thingid=4ae4927a-aefb-4584-a45a-fc4839feffd6, thingarn=arn:aws:iot:us-east-1:507441099951:thing/iot-device-02, thingtypename=null, attributes={installed=1593361211, latitude=32.8205865, longitude=-96.871627}, version=1, billinggroupname=null}","2020-11-26 00:00:00.000"
"iot-device-03","1.594641606105111E9","51.2","70.34","false","false","0.0078","0.0051","0.0209","2020-11-26T17:22:54.320+0000","{defaultclientid=iot-device-03, thingname=iot-device-03, thingid=877352b9-a35d-45d3-9c98-162d89965a13, thingarn=arn:aws:iot:us-east-1:507441099951:thing/iot-device-03, thingtypename=null, attributes={installed=1592562234, latitude=37.4133144, longitude=-122.1513069}, version=1, billinggroupname=null}","2020-11-26 00:00:00.000"
"iot-device-01","1.594641606268038E9","74.9","67.1","false","false","0.0062","0.0037","0.0164","2020-11-26T17:22:54.619+0000","{defaultclientid=iot-device-01, thingname=iot-device-01, thingid=983c2b68-f9a3-4e83-b3c6-9f6f8ad5431b, thingarn=arn:aws:iot:us-east-1:507441099951:thing/iot-device-01, thingtypename=null, attributes={installed=1594665292, latitude=37.4133144, longitude=-122.1513069}, version=1, billinggroupname=null}","2020-11-26 00:00:00.000"
"iot-device-02","1.5946416086774225E9","59.6","74.48","true","false","0.0071","0.0045","0.0189","2020-11-26T17:22:55.016+0000","{defaultclientid=iot-device-02, thingname=iot-device-02, thingid=4ae4927a-aefb-4584-a45a-fc4839feffd6, thingarn=arn:aws:iot:us-east-1:507441099951:thing/iot-device-02, thingtypename=null, attributes={installed=1593361211, latitude=32.8205865, longitude=-96.871627}, version=1, billinggroupname=null}","2020-11-26 00:00:00.000"
"iot-device-03","1.594641609792493E9","51.3","70.34","false","false","0.0078","0.0051","0.0209","2020-11-26T17:22:55.308+0000","{defaultclientid=iot-device-03, thingname=iot-device-03, thingid=877352b9-a35d-45d3-9c98-162d89965a13, thingarn=arn:aws:iot:us-east-1:507441099951:thing/iot-device-03, thingtypename=null, attributes={installed=1592562234, latitude=37.4133144, longitude=-122.1513069}, version=1, billinggroupname=null}","2020-11-26 00:00:00.000"
"iot-device-01","1.594641613333933E9","75.1","67.1","false","false","0.0062","0.0037","0.0164","2020-11-26T17:22:55.601+0000","{defaultclientid=iot-device-01, thingname=iot-device-01, thingid=983c2b68-f9a3-4e83-b3c6-9f6f8ad5431b, thingarn=arn:aws:iot:us-east-1:507441099951:thing/iot-device-01, thingtypename=null, attributes={installed=1594665292, latitude=37.4133144, longitude=-122.1513069}, version=1, billinggroupname=null}","2020-11-26 00:00:00.000"
"iot-device-03","1.5946416134795685E9","51.3","70.34","false","false","0.0078","0.0051","0.0209","2020-11-26T17:22:55.887+0000","{defaultclientid=iot-device-03, thingname=iot-device-03, thingid=877352b9-a35d-45d3-9c98-162d89965a13, thingarn=arn:aws:iot:us-east-1:507441099951:thing/iot-device-03, thingtypename=null, attributes={installed=1592562234, latitude=37.4133144, longitude=-122.1513069}, version=1, billinggroupname=null}","2020-11-26 00:00:00.000"
"iot-device-01","1.594642821382343E9","76.0","67.28","false","false","0.0062","0.0037","0.0164","2020-11-26T17:22:56.194+0000","{defaultclientid=iot-device-01, thingname=iot-device-01, thingid=983c2b68-f9a3-4e83-b3c6-9f6f8ad5431b, thingarn=arn:aws:iot:us-east-1:507441099951:thing/iot-device-01, thingtypename=null, attributes={installed=1594665292, latitude=37.4133144, longitude=-122.1513069}, version=1, billinggroupname=null}","2020-11-26 00:00:00.000"
"iot-device-03","1.5946428234448292E9","52.8","71.24","false","false","0.0078","0.0051","0.0209","2020-11-26T17:22:56.497+0000","{defaultclientid=iot-device-03, thingname=iot-device-03, thingid=877352b9-a35d-45d3-9c98-162d89965a13, thingarn=arn:aws:iot:us-east-1:507441099951:thing/iot-device-03, thingtypename=null, attributes={installed=1592562234, latitude=37.4133144, longitude=-122.1513069}, version=1, billinggroupname=null}","2020-11-26 00:00:00.000"
"iot-device-02","1.5946428261438804E9","59.8","74.48","true","false","0.007","0.0044","0.0185","2020-11-26T17:22:56.790+0000","{defaultclientid=iot-device-02, thingname=iot-device-02, thingid=4ae4927a-aefb-4584-a45a-fc4839feffd6, thingarn=arn:aws:iot:us-east-1:507441099951:thing/iot-device-02, thingtypename=null, attributes={installed=1593361211, latitude=32.8205865, longitude=-96.871627}, version=1, billinggroupname=null}","2020-11-26 00:00:00.000"
"iot-device-01","1.5946428262728965E9","76.0","67.28","false","false","0.0062","0.0037","0.0163","2020-11-26T17:22:57.086+0000","{defaultclientid=iot-device-01, thingname=iot-device-01, thingid=983c2b68-f9a3-4e83-b3c6-9f6f8ad5431b, thingarn=arn:aws:iot:us-east-1:507441099951:thing/iot-device-01, thingtypename=null, attributes={installed=1594665292, latitude=37.4133144, longitude=-122.1513069}, version=1, billinggroupname=null}","2020-11-26 00:00:00.000"
"iot-device-03","1.5946428271312926E9","52.8","71.24","false","false","0.0078","0.0051","0.0208","2020-11-26T17:22:57.379+0000","{defaultclientid=iot-device-03, thingname=iot-device-03, thingid=877352b9-a35d-45d3-9c98-162d89965a13, thingarn=arn:aws:iot:us-east-1:507441099951:thing/iot-device-03, thingtypename=null, attributes={installed=1592562234, latitude=37.4133144, longitude=-122.1513069}, version=1, billinggroupname=null}","2020-11-26 00:00:00.000"
"iot-device-02","1.5946428299530265E9","59.9","74.66","true","false","0.007","0.0044","0.0186","2020-11-26T17:22:57.669+0000","{defaultclientid=iot-device-02, thingname=iot-device-02, thingid=4ae4927a-aefb-4584-a45a-fc4839feffd6, thingarn=arn:aws:iot:us-east-1:507441099951:thing/iot-device-02, thingtypename=null, attributes={installed=1593361211, latitude=32.8205865, longitude=-96.871627}, version=1, billinggroupname=null}","2020-11-26 00:00:00.000"
"iot-device-03","1.594642830817519E9","52.8","71.24","false","false","0.0078","0.0051","0.0208","2020-11-26T17:22:57.961+0000","{defaultclientid=iot-device-03, thingname=iot-device-03, thingid=877352b9-a35d-45d3-9c98-162d89965a13, thingarn=arn:aws:iot:us-east-1:507441099951:thing/iot-device-03, thingtypename=null, attributes={installed=1592562234, latitude=37.4133144, longitude=-122.1513069}, version=1, billinggroupname=null}","2020-11-26 00:00:00.000"
"iot-device-01","1.5946428322385206E9","76.0","67.28","false","false","0.0062","0.0037","0.0164","2020-11-26T17:22:58.251+0000","{defaultclientid=iot-device-01, thingname=iot-device-01, thingid=983c2b68-f9a3-4e83-b3c6-9f6f8ad5431b, thingarn=arn:aws:iot:us-east-1:507441099951:thing/iot-device-01, thingtypename=null, attributes={installed=1594665292, latitude=37.4133144, longitude=-122.1513069}, version=1, billinggroupname=null}","2020-11-26 00:00:00.000"
"iot-device-03","1.5946428345031462E9","52.8","71.24","false","false","0.0078","0.0051","0.0209","2020-11-26T17:22:58.549+0000","{defaultclientid=iot-device-03, thingname=iot-device-03, thingid=877352b9-a35d-45d3-9c98-162d89965a13, thingarn=arn:aws:iot:us-east-1:507441099951:thing/iot-device-03, thingtypename=null, attributes={installed=1592562234, latitude=37.4133144, longitude=-122.1513069}, version=1, billinggroupname=null}","2020-11-26 00:00:00.000"
"iot-device-03","1.5946428381891627E9","52.8","71.24","false","false","0.0078","0.0051","0.0208","2020-11-26T17:22:58.844+0000","{defaultclientid=iot-device-03, thingname=iot-device-03, thingid=877352b9-a35d-45d3-9c98-162d89965a13, thingarn=arn:aws:iot:us-east-1:507441099951:thing/iot-device-03, thingtypename=null, attributes={installed=1592562234, latitude=37.4133144, longitude=-122.1513069}, version=1, billinggroupname=null}","2020-11-26 00:00:00.000"
"iot-device-01","1.5946428398172214E9","76.0","67.28","false","false","0.0062","0.0037","0.0164","2020-11-26T17:22:59.129+0000","{defaultclientid=iot-device-01, thingname=iot-device-01, thingid=983c2b68-f9a3-4e83-b3c6-9f6f8ad5431b, thingarn=arn:aws:iot:us-east-1:507441099951:thing/iot-device-01, thingtypename=null, attributes={installed=1594665292, latitude=37.4133144, longitude=-122.1513069}, version=1, billinggroupname=null}","2020-11-26 00:00:00.000"
"iot-device-03","1.594642841875541E9","52.8","71.24","false","false","0.0078","0.0051","0.0208","2020-11-26T17:22:59.419+0000","{defaultclientid=iot-device-03, thingname=iot-device-03, thingid=877352b9-a35d-45d3-9c98-162d89965a13, thingarn=arn:aws:iot:us-east-1:507441099951:thing/iot-device-03, thingtypename=null, attributes={installed=1592562234, latitude=37.4133144, longitude=-122.1513069}, version=1, billinggroupname=null}","2020-11-26 00:00:00.000"
"iot-device-03","1.594641536061975E9","50.1","70.52","false","false","0.0078","0.0051","0.0208","2020-11-26T17:22:41.881+0000","{defaultclientid=iot-device-03, thingname=iot-device-03, thingid=877352b9-a35d-45d3-9c98-162d89965a13, thingarn=arn:aws:iot:us-east-1:507441099951:thing/iot-device-03, thingtypename=null, attributes={installed=1592562234, latitude=37.4133144, longitude=-122.1513069}, version=1, billinggroupname=null}","2020-11-26 00:00:00.000"
"iot-device-02","1.5946415361283956E9","59.5","74.48","true","false","0.0071","0.0045","0.019","2020-11-26T17:22:42.170+0000","{defaultclientid=iot-device-02, thingname=iot-device-02, thingid=4ae4927a-aefb-4584-a45a-fc4839feffd6, thingarn=arn:aws:iot:us-east-1:507441099951:thing/iot-device-02, thingtypename=null, attributes={installed=1593361211, latitude=32.8205865, longitude=-96.871627}, version=1, billinggroupname=null}","2020-11-26 00:00:00.000"
"iot-device-03","1.5946415397477856E9","50.1","70.52","false","false","0.0078","0.0051","0.0209","2020-11-26T17:22:42.463+0000","{defaultclientid=iot-device-03, thingname=iot-device-03, thingid=877352b9-a35d-45d3-9c98-162d89965a13, thingarn=arn:aws:iot:us-east-1:507441099951:thing/iot-device-03, thingtypename=null, attributes={installed=1592562234, latitude=37.4133144, longitude=-122.1513069}, version=1, billinggroupname=null}","2020-11-26 00:00:00.000"
"iot-device-02","1.5946415399354215E9","59.5","74.48","true","false","0.0071","0.0045","0.019","2020-11-26T17:22:42.749+0000","{defaultclientid=iot-device-02, thingname=iot-device-02, thingid=4ae4927a-aefb-4584-a45a-fc4839feffd6, thingarn=arn:aws:iot:us-east-1:507441099951:thing/iot-device-02, thingtypename=null, attributes={installed=1593361211, latitude=32.8205865, longitude=-96.871627}, version=1, billinggroupname=null}","2020-11-26 00:00:00.000"
"iot-device-01","1.5946415414514337E9","74.6","67.1","false","false","0.0062","0.0037","0.0164","2020-11-26T17:22:43.050+0000","{defaultclientid=iot-device-01, thingname=iot-device-01, thingid=983c2b68-f9a3-4e83-b3c6-9f6f8ad5431b, thingarn=arn:aws:iot:us-east-1:507441099951:thing/iot-device-01, thingtypename=null, attributes={installed=1594665292, latitude=37.4133144, longitude=-122.1513069}, version=1, billinggroupname=null}","2020-11-26 00:00:00.000"
"iot-device-03","1.5946415434336605E9","50.1","70.52","false","false","0.0078","0.0051","0.0209","2020-11-26T17:22:43.344+0000","{defaultclientid=iot-device-03, thingname=iot-device-03, thingid=877352b9-a35d-45d3-9c98-162d89965a13, thingarn=arn:aws:iot:us-east-1:507441099951:thing/iot-device-03, thingtypename=null, attributes={installed=1592562234, latitude=37.4133144, longitude=-122.1513069}, version=1, billinggroupname=null}","2020-11-26 00:00:00.000"
"iot-device-02","1.594641545897683E9","59.6","74.48","true","false","0.0071","0.0045","0.0189","2020-11-26T17:22:43.638+0000","{defaultclientid=iot-device-02, thingname=iot-device-02, thingid=4ae4927a-aefb-4584-a45a-fc4839feffd6, thingarn=arn:aws:iot:us-east-1:507441099951:thing/iot-device-02, thingtypename=null, attributes={installed=1593361211, latitude=32.8205865, longitude=-96.871627}, version=1, billinggroupname=null}","2020-11-26 00:00:00.000"
"iot-device-01","1.594641546877352E9","74.6","67.1","false","false","0.0062","0.0037","0.0164","2020-11-26T17:22:43.934+0000","{defaultclientid=iot-device-01, thingname=iot-device-01, thingid=983c2b68-f9a3-4e83-b3c6-9f6f8ad5431b, thingarn=arn:aws:iot:us-east-1:507441099951:thing/iot-device-01, thingtypename=null, attributes={installed=1594665292, latitude=37.4133144, longitude=-122.1513069}, version=1, billinggroupname=null}","2020-11-26 00:00:00.000"
"iot-device-03","1.5946415471196234E9","50.3","70.52","false","false","0.0078","0.0051","0.0208","2020-11-26T17:22:44.220+0000","{defaultclientid=iot-device-03, thingname=iot-device-03, thingid=877352b9-a35d-45d3-9c98-162d89965a13, thingarn=arn:aws:iot:us-east-1:507441099951:thing/iot-device-03, thingtypename=null, attributes={installed=1592562234, latitude=37.4133144, longitude=-122.1513069}, version=1, billinggroupname=null}","2020-11-26 00:00:00.000"
"iot-device-02","1.5946415502406526E9","59.5","74.48","true","false","0.0071","0.0045","0.0189","2020-11-26T17:22:44.510+0000","{defaultclientid=iot-device-02, thingname=iot-device-02, thingid=4ae4927a-aefb-4584-a45a-fc4839feffd6, thingarn=arn:aws:iot:us-east-1:507441099951:thing/iot-device-02, thingtypename=null, attributes={installed=1593361211, latitude=32.8205865, longitude=-96.871627}, version=1, billinggroupname=null}","2020-11-26 00:00:00.000"
"iot-device-02","1.5946414826400294E9","59.7","74.48","true","false","0.0071","0.0044","0.0187","2020-11-26T17:22:32.978+0000","{defaultclientid=iot-device-02, thingname=iot-device-02, thingid=4ae4927a-aefb-4584-a45a-fc4839feffd6, thingarn=arn:aws:iot:us-east-1:507441099951:thing/iot-device-02, thingtypename=null, attributes={installed=1593361211, latitude=32.8205865, longitude=-96.871627}, version=1, billinggroupname=null}","2020-11-26 00:00:00.000"
"iot-device-03","1.5946414844395833E9","50.3","70.7","false","false","0.0078","0.0051","0.0209","2020-11-26T17:22:33.286+0000","{defaultclientid=iot-device-03, thingname=iot-device-03, thingid=877352b9-a35d-45d3-9c98-162d89965a13, thingarn=arn:aws:iot:us-east-1:507441099951:thing/iot-device-03, thingtypename=null, attributes={installed=1592562234, latitude=37.4133144, longitude=-122.1513069}, version=1, billinggroupname=null}","2020-11-26 00:00:00.000"
"iot-device-01","1.5946414845822155E9","74.8","67.28","false","false","0.0063","0.0038","0.0166","2020-11-26T17:22:33.569+0000","{defaultclientid=iot-device-01, thingname=iot-device-01, thingid=983c2b68-f9a3-4e83-b3c6-9f6f8ad5431b, thingarn=arn:aws:iot:us-east-1:507441099951:thing/iot-device-01, thingtypename=null, attributes={installed=1594665292, latitude=37.4133144, longitude=-122.1513069}, version=1, billinggroupname=null}","2020-11-26 00:00:00.000"
"iot-device-02","1.5946414869858358E9","59.6","74.48","true","false","0.0071","0.0045","0.0189","2020-11-26T17:22:33.865+0000","{defaultclientid=iot-device-02, thingname=iot-device-02, thingid=4ae4927a-aefb-4584-a45a-fc4839feffd6, thingarn=arn:aws:iot:us-east-1:507441099951:thing/iot-device-02, thingtypename=null, attributes={installed=1593361211, latitude=32.8205865, longitude=-96.871627}, version=1, billinggroupname=null}","2020-11-26 00:00:00.000"
"iot-device-03","1.5946414881273675E9","50.3","70.7","false","false","0.0078","0.0051","0.0209","2020-11-26T17:22:34.151+0000","{defaultclientid=iot-device-03, thingname=iot-device-03, thingid=877352b9-a35d-45d3-9c98-162d89965a13, thingarn=arn:aws:iot:us-east-1:507441099951:thing/iot-device-03, thingtypename=null, attributes={installed=1592562234, latitude=37.4133144, longitude=-122.1513069}, version=1, billinggroupname=null}","2020-11-26 00:00:00.000"
"iot-device-01","1.5946414900084484E9","74.9","67.28","false","false","0.0062","0.0037","0.0164","2020-11-26T17:22:34.449+0000","{defaultclientid=iot-device-01, thingname=iot-device-01, thingid=983c2b68-f9a3-4e83-b3c6-9f6f8ad5431b, thingarn=arn:aws:iot:us-east-1:507441099951:thing/iot-device-01, thingtypename=null, attributes={installed=1594665292, latitude=37.4133144, longitude=-122.1513069}, version=1, billinggroupname=null}","2020-11-26 00:00:00.000"
"iot-device-03","1.5946414918149192E9","50.3","70.7","false","false","0.0078","0.0051","0.0209","2020-11-26T17:22:34.747+0000","{defaultclientid=iot-device-03, thingname=iot-device-03, thingid=877352b9-a35d-45d3-9c98-162d89965a13, thingarn=arn:aws:iot:us-east-1:507441099951:thing/iot-device-03, thingtypename=null, attributes={installed=1592562234, latitude=37.4133144, longitude=-122.1513069}, version=1, billinggroupname=null}","2020-11-26 00:00:00.000"
"iot-device-02","1.5946414934708214E9","59.6","74.48","true","false","0.0071","0.0045","0.0189","2020-11-26T17:22:35.049+0000","{defaultclientid=iot-device-02, thingname=iot-device-02, thingid=4ae4927a-aefb-4584-a45a-fc4839feffd6, thingarn=arn:aws:iot:us-east-1:507441099951:thing/iot-device-02, thingtypename=null, attributes={installed=1593361211, latitude=32.8205865, longitude=-96.871627}, version=1, billinggroupname=null}","2020-11-26 00:00:00.000"
"iot-device-03","1.5946414955024269E9","50.4","70.7","false","false","0.0078","0.0051","0.0209","2020-11-26T17:22:35.339+0000","{defaultclientid=iot-device-03, thingname=iot-device-03, thingid=877352b9-a35d-45d3-9c98-162d89965a13, thingarn=arn:aws:iot:us-east-1:507441099951:thing/iot-device-03, thingtypename=null, attributes={installed=1592562234, latitude=37.4133144, longitude=-122.1513069}, version=1, billinggroupname=null}","2020-11-26 00:00:00.000"
"iot-device-01","1.594641496509692E9","75.1","67.28","false","false","0.0062","0.0037","0.0164","2020-11-26T17:22:35.630+0000","{defaultclientid=iot-device-01, thingname=iot-device-01, thingid=983c2b68-f9a3-4e83-b3c6-9f6f8ad5431b, thingarn=arn:aws:iot:us-east-1:507441099951:thing/iot-device-01, thingtypename=null, attributes={installed=1594665292, latitude=37.4133144, longitude=-122.1513069}, version=1, billinggroupname=null}","2020-11-26 00:00:00.000"
"iot-device-01","1.594641516557685E9","74.7","67.1","false","false","0.0062","0.0037","0.0164","2020-11-26T17:22:38.979+0000","{defaultclientid=iot-device-01, thingname=iot-device-01, thingid=983c2b68-f9a3-4e83-b3c6-9f6f8ad5431b, thingarn=arn:aws:iot:us-east-1:507441099951:thing/iot-device-01, thingtypename=null, attributes={installed=1594665292, latitude=37.4133144, longitude=-122.1513069}, version=1, billinggroupname=null}","2020-11-26 00:00:00.000"
"iot-device-03","1.594641517628323E9","49.9","70.52","false","false","0.0078","0.0051","0.0209","2020-11-26T17:22:39.273+0000","{defaultclientid=iot-device-03, thingname=iot-device-03, thingid=877352b9-a35d-45d3-9c98-162d89965a13, thingarn=arn:aws:iot:us-east-1:507441099951:thing/iot-device-03, thingtypename=null, attributes={installed=1592562234, latitude=37.4133144, longitude=-122.1513069}, version=1, billinggroupname=null}","2020-11-26 00:00:00.000"
"iot-device-03","1.5946415213162544E9","49.9","70.52","false","false","0.0078","0.0051","0.0209","2020-11-26T17:22:39.568+0000","{defaultclientid=iot-device-03, thingname=iot-device-03, thingid=877352b9-a35d-45d3-9c98-162d89965a13, thingarn=arn:aws:iot:us-east-1:507441099951:thing/iot-device-03, thingtypename=null, attributes={installed=1592562234, latitude=37.4133144, longitude=-122.1513069}, version=1, billinggroupname=null}","2020-11-26 00:00:00.000"
"iot-device-02","1.5946415226263082E9","59.5","74.48","true","false","0.0072","0.0045","0.019","2020-11-26T17:22:39.851+0000","{defaultclientid=iot-device-02, thingname=iot-device-02, thingid=4ae4927a-aefb-4584-a45a-fc4839feffd6, thingarn=arn:aws:iot:us-east-1:507441099951:thing/iot-device-02, thingtypename=null, attributes={installed=1593361211, latitude=32.8205865, longitude=-96.871627}, version=1, billinggroupname=null}","2020-11-26 00:00:00.000"
"iot-device-03","1.5946415250039394E9","50.0","70.52","false","false","0.0078","0.0051","0.0209","2020-11-26T17:22:40.139+0000","{defaultclientid=iot-device-03, thingname=iot-device-03, thingid=877352b9-a35d-45d3-9c98-162d89965a13, thingarn=arn:aws:iot:us-east-1:507441099951:thing/iot-device-03, thingtypename=null, attributes={installed=1592562234, latitude=37.4133144, longitude=-122.1513069}, version=1, billinggroupname=null}","2020-11-26 00:00:00.000"
"iot-device-01","1.59464152790091E9","74.8","67.28","false","false","0.0062","0.0037","0.0164","2020-11-26T17:22:40.428+0000","{defaultclientid=iot-device-01, thingname=iot-device-01, thingid=983c2b68-f9a3-4e83-b3c6-9f6f8ad5431b, thingarn=arn:aws:iot:us-east-1:507441099951:thing/iot-device-01, thingtypename=null, attributes={installed=1594665292, latitude=37.4133144, longitude=-122.1513069}, version=1, billinggroupname=null}","2020-11-26 00:00:00.000"
"iot-device-03","1.5946415286901462E9","50.1","70.52","false","false","0.0078","0.0051","0.0208","2020-11-26T17:22:40.721+0000","{defaultclientid=iot-device-03, thingname=iot-device-03, thingid=877352b9-a35d-45d3-9c98-162d89965a13, thingarn=arn:aws:iot:us-east-1:507441099951:thing/iot-device-03, thingtypename=null, attributes={installed=1592562234, latitude=37.4133144, longitude=-122.1513069}, version=1, billinggroupname=null}","2020-11-26 00:00:00.000"
"iot-device-02","1.5946415301857913E9","59.5","74.48","true","false","0.0072","0.0045","0.019","2020-11-26T17:22:41.008+0000","{defaultclientid=iot-device-02, thingname=iot-device-02, thingid=4ae4927a-aefb-4584-a45a-fc4839feffd6, thingarn=arn:aws:iot:us-east-1:507441099951:thing/iot-device-02, thingtypename=null, attributes={installed=1593361211, latitude=32.8205865, longitude=-96.871627}, version=1, billinggroupname=null}","2020-11-26 00:00:00.000"
"iot-device-03","1.594641532375996E9","50.2","70.52","false","false","0.0078","0.0051","0.0209","2020-11-26T17:22:41.303+0000","{defaultclientid=iot-device-03, thingname=iot-device-03, thingid=877352b9-a35d-45d3-9c98-162d89965a13, thingarn=arn:aws:iot:us-east-1:507441099951:thing/iot-device-03, thingtypename=null, attributes={installed=1592562234, latitude=37.4133144, longitude=-122.1513069}, version=1, billinggroupname=null}","2020-11-26 00:00:00.000"
"iot-device-01","1.5946415338706892E9","74.6","67.1","false","false","0.0062","0.0037","0.0164","2020-11-26T17:22:41.588+0000","{defaultclientid=iot-device-01, thingname=iot-device-01, thingid=983c2b68-f9a3-4e83-b3c6-9f6f8ad5431b, thingarn=arn:aws:iot:us-east-1:507441099951:thing/iot-device-01, thingtypename=null, attributes={installed=1594665292, latitude=37.4133144, longitude=-122.1513069}, version=1, billinggroupname=null}","2020-11-26 00:00:00.000"
"iot-device-01","1.5946414655638454E9","74.7","67.28","false","false","0.0062","0.0037","0.0164","2020-11-26T17:22:30.049+0000","{defaultclientid=iot-device-01, thingname=iot-device-01, thingid=983c2b68-f9a3-4e83-b3c6-9f6f8ad5431b, thingarn=arn:aws:iot:us-east-1:507441099951:thing/iot-device-01, thingtypename=null, attributes={installed=1594665292, latitude=37.4133144, longitude=-122.1513069}, version=1, billinggroupname=null}","2020-11-26 00:00:00.000"
"iot-device-03","1.594641466000001E9","50.6","70.7","false","false","0.0078","0.0051","0.0209","2020-11-26T17:22:30.339+0000","{defaultclientid=iot-device-03, thingname=iot-device-03, thingid=877352b9-a35d-45d3-9c98-162d89965a13, thingarn=arn:aws:iot:us-east-1:507441099951:thing/iot-device-03, thingtypename=null, attributes={installed=1592562234, latitude=37.4133144, longitude=-122.1513069}, version=1, billinggroupname=null}","2020-11-26 00:00:00.000"
"iot-device-03","1.594641469687931E9","50.5","70.7","false","false","0.0078","0.0051","0.0208","2020-11-26T17:22:30.636+0000","{defaultclientid=iot-device-03, thingname=iot-device-03, thingid=877352b9-a35d-45d3-9c98-162d89965a13, thingarn=arn:aws:iot:us-east-1:507441099951:thing/iot-device-03, thingtypename=null, attributes={installed=1592562234, latitude=37.4133144, longitude=-122.1513069}, version=1, billinggroupname=null}","2020-11-26 00:00:00.000"
"iot-device-01","1.5946414726003444E9","74.9","67.28","false","false","0.0062","0.0037","0.0164","2020-11-26T17:22:30.932+0000","{defaultclientid=iot-device-01, thingname=iot-device-01, thingid=983c2b68-f9a3-4e83-b3c6-9f6f8ad5431b, thingarn=arn:aws:iot:us-east-1:507441099951:thing/iot-device-01, thingtypename=null, attributes={installed=1594665292, latitude=37.4133144, longitude=-122.1513069}, version=1, billinggroupname=null}","2020-11-26 00:00:00.000"
"iot-device-03","1.5946414733762903E9","50.4","70.7","false","false","0.0078","0.0051","0.0209","2020-11-26T17:22:31.224+0000","{defaultclientid=iot-device-03, thingname=iot-device-03, thingid=877352b9-a35d-45d3-9c98-162d89965a13, thingarn=arn:aws:iot:us-east-1:507441099951:thing/iot-device-03, thingtypename=null, attributes={installed=1592562234, latitude=37.4133144, longitude=-122.1513069}, version=1, billinggroupname=null}","2020-11-26 00:00:00.000"
"iot-device-01","1.5946414764144876E9","74.7","67.28","false","false","0.0062","0.0037","0.0164","2020-11-26T17:22:31.509+0000","{defaultclientid=iot-device-01, thingname=iot-device-01, thingid=983c2b68-f9a3-4e83-b3c6-9f6f8ad5431b, thingarn=arn:aws:iot:us-east-1:507441099951:thing/iot-device-01, thingtypename=null, attributes={installed=1594665292, latitude=37.4133144, longitude=-122.1513069}, version=1, billinggroupname=null}","2020-11-26 00:00:00.000"
"iot-device-02","1.5946414766895266E9","59.7","74.48","true","false","0.0071","0.0045","0.0189","2020-11-26T17:22:31.793+0000","{defaultclientid=iot-device-02, thingname=iot-device-02, thingid=4ae4927a-aefb-4584-a45a-fc4839feffd6, thingarn=arn:aws:iot:us-east-1:507441099951:thing/iot-device-02, thingtypename=null, attributes={installed=1593361211, latitude=32.8205865, longitude=-96.871627}, version=1, billinggroupname=null}","2020-11-26 00:00:00.000"
"iot-device-03","1.594641477064567E9","50.4","70.7","false","false","0.0078","0.0051","0.021","2020-11-26T17:22:32.086+0000","{defaultclientid=iot-device-03, thingname=iot-device-03, thingid=877352b9-a35d-45d3-9c98-162d89965a13, thingarn=arn:aws:iot:us-east-1:507441099951:thing/iot-device-03, thingtypename=null, attributes={installed=1592562234, latitude=37.4133144, longitude=-122.1513069}, version=1, billinggroupname=null}","2020-11-26 00:00:00.000"
"iot-device-03","1.5946414807520807E9","50.3","70.7","false","false","0.0078","0.0051","0.0208","2020-11-26T17:22:32.381+0000","{defaultclientid=iot-device-03, thingname=iot-device-03, thingid=877352b9-a35d-45d3-9c98-162d89965a13, thingarn=arn:aws:iot:us-east-1:507441099951:thing/iot-device-03, thingtypename=null, attributes={installed=1592562234, latitude=37.4133144, longitude=-122.1513069}, version=1, billinggroupname=null}","2020-11-26 00:00:00.000"
"iot-device-01","1.5946414807670429E9","74.8","67.28","false","false","0.0062","0.0037","0.0164","2020-11-26T17:22:32.668+0000","{defaultclientid=iot-device-01, thingname=iot-device-01, thingid=983c2b68-f9a3-4e83-b3c6-9f6f8ad5431b, thingarn=arn:aws:iot:us-east-1:507441099951:thing/iot-device-01, thingtypename=null, attributes={installed=1594665292, latitude=37.4133144, longitude=-122.1513069}, version=1, billinggroupname=null}","2020-11-26 00:00:00.000"
"iot-device-02","1.5946086456692533E9","59.4","78.62","true","false","0.0072","0.0046","0.0192","2020-11-26T17:02:34.133+0000","{defaultclientid=iot-device-02, thingname=iot-device-02, thingid=4ae4927a-aefb-4584-a45a-fc4839feffd6, thingarn=arn:aws:iot:us-east-1:507441099951:thing/iot-device-02, thingtypename=null, attributes={installed=1593361211, latitude=32.8205865, longitude=-96.871627}, version=1, billinggroupname=null}","2020-11-26 00:00:00.000"
"iot-device-03","1.594608646214752E9","48.4","70.88","false","false","0.0079","0.0051","0.021","2020-11-26T17:02:34.410+0000","{defaultclientid=iot-device-03, thingname=iot-device-03, thingid=877352b9-a35d-45d3-9c98-162d89965a13, thingarn=arn:aws:iot:us-east-1:507441099951:thing/iot-device-03, thingtypename=null, attributes={installed=1592562234, latitude=37.4133144, longitude=-122.1513069}, version=1, billinggroupname=null}","2020-11-26 00:00:00.000"
"iot-device-03","1.594608649901049E9","48.3","70.88","false","false","0.0079","0.0052","0.021","2020-11-26T17:02:34.725+0000","{defaultclientid=iot-device-03, thingname=iot-device-03, thingid=877352b9-a35d-45d3-9c98-162d89965a13, thingarn=arn:aws:iot:us-east-1:507441099951:thing/iot-device-03, thingtypename=null, attributes={installed=1592562234, latitude=37.4133144, longitude=-122.1513069}, version=1, billinggroupname=null}","2020-11-26 00:00:00.000"
"iot-device-02","1.5946086510790832E9","59.4","78.62","true","false","0.0072","0.0046","0.0192","2020-11-26T17:02:35.014+0000","{defaultclientid=iot-device-02, thingname=iot-device-02, thingid=4ae4927a-aefb-4584-a45a-fc4839feffd6, thingarn=arn:aws:iot:us-east-1:507441099951:thing/iot-device-02, thingtypename=null, attributes={installed=1593361211, latitude=32.8205865, longitude=-96.871627}, version=1, billinggroupname=null}","2020-11-26 00:00:00.000"
"iot-device-01","1.5946086511318574E9","73.4","66.2","false","false","0.0091","0.0063","0.0244","2020-11-26T17:02:35.325+0000","{defaultclientid=iot-device-01, thingname=iot-device-01, thingid=983c2b68-f9a3-4e83-b3c6-9f6f8ad5431b, thingarn=arn:aws:iot:us-east-1:507441099951:thing/iot-device-01, thingtypename=null, attributes={installed=1594665292, latitude=37.4133144, longitude=-122.1513069}, version=1, billinggroupname=null}","2020-11-26 00:00:00.000"
"iot-device-03","1.5946086535869534E9","48.4","70.88","false","false","0.0079","0.0052","0.0211","2020-11-26T17:02:35.615+0000","{defaultclientid=iot-device-03, thingname=iot-device-03, thingid=877352b9-a35d-45d3-9c98-162d89965a13, thingarn=arn:aws:iot:us-east-1:507441099951:thing/iot-device-03, thingtypename=null, attributes={installed=1592562234, latitude=37.4133144, longitude=-122.1513069}, version=1, billinggroupname=null}","2020-11-26 00:00:00.000"
"iot-device-01","1.5946086554885578E9","73.4","66.2","false","false","0.0091","0.0063","0.0244","2020-11-26T17:02:35.895+0000","{defaultclientid=iot-device-01, thingname=iot-device-01, thingid=983c2b68-f9a3-4e83-b3c6-9f6f8ad5431b, thingarn=arn:aws:iot:us-east-1:507441099951:thing/iot-device-01, thingtypename=null, attributes={installed=1594665292, latitude=37.4133144, longitude=-122.1513069}, version=1, billinggroupname=null}","2020-11-26 00:00:00.000"
"iot-device-02","1.5946086564911096E9","59.4","78.62","true","false","0.0072","0.0046","0.0192","2020-11-26T17:02:36.185+0000","{defaultclientid=iot-device-02, thingname=iot-device-02, thingid=4ae4927a-aefb-4584-a45a-fc4839feffd6, thingarn=arn:aws:iot:us-east-1:507441099951:thing/iot-device-02, thingtypename=null, attributes={installed=1593361211, latitude=32.8205865, longitude=-96.871627}, version=1, billinggroupname=null}","2020-11-26 00:00:00.000"
"iot-device-03","1.594608657168695E9","48.3","70.88","false","false","0.0079","0.0052","0.0211","2020-11-26T17:02:36.484+0000","{defaultclientid=iot-device-03, thingname=iot-device-03, thingid=877352b9-a35d-45d3-9c98-162d89965a13, thingarn=arn:aws:iot:us-east-1:507441099951:thing/iot-device-03, thingtypename=null, attributes={installed=1592562234, latitude=37.4133144, longitude=-122.1513069}, version=1, billinggroupname=null}","2020-11-26 00:00:00.000"
"iot-device-03","1.594608660839128E9","48.3","70.88","false","false","0.0079","0.0052","0.021","2020-11-26T17:02:36.768+0000","{defaultclientid=iot-device-03, thingname=iot-device-03, thingid=877352b9-a35d-45d3-9c98-162d89965a13, thingarn=arn:aws:iot:us-east-1:507441099951:thing/iot-device-03, thingtypename=null, attributes={installed=1592562234, latitude=37.4133144, longitude=-122.1513069}, version=1, billinggroupname=null}","2020-11-26 00:00:00.000"
"iot-device-03","1.5946086314663367E9","48.3","70.88","false","false","0.0079","0.0051","0.021","2020-11-26T17:02:30.136+0000","{defaultclientid=iot-device-03, thingname=iot-device-03, thingid=877352b9-a35d-45d3-9c98-162d89965a13, thingarn=arn:aws:iot:us-east-1:507441099951:thing/iot-device-03, thingtypename=null, attributes={installed=1592562234, latitude=37.4133144, longitude=-122.1513069}, version=1, billinggroupname=null}","2020-11-26 00:00:00.000"
"iot-device-02","1.5946086315751514E9","59.4","78.62","true","false","0.0072","0.0046","0.0192","2020-11-26T17:02:30.509+0000","{defaultclientid=iot-device-02, thingname=iot-device-02, thingid=4ae4927a-aefb-4584-a45a-fc4839feffd6, thingarn=arn:aws:iot:us-east-1:507441099951:thing/iot-device-02, thingtypename=null, attributes={installed=1593361211, latitude=32.8205865, longitude=-96.871627}, version=1, billinggroupname=null}","2020-11-26 00:00:00.000"
"iot-device-01","1.5946086343120432E9","73.5","66.2","false","false","0.0091","0.0063","0.0244","2020-11-26T17:02:30.971+0000","{defaultclientid=iot-device-01, thingname=iot-device-01, thingid=983c2b68-f9a3-4e83-b3c6-9f6f8ad5431b, thingarn=arn:aws:iot:us-east-1:507441099951:thing/iot-device-01, thingtypename=null, attributes={installed=1594665292, latitude=37.4133144, longitude=-122.1513069}, version=1, billinggroupname=null}","2020-11-26 00:00:00.000"
"iot-device-03","1.594608635153783E9","48.3","70.88","false","false","0.0079","0.0052","0.0211","2020-11-26T17:02:31.413+0000","{defaultclientid=iot-device-03, thingname=iot-device-03, thingid=877352b9-a35d-45d3-9c98-162d89965a13, thingarn=arn:aws:iot:us-east-1:507441099951:thing/iot-device-03, thingtypename=null, attributes={installed=1592562234, latitude=37.4133144, longitude=-122.1513069}, version=1, billinggroupname=null}","2020-11-26 00:00:00.000"
"iot-device-02","1.5946086375182853E9","59.4","78.62","true","false","0.0072","0.0046","0.0192","2020-11-26T17:02:32.102+0000","{defaultclientid=iot-device-02, thingname=iot-device-02, thingid=4ae4927a-aefb-4584-a45a-fc4839feffd6, thingarn=arn:aws:iot:us-east-1:507441099951:thing/iot-device-02, thingtypename=null, attributes={installed=1593361211, latitude=32.8205865, longitude=-96.871627}, version=1, billinggroupname=null}","2020-11-26 00:00:00.000"
"iot-device-03","1.5946086388416512E9","48.3","70.88","false","false","0.0078","0.0051","0.0209","2020-11-26T17:02:32.552+0000","{defaultclientid=iot-device-03, thingname=iot-device-03, thingid=877352b9-a35d-45d3-9c98-162d89965a13, thingarn=arn:aws:iot:us-east-1:507441099951:thing/iot-device-03, thingtypename=null, attributes={installed=1592562234, latitude=37.4133144, longitude=-122.1513069}, version=1, billinggroupname=null}","2020-11-26 00:00:00.000"
"iot-device-01","1.5946086392015605E9","73.4","66.2","false","false","0.0091","0.0063","0.0244","2020-11-26T17:02:32.882+0000","{defaultclientid=iot-device-01, thingname=iot-device-01, thingid=983c2b68-f9a3-4e83-b3c6-9f6f8ad5431b, thingarn=arn:aws:iot:us-east-1:507441099951:thing/iot-device-01, thingtypename=null, attributes={installed=1594665292, latitude=37.4133144, longitude=-122.1513069}, version=1, billinggroupname=null}","2020-11-26 00:00:00.000"
"iot-device-02","1.594608641327676E9","59.4","78.62","true","false","0.0072","0.0046","0.0191","2020-11-26T17:02:33.221+0000","{defaultclientid=iot-device-02, thingname=iot-device-02, thingid=4ae4927a-aefb-4584-a45a-fc4839feffd6, thingarn=arn:aws:iot:us-east-1:507441099951:thing/iot-device-02, thingtypename=null, attributes={installed=1593361211, latitude=32.8205865, longitude=-96.871627}, version=1, billinggroupname=null}","2020-11-26 00:00:00.000"
"iot-device-03","1.5946086425270073E9","48.3","70.88","false","false","0.0079","0.0052","0.0211","2020-11-26T17:02:33.499+0000","{defaultclientid=iot-device-03, thingname=iot-device-03, thingid=877352b9-a35d-45d3-9c98-162d89965a13, thingarn=arn:aws:iot:us-east-1:507441099951:thing/iot-device-03, thingtypename=null, attributes={installed=1592562234, latitude=37.4133144, longitude=-122.1513069}, version=1, billinggroupname=null}","2020-11-26 00:00:00.000"
"iot-device-01","1.5946086451658006E9","73.5","66.2","false","false","0.0091","0.0063","0.0244","2020-11-26T17:02:33.785+0000","{defaultclientid=iot-device-01, thingname=iot-device-01, thingid=983c2b68-f9a3-4e83-b3c6-9f6f8ad5431b, thingarn=arn:aws:iot:us-east-1:507441099951:thing/iot-device-01, thingtypename=null, attributes={installed=1594665292, latitude=37.4133144, longitude=-122.1513069}, version=1, billinggroupname=null}","2020-11-26 00:00:00.000"
"iot-device-03","1.5946086977013025E9","48.3","70.88","false","false","0.0079","0.0052","0.0211","2020-11-26T17:02:43.045+0000","{defaultclientid=iot-device-03, thingname=iot-device-03, thingid=877352b9-a35d-45d3-9c98-162d89965a13, thingarn=arn:aws:iot:us-east-1:507441099951:thing/iot-device-03, thingtypename=null, attributes={installed=1592562234, latitude=37.4133144, longitude=-122.1513069}, version=1, billinggroupname=null}","2020-11-26 00:00:00.000"
"iot-device-02","1.5946086994999619E9","59.4","78.62","true","false","0.0072","0.0046","0.0192","2020-11-26T17:02:43.344+0000","{defaultclientid=iot-device-02, thingname=iot-device-02, thingid=4ae4927a-aefb-4584-a45a-fc4839feffd6, thingarn=arn:aws:iot:us-east-1:507441099951:thing/iot-device-02, thingtypename=null, attributes={installed=1593361211, latitude=32.8205865, longitude=-96.871627}, version=1, billinggroupname=null}","2020-11-26 00:00:00.000"
"iot-device-01","1.5946087004429185E9","73.4","66.02","false","false","0.0091","0.0063","0.0244","2020-11-26T17:02:43.642+0000","{defaultclientid=iot-device-01, thingname=iot-device-01, thingid=983c2b68-f9a3-4e83-b3c6-9f6f8ad5431b, thingarn=arn:aws:iot:us-east-1:507441099951:thing/iot-device-01, thingtypename=null, attributes={installed=1594665292, latitude=37.4133144, longitude=-122.1513069}, version=1, billinggroupname=null}","2020-11-26 00:00:00.000"
"iot-device-03","1.594608701387626E9","48.3","70.88","false","false","0.0079","0.0051","0.021","2020-11-26T17:02:43.933+0000","{defaultclientid=iot-device-03, thingname=iot-device-03, thingid=877352b9-a35d-45d3-9c98-162d89965a13, thingarn=arn:aws:iot:us-east-1:507441099951:thing/iot-device-03, thingtypename=null, attributes={installed=1592562234, latitude=37.4133144, longitude=-122.1513069}, version=1, billinggroupname=null}","2020-11-26 00:00:00.000"
"iot-device-03","1.5946087050771403E9","48.3","70.88","false","false","0.0079","0.0052","0.0211","2020-11-26T17:02:44.311+0000","{defaultclientid=iot-device-03, thingname=iot-device-03, thingid=877352b9-a35d-45d3-9c98-162d89965a13, thingarn=arn:aws:iot:us-east-1:507441099951:thing/iot-device-03, thingtypename=null, attributes={installed=1592562234, latitude=37.4133144, longitude=-122.1513069}, version=1, billinggroupname=null}","2020-11-26 00:00:00.000"
"iot-device-01","1.5946087085687099E9","73.4","66.2","false","false","0.0091","0.0063","0.0244","2020-11-26T17:02:44.604+0000","{defaultclientid=iot-device-01, thingname=iot-device-01, thingid=983c2b68-f9a3-4e83-b3c6-9f6f8ad5431b, thingarn=arn:aws:iot:us-east-1:507441099951:thing/iot-device-01, thingtypename=null, attributes={installed=1594665292, latitude=37.4133144, longitude=-122.1513069}, version=1, billinggroupname=null}","2020-11-26 00:00:00.000"
"iot-device-02","1.5946087086518605E9","59.3","78.44","true","false","0.0072","0.0045","0.019","2020-11-26T17:02:45.079+0000","{defaultclientid=iot-device-02, thingname=iot-device-02, thingid=4ae4927a-aefb-4584-a45a-fc4839feffd6, thingarn=arn:aws:iot:us-east-1:507441099951:thing/iot-device-02, thingtypename=null, attributes={installed=1593361211, latitude=32.8205865, longitude=-96.871627}, version=1, billinggroupname=null}","2020-11-26 00:00:00.000"
"iot-device-03","1.5946087087634025E9","48.3","70.88","false","false","0.0079","0.0051","0.021","2020-11-26T17:02:45.376+0000","{defaultclientid=iot-device-03, thingname=iot-device-03, thingid=877352b9-a35d-45d3-9c98-162d89965a13, thingarn=arn:aws:iot:us-east-1:507441099951:thing/iot-device-03, thingtypename=null, attributes={installed=1592562234, latitude=37.4133144, longitude=-122.1513069}, version=1, billinggroupname=null}","2020-11-26 00:00:00.000"
"iot-device-03","1.594608712448544E9","48.3","70.88","false","false","0.0079","0.0052","0.021","2020-11-26T17:02:45.664+0000","{defaultclientid=iot-device-03, thingname=iot-device-03, thingid=877352b9-a35d-45d3-9c98-162d89965a13, thingarn=arn:aws:iot:us-east-1:507441099951:thing/iot-device-03, thingtypename=null, attributes={installed=1592562234, latitude=37.4133144, longitude=-122.1513069}, version=1, billinggroupname=null}","2020-11-26 00:00:00.000"
"iot-device-02","1.594608713528582E9","59.4","78.62","true","false","0.0072","0.0046","0.0192","2020-11-26T17:02:45.961+0000","{defaultclientid=iot-device-02, thingname=iot-device-02, thingid=4ae4927a-aefb-4584-a45a-fc4839feffd6, thingarn=arn:aws:iot:us-east-1:507441099951:thing/iot-device-02, thingtypename=null, attributes={installed=1593361211, latitude=32.8205865, longitude=-96.871627}, version=1, billinggroupname=null}","2020-11-26 00:00:00.000"
"iot-device-02","1.59460873298536E9","59.3","78.44","true","false","0.0072","0.0045","0.019","2020-11-26T17:02:49.244+0000","{defaultclientid=iot-device-02, thingname=iot-device-02, thingid=4ae4927a-aefb-4584-a45a-fc4839feffd6, thingarn=arn:aws:iot:us-east-1:507441099951:thing/iot-device-02, thingtypename=null, attributes={installed=1593361211, latitude=32.8205865, longitude=-96.871627}, version=1, billinggroupname=null}","2020-11-26 00:00:00.000"
"iot-device-03","1.5946087345679727E9","48.4","70.7","false","false","0.0078","0.0051","0.0209","2020-11-26T17:02:49.539+0000","{defaultclientid=iot-device-03, thingname=iot-device-03, thingid=877352b9-a35d-45d3-9c98-162d89965a13, thingarn=arn:aws:iot:us-east-1:507441099951:thing/iot-device-03, thingtypename=null, attributes={installed=1592562234, latitude=37.4133144, longitude=-122.1513069}, version=1, billinggroupname=null}","2020-11-26 00:00:00.000"
"iot-device-03","1.5946087382539685E9","48.5","70.7","false","false","0.0079","0.0052","0.021","2020-11-26T17:02:49.829+0000","{defaultclientid=iot-device-03, thingname=iot-device-03, thingid=877352b9-a35d-45d3-9c98-162d89965a13, thingarn=arn:aws:iot:us-east-1:507441099951:thing/iot-device-03, thingtypename=null, attributes={installed=1592562234, latitude=37.4133144, longitude=-122.1513069}, version=1, billinggroupname=null}","2020-11-26 00:00:00.000"
"iot-device-01","1.594608738327851E9","73.5","66.02","false","false","0.0091","0.0063","0.0244","2020-11-26T17:02:50.119+0000","{defaultclientid=iot-device-01, thingname=iot-device-01, thingid=983c2b68-f9a3-4e83-b3c6-9f6f8ad5431b, thingarn=arn:aws:iot:us-east-1:507441099951:thing/iot-device-01, thingtypename=null, attributes={installed=1594665292, latitude=37.4133144, longitude=-122.1513069}, version=1, billinggroupname=null}","2020-11-26 00:00:00.000"
"iot-device-02","1.5946087389314394E9","59.4","78.62","true","false","0.0072","0.0045","0.0191","2020-11-26T17:02:50.453+0000","{defaultclientid=iot-device-02, thingname=iot-device-02, thingid=4ae4927a-aefb-4584-a45a-fc4839feffd6, thingarn=arn:aws:iot:us-east-1:507441099951:thing/iot-device-02, thingtypename=null, attributes={installed=1593361211, latitude=32.8205865, longitude=-96.871627}, version=1, billinggroupname=null}","2020-11-26 00:00:00.000"
"iot-device-03","1.5946087419400346E9","48.5","70.7","false","false","0.0079","0.0051","0.021","2020-11-26T17:02:50.751+0000","{defaultclientid=iot-device-03, thingname=iot-device-03, thingid=877352b9-a35d-45d3-9c98-162d89965a13, thingarn=arn:aws:iot:us-east-1:507441099951:thing/iot-device-03, thingtypename=null, attributes={installed=1592562234, latitude=37.4133144, longitude=-122.1513069}, version=1, billinggroupname=null}","2020-11-26 00:00:00.000"
"iot-device-01","1.5946087426829903E9","73.7","66.2","false","false","0.0091","0.0063","0.0244","2020-11-26T17:02:51.055+0000","{defaultclientid=iot-device-01, thingname=iot-device-01, thingid=983c2b68-f9a3-4e83-b3c6-9f6f8ad5431b, thingarn=arn:aws:iot:us-east-1:507441099951:thing/iot-device-01, thingtypename=null, attributes={installed=1594665292, latitude=37.4133144, longitude=-122.1513069}, version=1, billinggroupname=null}","2020-11-26 00:00:00.000"
"iot-device-02","1.5946087427380972E9","59.3","78.44","true","false","0.0072","0.0046","0.0191","2020-11-26T17:02:51.348+0000","{defaultclientid=iot-device-02, thingname=iot-device-02, thingid=4ae4927a-aefb-4584-a45a-fc4839feffd6, thingarn=arn:aws:iot:us-east-1:507441099951:thing/iot-device-02, thingtypename=null, attributes={installed=1593361211, latitude=32.8205865, longitude=-96.871627}, version=1, billinggroupname=null}","2020-11-26 00:00:00.000"
"iot-device-03","1.5946087456258936E9","48.6","70.7","false","false","0.0078","0.0051","0.0209","2020-11-26T17:02:51.635+0000","{defaultclientid=iot-device-03, thingname=iot-device-03, thingid=877352b9-a35d-45d3-9c98-162d89965a13, thingarn=arn:aws:iot:us-east-1:507441099951:thing/iot-device-03, thingtypename=null, attributes={installed=1592562234, latitude=37.4133144, longitude=-122.1513069}, version=1, billinggroupname=null}","2020-11-26 00:00:00.000"
"iot-device-01","1.594608747569475E9","73.7","66.2","false","false","0.0091","0.0063","0.0244","2020-11-26T17:02:51.916+0000","{defaultclientid=iot-device-01, thingname=iot-device-01, thingid=983c2b68-f9a3-4e83-b3c6-9f6f8ad5431b, thingarn=arn:aws:iot:us-east-1:507441099951:thing/iot-device-01, thingtypename=null, attributes={installed=1594665292, latitude=37.4133144, longitude=-122.1513069}, version=1, billinggroupname=null}","2020-11-26 00:00:00.000"
"iot-device-03","1.594608778753043E9","49.0","70.7","false","false","0.0079","0.0052","0.0211","2020-11-26T17:02:58.128+0000","{defaultclientid=iot-device-03, thingname=iot-device-03, thingid=877352b9-a35d-45d3-9c98-162d89965a13, thingarn=arn:aws:iot:us-east-1:507441099951:thing/iot-device-03, thingtypename=null, attributes={installed=1592562234, latitude=37.4133144, longitude=-122.1513069}, version=1, billinggroupname=null}","2020-11-26 00:00:00.000"
"iot-device-02","1.5946087822409124E9","59.3","78.62","true","false","0.0072","0.0046","0.0192","2020-11-26T17:02:58.435+0000","{defaultclientid=iot-device-02, thingname=iot-device-02, thingid=4ae4927a-aefb-4584-a45a-fc4839feffd6, thingarn=arn:aws:iot:us-east-1:507441099951:thing/iot-device-02, thingtypename=null, attributes={installed=1593361211, latitude=32.8205865, longitude=-96.871627}, version=1, billinggroupname=null}","2020-11-26 00:00:00.000"
"iot-device-03","1.5946087824389524E9","49.0","70.7","false","false","0.0079","0.0052","0.0211","2020-11-26T17:02:58.729+0000","{defaultclientid=iot-device-03, thingname=iot-device-03, thingid=877352b9-a35d-45d3-9c98-162d89965a13, thingarn=arn:aws:iot:us-east-1:507441099951:thing/iot-device-03, thingtypename=null, attributes={installed=1592562234, latitude=37.4133144, longitude=-122.1513069}, version=1, billinggroupname=null}","2020-11-26 00:00:00.000"
"iot-device-01","1.5946087850407474E9","74.0","66.02","false","false","0.0091","0.0063","0.0244","2020-11-26T17:02:59.015+0000","{defaultclientid=iot-device-01, thingname=iot-device-01, thingid=983c2b68-f9a3-4e83-b3c6-9f6f8ad5431b, thingarn=arn:aws:iot:us-east-1:507441099951:thing/iot-device-01, thingtypename=null, attributes={installed=1594665292, latitude=37.4133144, longitude=-122.1513069}, version=1, billinggroupname=null}","2020-11-26 00:00:00.000"
"iot-device-02","1.5946087860556655E9","59.3","78.44","true","false","0.0072","0.0046","0.0192","2020-11-26T17:02:59.309+0000","{defaultclientid=iot-device-02, thingname=iot-device-02, thingid=4ae4927a-aefb-4584-a45a-fc4839feffd6, thingarn=arn:aws:iot:us-east-1:507441099951:thing/iot-device-02, thingtypename=null, attributes={installed=1593361211, latitude=32.8205865, longitude=-96.871627}, version=1, billinggroupname=null}","2020-11-26 00:00:00.000"
"iot-device-03","1.5946087861267226E9","49.0","70.88","false","false","0.0079","0.0051","0.021","2020-11-26T17:02:59.599+0000","{defaultclientid=iot-device-03, thingname=iot-device-03, thingid=877352b9-a35d-45d3-9c98-162d89965a13, thingarn=arn:aws:iot:us-east-1:507441099951:thing/iot-device-03, thingtypename=null, attributes={installed=1592562234, latitude=37.4133144, longitude=-122.1513069}, version=1, billinggroupname=null}","2020-11-26 00:00:00.000"
"iot-device-01","1.5946087893907971E9","74.1","66.2","false","false","0.0091","0.0063","0.0244","2020-11-26T17:02:59.891+0000","{defaultclientid=iot-device-01, thingname=iot-device-01, thingid=983c2b68-f9a3-4e83-b3c6-9f6f8ad5431b, thingarn=arn:aws:iot:us-east-1:507441099951:thing/iot-device-01, thingtypename=null, attributes={installed=1594665292, latitude=37.4133144, longitude=-122.1513069}, version=1, billinggroupname=null}","2020-11-26 00:00:00.000"
"iot-device-02","1.5946087481531096E9","59.3","78.44","true","false","0.0072","0.0045","0.019","2020-11-26T17:02:52.219+0000","{defaultclientid=iot-device-02, thingname=iot-device-02, thingid=4ae4927a-aefb-4584-a45a-fc4839feffd6, thingarn=arn:aws:iot:us-east-1:507441099951:thing/iot-device-02, thingtypename=null, attributes={installed=1593361211, latitude=32.8205865, longitude=-96.871627}, version=1, billinggroupname=null}","2020-11-26 00:00:00.000"
"iot-device-03","1.5946087493119154E9","48.7","70.7","false","false","0.0079","0.0051","0.021","2020-11-26T17:02:52.499+0000","{defaultclientid=iot-device-03, thingname=iot-device-03, thingid=877352b9-a35d-45d3-9c98-162d89965a13, thingarn=arn:aws:iot:us-east-1:507441099951:thing/iot-device-03, thingtypename=null, attributes={installed=1592562234, latitude=37.4133144, longitude=-122.1513069}, version=1, billinggroupname=null}","2020-11-26 00:00:00.000"
"iot-device-01","1.5946087519247627E9","73.7","66.02","false","false","0.009","0.0062","0.0242","2020-11-26T17:02:52.793+0000","{defaultclientid=iot-device-01, thingname=iot-device-01, thingid=983c2b68-f9a3-4e83-b3c6-9f6f8ad5431b, thingarn=arn:aws:iot:us-east-1:507441099951:thing/iot-device-01, thingtypename=null, attributes={installed=1594665292, latitude=37.4133144, longitude=-122.1513069}, version=1, billinggroupname=null}","2020-11-26 00:00:00.000"
"iot-device-03","1.5946087529980311E9","48.8","70.7","false","false","0.0079","0.0052","0.0211","2020-11-26T17:02:53.104+0000","{defaultclientid=iot-device-03, thingname=iot-device-03, thingid=877352b9-a35d-45d3-9c98-162d89965a13, thingarn=arn:aws:iot:us-east-1:507441099951:thing/iot-device-03, thingtypename=null, attributes={installed=1592562234, latitude=37.4133144, longitude=-122.1513069}, version=1, billinggroupname=null}","2020-11-26 00:00:00.000"
"iot-device-03","1.5946087566841516E9","48.9","70.7","false","false","0.0079","0.0052","0.021","2020-11-26T17:02:53.418+0000","{defaultclientid=iot-device-03, thingname=iot-device-03, thingid=877352b9-a35d-45d3-9c98-162d89965a13, thingarn=arn:aws:iot:us-east-1:507441099951:thing/iot-device-03, thingtypename=null, attributes={installed=1592562234, latitude=37.4133144, longitude=-122.1513069}, version=1, billinggroupname=null}","2020-11-26 00:00:00.000"
"iot-device-01","1.5946087578903306E9","73.9","66.02","false","false","0.009","0.0062","0.0242","2020-11-26T17:02:53.726+0000","{defaultclientid=iot-device-01, thingname=iot-device-01, thingid=983c2b68-f9a3-4e83-b3c6-9f6f8ad5431b, thingarn=arn:aws:iot:us-east-1:507441099951:thing/iot-device-01, thingtypename=null, attributes={installed=1594665292, latitude=37.4133144, longitude=-122.1513069}, version=1, billinggroupname=null}","2020-11-26 00:00:00.000"
"iot-device-02","1.5946087594430768E9","59.3","78.62","true","false","0.0072","0.0046","0.0191","2020-11-26T17:02:54.008+0000","{defaultclientid=iot-device-02, thingname=iot-device-02, thingid=4ae4927a-aefb-4584-a45a-fc4839feffd6, thingarn=arn:aws:iot:us-east-1:507441099951:thing/iot-device-02, thingtypename=null, attributes={installed=1593361211, latitude=32.8205865, longitude=-96.871627}, version=1, billinggroupname=null}","2020-11-26 00:00:00.000"
"iot-device-03","1.5946087603703856E9","48.9","70.7","false","false","0.0079","0.0052","0.0211","2020-11-26T17:02:54.297+0000","{defaultclientid=iot-device-03, thingname=iot-device-03, thingid=877352b9-a35d-45d3-9c98-162d89965a13, thingarn=arn:aws:iot:us-east-1:507441099951:thing/iot-device-03, thingtypename=null, attributes={installed=1592562234, latitude=37.4133144, longitude=-122.1513069}, version=1, billinggroupname=null}","2020-11-26 00:00:00.000"
"iot-device-01","1.5946087633221886E9","74.0","66.02","false","false","0.009","0.0062","0.0242","2020-11-26T17:02:54.586+0000","{defaultclientid=iot-device-01, thingname=iot-device-01, thingid=983c2b68-f9a3-4e83-b3c6-9f6f8ad5431b, thingarn=arn:aws:iot:us-east-1:507441099951:thing/iot-device-01, thingtypename=null, attributes={installed=1594665292, latitude=37.4133144, longitude=-122.1513069}, version=1, billinggroupname=null}","2020-11-26 00:00:00.000"
"iot-device-03","1.594608764054841E9","48.9","70.7","false","false","0.0078","0.0051","0.021","2020-11-26T17:02:54.894+0000","{defaultclientid=iot-device-03, thingname=iot-device-03, thingid=877352b9-a35d-45d3-9c98-162d89965a13, thingarn=arn:aws:iot:us-east-1:507441099951:thing/iot-device-03, thingtypename=null, attributes={installed=1592562234, latitude=37.4133144, longitude=-122.1513069}, version=1, billinggroupname=null}","2020-11-26 00:00:00.000"
"iot-device-02","1.5946087643296561E9","59.3","78.44","true","false","0.0072","0.0046","0.0192","2020-11-26T17:02:55.189+0000","{defaultclientid=iot-device-02, thingname=iot-device-02, thingid=4ae4927a-aefb-4584-a45a-fc4839feffd6, thingarn=arn:aws:iot:us-east-1:507441099951:thing/iot-device-02, thingtypename=null, attributes={installed=1593361211, latitude=32.8205865, longitude=-96.871627}, version=1, billinggroupname=null}","2020-11-26 00:00:00.000"
"iot-device-03","1.5946087676836393E9","48.9","70.7","false","false","0.0079","0.0052","0.0211","2020-11-26T17:02:55.486+0000","{defaultclientid=iot-device-03, thingname=iot-device-03, thingid=877352b9-a35d-45d3-9c98-162d89965a13, thingarn=arn:aws:iot:us-east-1:507441099951:thing/iot-device-03, thingtypename=null, attributes={installed=1592562234, latitude=37.4133144, longitude=-122.1513069}, version=1, billinggroupname=null}","2020-11-26 00:00:00.000"
"iot-device-01","1.594608768210317E9","74.1","66.2","false","false","0.0091","0.0063","0.0244","2020-11-26T17:02:55.779+0000","{defaultclientid=iot-device-01, thingname=iot-device-01, thingid=983c2b68-f9a3-4e83-b3c6-9f6f8ad5431b, thingarn=arn:aws:iot:us-east-1:507441099951:thing/iot-device-01, thingtypename=null, attributes={installed=1594665292, latitude=37.4133144, longitude=-122.1513069}, version=1, billinggroupname=null}","2020-11-26 00:00:00.000"
"iot-device-02","1.5946087702764196E9","59.3","78.62","true","false","0.0072","0.0046","0.0191","2020-11-26T17:02:56.066+0000","{defaultclientid=iot-device-02, thingname=iot-device-02, thingid=4ae4927a-aefb-4584-a45a-fc4839feffd6, thingarn=arn:aws:iot:us-east-1:507441099951:thing/iot-device-02, thingtypename=null, attributes={installed=1593361211, latitude=32.8205865, longitude=-96.871627}, version=1, billinggroupname=null}","2020-11-26 00:00:00.000"
"iot-device-03","1.5946087713835528E9","49.0","70.7","false","false","0.0079","0.0052","0.0211","2020-11-26T17:02:56.356+0000","{defaultclientid=iot-device-03, thingname=iot-device-03, thingid=877352b9-a35d-45d3-9c98-162d89965a13, thingarn=arn:aws:iot:us-east-1:507441099951:thing/iot-device-03, thingtypename=null, attributes={installed=1592562234, latitude=37.4133144, longitude=-122.1513069}, version=1, billinggroupname=null}","2020-11-26 00:00:00.000"
"iot-device-01","1.5946087725628142E9","74.1","66.2","false","false","0.0091","0.0063","0.0244","2020-11-26T17:02:56.654+0000","{defaultclientid=iot-device-01, thingname=iot-device-01, thingid=983c2b68-f9a3-4e83-b3c6-9f6f8ad5431b, thingarn=arn:aws:iot:us-east-1:507441099951:thing/iot-device-01, thingtypename=null, attributes={installed=1594665292, latitude=37.4133144, longitude=-122.1513069}, version=1, billinggroupname=null}","2020-11-26 00:00:00.000"
"iot-device-02","1.5946087746193774E9","59.3","78.62","true","false","0.0072","0.0046","0.0192","2020-11-26T17:02:56.953+0000","{defaultclientid=iot-device-02, thingname=iot-device-02, thingid=4ae4927a-aefb-4584-a45a-fc4839feffd6, thingarn=arn:aws:iot:us-east-1:507441099951:thing/iot-device-02, thingtypename=null, attributes={installed=1593361211, latitude=32.8205865, longitude=-96.871627}, version=1, billinggroupname=null}","2020-11-26 00:00:00.000"
"iot-device-03","1.5946087750687304E9","49.1","70.7","false","false","0.0079","0.0052","0.021","2020-11-26T17:02:57.256+0000","{defaultclientid=iot-device-03, thingname=iot-device-03, thingid=877352b9-a35d-45d3-9c98-162d89965a13, thingarn=arn:aws:iot:us-east-1:507441099951:thing/iot-device-03, thingtypename=null, attributes={installed=1592562234, latitude=37.4133144, longitude=-122.1513069}, version=1, billinggroupname=null}","2020-11-26 00:00:00.000"
"iot-device-01","1.5946087774550436E9","74.0","66.02","false","false","0.009","0.0062","0.0242","2020-11-26T17:02:57.549+0000","{defaultclientid=iot-device-01, thingname=iot-device-01, thingid=983c2b68-f9a3-4e83-b3c6-9f6f8ad5431b, thingarn=arn:aws:iot:us-east-1:507441099951:thing/iot-device-01, thingtypename=null, attributes={installed=1594665292, latitude=37.4133144, longitude=-122.1513069}, version=1, billinggroupname=null}","2020-11-26 00:00:00.000"
"iot-device-02","1.5946087784260306E9","59.3","78.44","true","false","0.0072","0.0046","0.0192","2020-11-26T17:02:57.846+0000","{defaultclientid=iot-device-02, thingname=iot-device-02, thingid=4ae4927a-aefb-4584-a45a-fc4839feffd6, thingarn=arn:aws:iot:us-east-1:507441099951:thing/iot-device-02, thingtypename=null, attributes={installed=1593361211, latitude=32.8205865, longitude=-96.871627}, version=1, billinggroupname=null}","2020-11-26 00:00:00.000"
"iot-device-03","1.5946086829625182E9","48.3","70.88","false","false","0.0079","0.0052","0.0211","2020-11-26T17:02:40.009+0000","{defaultclientid=iot-device-03, thingname=iot-device-03, thingid=877352b9-a35d-45d3-9c98-162d89965a13, thingarn=arn:aws:iot:us-east-1:507441099951:thing/iot-device-03, thingtypename=null, attributes={installed=1592562234, latitude=37.4133144, longitude=-122.1513069}, version=1, billinggroupname=null}","2020-11-26 00:00:00.000"
"iot-device-02","1.594608683197959E9","59.4","78.62","true","false","0.0072","0.0045","0.0191","2020-11-26T17:02:40.300+0000","{defaultclientid=iot-device-02, thingname=iot-device-02, thingid=4ae4927a-aefb-4584-a45a-fc4839feffd6, thingarn=arn:aws:iot:us-east-1:507441099951:thing/iot-device-02, thingtypename=null, attributes={installed=1593361211, latitude=32.8205865, longitude=-96.871627}, version=1, billinggroupname=null}","2020-11-26 00:00:00.000"
"iot-device-03","1.5946086866294446E9","48.3","70.88","false","false","0.0079","0.0051","0.021","2020-11-26T17:02:40.694+0000","{defaultclientid=iot-device-03, thingname=iot-device-03, thingid=877352b9-a35d-45d3-9c98-162d89965a13, thingarn=arn:aws:iot:us-east-1:507441099951:thing/iot-device-03, thingtypename=null, attributes={installed=1592562234, latitude=37.4133144, longitude=-122.1513069}, version=1, billinggroupname=null}","2020-11-26 00:00:00.000"
"iot-device-02","1.5946086870055447E9","59.3","78.44","true","false","0.0072","0.0046","0.0192","2020-11-26T17:02:40.989+0000","{defaultclientid=iot-device-02, thingname=iot-device-02, thingid=4ae4927a-aefb-4584-a45a-fc4839feffd6, thingarn=arn:aws:iot:us-east-1:507441099951:thing/iot-device-02, thingtypename=null, attributes={installed=1593361211, latitude=32.8205865, longitude=-96.871627}, version=1, billinggroupname=null}","2020-11-26 00:00:00.000"
"iot-device-01","1.5946086901191955E9","73.4","66.02","false","false","0.0091","0.0063","0.0244","2020-11-26T17:02:41.283+0000","{defaultclientid=iot-device-01, thingname=iot-device-01, thingid=983c2b68-f9a3-4e83-b3c6-9f6f8ad5431b, thingarn=arn:aws:iot:us-east-1:507441099951:thing/iot-device-01, thingtypename=null, attributes={installed=1594665292, latitude=37.4133144, longitude=-122.1513069}, version=1, billinggroupname=null}","2020-11-26 00:00:00.000"
"iot-device-03","1.5946086903279915E9","48.3","70.88","false","false","0.0079","0.0052","0.0211","2020-11-26T17:02:41.589+0000","{defaultclientid=iot-device-03, thingname=iot-device-03, thingid=877352b9-a35d-45d3-9c98-162d89965a13, thingarn=arn:aws:iot:us-east-1:507441099951:thing/iot-device-03, thingtypename=null, attributes={installed=1592562234, latitude=37.4133144, longitude=-122.1513069}, version=1, billinggroupname=null}","2020-11-26 00:00:00.000"
"iot-device-02","1.5946086918837247E9","59.3","78.44","true","false","0.0072","0.0046","0.0192","2020-11-26T17:02:41.890+0000","{defaultclientid=iot-device-02, thingname=iot-device-02, thingid=4ae4927a-aefb-4584-a45a-fc4839feffd6, thingarn=arn:aws:iot:us-east-1:507441099951:thing/iot-device-02, thingtypename=null, attributes={installed=1593361211, latitude=32.8205865, longitude=-96.871627}, version=1, billinggroupname=null}","2020-11-26 00:00:00.000"
"iot-device-03","1.5946086940134757E9","48.3","70.88","false","false","0.0078","0.0051","0.021","2020-11-26T17:02:42.181+0000","{defaultclientid=iot-device-03, thingname=iot-device-03, thingid=877352b9-a35d-45d3-9c98-162d89965a13, thingarn=arn:aws:iot:us-east-1:507441099951:thing/iot-device-03, thingtypename=null, attributes={installed=1592562234, latitude=37.4133144, longitude=-122.1513069}, version=1, billinggroupname=null}","2020-11-26 00:00:00.000"
"iot-device-01","1.5946086950129054E9","73.4","66.02","false","false","0.009","0.0062","0.0242","2020-11-26T17:02:42.477+0000","{defaultclientid=iot-device-01, thingname=iot-device-01, thingid=983c2b68-f9a3-4e83-b3c6-9f6f8ad5431b, thingarn=arn:aws:iot:us-east-1:507441099951:thing/iot-device-01, thingtypename=null, attributes={installed=1594665292, latitude=37.4133144, longitude=-122.1513069}, version=1, billinggroupname=null}","2020-11-26 00:00:00.000"
"iot-device-02","1.5946086956908774E9","59.3","78.44","true","false","0.0072","0.0046","0.0192","2020-11-26T17:02:42.758+0000","{defaultclientid=iot-device-02, thingname=iot-device-02, thingid=4ae4927a-aefb-4584-a45a-fc4839feffd6, thingarn=arn:aws:iot:us-east-1:507441099951:thing/iot-device-02, thingtypename=null, attributes={installed=1593361211, latitude=32.8205865, longitude=-96.871627}, version=1, billinggroupname=null}","2020-11-26 00:00:00.000"
"iot-device-03","1.5946086645372677E9","48.4","70.88","false","false","0.0078","0.0051","0.021","2020-11-26T17:02:37.067+0000","{defaultclientid=iot-device-03, thingname=iot-device-03, thingid=877352b9-a35d-45d3-9c98-162d89965a13, thingarn=arn:aws:iot:us-east-1:507441099951:thing/iot-device-03, thingtypename=null, attributes={installed=1592562234, latitude=37.4133144, longitude=-122.1513069}, version=1, billinggroupname=null}","2020-11-26 00:00:00.000"
"iot-device-01","1.5946086652197785E9","73.4","66.2","false","false","0.0091","0.0063","0.0244","2020-11-26T17:02:37.363+0000","{defaultclientid=iot-device-01, thingname=iot-device-01, thingid=983c2b68-f9a3-4e83-b3c6-9f6f8ad5431b, thingarn=arn:aws:iot:us-east-1:507441099951:thing/iot-device-01, thingtypename=null, attributes={installed=1594665292, latitude=37.4133144, longitude=-122.1513069}, version=1, billinggroupname=null}","2020-11-26 00:00:00.000"
"iot-device-03","1.5946086682225342E9","48.4","70.88","false","false","0.0079","0.0052","0.021","2020-11-26T17:02:37.648+0000","{defaultclientid=iot-device-03, thingname=iot-device-03, thingid=877352b9-a35d-45d3-9c98-162d89965a13, thingarn=arn:aws:iot:us-east-1:507441099951:thing/iot-device-03, thingtypename=null, attributes={installed=1592562234, latitude=37.4133144, longitude=-122.1513069}, version=1, billinggroupname=null}","2020-11-26 00:00:00.000"
"iot-device-02","1.5946086697004485E9","59.4","78.62","true","false","0.0072","0.0046","0.0192","2020-11-26T17:02:37.948+0000","{defaultclientid=iot-device-02, thingname=iot-device-02, thingid=4ae4927a-aefb-4584-a45a-fc4839feffd6, thingarn=arn:aws:iot:us-east-1:507441099951:thing/iot-device-02, thingtypename=null, attributes={installed=1593361211, latitude=32.8205865, longitude=-96.871627}, version=1, billinggroupname=null}","2020-11-26 00:00:00.000"
"iot-device-03","1.5946086719064662E9","48.4","70.88","false","false","0.0079","0.0052","0.0211","2020-11-26T17:02:38.249+0000","{defaultclientid=iot-device-03, thingname=iot-device-03, thingid=877352b9-a35d-45d3-9c98-162d89965a13, thingarn=arn:aws:iot:us-east-1:507441099951:thing/iot-device-03, thingtypename=null, attributes={installed=1592562234, latitude=37.4133144, longitude=-122.1513069}, version=1, billinggroupname=null}","2020-11-26 00:00:00.000"
"iot-device-02","1.5946086735076878E9","59.3","78.44","true","false","0.0072","0.0046","0.0191","2020-11-26T17:02:38.538+0000","{defaultclientid=iot-device-02, thingname=iot-device-02, thingid=4ae4927a-aefb-4584-a45a-fc4839feffd6, thingarn=arn:aws:iot:us-east-1:507441099951:thing/iot-device-02, thingtypename=null, attributes={installed=1593361211, latitude=32.8205865, longitude=-96.871627}, version=1, billinggroupname=null}","2020-11-26 00:00:00.000"
"iot-device-01","1.5946086749690516E9","73.5","66.2","false","false","0.0091","0.0063","0.0244","2020-11-26T17:02:38.848+0000","{defaultclientid=iot-device-01, thingname=iot-device-01, thingid=983c2b68-f9a3-4e83-b3c6-9f6f8ad5431b, thingarn=arn:aws:iot:us-east-1:507441099951:thing/iot-device-01, thingtypename=null, attributes={installed=1594665292, latitude=37.4133144, longitude=-122.1513069}, version=1, billinggroupname=null}","2020-11-26 00:00:00.000"
"iot-device-03","1.594608675592248E9","48.4","70.88","false","false","0.0079","0.0052","0.021","2020-11-26T17:02:39.137+0000","{defaultclientid=iot-device-03, thingname=iot-device-03, thingid=877352b9-a35d-45d3-9c98-162d89965a13, thingarn=arn:aws:iot:us-east-1:507441099951:thing/iot-device-03, thingtypename=null, attributes={installed=1592562234, latitude=37.4133144, longitude=-122.1513069}, version=1, billinggroupname=null}","2020-11-26 00:00:00.000"
"iot-device-03","1.5946086792772632E9","48.4","70.88","false","false","0.0078","0.0051","0.0209","2020-11-26T17:02:39.430+0000","{defaultclientid=iot-device-03, thingname=iot-device-03, thingid=877352b9-a35d-45d3-9c98-162d89965a13, thingarn=arn:aws:iot:us-east-1:507441099951:thing/iot-device-03, thingtypename=null, attributes={installed=1592562234, latitude=37.4133144, longitude=-122.1513069}, version=1, billinggroupname=null}","2020-11-26 00:00:00.000"
"iot-device-01","1.5946086825444436E9","73.4","66.2","false","false","0.0091","0.0063","0.0244","2020-11-26T17:02:39.711+0000","{defaultclientid=iot-device-01, thingname=iot-device-01, thingid=983c2b68-f9a3-4e83-b3c6-9f6f8ad5431b, thingarn=arn:aws:iot:us-east-1:507441099951:thing/iot-device-01, thingtypename=null, attributes={installed=1594665292, latitude=37.4133144, longitude=-122.1513069}, version=1, billinggroupname=null}","2020-11-26 00:00:00.000"
"iot-device-03","1.594608716136286E9","48.3","70.88","false","false","0.0079","0.0052","0.021","2020-11-26T17:02:46.256+0000","{defaultclientid=iot-device-03, thingname=iot-device-03, thingid=877352b9-a35d-45d3-9c98-162d89965a13, thingarn=arn:aws:iot:us-east-1:507441099951:thing/iot-device-03, thingtypename=null, attributes={installed=1592562234, latitude=37.4133144, longitude=-122.1513069}, version=1, billinggroupname=null}","2020-11-26 00:00:00.000"
"iot-device-01","1.5946087188199046E9","73.3","66.02","false","false","0.0091","0.0063","0.0244","2020-11-26T17:02:46.556+0000","{defaultclientid=iot-device-01, thingname=iot-device-01, thingid=983c2b68-f9a3-4e83-b3c6-9f6f8ad5431b, thingarn=arn:aws:iot:us-east-1:507441099951:thing/iot-device-01, thingtypename=null, attributes={installed=1594665292, latitude=37.4133144, longitude=-122.1513069}, version=1, billinggroupname=null}","2020-11-26 00:00:00.000"
"iot-device-03","1.594608719823737E9","48.3","70.7","false","false","0.0079","0.0052","0.0211","2020-11-26T17:02:46.880+0000","{defaultclientid=iot-device-03, thingname=iot-device-03, thingid=877352b9-a35d-45d3-9c98-162d89965a13, thingarn=arn:aws:iot:us-east-1:507441099951:thing/iot-device-03, thingtypename=null, attributes={installed=1592562234, latitude=37.4133144, longitude=-122.1513069}, version=1, billinggroupname=null}","2020-11-26 00:00:00.000"
"iot-device-02","1.5946087205472538E9","59.3","78.44","true","false","0.0072","0.0045","0.019","2020-11-26T17:02:47.185+0000","{defaultclientid=iot-device-02, thingname=iot-device-02, thingid=4ae4927a-aefb-4584-a45a-fc4839feffd6, thingarn=arn:aws:iot:us-east-1:507441099951:thing/iot-device-02, thingtypename=null, attributes={installed=1593361211, latitude=32.8205865, longitude=-96.871627}, version=1, billinggroupname=null}","2020-11-26 00:00:00.000"
"iot-device-03","1.5946087235096624E9","48.3","70.7","false","false","0.0079","0.0052","0.021","2020-11-26T17:02:47.473+0000","{defaultclientid=iot-device-03, thingname=iot-device-03, thingid=877352b9-a35d-45d3-9c98-162d89965a13, thingarn=arn:aws:iot:us-east-1:507441099951:thing/iot-device-03, thingtypename=null, attributes={installed=1592562234, latitude=37.4133144, longitude=-122.1513069}, version=1, billinggroupname=null}","2020-11-26 00:00:00.000"
"iot-device-01","1.5946087258600392E9","73.4","66.02","false","false","0.0092","0.0064","0.0249","2020-11-26T17:02:47.765+0000","{defaultclientid=iot-device-01, thingname=iot-device-01, thingid=983c2b68-f9a3-4e83-b3c6-9f6f8ad5431b, thingarn=arn:aws:iot:us-east-1:507441099951:thing/iot-device-01, thingtypename=null, attributes={installed=1594665292, latitude=37.4133144, longitude=-122.1513069}, version=1, billinggroupname=null}","2020-11-26 00:00:00.000"
"iot-device-03","1.5946087271955733E9","48.3","70.7","false","false","0.0079","0.0052","0.0211","2020-11-26T17:02:48.049+0000","{defaultclientid=iot-device-03, thingname=iot-device-03, thingid=877352b9-a35d-45d3-9c98-162d89965a13, thingarn=arn:aws:iot:us-east-1:507441099951:thing/iot-device-03, thingtypename=null, attributes={installed=1592562234, latitude=37.4133144, longitude=-122.1513069}, version=1, billinggroupname=null}","2020-11-26 00:00:00.000"
"iot-device-02","1.5946087281052456E9","59.3","78.44","true","false","0.0072","0.0045","0.019","2020-11-26T17:02:48.342+0000","{defaultclientid=iot-device-02, thingname=iot-device-02, thingid=4ae4927a-aefb-4584-a45a-fc4839feffd6, thingarn=arn:aws:iot:us-east-1:507441099951:thing/iot-device-02, thingtypename=null, attributes={installed=1593361211, latitude=32.8205865, longitude=-96.871627}, version=1, billinggroupname=null}","2020-11-26 00:00:00.000"
"iot-device-01","1.5946087302062464E9","73.4","66.02","false","false","0.0091","0.0063","0.0244","2020-11-26T17:02:48.637+0000","{defaultclientid=iot-device-01, thingname=iot-device-01, thingid=983c2b68-f9a3-4e83-b3c6-9f6f8ad5431b, thingarn=arn:aws:iot:us-east-1:507441099951:thing/iot-device-01, thingtypename=null, attributes={installed=1594665292, latitude=37.4133144, longitude=-122.1513069}, version=1, billinggroupname=null}","2020-11-26 00:00:00.000"
"iot-device-03","1.5946087308819973E9","48.4","70.88","false","false","0.0078","0.0051","0.021","2020-11-26T17:02:48.941+0000","{defaultclientid=iot-device-03, thingname=iot-device-03, thingid=877352b9-a35d-45d3-9c98-162d89965a13, thingarn=arn:aws:iot:us-east-1:507441099951:thing/iot-device-03, thingtypename=null, attributes={installed=1592562234, latitude=37.4133144, longitude=-122.1513069}, version=1, billinggroupname=null}","2020-11-26 00:00:00.000"
"iot-device-03","1.5946038484581745E9","48.9","71.06","false","false","0.008","0.0053","0.0215","2020-11-26T16:58:15.302+0000","{defaultclientid=iot-device-03, thingname=iot-device-03, thingid=877352b9-a35d-45d3-9c98-162d89965a13, thingarn=arn:aws:iot:us-east-1:507441099951:thing/iot-device-03, thingtypename=null, attributes={installed=1592562234, latitude=37.4133144, longitude=-122.1513069}, version=1, billinggroupname=null}","2020-11-26 00:00:00.000"
"iot-device-03","1.5946038519863734E9","48.9","70.88","false","false","0.0081","0.0053","0.0216","2020-11-26T16:58:15.599+0000","{defaultclientid=iot-device-03, thingname=iot-device-03, thingid=877352b9-a35d-45d3-9c98-162d89965a13, thingarn=arn:aws:iot:us-east-1:507441099951:thing/iot-device-03, thingtypename=null, attributes={installed=1592562234, latitude=37.4133144, longitude=-122.1513069}, version=1, billinggroupname=null}","2020-11-26 00:00:00.000"
"iot-device-01","1.5946038521494827E9","73.7","66.02","false","false","0.0107","0.0078","0.0291","2020-11-26T16:58:15.895+0000","{defaultclientid=iot-device-01, thingname=iot-device-01, thingid=983c2b68-f9a3-4e83-b3c6-9f6f8ad5431b, thingarn=arn:aws:iot:us-east-1:507441099951:thing/iot-device-01, thingtypename=null, attributes={installed=1594665292, latitude=37.4133144, longitude=-122.1513069}, version=1, billinggroupname=null}","2020-11-26 00:00:00.000"
"iot-device-02","1.5946038530429387E9","59.7","79.16","true","false","0.0072","0.0046","0.0192","2020-11-26T16:58:16.177+0000","{defaultclientid=iot-device-02, thingname=iot-device-02, thingid=4ae4927a-aefb-4584-a45a-fc4839feffd6, thingarn=arn:aws:iot:us-east-1:507441099951:thing/iot-device-02, thingtypename=null, attributes={installed=1593361211, latitude=32.8205865, longitude=-96.871627}, version=1, billinggroupname=null}","2020-11-26 00:00:00.000"
"iot-device-03","1.594603855671806E9","49.0","71.06","false","false","0.008","0.0053","0.0215","2020-11-26T16:58:16.472+0000","{defaultclientid=iot-device-03, thingname=iot-device-03, thingid=877352b9-a35d-45d3-9c98-162d89965a13, thingarn=arn:aws:iot:us-east-1:507441099951:thing/iot-device-03, thingtypename=null, attributes={installed=1592562234, latitude=37.4133144, longitude=-122.1513069}, version=1, billinggroupname=null}","2020-11-26 00:00:00.000"
"iot-device-01","1.5946038581092782E9","73.7","66.02","false","false","0.0108","0.008","0.0294","2020-11-26T16:58:16.770+0000","{defaultclientid=iot-device-01, thingname=iot-device-01, thingid=983c2b68-f9a3-4e83-b3c6-9f6f8ad5431b, thingarn=arn:aws:iot:us-east-1:507441099951:thing/iot-device-01, thingtypename=null, attributes={installed=1594665292, latitude=37.4133144, longitude=-122.1513069}, version=1, billinggroupname=null}","2020-11-26 00:00:00.000"
"iot-device-03","1.5946038593579545E9","48.9","71.06","false","false","0.008","0.0053","0.0215","2020-11-26T16:58:17.060+0000","{defaultclientid=iot-device-03, thingname=iot-device-03, thingid=877352b9-a35d-45d3-9c98-162d89965a13, thingarn=arn:aws:iot:us-east-1:507441099951:thing/iot-device-03, thingtypename=null, attributes={installed=1592562234, latitude=37.4133144, longitude=-122.1513069}, version=1, billinggroupname=null}","2020-11-26 00:00:00.000"
"iot-device-02","1.5946038600551198E9","59.7","79.16","true","false","0.0072","0.0046","0.0192","2020-11-26T16:58:17.356+0000","{defaultclientid=iot-device-02, thingname=iot-device-02, thingid=4ae4927a-aefb-4584-a45a-fc4839feffd6, thingarn=arn:aws:iot:us-east-1:507441099951:thing/iot-device-02, thingtypename=null, attributes={installed=1593361211, latitude=32.8205865, longitude=-96.871627}, version=1, billinggroupname=null}","2020-11-26 00:00:00.000"
"iot-device-03","1.5946038630416846E9","48.9","70.88","false","false","0.008","0.0053","0.0215","2020-11-26T16:58:17.649+0000","{defaultclientid=iot-device-03, thingname=iot-device-03, thingid=877352b9-a35d-45d3-9c98-162d89965a13, thingarn=arn:aws:iot:us-east-1:507441099951:thing/iot-device-03, thingtypename=null, attributes={installed=1592562234, latitude=37.4133144, longitude=-122.1513069}, version=1, billinggroupname=null}","2020-11-26 00:00:00.000"
"iot-device-02","1.594603864419959E9","59.9","79.34","true","false","0.0073","0.0046","0.0193","2020-11-26T16:58:17.940+0000","{defaultclientid=iot-device-02, thingname=iot-device-02, thingid=4ae4927a-aefb-4584-a45a-fc4839feffd6, thingarn=arn:aws:iot:us-east-1:507441099951:thing/iot-device-02, thingtypename=null, attributes={installed=1593361211, latitude=32.8205865, longitude=-96.871627}, version=1, billinggroupname=null}","2020-11-26 00:00:00.000"
"iot-device-03","1.5946041696232688E9","51.2","70.88","false","false","0.0081","0.0053","0.0216","2020-11-26T16:58:18.238+0000","{defaultclientid=iot-device-03, thingname=iot-device-03, thingid=877352b9-a35d-45d3-9c98-162d89965a13, thingarn=arn:aws:iot:us-east-1:507441099951:thing/iot-device-03, thingtypename=null, attributes={installed=1592562234, latitude=37.4133144, longitude=-122.1513069}, version=1, billinggroupname=null}","2020-11-26 00:00:00.000"
"iot-device-02","1.5946041699356592E9","60.0","79.34","true","false","0.0072","0.0046","0.0192","2020-11-26T16:58:18.519+0000","{defaultclientid=iot-device-02, thingname=iot-device-02, thingid=4ae4927a-aefb-4584-a45a-fc4839feffd6, thingarn=arn:aws:iot:us-east-1:507441099951:thing/iot-device-02, thingtypename=null, attributes={installed=1593361211, latitude=32.8205865, longitude=-96.871627}, version=1, billinggroupname=null}","2020-11-26 00:00:00.000"
"iot-device-01","1.5946041719766195E9","74.3","66.02","false","false","0.0107","0.0078","0.0291","2020-11-26T16:58:18.819+0000","{defaultclientid=iot-device-01, thingname=iot-device-01, thingid=983c2b68-f9a3-4e83-b3c6-9f6f8ad5431b, thingarn=arn:aws:iot:us-east-1:507441099951:thing/iot-device-01, thingtypename=null, attributes={installed=1594665292, latitude=37.4133144, longitude=-122.1513069}, version=1, billinggroupname=null}","2020-11-26 00:00:00.000"
"iot-device-03","1.5946041733092158E9","51.2","70.88","false","false","0.0081","0.0053","0.0216","2020-11-26T16:58:19.120+0000","{defaultclientid=iot-device-03, thingname=iot-device-03, thingid=877352b9-a35d-45d3-9c98-162d89965a13, thingarn=arn:aws:iot:us-east-1:507441099951:thing/iot-device-03, thingtypename=null, attributes={installed=1592562234, latitude=37.4133144, longitude=-122.1513069}, version=1, billinggroupname=null}","2020-11-26 00:00:00.000"
"iot-device-02","1.5946041753487456E9","59.8","79.34","true","false","0.0072","0.0046","0.0192","2020-11-26T16:58:19.410+0000","{defaultclientid=iot-device-02, thingname=iot-device-02, thingid=4ae4927a-aefb-4584-a45a-fc4839feffd6, thingarn=arn:aws:iot:us-east-1:507441099951:thing/iot-device-02, thingtypename=null, attributes={installed=1593361211, latitude=32.8205865, longitude=-96.871627}, version=1, billinggroupname=null}","2020-11-26 00:00:00.000"
"iot-device-01","1.5946041763277721E9","74.4","66.02","false","false","0.0107","0.0078","0.0291","2020-11-26T16:58:19.705+0000","{defaultclientid=iot-device-01, thingname=iot-device-01, thingid=983c2b68-f9a3-4e83-b3c6-9f6f8ad5431b, thingarn=arn:aws:iot:us-east-1:507441099951:thing/iot-device-01, thingtypename=null, attributes={installed=1594665292, latitude=37.4133144, longitude=-122.1513069}, version=1, billinggroupname=null}","2020-11-26 00:00:00.000"
"iot-device-03","1.5946041769970362E9","51.2","70.88","false","false","0.008","0.0053","0.0215","2020-11-26T16:58:20.096+0000","{defaultclientid=iot-device-03, thingname=iot-device-03, thingid=877352b9-a35d-45d3-9c98-162d89965a13, thingarn=arn:aws:iot:us-east-1:507441099951:thing/iot-device-03, thingtypename=null, attributes={installed=1592562234, latitude=37.4133144, longitude=-122.1513069}, version=1, billinggroupname=null}","2020-11-26 00:00:00.000"
"iot-device-02","1.594604180227005E9","59.8","79.34","true","false","0.0072","0.0046","0.0192","2020-11-26T16:58:20.389+0000","{defaultclientid=iot-device-02, thingname=iot-device-02, thingid=4ae4927a-aefb-4584-a45a-fc4839feffd6, thingarn=arn:aws:iot:us-east-1:507441099951:thing/iot-device-02, thingtypename=null, attributes={installed=1593361211, latitude=32.8205865, longitude=-96.871627}, version=1, billinggroupname=null}","2020-11-26 00:00:00.000"
"iot-device-01","1.5946041806789062E9","74.5","66.02","false","false","0.0107","0.0078","0.0291","2020-11-26T16:58:20.681+0000","{defaultclientid=iot-device-01, thingname=iot-device-01, thingid=983c2b68-f9a3-4e83-b3c6-9f6f8ad5431b, thingarn=arn:aws:iot:us-east-1:507441099951:thing/iot-device-01, thingtypename=null, attributes={installed=1594665292, latitude=37.4133144, longitude=-122.1513069}, version=1, billinggroupname=null}","2020-11-26 00:00:00.000"
"iot-device-03","1.5946041806830194E9","51.2","70.88","false","false","0.0081","0.0053","0.0216","2020-11-26T16:58:20.977+0000","{defaultclientid=iot-device-03, thingname=iot-device-03, thingid=877352b9-a35d-45d3-9c98-162d89965a13, thingarn=arn:aws:iot:us-east-1:507441099951:thing/iot-device-03, thingtypename=null, attributes={installed=1592562234, latitude=37.4133144, longitude=-122.1513069}, version=1, billinggroupname=null}","2020-11-26 00:00:00.000"
"iot-device-01","1.5946038304351616E9","73.8","66.02","false","false","0.0107","0.0078","0.0291","2020-11-26T16:58:12.291+0000","{defaultclientid=iot-device-01, thingname=iot-device-01, thingid=983c2b68-f9a3-4e83-b3c6-9f6f8ad5431b, thingarn=arn:aws:iot:us-east-1:507441099951:thing/iot-device-01, thingtypename=null, attributes={installed=1594665292, latitude=37.4133144, longitude=-122.1513069}, version=1, billinggroupname=null}","2020-11-26 00:00:00.000"
"iot-device-03","1.594603833715154E9","48.9","71.06","false","false","0.008","0.0053","0.0215","2020-11-26T16:58:12.579+0000","{defaultclientid=iot-device-03, thingname=iot-device-03, thingid=877352b9-a35d-45d3-9c98-162d89965a13, thingarn=arn:aws:iot:us-east-1:507441099951:thing/iot-device-03, thingtypename=null, attributes={installed=1592562234, latitude=37.4133144, longitude=-122.1513069}, version=1, billinggroupname=null}","2020-11-26 00:00:00.000"
"iot-device-02","1.5946038350072913E9","59.7","79.16","true","false","0.0073","0.0046","0.0193","2020-11-26T16:58:12.872+0000","{defaultclientid=iot-device-02, thingname=iot-device-02, thingid=4ae4927a-aefb-4584-a45a-fc4839feffd6, thingarn=arn:aws:iot:us-east-1:507441099951:thing/iot-device-02, thingtypename=null, attributes={installed=1593361211, latitude=32.8205865, longitude=-96.871627}, version=1, billinggroupname=null}","2020-11-26 00:00:00.000"
"iot-device-01","1.5946038363958206E9","73.7","66.02","false","false","0.0109","0.0081","0.0298","2020-11-26T16:58:13.235+0000","{defaultclientid=iot-device-01, thingname=iot-device-01, thingid=983c2b68-f9a3-4e83-b3c6-9f6f8ad5431b, thingarn=arn:aws:iot:us-east-1:507441099951:thing/iot-device-01, thingtypename=null, attributes={installed=1594665292, latitude=37.4133144, longitude=-122.1513069}, version=1, billinggroupname=null}","2020-11-26 00:00:00.000"
"iot-device-03","1.5946038374012294E9","48.9","71.06","false","false","0.008","0.0053","0.0215","2020-11-26T16:58:13.528+0000","{defaultclientid=iot-device-03, thingname=iot-device-03, thingid=877352b9-a35d-45d3-9c98-162d89965a13, thingarn=arn:aws:iot:us-east-1:507441099951:thing/iot-device-03, thingtypename=null, attributes={installed=1592562234, latitude=37.4133144, longitude=-122.1513069}, version=1, billinggroupname=null}","2020-11-26 00:00:00.000"
"iot-device-01","1.594603840212065E9","73.7","66.02","false","false","0.0108","0.008","0.0294","2020-11-26T16:58:13.812+0000","{defaultclientid=iot-device-01, thingname=iot-device-01, thingid=983c2b68-f9a3-4e83-b3c6-9f6f8ad5431b, thingarn=arn:aws:iot:us-east-1:507441099951:thing/iot-device-01, thingtypename=null, attributes={installed=1594665292, latitude=37.4133144, longitude=-122.1513069}, version=1, billinggroupname=null}","2020-11-26 00:00:00.000"
"iot-device-02","1.594603840956316E9","59.8","79.16","true","false","0.0072","0.0046","0.0192","2020-11-26T16:58:14.112+0000","{defaultclientid=iot-device-02, thingname=iot-device-02, thingid=4ae4927a-aefb-4584-a45a-fc4839feffd6, thingarn=arn:aws:iot:us-east-1:507441099951:thing/iot-device-02, thingtypename=null, attributes={installed=1593361211, latitude=32.8205865, longitude=-96.871627}, version=1, billinggroupname=null}","2020-11-26 00:00:00.000"
"iot-device-03","1.5946038410871358E9","48.9","71.06","false","false","0.008","0.0053","0.0215","2020-11-26T16:58:14.404+0000","{defaultclientid=iot-device-03, thingname=iot-device-03, thingid=877352b9-a35d-45d3-9c98-162d89965a13, thingarn=arn:aws:iot:us-east-1:507441099951:thing/iot-device-03, thingtypename=null, attributes={installed=1592562234, latitude=37.4133144, longitude=-122.1513069}, version=1, billinggroupname=null}","2020-11-26 00:00:00.000"
"iot-device-03","1.594603844773351E9","48.9","71.06","false","false","0.008","0.0053","0.0215","2020-11-26T16:58:14.700+0000","{defaultclientid=iot-device-03, thingname=iot-device-03, thingid=877352b9-a35d-45d3-9c98-162d89965a13, thingarn=arn:aws:iot:us-east-1:507441099951:thing/iot-device-03, thingtypename=null, attributes={installed=1592562234, latitude=37.4133144, longitude=-122.1513069}, version=1, billinggroupname=null}","2020-11-26 00:00:00.000"
"iot-device-01","1.5946038461813164E9","73.7","66.02","false","false","0.0108","0.008","0.0294","2020-11-26T16:58:14.989+0000","{defaultclientid=iot-device-01, thingname=iot-device-01, thingid=983c2b68-f9a3-4e83-b3c6-9f6f8ad5431b, thingarn=arn:aws:iot:us-east-1:507441099951:thing/iot-device-01, thingtypename=null, attributes={installed=1594665292, latitude=37.4133144, longitude=-122.1513069}, version=1, billinggroupname=null}","2020-11-26 00:00:00.000"
"iot-device-03","1.594604199103742E9","51.3","71.06","false","false","0.0081","0.0053","0.0216","2020-11-26T16:58:24.229+0000","{defaultclientid=iot-device-03, thingname=iot-device-03, thingid=877352b9-a35d-45d3-9c98-162d89965a13, thingarn=arn:aws:iot:us-east-1:507441099951:thing/iot-device-03, thingtypename=null, attributes={installed=1592562234, latitude=37.4133144, longitude=-122.1513069}, version=1, billinggroupname=null}","2020-11-26 00:00:00.000"
"iot-device-03","1.5946042027898765E9","51.4","71.06","false","false","0.0081","0.0053","0.0216","2020-11-26T16:58:24.527+0000","{defaultclientid=iot-device-03, thingname=iot-device-03, thingid=877352b9-a35d-45d3-9c98-162d89965a13, thingarn=arn:aws:iot:us-east-1:507441099951:thing/iot-device-03, thingtypename=null, attributes={installed=1592562234, latitude=37.4133144, longitude=-122.1513069}, version=1, billinggroupname=null}","2020-11-26 00:00:00.000"
"iot-device-02","1.5946042029460428E9","59.7","79.16","true","false","0.0072","0.0046","0.0192","2020-11-26T16:58:24.820+0000","{defaultclientid=iot-device-02, thingname=iot-device-02, thingid=4ae4927a-aefb-4584-a45a-fc4839feffd6, thingarn=arn:aws:iot:us-east-1:507441099951:thing/iot-device-02, thingtypename=null, attributes={installed=1593361211, latitude=32.8205865, longitude=-96.871627}, version=1, billinggroupname=null}","2020-11-26 00:00:00.000"
"iot-device-03","1.5946042064759119E9","51.5","71.06","false","false","0.0081","0.0053","0.0216","2020-11-26T16:58:25.112+0000","{defaultclientid=iot-device-03, thingname=iot-device-03, thingid=877352b9-a35d-45d3-9c98-162d89965a13, thingarn=arn:aws:iot:us-east-1:507441099951:thing/iot-device-03, thingtypename=null, attributes={installed=1592562234, latitude=37.4133144, longitude=-122.1513069}, version=1, billinggroupname=null}","2020-11-26 00:00:00.000"
"iot-device-01","1.5946042082962267E9","74.5","66.02","false","false","0.0107","0.0078","0.0291","2020-11-26T16:58:25.400+0000","{defaultclientid=iot-device-01, thingname=iot-device-01, thingid=983c2b68-f9a3-4e83-b3c6-9f6f8ad5431b, thingarn=arn:aws:iot:us-east-1:507441099951:thing/iot-device-01, thingtypename=null, attributes={installed=1594665292, latitude=37.4133144, longitude=-122.1513069}, version=1, billinggroupname=null}","2020-11-26 00:00:00.000"
"iot-device-03","1.5946042101593182E9","51.5","71.06","false","false","0.008","0.0053","0.0215","2020-11-26T16:58:25.689+0000","{defaultclientid=iot-device-03, thingname=iot-device-03, thingid=877352b9-a35d-45d3-9c98-162d89965a13, thingarn=arn:aws:iot:us-east-1:507441099951:thing/iot-device-03, thingtypename=null, attributes={installed=1592562234, latitude=37.4133144, longitude=-122.1513069}, version=1, billinggroupname=null}","2020-11-26 00:00:00.000"
"iot-device-02","1.5946042126370733E9","59.6","79.16","true","false","0.0072","0.0046","0.0192","2020-11-26T16:58:25.979+0000","{defaultclientid=iot-device-02, thingname=iot-device-02, thingid=4ae4927a-aefb-4584-a45a-fc4839feffd6, thingarn=arn:aws:iot:us-east-1:507441099951:thing/iot-device-02, thingtypename=null, attributes={installed=1593361211, latitude=32.8205865, longitude=-96.871627}, version=1, billinggroupname=null}","2020-11-26 00:00:00.000"
"iot-device-01","1.5946042126484425E9","74.5","66.02","false","false","0.0107","0.0078","0.0291","2020-11-26T16:58:26.283+0000","{defaultclientid=iot-device-01, thingname=iot-device-01, thingid=983c2b68-f9a3-4e83-b3c6-9f6f8ad5431b, thingarn=arn:aws:iot:us-east-1:507441099951:thing/iot-device-01, thingtypename=null, attributes={installed=1594665292, latitude=37.4133144, longitude=-122.1513069}, version=1, billinggroupname=null}","2020-11-26 00:00:00.000"
"iot-device-03","1.5946042138459802E9","51.5","71.06","false","false","0.0081","0.0053","0.0216","2020-11-26T16:58:26.575+0000","{defaultclientid=iot-device-03, thingname=iot-device-03, thingid=877352b9-a35d-45d3-9c98-162d89965a13, thingarn=arn:aws:iot:us-east-1:507441099951:thing/iot-device-03, thingtypename=null, attributes={installed=1592562234, latitude=37.4133144, longitude=-122.1513069}, version=1, billinggroupname=null}","2020-11-26 00:00:00.000"
"iot-device-02","1.5946042164450693E9","59.7","79.34","true","false","0.0072","0.0046","0.0192","2020-11-26T16:58:26.858+0000","{defaultclientid=iot-device-02, thingname=iot-device-02, thingid=4ae4927a-aefb-4584-a45a-fc4839feffd6, thingarn=arn:aws:iot:us-east-1:507441099951:thing/iot-device-02, thingtypename=null, attributes={installed=1593361211, latitude=32.8205865, longitude=-96.871627}, version=1, billinggroupname=null}","2020-11-26 00:00:00.000"
"iot-device-03","1.5946041843690925E9","51.2","70.88","false","false","0.008","0.0053","0.0215","2020-11-26T16:58:21.267+0000","{defaultclientid=iot-device-03, thingname=iot-device-03, thingid=877352b9-a35d-45d3-9c98-162d89965a13, thingarn=arn:aws:iot:us-east-1:507441099951:thing/iot-device-03, thingtypename=null, attributes={installed=1592562234, latitude=37.4133144, longitude=-122.1513069}, version=1, billinggroupname=null}","2020-11-26 00:00:00.000"
"iot-device-01","1.594604185567808E9","74.5","66.02","false","false","0.0107","0.0078","0.0291","2020-11-26T16:58:21.565+0000","{defaultclientid=iot-device-01, thingname=iot-device-01, thingid=983c2b68-f9a3-4e83-b3c6-9f6f8ad5431b, thingarn=arn:aws:iot:us-east-1:507441099951:thing/iot-device-01, thingtypename=null, attributes={installed=1594665292, latitude=37.4133144, longitude=-122.1513069}, version=1, billinggroupname=null}","2020-11-26 00:00:00.000"
"iot-device-02","1.5946041877807753E9","59.8","79.16","true","false","0.0072","0.0046","0.0192","2020-11-26T16:58:21.858+0000","{defaultclientid=iot-device-02, thingname=iot-device-02, thingid=4ae4927a-aefb-4584-a45a-fc4839feffd6, thingarn=arn:aws:iot:us-east-1:507441099951:thing/iot-device-02, thingtypename=null, attributes={installed=1593361211, latitude=32.8205865, longitude=-96.871627}, version=1, billinggroupname=null}","2020-11-26 00:00:00.000"
"iot-device-03","1.594604188055094E9","51.2","70.88","false","false","0.008","0.0053","0.0215","2020-11-26T16:58:22.158+0000","{defaultclientid=iot-device-03, thingname=iot-device-03, thingid=877352b9-a35d-45d3-9c98-162d89965a13, thingarn=arn:aws:iot:us-east-1:507441099951:thing/iot-device-03, thingtypename=null, attributes={installed=1592562234, latitude=37.4133144, longitude=-122.1513069}, version=1, billinggroupname=null}","2020-11-26 00:00:00.000"
"iot-device-01","1.5946041904608645E9","74.6","66.02","false","false","0.0107","0.0078","0.0291","2020-11-26T16:58:22.450+0000","{defaultclientid=iot-device-01, thingname=iot-device-01, thingid=983c2b68-f9a3-4e83-b3c6-9f6f8ad5431b, thingarn=arn:aws:iot:us-east-1:507441099951:thing/iot-device-01, thingtypename=null, attributes={installed=1594665292, latitude=37.4133144, longitude=-122.1513069}, version=1, billinggroupname=null}","2020-11-26 00:00:00.000"
"iot-device-02","1.594604191589954E9","59.8","79.34","true","false","0.0072","0.0046","0.0192","2020-11-26T16:58:22.742+0000","{defaultclientid=iot-device-02, thingname=iot-device-02, thingid=4ae4927a-aefb-4584-a45a-fc4839feffd6, thingarn=arn:aws:iot:us-east-1:507441099951:thing/iot-device-02, thingtypename=null, attributes={installed=1593361211, latitude=32.8205865, longitude=-96.871627}, version=1, billinggroupname=null}","2020-11-26 00:00:00.000"
"iot-device-03","1.5946041917379255E9","51.2","70.88","false","false","0.008","0.0053","0.0215","2020-11-26T16:58:23.041+0000","{defaultclientid=iot-device-03, thingname=iot-device-03, thingid=877352b9-a35d-45d3-9c98-162d89965a13, thingarn=arn:aws:iot:us-east-1:507441099951:thing/iot-device-03, thingtypename=null, attributes={installed=1592562234, latitude=37.4133144, longitude=-122.1513069}, version=1, billinggroupname=null}","2020-11-26 00:00:00.000"
"iot-device-03","1.5946041954195654E9","51.3","71.06","false","false","0.008","0.0053","0.0215","2020-11-26T16:58:23.329+0000","{defaultclientid=iot-device-03, thingname=iot-device-03, thingid=877352b9-a35d-45d3-9c98-162d89965a13, thingarn=arn:aws:iot:us-east-1:507441099951:thing/iot-device-03, thingtypename=null, attributes={installed=1592562234, latitude=37.4133144, longitude=-122.1513069}, version=1, billinggroupname=null}","2020-11-26 00:00:00.000"
"iot-device-01","1.594604198038241E9","74.6","66.02","false","false","0.0108","0.008","0.0294","2020-11-26T16:58:23.644+0000","{defaultclientid=iot-device-01, thingname=iot-device-01, thingid=983c2b68-f9a3-4e83-b3c6-9f6f8ad5431b, thingarn=arn:aws:iot:us-east-1:507441099951:thing/iot-device-01, thingtypename=null, attributes={installed=1594665292, latitude=37.4133144, longitude=-122.1513069}, version=1, billinggroupname=null}","2020-11-26 00:00:00.000"
"iot-device-02","1.594604198072117E9","59.8","79.34","true","false","0.0072","0.0046","0.0192","2020-11-26T16:58:23.936+0000","{defaultclientid=iot-device-02, thingname=iot-device-02, thingid=4ae4927a-aefb-4584-a45a-fc4839feffd6, thingarn=arn:aws:iot:us-east-1:507441099951:thing/iot-device-02, thingtypename=null, attributes={installed=1593361211, latitude=32.8205865, longitude=-96.871627}, version=1, billinggroupname=null}","2020-11-26 00:00:00.000"
"iot-device-03","1.5946042175334651E9","51.5","71.06","false","false","0.0081","0.0053","0.0216","2020-11-26T16:58:27.154+0000","{defaultclientid=iot-device-03, thingname=iot-device-03, thingid=877352b9-a35d-45d3-9c98-162d89965a13, thingarn=arn:aws:iot:us-east-1:507441099951:thing/iot-device-03, thingtypename=null, attributes={installed=1592562234, latitude=37.4133144, longitude=-122.1513069}, version=1, billinggroupname=null}","2020-11-26 00:00:00.000"
"iot-device-02","1.594604220790631E9","59.7","79.34","true","false","0.0072","0.0046","0.0192","2020-11-26T16:58:27.458+0000","{defaultclientid=iot-device-02, thingname=iot-device-02, thingid=4ae4927a-aefb-4584-a45a-fc4839feffd6, thingarn=arn:aws:iot:us-east-1:507441099951:thing/iot-device-02, thingtypename=null, attributes={installed=1593361211, latitude=32.8205865, longitude=-96.871627}, version=1, billinggroupname=null}","2020-11-26 00:00:00.000"
"iot-device-03","1.5946042212186859E9","51.4","71.06","false","false","0.008","0.0053","0.0215","2020-11-26T16:58:27.793+0000","{defaultclientid=iot-device-03, thingname=iot-device-03, thingid=877352b9-a35d-45d3-9c98-162d89965a13, thingarn=arn:aws:iot:us-east-1:507441099951:thing/iot-device-03, thingtypename=null, attributes={installed=1592562234, latitude=37.4133144, longitude=-122.1513069}, version=1, billinggroupname=null}","2020-11-26 00:00:00.000"
"iot-device-01","1.594604221309062E9","74.5","66.02","false","false","0.0107","0.0078","0.0291","2020-11-26T16:58:28.079+0000","{defaultclientid=iot-device-01, thingname=iot-device-01, thingid=983c2b68-f9a3-4e83-b3c6-9f6f8ad5431b, thingarn=arn:aws:iot:us-east-1:507441099951:thing/iot-device-01, thingtypename=null, attributes={installed=1594665292, latitude=37.4133144, longitude=-122.1513069}, version=1, billinggroupname=null}","2020-11-26 00:00:00.000"
"iot-device-03","1.594604224906213E9","51.4","71.06","false","false","0.0081","0.0053","0.0216","2020-11-26T16:58:28.369+0000","{defaultclientid=iot-device-03, thingname=iot-device-03, thingid=877352b9-a35d-45d3-9c98-162d89965a13, thingarn=arn:aws:iot:us-east-1:507441099951:thing/iot-device-03, thingtypename=null, attributes={installed=1592562234, latitude=37.4133144, longitude=-122.1513069}, version=1, billinggroupname=null}","2020-11-26 00:00:00.000"
"iot-device-02","1.594604225675876E9","59.8","79.16","true","false","0.0072","0.0046","0.0192","2020-11-26T16:58:28.648+0000","{defaultclientid=iot-device-02, thingname=iot-device-02, thingid=4ae4927a-aefb-4584-a45a-fc4839feffd6, thingarn=arn:aws:iot:us-east-1:507441099951:thing/iot-device-02, thingtypename=null, attributes={installed=1593361211, latitude=32.8205865, longitude=-96.871627}, version=1, billinggroupname=null}","2020-11-26 00:00:00.000"
"iot-device-01","1.5946042278098238E9","74.4","66.02","false","false","0.0107","0.0078","0.0291","2020-11-26T16:58:28.940+0000","{defaultclientid=iot-device-01, thingname=iot-device-01, thingid=983c2b68-f9a3-4e83-b3c6-9f6f8ad5431b, thingarn=arn:aws:iot:us-east-1:507441099951:thing/iot-device-01, thingtypename=null, attributes={installed=1594665292, latitude=37.4133144, longitude=-122.1513069}, version=1, billinggroupname=null}","2020-11-26 00:00:00.000"
"iot-device-03","1.5946042285937665E9","51.3","71.06","false","false","0.008","0.0053","0.0215","2020-11-26T16:58:29.228+0000","{defaultclientid=iot-device-03, thingname=iot-device-03, thingid=877352b9-a35d-45d3-9c98-162d89965a13, thingarn=arn:aws:iot:us-east-1:507441099951:thing/iot-device-03, thingtypename=null, attributes={installed=1592562234, latitude=37.4133144, longitude=-122.1513069}, version=1, billinggroupname=null}","2020-11-26 00:00:00.000"
"iot-device-01","1.5946042316622837E9","74.4","66.02","false","false","0.0107","0.0078","0.0291","2020-11-26T16:58:29.527+0000","{defaultclientid=iot-device-01, thingname=iot-device-01, thingid=983c2b68-f9a3-4e83-b3c6-9f6f8ad5431b, thingarn=arn:aws:iot:us-east-1:507441099951:thing/iot-device-01, thingtypename=null, attributes={installed=1594665292, latitude=37.4133144, longitude=-122.1513069}, version=1, billinggroupname=null}","2020-11-26 00:00:00.000"
"iot-device-02","1.594604232158216E9","59.7","79.16","true","false","0.0072","0.0046","0.0192","2020-11-26T16:58:29.820+0000","{defaultclientid=iot-device-02, thingname=iot-device-02, thingid=4ae4927a-aefb-4584-a45a-fc4839feffd6, thingarn=arn:aws:iot:us-east-1:507441099951:thing/iot-device-02, thingtypename=null, attributes={installed=1593361211, latitude=32.8205865, longitude=-96.871627}, version=1, billinggroupname=null}","2020-11-26 00:00:00.000"
"iot-device-01","1.594603780550879E9","73.6","66.2","false","false","0.0107","0.0078","0.0291","2020-11-26T16:58:03.209+0000","{defaultclientid=iot-device-01, thingname=iot-device-01, thingid=983c2b68-f9a3-4e83-b3c6-9f6f8ad5431b, thingarn=arn:aws:iot:us-east-1:507441099951:thing/iot-device-01, thingtypename=null, attributes={installed=1594665292, latitude=37.4133144, longitude=-122.1513069}, version=1, billinggroupname=null}","2020-11-26 00:00:00.000"
"iot-device-03","1.5946037821699512E9","49.0","71.24","false","false","0.008","0.0053","0.0215","2020-11-26T16:58:03.488+0000","{defaultclientid=iot-device-03, thingname=iot-device-03, thingid=877352b9-a35d-45d3-9c98-162d89965a13, thingarn=arn:aws:iot:us-east-1:507441099951:thing/iot-device-03, thingtypename=null, attributes={installed=1592562234, latitude=37.4133144, longitude=-122.1513069}, version=1, billinggroupname=null}","2020-11-26 00:00:00.000"
"iot-device-02","1.594603785774987E9","59.6","79.16","true","false","0.0072","0.0046","0.0192","2020-11-26T16:58:03.770+0000","{defaultclientid=iot-device-02, thingname=iot-device-02, thingid=4ae4927a-aefb-4584-a45a-fc4839feffd6, thingarn=arn:aws:iot:us-east-1:507441099951:thing/iot-device-02, thingtypename=null, attributes={installed=1593361211, latitude=32.8205865, longitude=-96.871627}, version=1, billinggroupname=null}","2020-11-26 00:00:00.000"
"iot-device-03","1.5946037858559873E9","48.9","71.24","false","false","0.008","0.0053","0.0215","2020-11-26T16:58:04.051+0000","{defaultclientid=iot-device-03, thingname=iot-device-03, thingid=877352b9-a35d-45d3-9c98-162d89965a13, thingarn=arn:aws:iot:us-east-1:507441099951:thing/iot-device-03, thingtypename=null, attributes={installed=1592562234, latitude=37.4133144, longitude=-122.1513069}, version=1, billinggroupname=null}","2020-11-26 00:00:00.000"
"iot-device-03","1.5946037895433846E9","49.0","71.24","false","false","0.008","0.0053","0.0215","2020-11-26T16:58:04.340+0000","{defaultclientid=iot-device-03, thingname=iot-device-03, thingid=877352b9-a35d-45d3-9c98-162d89965a13, thingarn=arn:aws:iot:us-east-1:507441099951:thing/iot-device-03, thingtypename=null, attributes={installed=1592562234, latitude=37.4133144, longitude=-122.1513069}, version=1, billinggroupname=null}","2020-11-26 00:00:00.000"
"iot-device-01","1.5946037908144608E9","73.6","66.2","false","false","0.0108","0.008","0.0294","2020-11-26T16:58:04.631+0000","{defaultclientid=iot-device-01, thingname=iot-device-01, thingid=983c2b68-f9a3-4e83-b3c6-9f6f8ad5431b, thingarn=arn:aws:iot:us-east-1:507441099951:thing/iot-device-01, thingtypename=null, attributes={installed=1594665292, latitude=37.4133144, longitude=-122.1513069}, version=1, billinggroupname=null}","2020-11-26 00:00:00.000"
"iot-device-03","1.5946037932312903E9","49.0","71.24","false","false","0.008","0.0053","0.0215","2020-11-26T16:58:04.935+0000","{defaultclientid=iot-device-03, thingname=iot-device-03, thingid=877352b9-a35d-45d3-9c98-162d89965a13, thingarn=arn:aws:iot:us-east-1:507441099951:thing/iot-device-03, thingtypename=null, attributes={installed=1592562234, latitude=37.4133144, longitude=-122.1513069}, version=1, billinggroupname=null}","2020-11-26 00:00:00.000"
"iot-device-02","1.5946037933231962E9","59.6","79.16","true","false","0.0073","0.0046","0.0193","2020-11-26T16:58:05.219+0000","{defaultclientid=iot-device-02, thingname=iot-device-02, thingid=4ae4927a-aefb-4584-a45a-fc4839feffd6, thingarn=arn:aws:iot:us-east-1:507441099951:thing/iot-device-02, thingtypename=null, attributes={installed=1593361211, latitude=32.8205865, longitude=-96.871627}, version=1, billinggroupname=null}","2020-11-26 00:00:00.000"
"iot-device-01","1.5946037957079086E9","73.7","66.2","false","false","0.0107","0.0078","0.0291","2020-11-26T16:58:05.514+0000","{defaultclientid=iot-device-01, thingname=iot-device-01, thingid=983c2b68-f9a3-4e83-b3c6-9f6f8ad5431b, thingarn=arn:aws:iot:us-east-1:507441099951:thing/iot-device-01, thingtypename=null, attributes={installed=1594665292, latitude=37.4133144, longitude=-122.1513069}, version=1, billinggroupname=null}","2020-11-26 00:00:00.000"
"iot-device-03","1.5946037969188356E9","49.0","71.24","false","false","0.0081","0.0053","0.0216","2020-11-26T16:58:05.844+0000","{defaultclientid=iot-device-03, thingname=iot-device-03, thingid=877352b9-a35d-45d3-9c98-162d89965a13, thingarn=arn:aws:iot:us-east-1:507441099951:thing/iot-device-03, thingtypename=null, attributes={installed=1592562234, latitude=37.4133144, longitude=-122.1513069}, version=1, billinggroupname=null}","2020-11-26 00:00:00.000"
"iot-device-01","1.5946037995213304E9","73.7","66.2","false","false","0.0107","0.0078","0.0291","2020-11-26T16:58:06.129+0000","{defaultclientid=iot-device-01, thingname=iot-device-01, thingid=983c2b68-f9a3-4e83-b3c6-9f6f8ad5431b, thingarn=arn:aws:iot:us-east-1:507441099951:thing/iot-device-01, thingtypename=null, attributes={installed=1594665292, latitude=37.4133144, longitude=-122.1513069}, version=1, billinggroupname=null}","2020-11-26 00:00:00.000"
"iot-device-03","1.5946038006050868E9","49.0","71.24","false","false","0.008","0.0053","0.0215","2020-11-26T16:58:06.559+0000","{defaultclientid=iot-device-03, thingname=iot-device-03, thingid=877352b9-a35d-45d3-9c98-162d89965a13, thingarn=arn:aws:iot:us-east-1:507441099951:thing/iot-device-03, thingtypename=null, attributes={installed=1592562234, latitude=37.4133144, longitude=-122.1513069}, version=1, billinggroupname=null}","2020-11-26 00:00:00.000"
"iot-device-02","1.5946038008775642E9","60.0","79.16","true","false","0.0072","0.0046","0.0192","2020-11-26T16:58:06.849+0000","{defaultclientid=iot-device-02, thingname=iot-device-02, thingid=4ae4927a-aefb-4584-a45a-fc4839feffd6, thingarn=arn:aws:iot:us-east-1:507441099951:thing/iot-device-02, thingtypename=null, attributes={installed=1593361211, latitude=32.8205865, longitude=-96.871627}, version=1, billinggroupname=null}","2020-11-26 00:00:00.000"
"iot-device-03","1.594603804290407E9","49.0","71.24","false","false","0.008","0.0053","0.0215","2020-11-26T16:58:07.142+0000","{defaultclientid=iot-device-03, thingname=iot-device-03, thingid=877352b9-a35d-45d3-9c98-162d89965a13, thingarn=arn:aws:iot:us-east-1:507441099951:thing/iot-device-03, thingtypename=null, attributes={installed=1592562234, latitude=37.4133144, longitude=-122.1513069}, version=1, billinggroupname=null}","2020-11-26 00:00:00.000"
"iot-device-01","1.59460380494902E9","73.8","66.2","false","false","0.0107","0.0078","0.0291","2020-11-26T16:58:07.469+0000","{defaultclientid=iot-device-01, thingname=iot-device-01, thingid=983c2b68-f9a3-4e83-b3c6-9f6f8ad5431b, thingarn=arn:aws:iot:us-east-1:507441099951:thing/iot-device-01, thingtypename=null, attributes={installed=1594665292, latitude=37.4133144, longitude=-122.1513069}, version=1, billinggroupname=null}","2020-11-26 00:00:00.000"
"iot-device-02","1.5946038073967311E9","59.6","79.16","true","false","0.0072","0.0046","0.0192","2020-11-26T16:58:07.765+0000","{defaultclientid=iot-device-02, thingname=iot-device-02, thingid=4ae4927a-aefb-4584-a45a-fc4839feffd6, thingarn=arn:aws:iot:us-east-1:507441099951:thing/iot-device-02, thingtypename=null, attributes={installed=1593361211, latitude=32.8205865, longitude=-96.871627}, version=1, billinggroupname=null}","2020-11-26 00:00:00.000"
"iot-device-03","1.594603807988015E9","49.0","71.24","false","false","0.008","0.0053","0.0215","2020-11-26T16:58:08.058+0000","{defaultclientid=iot-device-03, thingname=iot-device-03, thingid=877352b9-a35d-45d3-9c98-162d89965a13, thingarn=arn:aws:iot:us-east-1:507441099951:thing/iot-device-03, thingtypename=null, attributes={installed=1592562234, latitude=37.4133144, longitude=-122.1513069}, version=1, billinggroupname=null}","2020-11-26 00:00:00.000"
"iot-device-03","1.5946038116741858E9","48.9","71.24","false","false","0.008","0.0053","0.0215","2020-11-26T16:58:08.353+0000","{defaultclientid=iot-device-03, thingname=iot-device-03, thingid=877352b9-a35d-45d3-9c98-162d89965a13, thingarn=arn:aws:iot:us-east-1:507441099951:thing/iot-device-03, thingtypename=null, attributes={installed=1592562234, latitude=37.4133144, longitude=-122.1513069}, version=1, billinggroupname=null}","2020-11-26 00:00:00.000"
"iot-device-02","1.594603811740314E9","59.7","79.16","true","false","0.0072","0.0046","0.0192","2020-11-26T16:58:08.646+0000","{defaultclientid=iot-device-02, thingname=iot-device-02, thingid=4ae4927a-aefb-4584-a45a-fc4839feffd6, thingarn=arn:aws:iot:us-east-1:507441099951:thing/iot-device-02, thingtypename=null, attributes={installed=1593361211, latitude=32.8205865, longitude=-96.871627}, version=1, billinggroupname=null}","2020-11-26 00:00:00.000"
"iot-device-01","1.59460381414808E9","73.7","66.02","false","false","0.0108","0.008","0.0294","2020-11-26T16:58:08.934+0000","{defaultclientid=iot-device-01, thingname=iot-device-01, thingid=983c2b68-f9a3-4e83-b3c6-9f6f8ad5431b, thingarn=arn:aws:iot:us-east-1:507441099951:thing/iot-device-01, thingtypename=null, attributes={installed=1594665292, latitude=37.4133144, longitude=-122.1513069}, version=1, billinggroupname=null}","2020-11-26 00:00:00.000"
"iot-device-03","1.5946038153579547E9","48.9","71.24","false","false","0.008","0.0053","0.0215","2020-11-26T16:58:09.228+0000","{defaultclientid=iot-device-03, thingname=iot-device-03, thingid=877352b9-a35d-45d3-9c98-162d89965a13, thingarn=arn:aws:iot:us-east-1:507441099951:thing/iot-device-03, thingtypename=null, attributes={installed=1592562234, latitude=37.4133144, longitude=-122.1513069}, version=1, billinggroupname=null}","2020-11-26 00:00:00.000"
"iot-device-02","1.594603817155396E9","59.7","79.16","true","false","0.0072","0.0046","0.0192","2020-11-26T16:58:09.515+0000","{defaultclientid=iot-device-02, thingname=iot-device-02, thingid=4ae4927a-aefb-4584-a45a-fc4839feffd6, thingarn=arn:aws:iot:us-east-1:507441099951:thing/iot-device-02, thingtypename=null, attributes={installed=1593361211, latitude=32.8205865, longitude=-96.871627}, version=1, billinggroupname=null}","2020-11-26 00:00:00.000"
"iot-device-01","1.594603818500816E9","73.8","66.2","false","false","0.0105","0.0077","0.0286","2020-11-26T16:58:09.881+0000","{defaultclientid=iot-device-01, thingname=iot-device-01, thingid=983c2b68-f9a3-4e83-b3c6-9f6f8ad5431b, thingarn=arn:aws:iot:us-east-1:507441099951:thing/iot-device-01, thingtypename=null, attributes={installed=1594665292, latitude=37.4133144, longitude=-122.1513069}, version=1, billinggroupname=null}","2020-11-26 00:00:00.000"
"iot-device-03","1.5946038190405624E9","48.9","71.24","false","false","0.008","0.0053","0.0214","2020-11-26T16:58:10.172+0000","{defaultclientid=iot-device-03, thingname=iot-device-03, thingid=877352b9-a35d-45d3-9c98-162d89965a13, thingarn=arn:aws:iot:us-east-1:507441099951:thing/iot-device-03, thingtypename=null, attributes={installed=1592562234, latitude=37.4133144, longitude=-122.1513069}, version=1, billinggroupname=null}","2020-11-26 00:00:00.000"
"iot-device-02","1.5946038209606445E9","59.8","79.16","true","false","0.0072","0.0046","0.0192","2020-11-26T16:58:10.474+0000","{defaultclientid=iot-device-02, thingname=iot-device-02, thingid=4ae4927a-aefb-4584-a45a-fc4839feffd6, thingarn=arn:aws:iot:us-east-1:507441099951:thing/iot-device-02, thingtypename=null, attributes={installed=1593361211, latitude=32.8205865, longitude=-96.871627}, version=1, billinggroupname=null}","2020-11-26 00:00:00.000"
"iot-device-03","1.5946038226556733E9","48.9","71.24","false","false","0.0081","0.0053","0.0216","2020-11-26T16:58:10.765+0000","{defaultclientid=iot-device-03, thingname=iot-device-03, thingid=877352b9-a35d-45d3-9c98-162d89965a13, thingarn=arn:aws:iot:us-east-1:507441099951:thing/iot-device-03, thingtypename=null, attributes={installed=1592562234, latitude=37.4133144, longitude=-122.1513069}, version=1, billinggroupname=null}","2020-11-26 00:00:00.000"
"iot-device-01","1.5946038228523679E9","73.9","66.2","false","false","0.0107","0.0078","0.0291","2020-11-26T16:58:11.095+0000","{defaultclientid=iot-device-01, thingname=iot-device-01, thingid=983c2b68-f9a3-4e83-b3c6-9f6f8ad5431b, thingarn=arn:aws:iot:us-east-1:507441099951:thing/iot-device-01, thingtypename=null, attributes={installed=1594665292, latitude=37.4133144, longitude=-122.1513069}, version=1, billinggroupname=null}","2020-11-26 00:00:00.000"
"iot-device-03","1.5946038263431413E9","48.9","71.06","false","false","0.008","0.0053","0.0215","2020-11-26T16:58:11.411+0000","{defaultclientid=iot-device-03, thingname=iot-device-03, thingid=877352b9-a35d-45d3-9c98-162d89965a13, thingarn=arn:aws:iot:us-east-1:507441099951:thing/iot-device-03, thingtypename=null, attributes={installed=1592562234, latitude=37.4133144, longitude=-122.1513069}, version=1, billinggroupname=null}","2020-11-26 00:00:00.000"
"iot-device-02","1.5946038263817966E9","59.7","79.16","true","false","0.0072","0.0046","0.0192","2020-11-26T16:58:11.705+0000","{defaultclientid=iot-device-02, thingname=iot-device-02, thingid=4ae4927a-aefb-4584-a45a-fc4839feffd6, thingarn=arn:aws:iot:us-east-1:507441099951:thing/iot-device-02, thingtypename=null, attributes={installed=1593361211, latitude=32.8205865, longitude=-96.871627}, version=1, billinggroupname=null}","2020-11-26 00:00:00.000"
"iot-device-03","1.5946038300290902E9","48.9","71.24","false","false","0.008","0.0053","0.0215","2020-11-26T16:58:11.998+0000","{defaultclientid=iot-device-03, thingname=iot-device-03, thingid=877352b9-a35d-45d3-9c98-162d89965a13, thingarn=arn:aws:iot:us-east-1:507441099951:thing/iot-device-03, thingtypename=null, attributes={installed=1592562234, latitude=37.4133144, longitude=-122.1513069}, version=1, billinggroupname=null}","2020-11-26 00:00:00.000"
"iot-device-02","1.5946037657824502E9","59.6","79.16","true","false","0.0072","0.0046","0.0192","2020-11-26T16:58:00.170+0000","{defaultclientid=iot-device-02, thingname=iot-device-02, thingid=4ae4927a-aefb-4584-a45a-fc4839feffd6, thingarn=arn:aws:iot:us-east-1:507441099951:thing/iot-device-02, thingtypename=null, attributes={installed=1593361211, latitude=32.8205865, longitude=-96.871627}, version=1, billinggroupname=null}","2020-11-26 00:00:00.000"
"iot-device-01","1.5946037669516926E9","73.6","66.2","false","false","0.0107","0.0078","0.0291","2020-11-26T16:58:00.468+0000","{defaultclientid=iot-device-01, thingname=iot-device-01, thingid=983c2b68-f9a3-4e83-b3c6-9f6f8ad5431b, thingarn=arn:aws:iot:us-east-1:507441099951:thing/iot-device-01, thingtypename=null, attributes={installed=1594665292, latitude=37.4133144, longitude=-122.1513069}, version=1, billinggroupname=null}","2020-11-26 00:00:00.000"
"iot-device-03","1.5946037674252687E9","48.9","71.24","false","false","0.0081","0.0053","0.0216","2020-11-26T16:58:00.835+0000","{defaultclientid=iot-device-03, thingname=iot-device-03, thingid=877352b9-a35d-45d3-9c98-162d89965a13, thingarn=arn:aws:iot:us-east-1:507441099951:thing/iot-device-03, thingtypename=null, attributes={installed=1592562234, latitude=37.4133144, longitude=-122.1513069}, version=1, billinggroupname=null}","2020-11-26 00:00:00.000"
"iot-device-03","1.59460377111155E9","48.9","71.24","false","false","0.008","0.0053","0.0215","2020-11-26T16:58:01.119+0000","{defaultclientid=iot-device-03, thingname=iot-device-03, thingid=877352b9-a35d-45d3-9c98-162d89965a13, thingarn=arn:aws:iot:us-east-1:507441099951:thing/iot-device-03, thingtypename=null, attributes={installed=1592562234, latitude=37.4133144, longitude=-122.1513069}, version=1, billinggroupname=null}","2020-11-26 00:00:00.000"
"iot-device-01","1.5946037718466492E9","73.7","66.2","false","false","0.0107","0.0078","0.0291","2020-11-26T16:58:01.403+0000","{defaultclientid=iot-device-01, thingname=iot-device-01, thingid=983c2b68-f9a3-4e83-b3c6-9f6f8ad5431b, thingarn=arn:aws:iot:us-east-1:507441099951:thing/iot-device-01, thingtypename=null, attributes={installed=1594665292, latitude=37.4133144, longitude=-122.1513069}, version=1, billinggroupname=null}","2020-11-26 00:00:00.000"
"iot-device-02","1.594603774407917E9","59.6","79.16","true","false","0.0072","0.0046","0.0192","2020-11-26T16:58:01.705+0000","{defaultclientid=iot-device-02, thingname=iot-device-02, thingid=4ae4927a-aefb-4584-a45a-fc4839feffd6, thingarn=arn:aws:iot:us-east-1:507441099951:thing/iot-device-02, thingtypename=null, attributes={installed=1593361211, latitude=32.8205865, longitude=-96.871627}, version=1, billinggroupname=null}","2020-11-26 00:00:00.000"
"iot-device-03","1.5946037747979016E9","48.9","71.24","false","false","0.0081","0.0053","0.0216","2020-11-26T16:58:02.015+0000","{defaultclientid=iot-device-03, thingname=iot-device-03, thingid=877352b9-a35d-45d3-9c98-162d89965a13, thingarn=arn:aws:iot:us-east-1:507441099951:thing/iot-device-03, thingtypename=null, attributes={installed=1592562234, latitude=37.4133144, longitude=-122.1513069}, version=1, billinggroupname=null}","2020-11-26 00:00:00.000"
"iot-device-01","1.594603776199707E9","73.7","66.2","false","false","0.0107","0.0078","0.0291","2020-11-26T16:58:02.310+0000","{defaultclientid=iot-device-01, thingname=iot-device-01, thingid=983c2b68-f9a3-4e83-b3c6-9f6f8ad5431b, thingarn=arn:aws:iot:us-east-1:507441099951:thing/iot-device-01, thingtypename=null, attributes={installed=1594665292, latitude=37.4133144, longitude=-122.1513069}, version=1, billinggroupname=null}","2020-11-26 00:00:00.000"
"iot-device-03","1.5946037784838269E9","48.9","71.24","false","false","0.008","0.0053","0.0215","2020-11-26T16:58:02.610+0000","{defaultclientid=iot-device-03, thingname=iot-device-03, thingid=877352b9-a35d-45d3-9c98-162d89965a13, thingarn=arn:aws:iot:us-east-1:507441099951:thing/iot-device-03, thingtypename=null, attributes={installed=1592562234, latitude=37.4133144, longitude=-122.1513069}, version=1, billinggroupname=null}","2020-11-26 00:00:00.000"
"iot-device-02","1.59460377981945E9","59.6","79.16","true","false","0.0073","0.0046","0.0194","2020-11-26T16:58:02.919+0000","{defaultclientid=iot-device-02, thingname=iot-device-02, thingid=4ae4927a-aefb-4584-a45a-fc4839feffd6, thingarn=arn:aws:iot:us-east-1:507441099951:thing/iot-device-02, thingtypename=null, attributes={installed=1593361211, latitude=32.8205865, longitude=-96.871627}, version=1, billinggroupname=null}","2020-11-26 00:00:00.000"
"iot-device-02","1.5946029319080298E9","60.4","78.8","true","false","0.0074","0.0047","0.0197","2020-11-26T16:57:10.550+0000","{defaultclientid=iot-device-02, thingname=iot-device-02, thingid=4ae4927a-aefb-4584-a45a-fc4839feffd6, thingarn=arn:aws:iot:us-east-1:507441099951:thing/iot-device-02, thingtypename=null, attributes={installed=1593361211, latitude=32.8205865, longitude=-96.871627}, version=1, billinggroupname=null}","2020-11-26 00:00:00.000"
"iot-device-03","1.5946029339276285E9","51.1","71.6","false","false","0.0081","0.0053","0.0216","2020-11-26T16:57:11.700+0000","{defaultclientid=iot-device-03, thingname=iot-device-03, thingid=877352b9-a35d-45d3-9c98-162d89965a13, thingarn=arn:aws:iot:us-east-1:507441099951:thing/iot-device-03, thingtypename=null, attributes={installed=1592562234, latitude=37.4133144, longitude=-122.1513069}, version=1, billinggroupname=null}","2020-11-26 00:00:00.000"
"iot-device-01","1.5946029356294825E9","74.5","66.2","false","false","0.0113","0.0085","0.0309","2020-11-26T16:57:12.013+0000","{defaultclientid=iot-device-01, thingname=iot-device-01, thingid=983c2b68-f9a3-4e83-b3c6-9f6f8ad5431b, thingarn=arn:aws:iot:us-east-1:507441099951:thing/iot-device-01, thingtypename=null, attributes={installed=1594665292, latitude=37.4133144, longitude=-122.1513069}, version=1, billinggroupname=null}","2020-11-26 00:00:00.000"
"iot-device-02","1.5946029357150455E9","60.4","78.8","true","false","0.0074","0.0047","0.0197","2020-11-26T16:57:12.337+0000","{defaultclientid=iot-device-02, thingname=iot-device-02, thingid=4ae4927a-aefb-4584-a45a-fc4839feffd6, thingarn=arn:aws:iot:us-east-1:507441099951:thing/iot-device-02, thingtypename=null, attributes={installed=1593361211, latitude=32.8205865, longitude=-96.871627}, version=1, billinggroupname=null}","2020-11-26 00:00:00.000"
"iot-device-03","1.5946029376139164E9","51.1","71.6","false","false","0.0081","0.0053","0.0216","2020-11-26T16:57:12.764+0000","{defaultclientid=iot-device-03, thingname=iot-device-03, thingid=877352b9-a35d-45d3-9c98-162d89965a13, thingarn=arn:aws:iot:us-east-1:507441099951:thing/iot-device-03, thingtypename=null, attributes={installed=1592562234, latitude=37.4133144, longitude=-122.1513069}, version=1, billinggroupname=null}","2020-11-26 00:00:00.000"
"iot-device-01","1.594602939445841E9","74.6","66.02","false","false","0.0112","0.0084","0.0308","2020-11-26T16:57:13.094+0000","{defaultclientid=iot-device-01, thingname=iot-device-01, thingid=983c2b68-f9a3-4e83-b3c6-9f6f8ad5431b, thingarn=arn:aws:iot:us-east-1:507441099951:thing/iot-device-01, thingtypename=null, attributes={installed=1594665292, latitude=37.4133144, longitude=-122.1513069}, version=1, billinggroupname=null}","2020-11-26 00:00:00.000"
"iot-device-02","1.5946029395228276E9","60.8","78.98","true","false","0.0074","0.0047","0.0197","2020-11-26T16:57:13.409+0000","{defaultclientid=iot-device-02, thingname=iot-device-02, thingid=4ae4927a-aefb-4584-a45a-fc4839feffd6, thingarn=arn:aws:iot:us-east-1:507441099951:thing/iot-device-02, thingtypename=null, attributes={installed=1593361211, latitude=32.8205865, longitude=-96.871627}, version=1, billinggroupname=null}","2020-11-26 00:00:00.000"
"iot-device-03","1.5946029413000937E9","51.2","71.78","false","false","0.0081","0.0054","0.0217","2020-11-26T16:57:13.739+0000","{defaultclientid=iot-device-03, thingname=iot-device-03, thingid=877352b9-a35d-45d3-9c98-162d89965a13, thingarn=arn:aws:iot:us-east-1:507441099951:thing/iot-device-03, thingtypename=null, attributes={installed=1592562234, latitude=37.4133144, longitude=-122.1513069}, version=1, billinggroupname=null}","2020-11-26 00:00:00.000"
"iot-device-03","1.594602944985259E9","51.2","71.78","false","false","0.0081","0.0053","0.0216","2020-11-26T16:57:14.052+0000","{defaultclientid=iot-device-03, thingname=iot-device-03, thingid=877352b9-a35d-45d3-9c98-162d89965a13, thingarn=arn:aws:iot:us-east-1:507441099951:thing/iot-device-03, thingtypename=null, attributes={installed=1592562234, latitude=37.4133144, longitude=-122.1513069}, version=1, billinggroupname=null}","2020-11-26 00:00:00.000"
"iot-device-02","1.5946029454699204E9","60.4","78.8","true","false","0.0074","0.0047","0.0197","2020-11-26T16:57:14.367+0000","{defaultclientid=iot-device-02, thingname=iot-device-02, thingid=4ae4927a-aefb-4584-a45a-fc4839feffd6, thingarn=arn:aws:iot:us-east-1:507441099951:thing/iot-device-02, thingtypename=null, attributes={installed=1593361211, latitude=32.8205865, longitude=-96.871627}, version=1, billinggroupname=null}","2020-11-26 00:00:00.000"
"iot-device-01","1.5946029171476386E9","74.3","66.02","false","false","0.0112","0.0084","0.0308","2020-11-26T16:57:07.357+0000","{defaultclientid=iot-device-01, thingname=iot-device-01, thingid=983c2b68-f9a3-4e83-b3c6-9f6f8ad5431b, thingarn=arn:aws:iot:us-east-1:507441099951:thing/iot-device-01, thingtypename=null, attributes={installed=1594665292, latitude=37.4133144, longitude=-122.1513069}, version=1, billinggroupname=null}","2020-11-26 00:00:00.000"
"iot-device-03","1.5946029191851842E9","51.2","71.6","false","false","0.0081","0.0053","0.0216","2020-11-26T16:57:07.684+0000","{defaultclientid=iot-device-03, thingname=iot-device-03, thingid=877352b9-a35d-45d3-9c98-162d89965a13, thingarn=arn:aws:iot:us-east-1:507441099951:thing/iot-device-03, thingtypename=null, attributes={installed=1592562234, latitude=37.4133144, longitude=-122.1513069}, version=1, billinggroupname=null}","2020-11-26 00:00:00.000"
"iot-device-02","1.5946029210824199E9","60.4","78.8","true","false","0.0074","0.0047","0.0197","2020-11-26T16:57:07.995+0000","{defaultclientid=iot-device-02, thingname=iot-device-02, thingid=4ae4927a-aefb-4584-a45a-fc4839feffd6, thingarn=arn:aws:iot:us-east-1:507441099951:thing/iot-device-02, thingtypename=null, attributes={installed=1593361211, latitude=32.8205865, longitude=-96.871627}, version=1, billinggroupname=null}","2020-11-26 00:00:00.000"
"iot-device-01","1.594602921500584E9","74.3","66.02","false","false","0.0112","0.0084","0.0308","2020-11-26T16:57:08.302+0000","{defaultclientid=iot-device-01, thingname=iot-device-01, thingid=983c2b68-f9a3-4e83-b3c6-9f6f8ad5431b, thingarn=arn:aws:iot:us-east-1:507441099951:thing/iot-device-01, thingtypename=null, attributes={installed=1594665292, latitude=37.4133144, longitude=-122.1513069}, version=1, billinggroupname=null}","2020-11-26 00:00:00.000"
"iot-device-03","1.5946029228710728E9","51.2","71.6","false","false","0.0081","0.0053","0.0216","2020-11-26T16:57:08.620+0000","{defaultclientid=iot-device-03, thingname=iot-device-03, thingid=877352b9-a35d-45d3-9c98-162d89965a13, thingarn=arn:aws:iot:us-east-1:507441099951:thing/iot-device-03, thingtypename=null, attributes={installed=1592562234, latitude=37.4133144, longitude=-122.1513069}, version=1, billinggroupname=null}","2020-11-26 00:00:00.000"
"iot-device-01","1.5946029263900585E9","74.4","66.2","false","false","0.0112","0.0084","0.0308","2020-11-26T16:57:08.930+0000","{defaultclientid=iot-device-01, thingname=iot-device-01, thingid=983c2b68-f9a3-4e83-b3c6-9f6f8ad5431b, thingarn=arn:aws:iot:us-east-1:507441099951:thing/iot-device-01, thingtypename=null, attributes={installed=1594665292, latitude=37.4133144, longitude=-122.1513069}, version=1, billinggroupname=null}","2020-11-26 00:00:00.000"
"iot-device-03","1.5946029265575964E9","51.2","71.6","false","false","0.0081","0.0053","0.0216","2020-11-26T16:57:09.248+0000","{defaultclientid=iot-device-03, thingname=iot-device-03, thingid=877352b9-a35d-45d3-9c98-162d89965a13, thingarn=arn:aws:iot:us-east-1:507441099951:thing/iot-device-03, thingtypename=null, attributes={installed=1592562234, latitude=37.4133144, longitude=-122.1513069}, version=1, billinggroupname=null}","2020-11-26 00:00:00.000"
"iot-device-02","1.594602928100162E9","60.4","78.8","true","false","0.0074","0.0048","0.0198","2020-11-26T16:57:09.584+0000","{defaultclientid=iot-device-02, thingname=iot-device-02, thingid=4ae4927a-aefb-4584-a45a-fc4839feffd6, thingarn=arn:aws:iot:us-east-1:507441099951:thing/iot-device-02, thingtypename=null, attributes={installed=1593361211, latitude=32.8205865, longitude=-96.871627}, version=1, billinggroupname=null}","2020-11-26 00:00:00.000"
"iot-device-03","1.5946029302437725E9","51.2","71.6","false","false","0.0081","0.0053","0.0216","2020-11-26T16:57:09.897+0000","{defaultclientid=iot-device-03, thingname=iot-device-03, thingid=877352b9-a35d-45d3-9c98-162d89965a13, thingarn=arn:aws:iot:us-east-1:507441099951:thing/iot-device-03, thingtypename=null, attributes={installed=1592562234, latitude=37.4133144, longitude=-122.1513069}, version=1, billinggroupname=null}","2020-11-26 00:00:00.000"
"iot-device-01","1.5946029312764282E9","74.5","66.2","false","false","0.0112","0.0084","0.0308","2020-11-26T16:57:10.212+0000","{defaultclientid=iot-device-01, thingname=iot-device-01, thingid=983c2b68-f9a3-4e83-b3c6-9f6f8ad5431b, thingarn=arn:aws:iot:us-east-1:507441099951:thing/iot-device-01, thingtypename=null, attributes={installed=1594665292, latitude=37.4133144, longitude=-122.1513069}, version=1, billinggroupname=null}","2020-11-26 00:00:00.000"
"iot-device-03","1.5946029486712573E9","51.2","71.78","false","false","0.0081","0.0053","0.0216","2020-11-26T16:57:14.939+0000","{defaultclientid=iot-device-03, thingname=iot-device-03, thingid=877352b9-a35d-45d3-9c98-162d89965a13, thingarn=arn:aws:iot:us-east-1:507441099951:thing/iot-device-03, thingtypename=null, attributes={installed=1592562234, latitude=37.4133144, longitude=-122.1513069}, version=1, billinggroupname=null}","2020-11-26 00:00:00.000"
"iot-device-03","1.5946029523544285E9","51.1","71.78","false","false","0.0081","0.0054","0.0217","2020-11-26T16:57:15.253+0000","{defaultclientid=iot-device-03, thingname=iot-device-03, thingid=877352b9-a35d-45d3-9c98-162d89965a13, thingarn=arn:aws:iot:us-east-1:507441099951:thing/iot-device-03, thingtypename=null, attributes={installed=1592562234, latitude=37.4133144, longitude=-122.1513069}, version=1, billinggroupname=null}","2020-11-26 00:00:00.000"
"iot-device-01","1.59460295319747E9","74.3","66.02","false","false","0.0114","0.0086","0.0312","2020-11-26T16:57:15.626+0000","{defaultclientid=iot-device-01, thingname=iot-device-01, thingid=983c2b68-f9a3-4e83-b3c6-9f6f8ad5431b, thingarn=arn:aws:iot:us-east-1:507441099951:thing/iot-device-01, thingtypename=null, attributes={installed=1594665292, latitude=37.4133144, longitude=-122.1513069}, version=1, billinggroupname=null}","2020-11-26 00:00:00.000"
"iot-device-02","1.5946029556951835E9","60.5","78.98","true","false","0.0075","0.0048","0.0199","2020-11-26T16:57:15.935+0000","{defaultclientid=iot-device-02, thingname=iot-device-02, thingid=4ae4927a-aefb-4584-a45a-fc4839feffd6, thingarn=arn:aws:iot:us-east-1:507441099951:thing/iot-device-02, thingtypename=null, attributes={installed=1593361211, latitude=32.8205865, longitude=-96.871627}, version=1, billinggroupname=null}","2020-11-26 00:00:00.000"
"iot-device-03","1.5946029560424867E9","51.1","71.78","false","false","0.0081","0.0053","0.0216","2020-11-26T16:57:16.234+0000","{defaultclientid=iot-device-03, thingname=iot-device-03, thingid=877352b9-a35d-45d3-9c98-162d89965a13, thingarn=arn:aws:iot:us-east-1:507441099951:thing/iot-device-03, thingtypename=null, attributes={installed=1592562234, latitude=37.4133144, longitude=-122.1513069}, version=1, billinggroupname=null}","2020-11-26 00:00:00.000"
"iot-device-01","1.5946035642287464E9","73.9","66.38","false","false","0.0108","0.008","0.0294","2020-11-26T16:57:16.552+0000","{defaultclientid=iot-device-01, thingname=iot-device-01, thingid=983c2b68-f9a3-4e83-b3c6-9f6f8ad5431b, thingarn=arn:aws:iot:us-east-1:507441099951:thing/iot-device-01, thingtypename=null, attributes={installed=1594665292, latitude=37.4133144, longitude=-122.1513069}, version=1, billinggroupname=null}","2020-11-26 00:00:00.000"
"iot-device-03","1.5946035648803847E9","50.8","72.14","false","false","0.0081","0.0053","0.0216","2020-11-26T16:57:16.857+0000","{defaultclientid=iot-device-03, thingname=iot-device-03, thingid=877352b9-a35d-45d3-9c98-162d89965a13, thingarn=arn:aws:iot:us-east-1:507441099951:thing/iot-device-03, thingtypename=null, attributes={installed=1592562234, latitude=37.4133144, longitude=-122.1513069}, version=1, billinggroupname=null}","2020-11-26 00:00:00.000"
"iot-device-02","1.5946035654592886E9","60.0","79.16","true","false","0.0073","0.0046","0.0193","2020-11-26T16:57:17.161+0000","{defaultclientid=iot-device-02, thingname=iot-device-02, thingid=4ae4927a-aefb-4584-a45a-fc4839feffd6, thingarn=arn:aws:iot:us-east-1:507441099951:thing/iot-device-02, thingtypename=null, attributes={installed=1593361211, latitude=32.8205865, longitude=-96.871627}, version=1, billinggroupname=null}","2020-11-26 00:00:00.000"
"iot-device-03","1.5946035685195785E9","50.7","72.14","false","false","0.008","0.0053","0.0215","2020-11-26T16:57:17.470+0000","{defaultclientid=iot-device-03, thingname=iot-device-03, thingid=877352b9-a35d-45d3-9c98-162d89965a13, thingarn=arn:aws:iot:us-east-1:507441099951:thing/iot-device-03, thingtypename=null, attributes={installed=1592562234, latitude=37.4133144, longitude=-122.1513069}, version=1, billinggroupname=null}","2020-11-26 00:00:00.000"
"iot-device-02","1.594603569800411E9","59.6","79.16","true","false","0.0072","0.0046","0.0192","2020-11-26T16:57:17.777+0000","{defaultclientid=iot-device-02, thingname=iot-device-02, thingid=4ae4927a-aefb-4584-a45a-fc4839feffd6, thingarn=arn:aws:iot:us-east-1:507441099951:thing/iot-device-02, thingtypename=null, attributes={installed=1593361211, latitude=32.8205865, longitude=-96.871627}, version=1, billinggroupname=null}","2020-11-26 00:00:00.000"
"iot-device-02","1.5946029005656672E9","60.4","78.8","true","false","0.0074","0.0047","0.0197","2020-11-26T16:57:00.123+0000","{defaultclientid=iot-device-02, thingname=iot-device-02, thingid=4ae4927a-aefb-4584-a45a-fc4839feffd6, thingarn=arn:aws:iot:us-east-1:507441099951:thing/iot-device-02, thingtypename=null, attributes={installed=1593361211, latitude=32.8205865, longitude=-96.871627}, version=1, billinggroupname=null}","2020-11-26 00:00:00.000"
"iot-device-03","1.594602900756007E9","51.2","71.6","false","false","0.0081","0.0053","0.0216","2020-11-26T16:57:00.441+0000","{defaultclientid=iot-device-03, thingname=iot-device-03, thingid=877352b9-a35d-45d3-9c98-162d89965a13, thingarn=arn:aws:iot:us-east-1:507441099951:thing/iot-device-03, thingtypename=null, attributes={installed=1592562234, latitude=37.4133144, longitude=-122.1513069}, version=1, billinggroupname=null}","2020-11-26 00:00:00.000"
"iot-device-01","1.594602901951499E9","74.4","66.02","false","false","0.0112","0.0084","0.0308","2020-11-26T16:57:00.767+0000","{defaultclientid=iot-device-01, thingname=iot-device-01, thingid=983c2b68-f9a3-4e83-b3c6-9f6f8ad5431b, thingarn=arn:aws:iot:us-east-1:507441099951:thing/iot-device-01, thingtypename=null, attributes={installed=1594665292, latitude=37.4133144, longitude=-122.1513069}, version=1, billinggroupname=null}","2020-11-26 00:00:00.000"
"iot-device-03","1.5946029044419446E9","51.2","71.6","false","false","0.0081","0.0053","0.0217","2020-11-26T16:57:01.072+0000","{defaultclientid=iot-device-03, thingname=iot-device-03, thingid=877352b9-a35d-45d3-9c98-162d89965a13, thingarn=arn:aws:iot:us-east-1:507441099951:thing/iot-device-03, thingtypename=null, attributes={installed=1592562234, latitude=37.4133144, longitude=-122.1513069}, version=1, billinggroupname=null}","2020-11-26 00:00:00.000"
"iot-device-02","1.5946029081210198E9","60.4","78.8","true","false","0.0075","0.0048","0.0199","2020-11-26T16:57:01.400+0000","{defaultclientid=iot-device-02, thingname=iot-device-02, thingid=4ae4927a-aefb-4584-a45a-fc4839feffd6, thingarn=arn:aws:iot:us-east-1:507441099951:thing/iot-device-02, thingtypename=null, attributes={installed=1593361211, latitude=32.8205865, longitude=-96.871627}, version=1, billinggroupname=null}","2020-11-26 00:00:00.000"
"iot-device-03","1.5946029081278665E9","51.2","71.6","false","false","0.0081","0.0054","0.0217","2020-11-26T16:57:01.714+0000","{defaultclientid=iot-device-03, thingname=iot-device-03, thingid=877352b9-a35d-45d3-9c98-162d89965a13, thingarn=arn:aws:iot:us-east-1:507441099951:thing/iot-device-03, thingtypename=null, attributes={installed=1592562234, latitude=37.4133144, longitude=-122.1513069}, version=1, billinggroupname=null}","2020-11-26 00:00:00.000"
"iot-device-01","1.5946029084526613E9","74.5","66.2","false","false","0.0113","0.0085","0.0309","2020-11-26T16:57:05.990+0000","{defaultclientid=iot-device-01, thingname=iot-device-01, thingid=983c2b68-f9a3-4e83-b3c6-9f6f8ad5431b, thingarn=arn:aws:iot:us-east-1:507441099951:thing/iot-device-01, thingtypename=null, attributes={installed=1594665292, latitude=37.4133144, longitude=-122.1513069}, version=1, billinggroupname=null}","2020-11-26 00:00:00.000"
"iot-device-03","1.5946029118136678E9","51.2","71.6","false","false","0.0081","0.0054","0.0217","2020-11-26T16:57:06.363+0000","{defaultclientid=iot-device-03, thingname=iot-device-03, thingid=877352b9-a35d-45d3-9c98-162d89965a13, thingarn=arn:aws:iot:us-east-1:507441099951:thing/iot-device-03, thingtypename=null, attributes={installed=1592562234, latitude=37.4133144, longitude=-122.1513069}, version=1, billinggroupname=null}","2020-11-26 00:00:00.000"
"iot-device-02","1.5946029119294088E9","60.4","78.8","true","false","0.0074","0.0047","0.0197","2020-11-26T16:57:06.670+0000","{defaultclientid=iot-device-02, thingname=iot-device-02, thingid=4ae4927a-aefb-4584-a45a-fc4839feffd6, thingarn=arn:aws:iot:us-east-1:507441099951:thing/iot-device-02, thingtypename=null, attributes={installed=1593361211, latitude=32.8205865, longitude=-96.871627}, version=1, billinggroupname=null}","2020-11-26 00:00:00.000"
"iot-device-03","1.5946029154987752E9","51.2","71.6","false","false","0.0081","0.0053","0.0216","2020-11-26T16:57:07.027+0000","{defaultclientid=iot-device-03, thingname=iot-device-03, thingid=877352b9-a35d-45d3-9c98-162d89965a13, thingarn=arn:aws:iot:us-east-1:507441099951:thing/iot-device-03, thingtypename=null, attributes={installed=1592562234, latitude=37.4133144, longitude=-122.1513069}, version=1, billinggroupname=null}","2020-11-26 00:00:00.000"
"iot-device-03","1.5946035722180133E9","50.7","72.14","false","false","0.008","0.0053","0.0214","2020-11-26T16:57:18.105+0000","{defaultclientid=iot-device-03, thingname=iot-device-03, thingid=877352b9-a35d-45d3-9c98-162d89965a13, thingarn=arn:aws:iot:us-east-1:507441099951:thing/iot-device-03, thingtypename=null, attributes={installed=1592562234, latitude=37.4133144, longitude=-122.1513069}, version=1, billinggroupname=null}","2020-11-26 00:00:00.000"
"iot-device-01","1.5946035729582322E9","73.9","66.38","false","false","0.0109","0.0081","0.0298","2020-11-26T16:57:18.416+0000","{defaultclientid=iot-device-01, thingname=iot-device-01, thingid=983c2b68-f9a3-4e83-b3c6-9f6f8ad5431b, thingarn=arn:aws:iot:us-east-1:507441099951:thing/iot-device-01, thingtypename=null, attributes={installed=1594665292, latitude=37.4133144, longitude=-122.1513069}, version=1, billinggroupname=null}","2020-11-26 00:00:00.000"
"iot-device-02","1.5946035752145278E9","59.6","79.16","true","false","0.0073","0.0046","0.0193","2020-11-26T16:57:18.738+0000","{defaultclientid=iot-device-02, thingname=iot-device-02, thingid=4ae4927a-aefb-4584-a45a-fc4839feffd6, thingarn=arn:aws:iot:us-east-1:507441099951:thing/iot-device-02, thingtypename=null, attributes={installed=1593361211, latitude=32.8205865, longitude=-96.871627}, version=1, billinggroupname=null}","2020-11-26 00:00:00.000"
"iot-device-02","1.5946035752145278E9","59.6","79.16","true","false","0.0073","0.0046","0.0193","2020-11-26T16:57:27.653+0000","{defaultclientid=iot-device-02, thingname=iot-device-02, thingid=4ae4927a-aefb-4584-a45a-fc4839feffd6, thingarn=arn:aws:iot:us-east-1:507441099951:thing/iot-device-02, thingtypename=null, attributes={installed=1593361211, latitude=32.8205865, longitude=-96.871627}, version=1, billinggroupname=null}","2020-11-26 00:00:00.000"
"iot-device-03","1.5946035759040256E9","50.7","72.14","false","false","0.008","0.0053","0.0215","2020-11-26T16:57:27.937+0000","{defaultclientid=iot-device-03, thingname=iot-device-03, thingid=877352b9-a35d-45d3-9c98-162d89965a13, thingarn=arn:aws:iot:us-east-1:507441099951:thing/iot-device-03, thingtypename=null, attributes={installed=1592562234, latitude=37.4133144, longitude=-122.1513069}, version=1, billinggroupname=null}","2020-11-26 00:00:00.000"
"iot-device-01","1.594603577307226E9","73.9","66.38","false","false","0.011","0.0082","0.0301","2020-11-26T16:57:28.231+0000","{defaultclientid=iot-device-01, thingname=iot-device-01, thingid=983c2b68-f9a3-4e83-b3c6-9f6f8ad5431b, thingarn=arn:aws:iot:us-east-1:507441099951:thing/iot-device-01, thingtypename=null, attributes={installed=1594665292, latitude=37.4133144, longitude=-122.1513069}, version=1, billinggroupname=null}","2020-11-26 00:00:00.000"
"iot-device-03","1.5946035795900786E9","50.7","72.14","false","false","0.008","0.0053","0.0215","2020-11-26T16:57:28.513+0000","{defaultclientid=iot-device-03, thingname=iot-device-03, thingid=877352b9-a35d-45d3-9c98-162d89965a13, thingarn=arn:aws:iot:us-east-1:507441099951:thing/iot-device-03, thingtypename=null, attributes={installed=1592562234, latitude=37.4133144, longitude=-122.1513069}, version=1, billinggroupname=null}","2020-11-26 00:00:00.000"
"iot-device-03","1.5946035832759426E9","50.6","71.96","false","false","0.008","0.0053","0.0215","2020-11-26T16:57:28.806+0000","{defaultclientid=iot-device-03, thingname=iot-device-03, thingid=877352b9-a35d-45d3-9c98-162d89965a13, thingarn=arn:aws:iot:us-east-1:507441099951:thing/iot-device-03, thingtypename=null, attributes={installed=1592562234, latitude=37.4133144, longitude=-122.1513069}, version=1, billinggroupname=null}","2020-11-26 00:00:00.000"
"iot-device-02","1.5946035838430767E9","59.6","79.16","true","false","0.0072","0.0046","0.0192","2020-11-26T16:57:29.098+0000","{defaultclientid=iot-device-02, thingname=iot-device-02, thingid=4ae4927a-aefb-4584-a45a-fc4839feffd6, thingarn=arn:aws:iot:us-east-1:507441099951:thing/iot-device-02, thingtypename=null, attributes={installed=1593361211, latitude=32.8205865, longitude=-96.871627}, version=1, billinggroupname=null}","2020-11-26 00:00:00.000"
"iot-device-01","1.5946035848833404E9","74.0","66.38","false","false","0.0109","0.0081","0.0298","2020-11-26T16:57:29.409+0000","{defaultclientid=iot-device-01, thingname=iot-device-01, thingid=983c2b68-f9a3-4e83-b3c6-9f6f8ad5431b, thingarn=arn:aws:iot:us-east-1:507441099951:thing/iot-device-01, thingtypename=null, attributes={installed=1594665292, latitude=37.4133144, longitude=-122.1513069}, version=1, billinggroupname=null}","2020-11-26 00:00:00.000"
"iot-device-03","1.5946035869610422E9","50.6","72.14","false","false","0.008","0.0053","0.0215","2020-11-26T16:57:29.709+0000","{defaultclientid=iot-device-03, thingname=iot-device-03, thingid=877352b9-a35d-45d3-9c98-162d89965a13, thingarn=arn:aws:iot:us-east-1:507441099951:thing/iot-device-03, thingtypename=null, attributes={installed=1592562234, latitude=37.4133144, longitude=-122.1513069}, version=1, billinggroupname=null}","2020-11-26 00:00:00.000"
"iot-device-02","1.5946337469567962E9","59.6","74.66","true","false","0.0073","0.0046","0.0194","2020-11-26T17:14:59.852+0000","{defaultclientid=iot-device-02, thingname=iot-device-02, thingid=4ae4927a-aefb-4584-a45a-fc4839feffd6, thingarn=arn:aws:iot:us-east-1:507441099951:thing/iot-device-02, thingtypename=null, attributes={installed=1593361211, latitude=32.8205865, longitude=-96.871627}, version=1, billinggroupname=null}","2020-11-26 00:00:00.000"
"iot-device-03","1.5946337472069461E9","51.7","70.88","false","false","0.0078","0.0051","0.021","2020-11-26T17:15:00.150+0000","{defaultclientid=iot-device-03, thingname=iot-device-03, thingid=877352b9-a35d-45d3-9c98-162d89965a13, thingarn=arn:aws:iot:us-east-1:507441099951:thing/iot-device-03, thingtypename=null, attributes={installed=1592562234, latitude=37.4133144, longitude=-122.1513069}, version=1, billinggroupname=null}","2020-11-26 00:00:00.000"
"iot-device-01","1.5946337499630926E9","75.3","67.1","false","false","0.0065","0.0039","0.017","2020-11-26T17:15:00.450+0000","{defaultclientid=iot-device-01, thingname=iot-device-01, thingid=983c2b68-f9a3-4e83-b3c6-9f6f8ad5431b, thingarn=arn:aws:iot:us-east-1:507441099951:thing/iot-device-01, thingtypename=null, attributes={installed=1594665292, latitude=37.4133144, longitude=-122.1513069}, version=1, billinggroupname=null}","2020-11-26 00:00:00.000"
"iot-device-03","1.594633750892912E9","51.7","70.88","false","false","0.0078","0.0051","0.0209","2020-11-26T17:15:00.751+0000","{defaultclientid=iot-device-03, thingname=iot-device-03, thingid=877352b9-a35d-45d3-9c98-162d89965a13, thingarn=arn:aws:iot:us-east-1:507441099951:thing/iot-device-03, thingtypename=null, attributes={installed=1592562234, latitude=37.4133144, longitude=-122.1513069}, version=1, billinggroupname=null}","2020-11-26 00:00:00.000"
"iot-device-01","1.5946337543443933E9","75.4","67.1","false","false","0.0064","0.0039","0.0169","2020-11-26T17:15:01.040+0000","{defaultclientid=iot-device-01, thingname=iot-device-01, thingid=983c2b68-f9a3-4e83-b3c6-9f6f8ad5431b, thingarn=arn:aws:iot:us-east-1:507441099951:thing/iot-device-01, thingtypename=null, attributes={installed=1594665292, latitude=37.4133144, longitude=-122.1513069}, version=1, billinggroupname=null}","2020-11-26 00:00:00.000"
"iot-device-02","1.5946337545165534E9","59.6","74.66","true","false","0.0073","0.0046","0.0194","2020-11-26T17:15:01.329+0000","{defaultclientid=iot-device-02, thingname=iot-device-02, thingid=4ae4927a-aefb-4584-a45a-fc4839feffd6, thingarn=arn:aws:iot:us-east-1:507441099951:thing/iot-device-02, thingtypename=null, attributes={installed=1593361211, latitude=32.8205865, longitude=-96.871627}, version=1, billinggroupname=null}","2020-11-26 00:00:00.000"
"iot-device-03","1.5946337545791006E9","51.7","70.88","false","false","0.0078","0.0051","0.0209","2020-11-26T17:15:01.629+0000","{defaultclientid=iot-device-03, thingname=iot-device-03, thingid=877352b9-a35d-45d3-9c98-162d89965a13, thingarn=arn:aws:iot:us-east-1:507441099951:thing/iot-device-03, thingtypename=null, attributes={installed=1592562234, latitude=37.4133144, longitude=-122.1513069}, version=1, billinggroupname=null}","2020-11-26 00:00:00.000"
"iot-device-01","1.5946337581616268E9","75.3","67.1","false","false","0.0064","0.0038","0.0168","2020-11-26T17:15:01.935+0000","{defaultclientid=iot-device-01, thingname=iot-device-01, thingid=983c2b68-f9a3-4e83-b3c6-9f6f8ad5431b, thingarn=arn:aws:iot:us-east-1:507441099951:thing/iot-device-01, thingtypename=null, attributes={installed=1594665292, latitude=37.4133144, longitude=-122.1513069}, version=1, billinggroupname=null}","2020-11-26 00:00:00.000"
"iot-device-03","1.5946337582653427E9","51.7","70.88","false","false","0.0078","0.0051","0.0209","2020-11-26T17:15:02.219+0000","{defaultclientid=iot-device-03, thingname=iot-device-03, thingid=877352b9-a35d-45d3-9c98-162d89965a13, thingarn=arn:aws:iot:us-east-1:507441099951:thing/iot-device-03, thingtypename=null, attributes={installed=1592562234, latitude=37.4133144, longitude=-122.1513069}, version=1, billinggroupname=null}","2020-11-26 00:00:00.000"
"iot-device-02","1.594633759929185E9","59.5","74.66","true","false","0.0073","0.0047","0.0195","2020-11-26T17:15:02.509+0000","{defaultclientid=iot-device-02, thingname=iot-device-02, thingid=4ae4927a-aefb-4584-a45a-fc4839feffd6, thingarn=arn:aws:iot:us-east-1:507441099951:thing/iot-device-02, thingtypename=null, attributes={installed=1593361211, latitude=32.8205865, longitude=-96.871627}, version=1, billinggroupname=null}","2020-11-26 00:00:00.000"
"iot-device-01","1.5946344835435266E9","75.8","67.28","false","false","0.0064","0.0038","0.0168","2020-11-26T17:15:23.610+0000","{defaultclientid=iot-device-01, thingname=iot-device-01, thingid=983c2b68-f9a3-4e83-b3c6-9f6f8ad5431b, thingarn=arn:aws:iot:us-east-1:507441099951:thing/iot-device-01, thingtypename=null, attributes={installed=1594665292, latitude=37.4133144, longitude=-122.1513069}, version=1, billinggroupname=null}","2020-11-26 00:00:00.000"
"iot-device-02","1.5946344839363787E9","59.7","74.66","true","false","0.0072","0.0046","0.0192","2020-11-26T17:15:23.910+0000","{defaultclientid=iot-device-02, thingname=iot-device-02, thingid=4ae4927a-aefb-4584-a45a-fc4839feffd6, thingarn=arn:aws:iot:us-east-1:507441099951:thing/iot-device-02, thingtypename=null, attributes={installed=1593361211, latitude=32.8205865, longitude=-96.871627}, version=1, billinggroupname=null}","2020-11-26 00:00:00.000"
"iot-device-03","1.5946344852645767E9","51.8","71.06","false","false","0.0078","0.0051","0.0209","2020-11-26T17:15:24.211+0000","{defaultclientid=iot-device-03, thingname=iot-device-03, thingid=877352b9-a35d-45d3-9c98-162d89965a13, thingarn=arn:aws:iot:us-east-1:507441099951:thing/iot-device-03, thingtypename=null, attributes={installed=1592562234, latitude=37.4133144, longitude=-122.1513069}, version=1, billinggroupname=null}","2020-11-26 00:00:00.000"
"iot-device-03","1.5946344889506927E9","51.8","71.06","false","false","0.0078","0.0051","0.0208","2020-11-26T17:15:24.499+0000","{defaultclientid=iot-device-03, thingname=iot-device-03, thingid=877352b9-a35d-45d3-9c98-162d89965a13, thingarn=arn:aws:iot:us-east-1:507441099951:thing/iot-device-03, thingtypename=null, attributes={installed=1592562234, latitude=37.4133144, longitude=-122.1513069}, version=1, billinggroupname=null}","2020-11-26 00:00:00.000"
"iot-device-01","1.5946344889702456E9","75.8","67.28","false","false","0.0063","0.0038","0.0167","2020-11-26T17:15:24.789+0000","{defaultclientid=iot-device-01, thingname=iot-device-01, thingid=983c2b68-f9a3-4e83-b3c6-9f6f8ad5431b, thingarn=arn:aws:iot:us-east-1:507441099951:thing/iot-device-01, thingtypename=null, attributes={installed=1594665292, latitude=37.4133144, longitude=-122.1513069}, version=1, billinggroupname=null}","2020-11-26 00:00:00.000"
"iot-device-02","1.5946344898880672E9","59.7","74.66","true","false","0.0073","0.0046","0.0194","2020-11-26T17:15:25.079+0000","{defaultclientid=iot-device-02, thingname=iot-device-02, thingid=4ae4927a-aefb-4584-a45a-fc4839feffd6, thingarn=arn:aws:iot:us-east-1:507441099951:thing/iot-device-02, thingtypename=null, attributes={installed=1593361211, latitude=32.8205865, longitude=-96.871627}, version=1, billinggroupname=null}","2020-11-26 00:00:00.000"
"iot-device-03","1.5946344926366744E9","51.8","71.06","false","false","0.0078","0.0051","0.0209","2020-11-26T17:15:25.368+0000","{defaultclientid=iot-device-03, thingname=iot-device-03, thingid=877352b9-a35d-45d3-9c98-162d89965a13, thingarn=arn:aws:iot:us-east-1:507441099951:thing/iot-device-03, thingtypename=null, attributes={installed=1592562234, latitude=37.4133144, longitude=-122.1513069}, version=1, billinggroupname=null}","2020-11-26 00:00:00.000"
"iot-device-01","1.594634493330442E9","75.8","67.28","false","false","0.0062","0.0037","0.0164","2020-11-26T17:15:25.661+0000","{defaultclientid=iot-device-01, thingname=iot-device-01, thingid=983c2b68-f9a3-4e83-b3c6-9f6f8ad5431b, thingarn=arn:aws:iot:us-east-1:507441099951:thing/iot-device-01, thingtypename=null, attributes={installed=1594665292, latitude=37.4133144, longitude=-122.1513069}, version=1, billinggroupname=null}","2020-11-26 00:00:00.000"
"iot-device-03","1.5946344963226275E9","51.8","70.88","false","false","0.0078","0.0051","0.0209","2020-11-26T17:15:25.980+0000","{defaultclientid=iot-device-03, thingname=iot-device-03, thingid=877352b9-a35d-45d3-9c98-162d89965a13, thingarn=arn:aws:iot:us-east-1:507441099951:thing/iot-device-03, thingtypename=null, attributes={installed=1592562234, latitude=37.4133144, longitude=-122.1513069}, version=1, billinggroupname=null}","2020-11-26 00:00:00.000"
"iot-device-02","1.594634498505243E9","59.7","74.66","true","false","0.0072","0.0045","0.019","2020-11-26T17:15:26.267+0000","{defaultclientid=iot-device-02, thingname=iot-device-02, thingid=4ae4927a-aefb-4584-a45a-fc4839feffd6, thingarn=arn:aws:iot:us-east-1:507441099951:thing/iot-device-02, thingtypename=null, attributes={installed=1593361211, latitude=32.8205865, longitude=-96.871627}, version=1, billinggroupname=null}","2020-11-26 00:00:00.000"
"iot-device-03","1.5946337619515238E9","51.7","70.88","false","false","0.0078","0.0051","0.0209","2020-11-26T17:15:02.801+0000","{defaultclientid=iot-device-03, thingname=iot-device-03, thingid=877352b9-a35d-45d3-9c98-162d89965a13, thingarn=arn:aws:iot:us-east-1:507441099951:thing/iot-device-03, thingtypename=null, attributes={installed=1592562234, latitude=37.4133144, longitude=-122.1513069}, version=1, billinggroupname=null}","2020-11-26 00:00:00.000"
"iot-device-01","1.5946337646562893E9","75.4","67.1","false","false","0.0065","0.0039","0.017","2020-11-26T17:15:03.100+0000","{defaultclientid=iot-device-01, thingname=iot-device-01, thingid=983c2b68-f9a3-4e83-b3c6-9f6f8ad5431b, thingarn=arn:aws:iot:us-east-1:507441099951:thing/iot-device-01, thingtypename=null, attributes={installed=1594665292, latitude=37.4133144, longitude=-122.1513069}, version=1, billinggroupname=null}","2020-11-26 00:00:00.000"
"iot-device-02","1.5946337648172135E9","59.5","74.66","true","false","0.0073","0.0046","0.0194","2020-11-26T17:15:03.388+0000","{defaultclientid=iot-device-02, thingname=iot-device-02, thingid=4ae4927a-aefb-4584-a45a-fc4839feffd6, thingarn=arn:aws:iot:us-east-1:507441099951:thing/iot-device-02, thingtypename=null, attributes={installed=1593361211, latitude=32.8205865, longitude=-96.871627}, version=1, billinggroupname=null}","2020-11-26 00:00:00.000"
"iot-device-03","1.5946337656390598E9","51.8","70.88","false","false","0.0079","0.0051","0.021","2020-11-26T17:15:03.679+0000","{defaultclientid=iot-device-03, thingname=iot-device-03, thingid=877352b9-a35d-45d3-9c98-162d89965a13, thingarn=arn:aws:iot:us-east-1:507441099951:thing/iot-device-03, thingtypename=null, attributes={installed=1592562234, latitude=37.4133144, longitude=-122.1513069}, version=1, billinggroupname=null}","2020-11-26 00:00:00.000"
"iot-device-03","1.594634370983596E9","51.9","71.06","false","false","0.0078","0.0051","0.0209","2020-11-26T17:15:03.958+0000","{defaultclientid=iot-device-03, thingname=iot-device-03, thingid=877352b9-a35d-45d3-9c98-162d89965a13, thingarn=arn:aws:iot:us-east-1:507441099951:thing/iot-device-03, thingtypename=null, attributes={installed=1592562234, latitude=37.4133144, longitude=-122.1513069}, version=1, billinggroupname=null}","2020-11-26 00:00:00.000"
"iot-device-02","1.594634371969668E9","59.7","74.66","true","false","0.0073","0.0046","0.0194","2020-11-26T17:15:04.249+0000","{defaultclientid=iot-device-02, thingname=iot-device-02, thingid=4ae4927a-aefb-4584-a45a-fc4839feffd6, thingarn=arn:aws:iot:us-east-1:507441099951:thing/iot-device-02, thingtypename=null, attributes={installed=1593361211, latitude=32.8205865, longitude=-96.871627}, version=1, billinggroupname=null}","2020-11-26 00:00:00.000"
"iot-device-03","1.594634374671049E9","51.9","71.06","false","false","0.0078","0.0051","0.0209","2020-11-26T17:15:04.564+0000","{defaultclientid=iot-device-03, thingname=iot-device-03, thingid=877352b9-a35d-45d3-9c98-162d89965a13, thingarn=arn:aws:iot:us-east-1:507441099951:thing/iot-device-03, thingtypename=null, attributes={installed=1592562234, latitude=37.4133144, longitude=-122.1513069}, version=1, billinggroupname=null}","2020-11-26 00:00:00.000"
"iot-device-01","1.5946343756929288E9","75.7","67.28","false","false","0.0064","0.0039","0.0169","2020-11-26T17:15:04.860+0000","{defaultclientid=iot-device-01, thingname=iot-device-01, thingid=983c2b68-f9a3-4e83-b3c6-9f6f8ad5431b, thingarn=arn:aws:iot:us-east-1:507441099951:thing/iot-device-01, thingtypename=null, attributes={installed=1594665292, latitude=37.4133144, longitude=-122.1513069}, version=1, billinggroupname=null}","2020-11-26 00:00:00.000"
"iot-device-03","1.594634378359176E9","51.9","71.06","false","false","0.0078","0.0051","0.0209","2020-11-26T17:15:05.149+0000","{defaultclientid=iot-device-03, thingname=iot-device-03, thingid=877352b9-a35d-45d3-9c98-162d89965a13, thingarn=arn:aws:iot:us-east-1:507441099951:thing/iot-device-03, thingtypename=null, attributes={installed=1592562234, latitude=37.4133144, longitude=-122.1513069}, version=1, billinggroupname=null}","2020-11-26 00:00:00.000"
"iot-device-01","1.5946343800455914E9","75.7","67.28","false","false","0.0063","0.0038","0.0167","2020-11-26T17:15:05.440+0000","{defaultclientid=iot-device-01, thingname=iot-device-01, thingid=983c2b68-f9a3-4e83-b3c6-9f6f8ad5431b, thingarn=arn:aws:iot:us-east-1:507441099951:thing/iot-device-01, thingtypename=null, attributes={installed=1594665292, latitude=37.4133144, longitude=-122.1513069}, version=1, billinggroupname=null}","2020-11-26 00:00:00.000"
"iot-device-01","1.5946344998311546E9","75.9","67.28","false","false","0.0063","0.0038","0.0166","2020-11-26T17:15:26.559+0000","{defaultclientid=iot-device-01, thingname=iot-device-01, thingid=983c2b68-f9a3-4e83-b3c6-9f6f8ad5431b, thingarn=arn:aws:iot:us-east-1:507441099951:thing/iot-device-01, thingtypename=null, attributes={installed=1594665292, latitude=37.4133144, longitude=-122.1513069}, version=1, billinggroupname=null}","2020-11-26 00:00:00.000"
"iot-device-03","1.594634500006288E9","51.8","71.06","false","false","0.0078","0.0051","0.0209","2020-11-26T17:15:26.870+0000","{defaultclientid=iot-device-03, thingname=iot-device-03, thingid=877352b9-a35d-45d3-9c98-162d89965a13, thingarn=arn:aws:iot:us-east-1:507441099951:thing/iot-device-03, thingtypename=null, attributes={installed=1592562234, latitude=37.4133144, longitude=-122.1513069}, version=1, billinggroupname=null}","2020-11-26 00:00:00.000"
"iot-device-03","1.5946345036920571E9","51.7","70.88","false","false","0.0078","0.0051","0.021","2020-11-26T17:15:27.160+0000","{defaultclientid=iot-device-03, thingname=iot-device-03, thingid=877352b9-a35d-45d3-9c98-162d89965a13, thingarn=arn:aws:iot:us-east-1:507441099951:thing/iot-device-03, thingtypename=null, attributes={installed=1592562234, latitude=37.4133144, longitude=-122.1513069}, version=1, billinggroupname=null}","2020-11-26 00:00:00.000"
"iot-device-02","1.594634506055883E9","59.7","74.66","true","false","0.0073","0.0046","0.0194","2020-11-26T17:15:27.448+0000","{defaultclientid=iot-device-02, thingname=iot-device-02, thingid=4ae4927a-aefb-4584-a45a-fc4839feffd6, thingarn=arn:aws:iot:us-east-1:507441099951:thing/iot-device-02, thingtypename=null, attributes={installed=1593361211, latitude=32.8205865, longitude=-96.871627}, version=1, billinggroupname=null}","2020-11-26 00:00:00.000"
"iot-device-01","1.5946345063288367E9","75.7","67.28","false","false","0.0065","0.0039","0.017","2020-11-26T17:15:27.750+0000","{defaultclientid=iot-device-01, thingname=iot-device-01, thingid=983c2b68-f9a3-4e83-b3c6-9f6f8ad5431b, thingarn=arn:aws:iot:us-east-1:507441099951:thing/iot-device-01, thingtypename=null, attributes={installed=1594665292, latitude=37.4133144, longitude=-122.1513069}, version=1, billinggroupname=null}","2020-11-26 00:00:00.000"
"iot-device-03","1.5946345073778965E9","51.8","71.06","false","false","0.0079","0.0051","0.021","2020-11-26T17:15:28.043+0000","{defaultclientid=iot-device-03, thingname=iot-device-03, thingid=877352b9-a35d-45d3-9c98-162d89965a13, thingarn=arn:aws:iot:us-east-1:507441099951:thing/iot-device-03, thingtypename=null, attributes={installed=1592562234, latitude=37.4133144, longitude=-122.1513069}, version=1, billinggroupname=null}","2020-11-26 00:00:00.000"
"iot-device-03","1.5946345110640278E9","51.8","71.06","false","false","0.0078","0.0051","0.0209","2020-11-26T17:15:28.332+0000","{defaultclientid=iot-device-03, thingname=iot-device-03, thingid=877352b9-a35d-45d3-9c98-162d89965a13, thingarn=arn:aws:iot:us-east-1:507441099951:thing/iot-device-03, thingtypename=null, attributes={installed=1592562234, latitude=37.4133144, longitude=-122.1513069}, version=1, billinggroupname=null}","2020-11-26 00:00:00.000"
"iot-device-02","1.594634511470849E9","59.7","74.66","true","false","0.0072","0.0046","0.0192","2020-11-26T17:15:28.630+0000","{defaultclientid=iot-device-02, thingname=iot-device-02, thingid=4ae4927a-aefb-4584-a45a-fc4839feffd6, thingarn=arn:aws:iot:us-east-1:507441099951:thing/iot-device-02, thingtypename=null, attributes={installed=1593361211, latitude=32.8205865, longitude=-96.871627}, version=1, billinggroupname=null}","2020-11-26 00:00:00.000"
"iot-device-01","1.5946345122895625E9","75.7","67.28","false","false","0.0062","0.0037","0.0164","2020-11-26T17:15:28.919+0000","{defaultclientid=iot-device-01, thingname=iot-device-01, thingid=983c2b68-f9a3-4e83-b3c6-9f6f8ad5431b, thingarn=arn:aws:iot:us-east-1:507441099951:thing/iot-device-01, thingtypename=null, attributes={installed=1594665292, latitude=37.4133144, longitude=-122.1513069}, version=1, billinggroupname=null}","2020-11-26 00:00:00.000"
"iot-device-03","1.59463451472992E9","51.8","71.06","false","false","0.0078","0.0051","0.0209","2020-11-26T17:15:29.215+0000","{defaultclientid=iot-device-03, thingname=iot-device-03, thingid=877352b9-a35d-45d3-9c98-162d89965a13, thingarn=arn:aws:iot:us-east-1:507441099951:thing/iot-device-03, thingtypename=null, attributes={installed=1592562234, latitude=37.4133144, longitude=-122.1513069}, version=1, billinggroupname=null}","2020-11-26 00:00:00.000"
"iot-device-03","1.5946345184157312E9","51.8","71.06","false","false","0.0078","0.0051","0.021","2020-11-26T17:15:29.510+0000","{defaultclientid=iot-device-03, thingname=iot-device-03, thingid=877352b9-a35d-45d3-9c98-162d89965a13, thingarn=arn:aws:iot:us-east-1:507441099951:thing/iot-device-03, thingtypename=null, attributes={installed=1592562234, latitude=37.4133144, longitude=-122.1513069}, version=1, billinggroupname=null}","2020-11-26 00:00:00.000"
"iot-device-01","1.5946345199249668E9","75.8","67.46","false","false","0.0063","0.0038","0.0167","2020-11-26T17:15:29.802+0000","{defaultclientid=iot-device-01, thingname=iot-device-01, thingid=983c2b68-f9a3-4e83-b3c6-9f6f8ad5431b, thingarn=arn:aws:iot:us-east-1:507441099951:thing/iot-device-01, thingtypename=null, attributes={installed=1594665292, latitude=37.4133144, longitude=-122.1513069}, version=1, billinggroupname=null}","2020-11-26 00:00:00.000"
"iot-device-03","1.5946343820475006E9","51.9","70.88","false","false","0.0078","0.0051","0.0209","2020-11-26T17:15:05.728+0000","{defaultclientid=iot-device-03, thingname=iot-device-03, thingid=877352b9-a35d-45d3-9c98-162d89965a13, thingarn=arn:aws:iot:us-east-1:507441099951:thing/iot-device-03, thingtypename=null, attributes={installed=1592562234, latitude=37.4133144, longitude=-122.1513069}, version=1, billinggroupname=null}","2020-11-26 00:00:00.000"
"iot-device-02","1.5946343827283366E9","59.7","74.66","true","false","0.0073","0.0046","0.0194","2020-11-26T17:15:06.030+0000","{defaultclientid=iot-device-02, thingname=iot-device-02, thingid=4ae4927a-aefb-4584-a45a-fc4839feffd6, thingarn=arn:aws:iot:us-east-1:507441099951:thing/iot-device-02, thingtypename=null, attributes={installed=1593361211, latitude=32.8205865, longitude=-96.871627}, version=1, billinggroupname=null}","2020-11-26 00:00:00.000"
"iot-device-01","1.5946343849467373E9","75.7","67.28","false","false","0.0063","0.0038","0.0166","2020-11-26T17:15:06.401+0000","{defaultclientid=iot-device-01, thingname=iot-device-01, thingid=983c2b68-f9a3-4e83-b3c6-9f6f8ad5431b, thingarn=arn:aws:iot:us-east-1:507441099951:thing/iot-device-01, thingtypename=null, attributes={installed=1594665292, latitude=37.4133144, longitude=-122.1513069}, version=1, billinggroupname=null}","2020-11-26 00:00:00.000"
"iot-device-03","1.5946343857352102E9","51.9","70.88","false","false","0.0079","0.0051","0.021","2020-11-26T17:15:06.688+0000","{defaultclientid=iot-device-03, thingname=iot-device-03, thingid=877352b9-a35d-45d3-9c98-162d89965a13, thingarn=arn:aws:iot:us-east-1:507441099951:thing/iot-device-03, thingtypename=null, attributes={installed=1592562234, latitude=37.4133144, longitude=-122.1513069}, version=1, billinggroupname=null}","2020-11-26 00:00:00.000"
"iot-device-02","1.5946343870730145E9","59.7","74.66","true","false","0.0073","0.0046","0.0193","2020-11-26T17:15:06.979+0000","{defaultclientid=iot-device-02, thingname=iot-device-02, thingid=4ae4927a-aefb-4584-a45a-fc4839feffd6, thingarn=arn:aws:iot:us-east-1:507441099951:thing/iot-device-02, thingtypename=null, attributes={installed=1593361211, latitude=32.8205865, longitude=-96.871627}, version=1, billinggroupname=null}","2020-11-26 00:00:00.000"
"iot-device-03","1.5946343894234545E9","51.9","71.06","false","false","0.0078","0.0051","0.021","2020-11-26T17:15:07.260+0000","{defaultclientid=iot-device-03, thingname=iot-device-03, thingid=877352b9-a35d-45d3-9c98-162d89965a13, thingarn=arn:aws:iot:us-east-1:507441099951:thing/iot-device-03, thingtypename=null, attributes={installed=1592562234, latitude=37.4133144, longitude=-122.1513069}, version=1, billinggroupname=null}","2020-11-26 00:00:00.000"
"iot-device-02","1.5946343908834894E9","59.7","74.66","true","false","0.0073","0.0046","0.0194","2020-11-26T17:15:07.548+0000","{defaultclientid=iot-device-02, thingname=iot-device-02, thingid=4ae4927a-aefb-4584-a45a-fc4839feffd6, thingarn=arn:aws:iot:us-east-1:507441099951:thing/iot-device-02, thingtypename=null, attributes={installed=1593361211, latitude=32.8205865, longitude=-96.871627}, version=1, billinggroupname=null}","2020-11-26 00:00:00.000"
"iot-device-03","1.5946343931112154E9","51.9","71.06","false","false","0.0078","0.0051","0.0209","2020-11-26T17:15:07.840+0000","{defaultclientid=iot-device-03, thingname=iot-device-03, thingid=877352b9-a35d-45d3-9c98-162d89965a13, thingarn=arn:aws:iot:us-east-1:507441099951:thing/iot-device-03, thingtypename=null, attributes={installed=1592562234, latitude=37.4133144, longitude=-122.1513069}, version=1, billinggroupname=null}","2020-11-26 00:00:00.000"
"iot-device-01","1.5946343941413302E9","75.8","67.28","false","false","0.0064","0.0038","0.0168","2020-11-26T17:15:08.135+0000","{defaultclientid=iot-device-01, thingname=iot-device-01, thingid=983c2b68-f9a3-4e83-b3c6-9f6f8ad5431b, thingarn=arn:aws:iot:us-east-1:507441099951:thing/iot-device-01, thingtypename=null, attributes={installed=1594665292, latitude=37.4133144, longitude=-122.1513069}, version=1, billinggroupname=null}","2020-11-26 00:00:00.000"
"iot-device-02","1.5946343947005215E9","59.7","74.66","true","false","0.0072","0.0046","0.0192","2020-11-26T17:15:08.421+0000","{defaultclientid=iot-device-02, thingname=iot-device-02, thingid=4ae4927a-aefb-4584-a45a-fc4839feffd6, thingarn=arn:aws:iot:us-east-1:507441099951:thing/iot-device-02, thingtypename=null, attributes={installed=1593361211, latitude=32.8205865, longitude=-96.871627}, version=1, billinggroupname=null}","2020-11-26 00:00:00.000"
"iot-device-03","1.5946344152493436E9","51.8","70.88","false","false","0.0078","0.0051","0.021","2020-11-26T17:15:11.706+0000","{defaultclientid=iot-device-03, thingname=iot-device-03, thingid=877352b9-a35d-45d3-9c98-162d89965a13, thingarn=arn:aws:iot:us-east-1:507441099951:thing/iot-device-03, thingtypename=null, attributes={installed=1592562234, latitude=37.4133144, longitude=-122.1513069}, version=1, billinggroupname=null}","2020-11-26 00:00:00.000"
"iot-device-02","1.594634415356804E9","59.8","74.66","true","false","0.0073","0.0046","0.0194","2020-11-26T17:15:12.009+0000","{defaultclientid=iot-device-02, thingname=iot-device-02, thingid=4ae4927a-aefb-4584-a45a-fc4839feffd6, thingarn=arn:aws:iot:us-east-1:507441099951:thing/iot-device-02, thingtypename=null, attributes={installed=1593361211, latitude=32.8205865, longitude=-96.871627}, version=1, billinggroupname=null}","2020-11-26 00:00:00.000"
"iot-device-01","1.5946344160275905E9","75.7","67.28","false","false","0.0065","0.0039","0.017","2020-11-26T17:15:12.308+0000","{defaultclientid=iot-device-01, thingname=iot-device-01, thingid=983c2b68-f9a3-4e83-b3c6-9f6f8ad5431b, thingarn=arn:aws:iot:us-east-1:507441099951:thing/iot-device-01, thingtypename=null, attributes={installed=1594665292, latitude=37.4133144, longitude=-122.1513069}, version=1, billinggroupname=null}","2020-11-26 00:00:00.000"
"iot-device-03","1.5946344189358225E9","51.9","71.06","false","false","0.0078","0.0051","0.0209","2020-11-26T17:15:12.601+0000","{defaultclientid=iot-device-03, thingname=iot-device-03, thingid=877352b9-a35d-45d3-9c98-162d89965a13, thingarn=arn:aws:iot:us-east-1:507441099951:thing/iot-device-03, thingtypename=null, attributes={installed=1592562234, latitude=37.4133144, longitude=-122.1513069}, version=1, billinggroupname=null}","2020-11-26 00:00:00.000"
"iot-device-01","1.5946344220041409E9","75.7","67.28","false","false","0.0063","0.0038","0.0166","2020-11-26T17:15:12.910+0000","{defaultclientid=iot-device-01, thingname=iot-device-01, thingid=983c2b68-f9a3-4e83-b3c6-9f6f8ad5431b, thingarn=arn:aws:iot:us-east-1:507441099951:thing/iot-device-01, thingtypename=null, attributes={installed=1594665292, latitude=37.4133144, longitude=-122.1513069}, version=1, billinggroupname=null}","2020-11-26 00:00:00.000"
"iot-device-03","1.5946344226207886E9","51.9","71.06","false","false","0.0078","0.0051","0.021","2020-11-26T17:15:13.203+0000","{defaultclientid=iot-device-03, thingname=iot-device-03, thingid=877352b9-a35d-45d3-9c98-162d89965a13, thingarn=arn:aws:iot:us-east-1:507441099951:thing/iot-device-03, thingtypename=null, attributes={installed=1592562234, latitude=37.4133144, longitude=-122.1513069}, version=1, billinggroupname=null}","2020-11-26 00:00:00.000"
"iot-device-03","1.594634426306766E9","51.9","71.06","false","false","0.0078","0.0051","0.0209","2020-11-26T17:15:13.510+0000","{defaultclientid=iot-device-03, thingname=iot-device-03, thingid=877352b9-a35d-45d3-9c98-162d89965a13, thingarn=arn:aws:iot:us-east-1:507441099951:thing/iot-device-03, thingtypename=null, attributes={installed=1592562234, latitude=37.4133144, longitude=-122.1513069}, version=1, billinggroupname=null}","2020-11-26 00:00:00.000"
"iot-device-03","1.5946344299926548E9","51.8","70.88","false","false","0.0078","0.0051","0.0209","2020-11-26T17:15:13.801+0000","{defaultclientid=iot-device-03, thingname=iot-device-03, thingid=877352b9-a35d-45d3-9c98-162d89965a13, thingarn=arn:aws:iot:us-east-1:507441099951:thing/iot-device-03, thingtypename=null, attributes={installed=1592562234, latitude=37.4133144, longitude=-122.1513069}, version=1, billinggroupname=null}","2020-11-26 00:00:00.000"
"iot-device-02","1.5946344306506615E9","59.7","74.66","true","false","0.0072","0.0046","0.0192","2020-11-26T17:15:14.118+0000","{defaultclientid=iot-device-02, thingname=iot-device-02, thingid=4ae4927a-aefb-4584-a45a-fc4839feffd6, thingarn=arn:aws:iot:us-east-1:507441099951:thing/iot-device-02, thingtypename=null, attributes={installed=1593361211, latitude=32.8205865, longitude=-96.871627}, version=1, billinggroupname=null}","2020-11-26 00:00:00.000"
"iot-device-01","1.5946344311898713E9","75.7","67.28","false","false","0.0064","0.0038","0.0168","2020-11-26T17:15:14.420+0000","{defaultclientid=iot-device-01, thingname=iot-device-01, thingid=983c2b68-f9a3-4e83-b3c6-9f6f8ad5431b, thingarn=arn:aws:iot:us-east-1:507441099951:thing/iot-device-01, thingtypename=null, attributes={installed=1594665292, latitude=37.4133144, longitude=-122.1513069}, version=1, billinggroupname=null}","2020-11-26 00:00:00.000"
"iot-device-03","1.5946343967970908E9","51.9","70.88","false","false","0.0078","0.0051","0.0209","2020-11-26T17:15:08.711+0000","{defaultclientid=iot-device-03, thingname=iot-device-03, thingid=877352b9-a35d-45d3-9c98-162d89965a13, thingarn=arn:aws:iot:us-east-1:507441099951:thing/iot-device-03, thingtypename=null, attributes={installed=1592562234, latitude=37.4133144, longitude=-122.1513069}, version=1, billinggroupname=null}","2020-11-26 00:00:00.000"
"iot-device-02","1.5946343985073268E9","59.7","74.66","true","false","0.0073","0.0046","0.0193","2020-11-26T17:15:09.037+0000","{defaultclientid=iot-device-02, thingname=iot-device-02, thingid=4ae4927a-aefb-4584-a45a-fc4839feffd6, thingarn=arn:aws:iot:us-east-1:507441099951:thing/iot-device-02, thingtypename=null, attributes={installed=1593361211, latitude=32.8205865, longitude=-96.871627}, version=1, billinggroupname=null}","2020-11-26 00:00:00.000"
"iot-device-01","1.5946343995720305E9","75.7","67.28","false","false","0.0063","0.0038","0.0167","2020-11-26T17:15:09.348+0000","{defaultclientid=iot-device-01, thingname=iot-device-01, thingid=983c2b68-f9a3-4e83-b3c6-9f6f8ad5431b, thingarn=arn:aws:iot:us-east-1:507441099951:thing/iot-device-01, thingtypename=null, attributes={installed=1594665292, latitude=37.4133144, longitude=-122.1513069}, version=1, billinggroupname=null}","2020-11-26 00:00:00.000"
"iot-device-03","1.5946344004832652E9","51.9","71.06","false","false","0.0078","0.0051","0.0209","2020-11-26T17:15:09.639+0000","{defaultclientid=iot-device-03, thingname=iot-device-03, thingid=877352b9-a35d-45d3-9c98-162d89965a13, thingarn=arn:aws:iot:us-east-1:507441099951:thing/iot-device-03, thingtypename=null, attributes={installed=1592562234, latitude=37.4133144, longitude=-122.1513069}, version=1, billinggroupname=null}","2020-11-26 00:00:00.000"
"iot-device-02","1.5946344028601255E9","59.7","74.66","true","false","0.0073","0.0046","0.0193","2020-11-26T17:15:09.932+0000","{defaultclientid=iot-device-02, thingname=iot-device-02, thingid=4ae4927a-aefb-4584-a45a-fc4839feffd6, thingarn=arn:aws:iot:us-east-1:507441099951:thing/iot-device-02, thingtypename=null, attributes={installed=1593361211, latitude=32.8205865, longitude=-96.871627}, version=1, billinggroupname=null}","2020-11-26 00:00:00.000"
"iot-device-03","1.5946344041886046E9","51.9","71.06","false","false","0.0078","0.0051","0.0209","2020-11-26T17:15:10.231+0000","{defaultclientid=iot-device-03, thingname=iot-device-03, thingid=877352b9-a35d-45d3-9c98-162d89965a13, thingarn=arn:aws:iot:us-east-1:507441099951:thing/iot-device-03, thingtypename=null, attributes={installed=1592562234, latitude=37.4133144, longitude=-122.1513069}, version=1, billinggroupname=null}","2020-11-26 00:00:00.000"
"iot-device-02","1.5946344077372415E9","59.7","74.66","true","false","0.0072","0.0046","0.0192","2020-11-26T17:15:10.518+0000","{defaultclientid=iot-device-02, thingname=iot-device-02, thingid=4ae4927a-aefb-4584-a45a-fc4839feffd6, thingarn=arn:aws:iot:us-east-1:507441099951:thing/iot-device-02, thingtypename=null, attributes={installed=1593361211, latitude=32.8205865, longitude=-96.871627}, version=1, billinggroupname=null}","2020-11-26 00:00:00.000"
"iot-device-03","1.594634407876233E9","51.8","70.88","false","false","0.0078","0.0051","0.0209","2020-11-26T17:15:10.809+0000","{defaultclientid=iot-device-03, thingname=iot-device-03, thingid=877352b9-a35d-45d3-9c98-162d89965a13, thingarn=arn:aws:iot:us-east-1:507441099951:thing/iot-device-03, thingtypename=null, attributes={installed=1592562234, latitude=37.4133144, longitude=-122.1513069}, version=1, billinggroupname=null}","2020-11-26 00:00:00.000"
"iot-device-02","1.594634411545179E9","59.7","74.66","true","false","0.0073","0.0047","0.0195","2020-11-26T17:15:11.101+0000","{defaultclientid=iot-device-02, thingname=iot-device-02, thingid=4ae4927a-aefb-4584-a45a-fc4839feffd6, thingarn=arn:aws:iot:us-east-1:507441099951:thing/iot-device-02, thingtypename=null, attributes={installed=1593361211, latitude=32.8205865, longitude=-96.871627}, version=1, billinggroupname=null}","2020-11-26 00:00:00.000"
"iot-device-03","1.594634411563416E9","51.9","71.06","false","false","0.0078","0.0051","0.021","2020-11-26T17:15:11.419+0000","{defaultclientid=iot-device-03, thingname=iot-device-03, thingid=877352b9-a35d-45d3-9c98-162d89965a13, thingarn=arn:aws:iot:us-east-1:507441099951:thing/iot-device-03, thingtypename=null, attributes={installed=1592562234, latitude=37.4133144, longitude=-122.1513069}, version=1, billinggroupname=null}","2020-11-26 00:00:00.000"
"iot-device-03","1.5946344336349885E9","51.9","71.06","false","false","0.0078","0.0051","0.0209","2020-11-26T17:15:14.718+0000","{defaultclientid=iot-device-03, thingname=iot-device-03, thingid=877352b9-a35d-45d3-9c98-162d89965a13, thingarn=arn:aws:iot:us-east-1:507441099951:thing/iot-device-03, thingtypename=null, attributes={installed=1592562234, latitude=37.4133144, longitude=-122.1513069}, version=1, billinggroupname=null}","2020-11-26 00:00:00.000"
"iot-device-01","1.5946344355398664E9","75.7","67.28","false","false","0.0064","0.0039","0.0169","2020-11-26T17:15:15.010+0000","{defaultclientid=iot-device-01, thingname=iot-device-01, thingid=983c2b68-f9a3-4e83-b3c6-9f6f8ad5431b, thingarn=arn:aws:iot:us-east-1:507441099951:thing/iot-device-01, thingtypename=null, attributes={installed=1594665292, latitude=37.4133144, longitude=-122.1513069}, version=1, billinggroupname=null}","2020-11-26 00:00:00.000"
"iot-device-02","1.5946344366016939E9","59.7","74.66","true","false","0.0073","0.0047","0.0195","2020-11-26T17:15:15.299+0000","{defaultclientid=iot-device-02, thingname=iot-device-02, thingid=4ae4927a-aefb-4584-a45a-fc4839feffd6, thingarn=arn:aws:iot:us-east-1:507441099951:thing/iot-device-02, thingtypename=null, attributes={installed=1593361211, latitude=32.8205865, longitude=-96.871627}, version=1, billinggroupname=null}","2020-11-26 00:00:00.000"
"iot-device-03","1.5946344373382008E9","51.8","70.88","false","false","0.0079","0.0051","0.021","2020-11-26T17:15:15.600+0000","{defaultclientid=iot-device-03, thingname=iot-device-03, thingid=877352b9-a35d-45d3-9c98-162d89965a13, thingarn=arn:aws:iot:us-east-1:507441099951:thing/iot-device-03, thingtypename=null, attributes={installed=1592562234, latitude=37.4133144, longitude=-122.1513069}, version=1, billinggroupname=null}","2020-11-26 00:00:00.000"
"iot-device-01","1.594634440437976E9","75.7","67.28","false","false","0.0064","0.0038","0.0168","2020-11-26T17:15:15.890+0000","{defaultclientid=iot-device-01, thingname=iot-device-01, thingid=983c2b68-f9a3-4e83-b3c6-9f6f8ad5431b, thingarn=arn:aws:iot:us-east-1:507441099951:thing/iot-device-01, thingtypename=null, attributes={installed=1594665292, latitude=37.4133144, longitude=-122.1513069}, version=1, billinggroupname=null}","2020-11-26 00:00:00.000"
"iot-device-03","1.5946344410240545E9","51.9","71.06","false","false","0.0078","0.0051","0.0209","2020-11-26T17:15:16.181+0000","{defaultclientid=iot-device-03, thingname=iot-device-03, thingid=877352b9-a35d-45d3-9c98-162d89965a13, thingarn=arn:aws:iot:us-east-1:507441099951:thing/iot-device-03, thingtypename=null, attributes={installed=1592562234, latitude=37.4133144, longitude=-122.1513069}, version=1, billinggroupname=null}","2020-11-26 00:00:00.000"
"iot-device-03","1.5946344447118E9","51.9","71.06","false","false","0.0078","0.0051","0.0209","2020-11-26T17:15:16.483+0000","{defaultclientid=iot-device-03, thingname=iot-device-03, thingid=877352b9-a35d-45d3-9c98-162d89965a13, thingarn=arn:aws:iot:us-east-1:507441099951:thing/iot-device-03, thingtypename=null, attributes={installed=1592562234, latitude=37.4133144, longitude=-122.1513069}, version=1, billinggroupname=null}","2020-11-26 00:00:00.000"
"iot-device-01","1.5946344447936301E9","75.7","67.28","false","false","0.0063","0.0038","0.0166","2020-11-26T17:15:16.773+0000","{defaultclientid=iot-device-01, thingname=iot-device-01, thingid=983c2b68-f9a3-4e83-b3c6-9f6f8ad5431b, thingarn=arn:aws:iot:us-east-1:507441099951:thing/iot-device-01, thingtypename=null, attributes={installed=1594665292, latitude=37.4133144, longitude=-122.1513069}, version=1, billinggroupname=null}","2020-11-26 00:00:00.000"
"iot-device-03","1.5946344483993356E9","51.8","70.88","false","false","0.0078","0.0051","0.0209","2020-11-26T17:15:17.075+0000","{defaultclientid=iot-device-03, thingname=iot-device-03, thingid=877352b9-a35d-45d3-9c98-162d89965a13, thingarn=arn:aws:iot:us-east-1:507441099951:thing/iot-device-03, thingtypename=null, attributes={installed=1592562234, latitude=37.4133144, longitude=-122.1513069}, version=1, billinggroupname=null}","2020-11-26 00:00:00.000"
"iot-device-02","1.5946344486941636E9","59.7","74.66","true","false","0.0073","0.0047","0.0195","2020-11-26T17:15:17.361+0000","{defaultclientid=iot-device-02, thingname=iot-device-02, thingid=4ae4927a-aefb-4584-a45a-fc4839feffd6, thingarn=arn:aws:iot:us-east-1:507441099951:thing/iot-device-02, thingtypename=null, attributes={installed=1593361211, latitude=32.8205865, longitude=-96.871627}, version=1, billinggroupname=null}","2020-11-26 00:00:00.000"
"iot-device-01","1.5946344496817007E9","75.7","67.28","false","false","0.0063","0.0038","0.0166","2020-11-26T17:15:17.650+0000","{defaultclientid=iot-device-01, thingname=iot-device-01, thingid=983c2b68-f9a3-4e83-b3c6-9f6f8ad5431b, thingarn=arn:aws:iot:us-east-1:507441099951:thing/iot-device-01, thingtypename=null, attributes={installed=1594665292, latitude=37.4133144, longitude=-122.1513069}, version=1, billinggroupname=null}","2020-11-26 00:00:00.000"
"iot-device-03","1.5946344520867922E9","51.8","70.88","false","false","0.0078","0.0051","0.0208","2020-11-26T17:15:17.965+0000","{defaultclientid=iot-device-03, thingname=iot-device-03, thingid=877352b9-a35d-45d3-9c98-162d89965a13, thingarn=arn:aws:iot:us-east-1:507441099951:thing/iot-device-03, thingtypename=null, attributes={installed=1592562234, latitude=37.4133144, longitude=-122.1513069}, version=1, billinggroupname=null}","2020-11-26 00:00:00.000"
"iot-device-02","1.5946344525025332E9","59.7","74.66","true","false","0.0072","0.0046","0.0192","2020-11-26T17:15:18.263+0000","{defaultclientid=iot-device-02, thingname=iot-device-02, thingid=4ae4927a-aefb-4584-a45a-fc4839feffd6, thingarn=arn:aws:iot:us-east-1:507441099951:thing/iot-device-02, thingtypename=null, attributes={installed=1593361211, latitude=32.8205865, longitude=-96.871627}, version=1, billinggroupname=null}","2020-11-26 00:00:00.000"
"iot-device-01","1.5946344545727932E9","75.7","67.28","false","false","0.0062","0.0037","0.0164","2020-11-26T17:15:18.559+0000","{defaultclientid=iot-device-01, thingname=iot-device-01, thingid=983c2b68-f9a3-4e83-b3c6-9f6f8ad5431b, thingarn=arn:aws:iot:us-east-1:507441099951:thing/iot-device-01, thingtypename=null, attributes={installed=1594665292, latitude=37.4133144, longitude=-122.1513069}, version=1, billinggroupname=null}","2020-11-26 00:00:00.000"
"iot-device-03","1.594634455774468E9","51.9","71.06","false","false","0.0078","0.0051","0.0209","2020-11-26T17:15:18.848+0000","{defaultclientid=iot-device-03, thingname=iot-device-03, thingid=877352b9-a35d-45d3-9c98-162d89965a13, thingarn=arn:aws:iot:us-east-1:507441099951:thing/iot-device-03, thingtypename=null, attributes={installed=1592562234, latitude=37.4133144, longitude=-122.1513069}, version=1, billinggroupname=null}","2020-11-26 00:00:00.000"
"iot-device-02","1.5946344563083904E9","59.7","74.66","true","false","0.0072","0.0045","0.019","2020-11-26T17:15:19.139+0000","{defaultclientid=iot-device-02, thingname=iot-device-02, thingid=4ae4927a-aefb-4584-a45a-fc4839feffd6, thingarn=arn:aws:iot:us-east-1:507441099951:thing/iot-device-02, thingtypename=null, attributes={installed=1593361211, latitude=32.8205865, longitude=-96.871627}, version=1, billinggroupname=null}","2020-11-26 00:00:00.000"
"iot-device-01","1.5946344594605036E9","75.8","67.28","false","false","0.0062","0.0037","0.0164","2020-11-26T17:15:19.501+0000","{defaultclientid=iot-device-01, thingname=iot-device-01, thingid=983c2b68-f9a3-4e83-b3c6-9f6f8ad5431b, thingarn=arn:aws:iot:us-east-1:507441099951:thing/iot-device-01, thingtypename=null, attributes={installed=1594665292, latitude=37.4133144, longitude=-122.1513069}, version=1, billinggroupname=null}","2020-11-26 00:00:00.000"
"iot-device-03","1.594634459462076E9","51.9","71.06","false","false","0.0078","0.0051","0.021","2020-11-26T17:15:19.801+0000","{defaultclientid=iot-device-03, thingname=iot-device-03, thingid=877352b9-a35d-45d3-9c98-162d89965a13, thingarn=arn:aws:iot:us-east-1:507441099951:thing/iot-device-03, thingtypename=null, attributes={installed=1592562234, latitude=37.4133144, longitude=-122.1513069}, version=1, billinggroupname=null}","2020-11-26 00:00:00.000"
"iot-device-02","1.5946344606512024E9","59.7","74.66","true","false","0.0072","0.0046","0.0192","2020-11-26T17:15:20.092+0000","{defaultclientid=iot-device-02, thingname=iot-device-02, thingid=4ae4927a-aefb-4584-a45a-fc4839feffd6, thingarn=arn:aws:iot:us-east-1:507441099951:thing/iot-device-02, thingtypename=null, attributes={installed=1593361211, latitude=32.8205865, longitude=-96.871627}, version=1, billinggroupname=null}","2020-11-26 00:00:00.000"
"iot-device-03","1.5946344631497116E9","51.9","71.06","false","false","0.0079","0.0051","0.021","2020-11-26T17:15:20.378+0000","{defaultclientid=iot-device-03, thingname=iot-device-03, thingid=877352b9-a35d-45d3-9c98-162d89965a13, thingarn=arn:aws:iot:us-east-1:507441099951:thing/iot-device-03, thingtypename=null, attributes={installed=1592562234, latitude=37.4133144, longitude=-122.1513069}, version=1, billinggroupname=null}","2020-11-26 00:00:00.000"
"iot-device-01","1.5946344643510964E9","75.8","67.28","false","false","0.0063","0.0038","0.0167","2020-11-26T17:15:20.668+0000","{defaultclientid=iot-device-01, thingname=iot-device-01, thingid=983c2b68-f9a3-4e83-b3c6-9f6f8ad5431b, thingarn=arn:aws:iot:us-east-1:507441099951:thing/iot-device-01, thingtypename=null, attributes={installed=1594665292, latitude=37.4133144, longitude=-122.1513069}, version=1, billinggroupname=null}","2020-11-26 00:00:00.000"
"iot-device-03","1.5946344668358054E9","51.8","70.88","false","false","0.0078","0.0051","0.0209","2020-11-26T17:15:20.959+0000","{defaultclientid=iot-device-03, thingname=iot-device-03, thingid=877352b9-a35d-45d3-9c98-162d89965a13, thingarn=arn:aws:iot:us-east-1:507441099951:thing/iot-device-03, thingtypename=null, attributes={installed=1592562234, latitude=37.4133144, longitude=-122.1513069}, version=1, billinggroupname=null}","2020-11-26 00:00:00.000"
"iot-device-02","1.5946344671647422E9","59.7","74.66","true","false","0.0072","0.0045","0.019","2020-11-26T17:15:21.269+0000","{defaultclientid=iot-device-02, thingname=iot-device-02, thingid=4ae4927a-aefb-4584-a45a-fc4839feffd6, thingarn=arn:aws:iot:us-east-1:507441099951:thing/iot-device-02, thingtypename=null, attributes={installed=1593361211, latitude=32.8205865, longitude=-96.871627}, version=1, billinggroupname=null}","2020-11-26 00:00:00.000"
"iot-device-03","1.5946344705206327E9","51.9","71.06","false","false","0.0078","0.0051","0.0209","2020-11-26T17:15:21.559+0000","{defaultclientid=iot-device-03, thingname=iot-device-03, thingid=877352b9-a35d-45d3-9c98-162d89965a13, thingarn=arn:aws:iot:us-east-1:507441099951:thing/iot-device-03, thingtypename=null, attributes={installed=1592562234, latitude=37.4133144, longitude=-122.1513069}, version=1, billinggroupname=null}","2020-11-26 00:00:00.000"
"iot-device-02","1.5946344720409472E9","59.7","74.66","true","false","0.0072","0.0046","0.0192","2020-11-26T17:15:21.865+0000","{defaultclientid=iot-device-02, thingname=iot-device-02, thingid=4ae4927a-aefb-4584-a45a-fc4839feffd6, thingarn=arn:aws:iot:us-east-1:507441099951:thing/iot-device-02, thingtypename=null, attributes={installed=1593361211, latitude=32.8205865, longitude=-96.871627}, version=1, billinggroupname=null}","2020-11-26 00:00:00.000"
"iot-device-03","1.5946344742064824E9","51.9","71.06","false","false","0.0078","0.0051","0.0209","2020-11-26T17:15:22.156+0000","{defaultclientid=iot-device-03, thingname=iot-device-03, thingid=877352b9-a35d-45d3-9c98-162d89965a13, thingarn=arn:aws:iot:us-east-1:507441099951:thing/iot-device-03, thingtypename=null, attributes={installed=1592562234, latitude=37.4133144, longitude=-122.1513069}, version=1, billinggroupname=null}","2020-11-26 00:00:00.000"
"iot-device-02","1.5946344769201045E9","59.7","74.66","true","false","0.0072","0.0046","0.0192","2020-11-26T17:15:22.450+0000","{defaultclientid=iot-device-02, thingname=iot-device-02, thingid=4ae4927a-aefb-4584-a45a-fc4839feffd6, thingarn=arn:aws:iot:us-east-1:507441099951:thing/iot-device-02, thingtypename=null, attributes={installed=1593361211, latitude=32.8205865, longitude=-96.871627}, version=1, billinggroupname=null}","2020-11-26 00:00:00.000"
"iot-device-01","1.594634477564915E9","75.8","67.28","false","false","0.0064","0.0038","0.0168","2020-11-26T17:15:22.739+0000","{defaultclientid=iot-device-01, thingname=iot-device-01, thingid=983c2b68-f9a3-4e83-b3c6-9f6f8ad5431b, thingarn=arn:aws:iot:us-east-1:507441099951:thing/iot-device-01, thingtypename=null, attributes={installed=1594665292, latitude=37.4133144, longitude=-122.1513069}, version=1, billinggroupname=null}","2020-11-26 00:00:00.000"
"iot-device-03","1.5946344778925323E9","51.9","71.06","false","false","0.0078","0.0051","0.0209","2020-11-26T17:15:23.034+0000","{defaultclientid=iot-device-03, thingname=iot-device-03, thingid=877352b9-a35d-45d3-9c98-162d89965a13, thingarn=arn:aws:iot:us-east-1:507441099951:thing/iot-device-03, thingtypename=null, attributes={installed=1592562234, latitude=37.4133144, longitude=-122.1513069}, version=1, billinggroupname=null}","2020-11-26 00:00:00.000"
"iot-device-03","1.5946344815785275E9","51.9","71.06","false","false","0.0078","0.0051","0.0209","2020-11-26T17:15:23.317+0000","{defaultclientid=iot-device-03, thingname=iot-device-03, thingid=877352b9-a35d-45d3-9c98-162d89965a13, thingarn=arn:aws:iot:us-east-1:507441099951:thing/iot-device-03, thingtypename=null, attributes={installed=1592562234, latitude=37.4133144, longitude=-122.1513069}, version=1, billinggroupname=null}","2020-11-26 00:00:00.000"
"iot-device-03","1.5946551070605063E9","51.9","71.78","false","false","0.0079","0.0052","0.0211","2020-11-26T17:27:50.864+0000","{defaultclientid=iot-device-03, thingname=iot-device-03, thingid=877352b9-a35d-45d3-9c98-162d89965a13, thingarn=arn:aws:iot:us-east-1:507441099951:thing/iot-device-03, thingtypename=null, attributes={installed=1592562234, latitude=37.4133144, longitude=-122.1513069}, version=1, billinggroupname=null}","2020-11-26 00:00:00.000"
"iot-device-02","1.5946551077030995E9","62.0","75.2","true","false","0.0069","0.0043","0.0182","2020-11-26T17:27:51.148+0000","{defaultclientid=iot-device-02, thingname=iot-device-02, thingid=4ae4927a-aefb-4584-a45a-fc4839feffd6, thingarn=arn:aws:iot:us-east-1:507441099951:thing/iot-device-02, thingtypename=null, attributes={installed=1593361211, latitude=32.8205865, longitude=-96.871627}, version=1, billinggroupname=null}","2020-11-26 00:00:00.000"
"iot-device-01","1.5946551090450466E9","74.9","66.74","false","false","0.0066","0.004","0.0173","2020-11-26T17:27:51.438+0000","{defaultclientid=iot-device-01, thingname=iot-device-01, thingid=983c2b68-f9a3-4e83-b3c6-9f6f8ad5431b, thingarn=arn:aws:iot:us-east-1:507441099951:thing/iot-device-01, thingtypename=null, attributes={installed=1594665292, latitude=37.4133144, longitude=-122.1513069}, version=1, billinggroupname=null}","2020-11-26 00:00:00.000"
"iot-device-03","1.5946551107475624E9","51.9","71.78","false","false","0.0079","0.0052","0.0211","2020-11-26T17:27:51.727+0000","{defaultclientid=iot-device-03, thingname=iot-device-03, thingid=877352b9-a35d-45d3-9c98-162d89965a13, thingarn=arn:aws:iot:us-east-1:507441099951:thing/iot-device-03, thingtypename=null, attributes={installed=1592562234, latitude=37.4133144, longitude=-122.1513069}, version=1, billinggroupname=null}","2020-11-26 00:00:00.000"
"iot-device-02","1.5946551141809509E9","62.0","75.2","true","false","0.0069","0.0043","0.0183","2020-11-26T17:27:52.010+0000","{defaultclientid=iot-device-02, thingname=iot-device-02, thingid=4ae4927a-aefb-4584-a45a-fc4839feffd6, thingarn=arn:aws:iot:us-east-1:507441099951:thing/iot-device-02, thingtypename=null, attributes={installed=1593361211, latitude=32.8205865, longitude=-96.871627}, version=1, billinggroupname=null}","2020-11-26 00:00:00.000"
"iot-device-03","1.5946551144341419E9","52.0","71.78","false","false","0.0079","0.0052","0.0213","2020-11-26T17:27:52.302+0000","{defaultclientid=iot-device-03, thingname=iot-device-03, thingid=877352b9-a35d-45d3-9c98-162d89965a13, thingarn=arn:aws:iot:us-east-1:507441099951:thing/iot-device-03, thingtypename=null, attributes={installed=1592562234, latitude=37.4133144, longitude=-122.1513069}, version=1, billinggroupname=null}","2020-11-26 00:00:00.000"
"iot-device-03","1.5946551181179874E9","51.9","71.78","false","false","0.0079","0.0052","0.021","2020-11-26T17:27:52.605+0000","{defaultclientid=iot-device-03, thingname=iot-device-03, thingid=877352b9-a35d-45d3-9c98-162d89965a13, thingarn=arn:aws:iot:us-east-1:507441099951:thing/iot-device-03, thingtypename=null, attributes={installed=1592562234, latitude=37.4133144, longitude=-122.1513069}, version=1, billinggroupname=null}","2020-11-26 00:00:00.000"
"iot-device-01","1.5946551217623556E9","75.0","66.74","false","false","0.0067","0.0041","0.0177","2020-11-26T17:27:52.889+0000","{defaultclientid=iot-device-01, thingname=iot-device-01, thingid=983c2b68-f9a3-4e83-b3c6-9f6f8ad5431b, thingarn=arn:aws:iot:us-east-1:507441099951:thing/iot-device-01, thingtypename=null, attributes={installed=1594665292, latitude=37.4133144, longitude=-122.1513069}, version=1, billinggroupname=null}","2020-11-26 00:00:00.000"
"iot-device-03","1.5946551218044882E9","51.9","71.78","false","false","0.0079","0.0052","0.0212","2020-11-26T17:27:53.185+0000","{defaultclientid=iot-device-03, thingname=iot-device-03, thingid=877352b9-a35d-45d3-9c98-162d89965a13, thingarn=arn:aws:iot:us-east-1:507441099951:thing/iot-device-03, thingtypename=null, attributes={installed=1592562234, latitude=37.4133144, longitude=-122.1513069}, version=1, billinggroupname=null}","2020-11-26 00:00:00.000"
"iot-device-03","1.5946551254919176E9","51.9","71.78","false","false","0.0079","0.0052","0.0211","2020-11-26T17:27:53.471+0000","{defaultclientid=iot-device-03, thingname=iot-device-03, thingid=877352b9-a35d-45d3-9c98-162d89965a13, thingarn=arn:aws:iot:us-east-1:507441099951:thing/iot-device-03, thingtypename=null, attributes={installed=1592562234, latitude=37.4133144, longitude=-122.1513069}, version=1, billinggroupname=null}","2020-11-26 00:00:00.000"
"iot-device-03","1.5946551663028295E9","51.7","71.96","false","false","0.0079","0.0052","0.0211","2020-11-26T17:27:59.699+0000","{defaultclientid=iot-device-03, thingname=iot-device-03, thingid=877352b9-a35d-45d3-9c98-162d89965a13, thingarn=arn:aws:iot:us-east-1:507441099951:thing/iot-device-03, thingtypename=null, attributes={installed=1592562234, latitude=37.4133144, longitude=-122.1513069}, version=1, billinggroupname=null}","2020-11-26 00:00:00.000"
"iot-device-02","1.5946550735839133E9","62.1","75.2","true","false","0.0068","0.0042","0.0181","2020-11-26T17:27:44.969+0000","{defaultclientid=iot-device-02, thingname=iot-device-02, thingid=4ae4927a-aefb-4584-a45a-fc4839feffd6, thingarn=arn:aws:iot:us-east-1:507441099951:thing/iot-device-02, thingtypename=null, attributes={installed=1593361211, latitude=32.8205865, longitude=-96.871627}, version=1, billinggroupname=null}","2020-11-26 00:00:00.000"
"iot-device-03","1.594655073914532E9","51.7","71.78","false","false","0.0079","0.0052","0.0211","2020-11-26T17:27:45.259+0000","{defaultclientid=iot-device-03, thingname=iot-device-03, thingid=877352b9-a35d-45d3-9c98-162d89965a13, thingarn=arn:aws:iot:us-east-1:507441099951:thing/iot-device-03, thingtypename=null, attributes={installed=1592562234, latitude=37.4133144, longitude=-122.1513069}, version=1, billinggroupname=null}","2020-11-26 00:00:00.000"
"iot-device-01","1.5946550765192595E9","74.9","66.74","false","false","0.0067","0.0041","0.0177","2020-11-26T17:27:45.548+0000","{defaultclientid=iot-device-01, thingname=iot-device-01, thingid=983c2b68-f9a3-4e83-b3c6-9f6f8ad5431b, thingarn=arn:aws:iot:us-east-1:507441099951:thing/iot-device-01, thingtypename=null, attributes={installed=1594665292, latitude=37.4133144, longitude=-122.1513069}, version=1, billinggroupname=null}","2020-11-26 00:00:00.000"
"iot-device-03","1.5946550775886548E9","51.7","71.78","false","false","0.0079","0.0052","0.0211","2020-11-26T17:27:45.839+0000","{defaultclientid=iot-device-03, thingname=iot-device-03, thingid=877352b9-a35d-45d3-9c98-162d89965a13, thingarn=arn:aws:iot:us-east-1:507441099951:thing/iot-device-03, thingtypename=null, attributes={installed=1592562234, latitude=37.4133144, longitude=-122.1513069}, version=1, billinggroupname=null}","2020-11-26 00:00:00.000"
"iot-device-02","1.5946550784648242E9","62.1","75.38","true","false","0.0068","0.0042","0.0181","2020-11-26T17:27:46.152+0000","{defaultclientid=iot-device-02, thingname=iot-device-02, thingid=4ae4927a-aefb-4584-a45a-fc4839feffd6, thingarn=arn:aws:iot:us-east-1:507441099951:thing/iot-device-02, thingtypename=null, attributes={installed=1593361211, latitude=32.8205865, longitude=-96.871627}, version=1, billinggroupname=null}","2020-11-26 00:00:00.000"
"iot-device-01","1.594655080872743E9","75.0","66.74","false","false","0.0067","0.0041","0.0177","2020-11-26T17:27:46.451+0000","{defaultclientid=iot-device-01, thingname=iot-device-01, thingid=983c2b68-f9a3-4e83-b3c6-9f6f8ad5431b, thingarn=arn:aws:iot:us-east-1:507441099951:thing/iot-device-01, thingtypename=null, attributes={installed=1594665292, latitude=37.4133144, longitude=-122.1513069}, version=1, billinggroupname=null}","2020-11-26 00:00:00.000"
"iot-device-03","1.594655081272325E9","51.6","71.78","false","false","0.0079","0.0052","0.0211","2020-11-26T17:27:46.747+0000","{defaultclientid=iot-device-03, thingname=iot-device-03, thingid=877352b9-a35d-45d3-9c98-162d89965a13, thingarn=arn:aws:iot:us-east-1:507441099951:thing/iot-device-03, thingtypename=null, attributes={installed=1592562234, latitude=37.4133144, longitude=-122.1513069}, version=1, billinggroupname=null}","2020-11-26 00:00:00.000"
"iot-device-02","1.5946550844112964E9","62.0","75.2","true","false","0.0068","0.0042","0.0181","2020-11-26T17:27:47.029+0000","{defaultclientid=iot-device-02, thingname=iot-device-02, thingid=4ae4927a-aefb-4584-a45a-fc4839feffd6, thingarn=arn:aws:iot:us-east-1:507441099951:thing/iot-device-02, thingtypename=null, attributes={installed=1593361211, latitude=32.8205865, longitude=-96.871627}, version=1, billinggroupname=null}","2020-11-26 00:00:00.000"
"iot-device-03","1.5946550849562097E9","51.6","71.78","false","false","0.0079","0.0052","0.0211","2020-11-26T17:27:47.324+0000","{defaultclientid=iot-device-03, thingname=iot-device-03, thingid=877352b9-a35d-45d3-9c98-162d89965a13, thingarn=arn:aws:iot:us-east-1:507441099951:thing/iot-device-03, thingtypename=null, attributes={installed=1592562234, latitude=37.4133144, longitude=-122.1513069}, version=1, billinggroupname=null}","2020-11-26 00:00:00.000"
"iot-device-03","1.5946550886408155E9","51.6","71.78","false","false","0.0079","0.0051","0.021","2020-11-26T17:27:47.625+0000","{defaultclientid=iot-device-03, thingname=iot-device-03, thingid=877352b9-a35d-45d3-9c98-162d89965a13, thingarn=arn:aws:iot:us-east-1:507441099951:thing/iot-device-03, thingtypename=null, attributes={installed=1592562234, latitude=37.4133144, longitude=-122.1513069}, version=1, billinggroupname=null}","2020-11-26 00:00:00.000"
"iot-device-03","1.5946549847373395E9","51.9","71.78","false","false","0.0079","0.0052","0.0211","2020-11-26T17:27:30.180+0000","{defaultclientid=iot-device-03, thingname=iot-device-03, thingid=877352b9-a35d-45d3-9c98-162d89965a13, thingarn=arn:aws:iot:us-east-1:507441099951:thing/iot-device-03, thingtypename=null, attributes={installed=1592562234, latitude=37.4133144, longitude=-122.1513069}, version=1, billinggroupname=null}","2020-11-26 00:00:00.000"
"iot-device-02","1.5946549872980895E9","62.0","75.2","true","false","0.0069","0.0043","0.0182","2020-11-26T17:27:30.469+0000","{defaultclientid=iot-device-02, thingname=iot-device-02, thingid=4ae4927a-aefb-4584-a45a-fc4839feffd6, thingarn=arn:aws:iot:us-east-1:507441099951:thing/iot-device-02, thingtypename=null, attributes={installed=1593361211, latitude=32.8205865, longitude=-96.871627}, version=1, billinggroupname=null}","2020-11-26 00:00:00.000"
"iot-device-03","1.594654988420849E9","51.9","71.78","false","false","0.0079","0.0052","0.0211","2020-11-26T17:27:30.761+0000","{defaultclientid=iot-device-03, thingname=iot-device-03, thingid=877352b9-a35d-45d3-9c98-162d89965a13, thingarn=arn:aws:iot:us-east-1:507441099951:thing/iot-device-03, thingtypename=null, attributes={installed=1592562234, latitude=37.4133144, longitude=-122.1513069}, version=1, billinggroupname=null}","2020-11-26 00:00:00.000"
"iot-device-01","1.594654989179826E9","74.8","66.74","false","false","0.0067","0.0042","0.0179","2020-11-26T17:27:31.054+0000","{defaultclientid=iot-device-01, thingname=iot-device-01, thingid=983c2b68-f9a3-4e83-b3c6-9f6f8ad5431b, thingarn=arn:aws:iot:us-east-1:507441099951:thing/iot-device-01, thingtypename=null, attributes={installed=1594665292, latitude=37.4133144, longitude=-122.1513069}, version=1, billinggroupname=null}","2020-11-26 00:00:00.000"
"iot-device-03","1.594654992105333E9","51.9","71.78","false","false","0.0079","0.0052","0.0211","2020-11-26T17:27:31.348+0000","{defaultclientid=iot-device-03, thingname=iot-device-03, thingid=877352b9-a35d-45d3-9c98-162d89965a13, thingarn=arn:aws:iot:us-east-1:507441099951:thing/iot-device-03, thingtypename=null, attributes={installed=1592562234, latitude=37.4133144, longitude=-122.1513069}, version=1, billinggroupname=null}","2020-11-26 00:00:00.000"
"iot-device-02","1.5946549937808373E9","62.0","75.2","true","false","0.0068","0.0042","0.0181","2020-11-26T17:27:31.653+0000","{defaultclientid=iot-device-02, thingname=iot-device-02, thingid=4ae4927a-aefb-4584-a45a-fc4839feffd6, thingarn=arn:aws:iot:us-east-1:507441099951:thing/iot-device-02, thingtypename=null, attributes={installed=1593361211, latitude=32.8205865, longitude=-96.871627}, version=1, billinggroupname=null}","2020-11-26 00:00:00.000"
"iot-device-03","1.5946549957870152E9","51.8","71.78","false","false","0.0079","0.0052","0.0212","2020-11-26T17:27:31.942+0000","{defaultclientid=iot-device-03, thingname=iot-device-03, thingid=877352b9-a35d-45d3-9c98-162d89965a13, thingarn=arn:aws:iot:us-east-1:507441099951:thing/iot-device-03, thingtypename=null, attributes={installed=1592562234, latitude=37.4133144, longitude=-122.1513069}, version=1, billinggroupname=null}","2020-11-26 00:00:00.000"
"iot-device-01","1.594654996221246E9","74.8","66.56","false","false","0.0067","0.0042","0.0179","2020-11-26T17:27:32.229+0000","{defaultclientid=iot-device-01, thingname=iot-device-01, thingid=983c2b68-f9a3-4e83-b3c6-9f6f8ad5431b, thingarn=arn:aws:iot:us-east-1:507441099951:thing/iot-device-01, thingtypename=null, attributes={installed=1594665292, latitude=37.4133144, longitude=-122.1513069}, version=1, billinggroupname=null}","2020-11-26 00:00:00.000"
"iot-device-03","1.5946549994728682E9","51.8","71.78","false","false","0.0079","0.0052","0.0211","2020-11-26T17:27:32.520+0000","{defaultclientid=iot-device-03, thingname=iot-device-03, thingid=877352b9-a35d-45d3-9c98-162d89965a13, thingarn=arn:aws:iot:us-east-1:507441099951:thing/iot-device-03, thingtypename=null, attributes={installed=1592562234, latitude=37.4133144, longitude=-122.1513069}, version=1, billinggroupname=null}","2020-11-26 00:00:00.000"
"iot-device-01","1.594655000036616E9","74.8","66.74","false","false","0.0067","0.0042","0.0179","2020-11-26T17:27:32.826+0000","{defaultclientid=iot-device-01, thingname=iot-device-01, thingid=983c2b68-f9a3-4e83-b3c6-9f6f8ad5431b, thingarn=arn:aws:iot:us-east-1:507441099951:thing/iot-device-01, thingtypename=null, attributes={installed=1594665292, latitude=37.4133144, longitude=-122.1513069}, version=1, billinggroupname=null}","2020-11-26 00:00:00.000"
"iot-device-01","1.594655090594316E9","75.0","66.74","false","false","0.0066","0.0041","0.0175","2020-11-26T17:27:47.923+0000","{defaultclientid=iot-device-01, thingname=iot-device-01, thingid=983c2b68-f9a3-4e83-b3c6-9f6f8ad5431b, thingarn=arn:aws:iot:us-east-1:507441099951:thing/iot-device-01, thingtypename=null, attributes={installed=1594665292, latitude=37.4133144, longitude=-122.1513069}, version=1, billinggroupname=null}","2020-11-26 00:00:00.000"
"iot-device-03","1.5946550923232827E9","51.6","71.78","false","false","0.0079","0.0052","0.021","2020-11-26T17:27:48.214+0000","{defaultclientid=iot-device-03, thingname=iot-device-03, thingid=877352b9-a35d-45d3-9c98-162d89965a13, thingarn=arn:aws:iot:us-east-1:507441099951:thing/iot-device-03, thingtypename=null, attributes={installed=1592562234, latitude=37.4133144, longitude=-122.1513069}, version=1, billinggroupname=null}","2020-11-26 00:00:00.000"
"iot-device-02","1.5946550930406175E9","62.0","75.38","true","false","0.0068","0.0042","0.0181","2020-11-26T17:27:48.498+0000","{defaultclientid=iot-device-02, thingname=iot-device-02, thingid=4ae4927a-aefb-4584-a45a-fc4839feffd6, thingarn=arn:aws:iot:us-east-1:507441099951:thing/iot-device-02, thingtypename=null, attributes={installed=1593361211, latitude=32.8205865, longitude=-96.871627}, version=1, billinggroupname=null}","2020-11-26 00:00:00.000"
"iot-device-03","1.5946550960096905E9","51.6","71.78","false","false","0.0079","0.0052","0.0211","2020-11-26T17:27:48.789+0000","{defaultclientid=iot-device-03, thingname=iot-device-03, thingid=877352b9-a35d-45d3-9c98-162d89965a13, thingarn=arn:aws:iot:us-east-1:507441099951:thing/iot-device-03, thingtypename=null, attributes={installed=1592562234, latitude=37.4133144, longitude=-122.1513069}, version=1, billinggroupname=null}","2020-11-26 00:00:00.000"
"iot-device-02","1.5946550973834615E9","62.0","75.2","true","false","0.0068","0.0042","0.0181","2020-11-26T17:27:49.091+0000","{defaultclientid=iot-device-02, thingname=iot-device-02, thingid=4ae4927a-aefb-4584-a45a-fc4839feffd6, thingarn=arn:aws:iot:us-east-1:507441099951:thing/iot-device-02, thingtypename=null, attributes={installed=1593361211, latitude=32.8205865, longitude=-96.871627}, version=1, billinggroupname=null}","2020-11-26 00:00:00.000"
"iot-device-01","1.5946550981748867E9","75.0","66.74","false","false","0.0067","0.0042","0.0179","2020-11-26T17:27:49.385+0000","{defaultclientid=iot-device-01, thingname=iot-device-01, thingid=983c2b68-f9a3-4e83-b3c6-9f6f8ad5431b, thingarn=arn:aws:iot:us-east-1:507441099951:thing/iot-device-01, thingtypename=null, attributes={installed=1594665292, latitude=37.4133144, longitude=-122.1513069}, version=1, billinggroupname=null}","2020-11-26 00:00:00.000"
"iot-device-03","1.59465509969351E9","51.7","71.78","false","false","0.0079","0.0051","0.021","2020-11-26T17:27:49.680+0000","{defaultclientid=iot-device-03, thingname=iot-device-03, thingid=877352b9-a35d-45d3-9c98-162d89965a13, thingarn=arn:aws:iot:us-east-1:507441099951:thing/iot-device-03, thingtypename=null, attributes={installed=1592562234, latitude=37.4133144, longitude=-122.1513069}, version=1, billinggroupname=null}","2020-11-26 00:00:00.000"
"iot-device-02","1.5946551011905339E9","62.0","75.2","true","false","0.0068","0.0042","0.0181","2020-11-26T17:27:49.975+0000","{defaultclientid=iot-device-02, thingname=iot-device-02, thingid=4ae4927a-aefb-4584-a45a-fc4839feffd6, thingarn=arn:aws:iot:us-east-1:507441099951:thing/iot-device-02, thingtypename=null, attributes={installed=1593361211, latitude=32.8205865, longitude=-96.871627}, version=1, billinggroupname=null}","2020-11-26 00:00:00.000"
"iot-device-03","1.594655103375351E9","51.7","71.78","false","false","0.0079","0.0052","0.0212","2020-11-26T17:27:50.258+0000","{defaultclientid=iot-device-03, thingname=iot-device-03, thingid=877352b9-a35d-45d3-9c98-162d89965a13, thingarn=arn:aws:iot:us-east-1:507441099951:thing/iot-device-03, thingtypename=null, attributes={installed=1592562234, latitude=37.4133144, longitude=-122.1513069}, version=1, billinggroupname=null}","2020-11-26 00:00:00.000"
"iot-device-01","1.594655104139496E9","75.0","66.74","false","false","0.0067","0.0041","0.0177","2020-11-26T17:27:50.560+0000","{defaultclientid=iot-device-01, thingname=iot-device-01, thingid=983c2b68-f9a3-4e83-b3c6-9f6f8ad5431b, thingarn=arn:aws:iot:us-east-1:507441099951:thing/iot-device-01, thingtypename=null, attributes={installed=1594665292, latitude=37.4133144, longitude=-122.1513069}, version=1, billinggroupname=null}","2020-11-26 00:00:00.000"
"iot-device-02","1.5946550002648582E9","62.0","75.2","true","false","0.0069","0.0043","0.0181","2020-11-26T17:27:33.118+0000","{defaultclientid=iot-device-02, thingname=iot-device-02, thingid=4ae4927a-aefb-4584-a45a-fc4839feffd6, thingarn=arn:aws:iot:us-east-1:507441099951:thing/iot-device-02, thingtypename=null, attributes={installed=1593361211, latitude=32.8205865, longitude=-96.871627}, version=1, billinggroupname=null}","2020-11-26 00:00:00.000"
"iot-device-03","1.594655003159611E9","51.8","71.78","false","false","0.0079","0.0052","0.0211","2020-11-26T17:27:33.419+0000","{defaultclientid=iot-device-03, thingname=iot-device-03, thingid=877352b9-a35d-45d3-9c98-162d89965a13, thingarn=arn:aws:iot:us-east-1:507441099951:thing/iot-device-03, thingtypename=null, attributes={installed=1592562234, latitude=37.4133144, longitude=-122.1513069}, version=1, billinggroupname=null}","2020-11-26 00:00:00.000"
"iot-device-03","1.594655006845907E9","51.8","71.78","false","false","0.0079","0.0052","0.0211","2020-11-26T17:27:33.708+0000","{defaultclientid=iot-device-03, thingname=iot-device-03, thingid=877352b9-a35d-45d3-9c98-162d89965a13, thingarn=arn:aws:iot:us-east-1:507441099951:thing/iot-device-03, thingtypename=null, attributes={installed=1592562234, latitude=37.4133144, longitude=-122.1513069}, version=1, billinggroupname=null}","2020-11-26 00:00:00.000"
"iot-device-01","1.5946550076133401E9","74.9","66.74","false","false","0.0067","0.0042","0.0179","2020-11-26T17:27:34.000+0000","{defaultclientid=iot-device-01, thingname=iot-device-01, thingid=983c2b68-f9a3-4e83-b3c6-9f6f8ad5431b, thingarn=arn:aws:iot:us-east-1:507441099951:thing/iot-device-01, thingtypename=null, attributes={installed=1594665292, latitude=37.4133144, longitude=-122.1513069}, version=1, billinggroupname=null}","2020-11-26 00:00:00.000"
"iot-device-02","1.5946550078169606E9","62.0","75.2","true","false","0.0069","0.0043","0.0183","2020-11-26T17:27:34.288+0000","{defaultclientid=iot-device-02, thingname=iot-device-02, thingid=4ae4927a-aefb-4584-a45a-fc4839feffd6, thingarn=arn:aws:iot:us-east-1:507441099951:thing/iot-device-02, thingtypename=null, attributes={installed=1593361211, latitude=32.8205865, longitude=-96.871627}, version=1, billinggroupname=null}","2020-11-26 00:00:00.000"
"iot-device-03","1.5946550105305946E9","51.8","71.78","false","false","0.0079","0.0052","0.0211","2020-11-26T17:27:34.580+0000","{defaultclientid=iot-device-03, thingname=iot-device-03, thingid=877352b9-a35d-45d3-9c98-162d89965a13, thingarn=arn:aws:iot:us-east-1:507441099951:thing/iot-device-03, thingtypename=null, attributes={installed=1592562234, latitude=37.4133144, longitude=-122.1513069}, version=1, billinggroupname=null}","2020-11-26 00:00:00.000"
"iot-device-01","1.5946550114289222E9","75.2","66.74","false","false","0.0067","0.0041","0.0177","2020-11-26T17:27:34.936+0000","{defaultclientid=iot-device-01, thingname=iot-device-01, thingid=983c2b68-f9a3-4e83-b3c6-9f6f8ad5431b, thingarn=arn:aws:iot:us-east-1:507441099951:thing/iot-device-01, thingtypename=null, attributes={installed=1594665292, latitude=37.4133144, longitude=-122.1513069}, version=1, billinggroupname=null}","2020-11-26 00:00:00.000"
"iot-device-03","1.5946550142171257E9","51.7","71.78","false","false","0.0079","0.0052","0.0211","2020-11-26T17:27:35.238+0000","{defaultclientid=iot-device-03, thingname=iot-device-03, thingid=877352b9-a35d-45d3-9c98-162d89965a13, thingarn=arn:aws:iot:us-east-1:507441099951:thing/iot-device-03, thingtypename=null, attributes={installed=1592562234, latitude=37.4133144, longitude=-122.1513069}, version=1, billinggroupname=null}","2020-11-26 00:00:00.000"
"iot-device-01","1.59465501631737E9","74.9","66.74","false","false","0.0067","0.0042","0.0179","2020-11-26T17:27:35.531+0000","{defaultclientid=iot-device-01, thingname=iot-device-01, thingid=983c2b68-f9a3-4e83-b3c6-9f6f8ad5431b, thingarn=arn:aws:iot:us-east-1:507441099951:thing/iot-device-01, thingtypename=null, attributes={installed=1594665292, latitude=37.4133144, longitude=-122.1513069}, version=1, billinggroupname=null}","2020-11-26 00:00:00.000"
"iot-device-03","1.594655017903785E9","51.7","71.78","false","false","0.0079","0.0052","0.0211","2020-11-26T17:27:35.828+0000","{defaultclientid=iot-device-03, thingname=iot-device-03, thingid=877352b9-a35d-45d3-9c98-162d89965a13, thingarn=arn:aws:iot:us-east-1:507441099951:thing/iot-device-03, thingtypename=null, attributes={installed=1592562234, latitude=37.4133144, longitude=-122.1513069}, version=1, billinggroupname=null}","2020-11-26 00:00:00.000"
"iot-device-03","1.5946550552417572E9","51.7","71.78","false","false","0.0079","0.0052","0.0212","2020-11-26T17:27:42.038+0000","{defaultclientid=iot-device-03, thingname=iot-device-03, thingid=877352b9-a35d-45d3-9c98-162d89965a13, thingarn=arn:aws:iot:us-east-1:507441099951:thing/iot-device-03, thingtypename=null, attributes={installed=1592562234, latitude=37.4133144, longitude=-122.1513069}, version=1, billinggroupname=null}","2020-11-26 00:00:00.000"
"iot-device-03","1.5946550589275508E9","51.7","71.78","false","false","0.0079","0.0052","0.0212","2020-11-26T17:27:42.329+0000","{defaultclientid=iot-device-03, thingname=iot-device-03, thingid=877352b9-a35d-45d3-9c98-162d89965a13, thingarn=arn:aws:iot:us-east-1:507441099951:thing/iot-device-03, thingtypename=null, attributes={installed=1592562234, latitude=37.4133144, longitude=-122.1513069}, version=1, billinggroupname=null}","2020-11-26 00:00:00.000"
"iot-device-01","1.594655059170536E9","74.9","66.74","false","false","0.0066","0.0041","0.0175","2020-11-26T17:27:42.621+0000","{defaultclientid=iot-device-01, thingname=iot-device-01, thingid=983c2b68-f9a3-4e83-b3c6-9f6f8ad5431b, thingarn=arn:aws:iot:us-east-1:507441099951:thing/iot-device-01, thingtypename=null, attributes={installed=1594665292, latitude=37.4133144, longitude=-122.1513069}, version=1, billinggroupname=null}","2020-11-26 00:00:00.000"
"iot-device-02","1.594655059547364E9","61.9","75.2","true","false","0.0068","0.0042","0.0181","2020-11-26T17:27:42.909+0000","{defaultclientid=iot-device-02, thingname=iot-device-02, thingid=4ae4927a-aefb-4584-a45a-fc4839feffd6, thingarn=arn:aws:iot:us-east-1:507441099951:thing/iot-device-02, thingtypename=null, attributes={installed=1593361211, latitude=32.8205865, longitude=-96.871627}, version=1, billinggroupname=null}","2020-11-26 00:00:00.000"
"iot-device-03","1.5946550628586106E9","51.7","71.78","false","false","0.0079","0.0052","0.0211","2020-11-26T17:27:43.210+0000","{defaultclientid=iot-device-03, thingname=iot-device-03, thingid=877352b9-a35d-45d3-9c98-162d89965a13, thingarn=arn:aws:iot:us-east-1:507441099951:thing/iot-device-03, thingtypename=null, attributes={installed=1592562234, latitude=37.4133144, longitude=-122.1513069}, version=1, billinggroupname=null}","2020-11-26 00:00:00.000"
"iot-device-01","1.5946550656687806E9","74.9","66.56","false","false","0.0066","0.0041","0.0175","2020-11-26T17:27:43.499+0000","{defaultclientid=iot-device-01, thingname=iot-device-01, thingid=983c2b68-f9a3-4e83-b3c6-9f6f8ad5431b, thingarn=arn:aws:iot:us-east-1:507441099951:thing/iot-device-01, thingtypename=null, attributes={installed=1594665292, latitude=37.4133144, longitude=-122.1513069}, version=1, billinggroupname=null}","2020-11-26 00:00:00.000"
"iot-device-03","1.5946550665454195E9","51.7","71.78","false","false","0.0079","0.0052","0.0211","2020-11-26T17:27:43.794+0000","{defaultclientid=iot-device-03, thingname=iot-device-03, thingid=877352b9-a35d-45d3-9c98-162d89965a13, thingarn=arn:aws:iot:us-east-1:507441099951:thing/iot-device-03, thingtypename=null, attributes={installed=1592562234, latitude=37.4133144, longitude=-122.1513069}, version=1, billinggroupname=null}","2020-11-26 00:00:00.000"
"iot-device-02","1.5946550676340563E9","62.0","75.2","true","false","0.0069","0.0043","0.0182","2020-11-26T17:27:44.080+0000","{defaultclientid=iot-device-02, thingname=iot-device-02, thingid=4ae4927a-aefb-4584-a45a-fc4839feffd6, thingarn=arn:aws:iot:us-east-1:507441099951:thing/iot-device-02, thingtypename=null, attributes={installed=1593361211, latitude=32.8205865, longitude=-96.871627}, version=1, billinggroupname=null}","2020-11-26 00:00:00.000"
"iot-device-03","1.5946550702293348E9","51.7","71.78","false","false","0.0079","0.0052","0.021","2020-11-26T17:27:44.387+0000","{defaultclientid=iot-device-03, thingname=iot-device-03, thingid=877352b9-a35d-45d3-9c98-162d89965a13, thingarn=arn:aws:iot:us-east-1:507441099951:thing/iot-device-03, thingtypename=null, attributes={installed=1592562234, latitude=37.4133144, longitude=-122.1513069}, version=1, billinggroupname=null}","2020-11-26 00:00:00.000"
"iot-device-01","1.5946550705565462E9","75.0","66.74","false","false","0.0067","0.0042","0.0179","2020-11-26T17:27:44.678+0000","{defaultclientid=iot-device-01, thingname=iot-device-01, thingid=983c2b68-f9a3-4e83-b3c6-9f6f8ad5431b, thingarn=arn:aws:iot:us-east-1:507441099951:thing/iot-device-01, thingtypename=null, attributes={installed=1594665292, latitude=37.4133144, longitude=-122.1513069}, version=1, billinggroupname=null}","2020-11-26 00:00:00.000"
"iot-device-02","1.5946551461699104E9","62.0","75.2","true","false","0.0069","0.0043","0.0183","2020-11-26T17:27:56.746+0000","{defaultclientid=iot-device-02, thingname=iot-device-02, thingid=4ae4927a-aefb-4584-a45a-fc4839feffd6, thingarn=arn:aws:iot:us-east-1:507441099951:thing/iot-device-02, thingtypename=null, attributes={installed=1593361211, latitude=32.8205865, longitude=-96.871627}, version=1, billinggroupname=null}","2020-11-26 00:00:00.000"
"iot-device-01","1.5946551466904864E9","75.1","66.74","false","false","0.0067","0.0042","0.0179","2020-11-26T17:27:57.039+0000","{defaultclientid=iot-device-01, thingname=iot-device-01, thingid=983c2b68-f9a3-4e83-b3c6-9f6f8ad5431b, thingarn=arn:aws:iot:us-east-1:507441099951:thing/iot-device-01, thingtypename=null, attributes={installed=1594665292, latitude=37.4133144, longitude=-122.1513069}, version=1, billinggroupname=null}","2020-11-26 00:00:00.000"
"iot-device-03","1.5946551478747213E9","51.5","71.78","false","false","0.0079","0.0052","0.0211","2020-11-26T17:27:57.330+0000","{defaultclientid=iot-device-03, thingname=iot-device-03, thingid=877352b9-a35d-45d3-9c98-162d89965a13, thingarn=arn:aws:iot:us-east-1:507441099951:thing/iot-device-03, thingtypename=null, attributes={installed=1592562234, latitude=37.4133144, longitude=-122.1513069}, version=1, billinggroupname=null}","2020-11-26 00:00:00.000"
"iot-device-03","1.5946551515607905E9","51.6","71.96","false","false","0.0079","0.0052","0.0211","2020-11-26T17:27:57.623+0000","{defaultclientid=iot-device-03, thingname=iot-device-03, thingid=877352b9-a35d-45d3-9c98-162d89965a13, thingarn=arn:aws:iot:us-east-1:507441099951:thing/iot-device-03, thingtypename=null, attributes={installed=1592562234, latitude=37.4133144, longitude=-122.1513069}, version=1, billinggroupname=null}","2020-11-26 00:00:00.000"
"iot-device-01","1.5946551548022208E9","75.0","66.74","false","false","0.0067","0.0041","0.0177","2020-11-26T17:27:57.918+0000","{defaultclientid=iot-device-01, thingname=iot-device-01, thingid=983c2b68-f9a3-4e83-b3c6-9f6f8ad5431b, thingarn=arn:aws:iot:us-east-1:507441099951:thing/iot-device-01, thingtypename=null, attributes={installed=1594665292, latitude=37.4133144, longitude=-122.1513069}, version=1, billinggroupname=null}","2020-11-26 00:00:00.000"
"iot-device-03","1.5946551552481694E9","51.5","71.78","false","false","0.0079","0.0051","0.021","2020-11-26T17:27:58.208+0000","{defaultclientid=iot-device-03, thingname=iot-device-03, thingid=877352b9-a35d-45d3-9c98-162d89965a13, thingarn=arn:aws:iot:us-east-1:507441099951:thing/iot-device-03, thingtypename=null, attributes={installed=1592562234, latitude=37.4133144, longitude=-122.1513069}, version=1, billinggroupname=null}","2020-11-26 00:00:00.000"
"iot-device-01","1.594655158615908E9","75.0","66.74","false","false","0.0066","0.0041","0.0175","2020-11-26T17:27:58.499+0000","{defaultclientid=iot-device-01, thingname=iot-device-01, thingid=983c2b68-f9a3-4e83-b3c6-9f6f8ad5431b, thingarn=arn:aws:iot:us-east-1:507441099951:thing/iot-device-01, thingtypename=null, attributes={installed=1594665292, latitude=37.4133144, longitude=-122.1513069}, version=1, billinggroupname=null}","2020-11-26 00:00:00.000"
"iot-device-03","1.5946551589343946E9","51.6","71.78","false","false","0.0079","0.0052","0.0211","2020-11-26T17:27:58.793+0000","{defaultclientid=iot-device-03, thingname=iot-device-03, thingid=877352b9-a35d-45d3-9c98-162d89965a13, thingarn=arn:aws:iot:us-east-1:507441099951:thing/iot-device-03, thingtypename=null, attributes={installed=1592562234, latitude=37.4133144, longitude=-122.1513069}, version=1, billinggroupname=null}","2020-11-26 00:00:00.000"
"iot-device-02","1.5946551609318964E9","62.0","75.38","true","false","0.0068","0.0042","0.0181","2020-11-26T17:27:59.079+0000","{defaultclientid=iot-device-02, thingname=iot-device-02, thingid=4ae4927a-aefb-4584-a45a-fc4839feffd6, thingarn=arn:aws:iot:us-east-1:507441099951:thing/iot-device-02, thingtypename=null, attributes={installed=1593361211, latitude=32.8205865, longitude=-96.871627}, version=1, billinggroupname=null}","2020-11-26 00:00:00.000"
"iot-device-03","1.5946551626184902E9","51.6","71.78","false","false","0.0079","0.0052","0.0211","2020-11-26T17:27:59.399+0000","{defaultclientid=iot-device-03, thingname=iot-device-03, thingid=877352b9-a35d-45d3-9c98-162d89965a13, thingarn=arn:aws:iot:us-east-1:507441099951:thing/iot-device-03, thingtypename=null, attributes={installed=1592562234, latitude=37.4133144, longitude=-122.1513069}, version=1, billinggroupname=null}","2020-11-26 00:00:00.000"
"iot-device-02","1.5946551283951914E9","62.1","75.38","true","false","0.0069","0.0043","0.0183","2020-11-26T17:27:53.770+0000","{defaultclientid=iot-device-02, thingname=iot-device-02, thingid=4ae4927a-aefb-4584-a45a-fc4839feffd6, thingarn=arn:aws:iot:us-east-1:507441099951:thing/iot-device-02, thingtypename=null, attributes={installed=1593361211, latitude=32.8205865, longitude=-96.871627}, version=1, billinggroupname=null}","2020-11-26 00:00:00.000"
"iot-device-01","1.5946551288003898E9","75.0","66.74","false","false","0.0067","0.0042","0.0179","2020-11-26T17:27:54.061+0000","{defaultclientid=iot-device-01, thingname=iot-device-01, thingid=983c2b68-f9a3-4e83-b3c6-9f6f8ad5431b, thingarn=arn:aws:iot:us-east-1:507441099951:thing/iot-device-01, thingtypename=null, attributes={installed=1594665292, latitude=37.4133144, longitude=-122.1513069}, version=1, billinggroupname=null}","2020-11-26 00:00:00.000"
"iot-device-03","1.5946551291798408E9","51.9","71.78","false","false","0.0079","0.0052","0.0211","2020-11-26T17:27:54.351+0000","{defaultclientid=iot-device-03, thingname=iot-device-03, thingid=877352b9-a35d-45d3-9c98-162d89965a13, thingarn=arn:aws:iot:us-east-1:507441099951:thing/iot-device-03, thingtypename=null, attributes={installed=1592562234, latitude=37.4133144, longitude=-122.1513069}, version=1, billinggroupname=null}","2020-11-26 00:00:00.000"
"iot-device-03","1.5946551331182005E9","51.9","71.78","false","false","0.0079","0.0052","0.0212","2020-11-26T17:27:54.678+0000","{defaultclientid=iot-device-03, thingname=iot-device-03, thingid=877352b9-a35d-45d3-9c98-162d89965a13, thingarn=arn:aws:iot:us-east-1:507441099951:thing/iot-device-03, thingtypename=null, attributes={installed=1592562234, latitude=37.4133144, longitude=-122.1513069}, version=1, billinggroupname=null}","2020-11-26 00:00:00.000"
"iot-device-01","1.594655133687157E9","75.0","66.74","false","false","0.0067","0.0041","0.0177","2020-11-26T17:27:54.971+0000","{defaultclientid=iot-device-01, thingname=iot-device-01, thingid=983c2b68-f9a3-4e83-b3c6-9f6f8ad5431b, thingarn=arn:aws:iot:us-east-1:507441099951:thing/iot-device-01, thingtypename=null, attributes={installed=1594665292, latitude=37.4133144, longitude=-122.1513069}, version=1, billinggroupname=null}","2020-11-26 00:00:00.000"
"iot-device-03","1.5946551368179855E9","51.7","71.96","false","false","0.0079","0.0052","0.0211","2020-11-26T17:27:55.270+0000","{defaultclientid=iot-device-03, thingname=iot-device-03, thingid=877352b9-a35d-45d3-9c98-162d89965a13, thingarn=arn:aws:iot:us-east-1:507441099951:thing/iot-device-03, thingtypename=null, attributes={installed=1592562234, latitude=37.4133144, longitude=-122.1513069}, version=1, billinggroupname=null}","2020-11-26 00:00:00.000"
"iot-device-01","1.5946551385798044E9","75.1","66.74","false","false","0.0067","0.0041","0.0177","2020-11-26T17:27:55.567+0000","{defaultclientid=iot-device-01, thingname=iot-device-01, thingid=983c2b68-f9a3-4e83-b3c6-9f6f8ad5431b, thingarn=arn:aws:iot:us-east-1:507441099951:thing/iot-device-01, thingtypename=null, attributes={installed=1594665292, latitude=37.4133144, longitude=-122.1513069}, version=1, billinggroupname=null}","2020-11-26 00:00:00.000"
"iot-device-02","1.5946551396909366E9","62.1","75.38","true","false","0.0069","0.0043","0.0182","2020-11-26T17:27:55.872+0000","{defaultclientid=iot-device-02, thingname=iot-device-02, thingid=4ae4927a-aefb-4584-a45a-fc4839feffd6, thingarn=arn:aws:iot:us-east-1:507441099951:thing/iot-device-02, thingtypename=null, attributes={installed=1593361211, latitude=32.8205865, longitude=-96.871627}, version=1, billinggroupname=null}","2020-11-26 00:00:00.000"
"iot-device-03","1.5946551405047176E9","51.6","71.96","false","false","0.0079","0.0052","0.0211","2020-11-26T17:27:56.159+0000","{defaultclientid=iot-device-03, thingname=iot-device-03, thingid=877352b9-a35d-45d3-9c98-162d89965a13, thingarn=arn:aws:iot:us-east-1:507441099951:thing/iot-device-03, thingtypename=null, attributes={installed=1592562234, latitude=37.4133144, longitude=-122.1513069}, version=1, billinggroupname=null}","2020-11-26 00:00:00.000"
"iot-device-03","1.5946551441883922E9","51.5","71.78","false","false","0.0079","0.0052","0.0211","2020-11-26T17:27:56.453+0000","{defaultclientid=iot-device-03, thingname=iot-device-03, thingid=877352b9-a35d-45d3-9c98-162d89965a13, thingarn=arn:aws:iot:us-east-1:507441099951:thing/iot-device-03, thingtypename=null, attributes={installed=1592562234, latitude=37.4133144, longitude=-122.1513069}, version=1, billinggroupname=null}","2020-11-26 00:00:00.000"
"iot-device-01","1.5946550201327653E9","74.9","66.74","false","false","0.0065","0.004","0.0172","2020-11-26T17:27:36.121+0000","{defaultclientid=iot-device-01, thingname=iot-device-01, thingid=983c2b68-f9a3-4e83-b3c6-9f6f8ad5431b, thingarn=arn:aws:iot:us-east-1:507441099951:thing/iot-device-01, thingtypename=null, attributes={installed=1594665292, latitude=37.4133144, longitude=-122.1513069}, version=1, billinggroupname=null}","2020-11-26 00:00:00.000"
"iot-device-02","1.5946550209700375E9","62.0","75.2","true","false","0.0069","0.0043","0.0182","2020-11-26T17:27:36.410+0000","{defaultclientid=iot-device-02, thingname=iot-device-02, thingid=4ae4927a-aefb-4584-a45a-fc4839feffd6, thingarn=arn:aws:iot:us-east-1:507441099951:thing/iot-device-02, thingtypename=null, attributes={installed=1593361211, latitude=32.8205865, longitude=-96.871627}, version=1, billinggroupname=null}","2020-11-26 00:00:00.000"
"iot-device-03","1.5946550215861845E9","51.7","71.78","false","false","0.0079","0.0052","0.0211","2020-11-26T17:27:36.698+0000","{defaultclientid=iot-device-03, thingname=iot-device-03, thingid=877352b9-a35d-45d3-9c98-162d89965a13, thingarn=arn:aws:iot:us-east-1:507441099951:thing/iot-device-03, thingtypename=null, attributes={installed=1592562234, latitude=37.4133144, longitude=-122.1513069}, version=1, billinggroupname=null}","2020-11-26 00:00:00.000"
"iot-device-03","1.5946550252701106E9","51.7","71.78","false","false","0.0079","0.0052","0.0211","2020-11-26T17:27:36.991+0000","{defaultclientid=iot-device-03, thingname=iot-device-03, thingid=877352b9-a35d-45d3-9c98-162d89965a13, thingarn=arn:aws:iot:us-east-1:507441099951:thing/iot-device-03, thingtypename=null, attributes={installed=1592562234, latitude=37.4133144, longitude=-122.1513069}, version=1, billinggroupname=null}","2020-11-26 00:00:00.000"
"iot-device-01","1.594655027707391E9","75.0","66.74","false","false","0.0067","0.0041","0.0177","2020-11-26T17:27:37.282+0000","{defaultclientid=iot-device-01, thingname=iot-device-01, thingid=983c2b68-f9a3-4e83-b3c6-9f6f8ad5431b, thingarn=arn:aws:iot:us-east-1:507441099951:thing/iot-device-01, thingtypename=null, attributes={installed=1594665292, latitude=37.4133144, longitude=-122.1513069}, version=1, billinggroupname=null}","2020-11-26 00:00:00.000"
"iot-device-03","1.594655028956366E9","51.7","71.78","false","false","0.0079","0.0052","0.0211","2020-11-26T17:27:37.572+0000","{defaultclientid=iot-device-03, thingname=iot-device-03, thingid=877352b9-a35d-45d3-9c98-162d89965a13, thingarn=arn:aws:iot:us-east-1:507441099951:thing/iot-device-03, thingtypename=null, attributes={installed=1592562234, latitude=37.4133144, longitude=-122.1513069}, version=1, billinggroupname=null}","2020-11-26 00:00:00.000"
"iot-device-03","1.5946550326423786E9","51.7","71.78","false","false","0.0079","0.0052","0.021","2020-11-26T17:27:37.867+0000","{defaultclientid=iot-device-03, thingname=iot-device-03, thingid=877352b9-a35d-45d3-9c98-162d89965a13, thingarn=arn:aws:iot:us-east-1:507441099951:thing/iot-device-03, thingtypename=null, attributes={installed=1592562234, latitude=37.4133144, longitude=-122.1513069}, version=1, billinggroupname=null}","2020-11-26 00:00:00.000"
"iot-device-01","1.594655034219696E9","74.9","66.74","false","false","0.0067","0.0042","0.0179","2020-11-26T17:27:38.160+0000","{defaultclientid=iot-device-01, thingname=iot-device-01, thingid=983c2b68-f9a3-4e83-b3c6-9f6f8ad5431b, thingarn=arn:aws:iot:us-east-1:507441099951:thing/iot-device-01, thingtypename=null, attributes={installed=1594665292, latitude=37.4133144, longitude=-122.1513069}, version=1, billinggroupname=null}","2020-11-26 00:00:00.000"
"iot-device-02","1.59465503465814E9","62.0","75.38","true","false","0.0069","0.0043","0.0183","2020-11-26T17:27:38.451+0000","{defaultclientid=iot-device-02, thingname=iot-device-02, thingid=4ae4927a-aefb-4584-a45a-fc4839feffd6, thingarn=arn:aws:iot:us-east-1:507441099951:thing/iot-device-02, thingtypename=null, attributes={installed=1593361211, latitude=32.8205865, longitude=-96.871627}, version=1, billinggroupname=null}","2020-11-26 00:00:00.000"
"iot-device-03","1.5946550363170724E9","51.7","71.78","false","false","0.0079","0.0052","0.0211","2020-11-26T17:27:38.740+0000","{defaultclientid=iot-device-03, thingname=iot-device-03, thingid=877352b9-a35d-45d3-9c98-162d89965a13, thingarn=arn:aws:iot:us-east-1:507441099951:thing/iot-device-03, thingtypename=null, attributes={installed=1592562234, latitude=37.4133144, longitude=-122.1513069}, version=1, billinggroupname=null}","2020-11-26 00:00:00.000"
"iot-device-03","1.5946550400012355E9","51.7","71.78","false","false","0.0079","0.0052","0.0211","2020-11-26T17:27:39.040+0000","{defaultclientid=iot-device-03, thingname=iot-device-03, thingid=877352b9-a35d-45d3-9c98-162d89965a13, thingarn=arn:aws:iot:us-east-1:507441099951:thing/iot-device-03, thingtypename=null, attributes={installed=1592562234, latitude=37.4133144, longitude=-122.1513069}, version=1, billinggroupname=null}","2020-11-26 00:00:00.000"
"iot-device-02","1.5946550422117186E9","61.9","75.2","true","false","0.0069","0.0043","0.0183","2020-11-26T17:27:39.330+0000","{defaultclientid=iot-device-02, thingname=iot-device-02, thingid=4ae4927a-aefb-4584-a45a-fc4839feffd6, thingarn=arn:aws:iot:us-east-1:507441099951:thing/iot-device-02, thingtypename=null, attributes={installed=1593361211, latitude=32.8205865, longitude=-96.871627}, version=1, billinggroupname=null}","2020-11-26 00:00:00.000"
"iot-device-03","1.5946550436877782E9","51.7","71.78","false","false","0.0079","0.0052","0.0211","2020-11-26T17:27:39.630+0000","{defaultclientid=iot-device-03, thingname=iot-device-03, thingid=877352b9-a35d-45d3-9c98-162d89965a13, thingarn=arn:aws:iot:us-east-1:507441099951:thing/iot-device-03, thingtypename=null, attributes={installed=1592562234, latitude=37.4133144, longitude=-122.1513069}, version=1, billinggroupname=null}","2020-11-26 00:00:00.000"
"iot-device-01","1.5946550439566708E9","74.9","66.74","false","false","0.0067","0.0041","0.0177","2020-11-26T17:27:39.934+0000","{defaultclientid=iot-device-01, thingname=iot-device-01, thingid=983c2b68-f9a3-4e83-b3c6-9f6f8ad5431b, thingarn=arn:aws:iot:us-east-1:507441099951:thing/iot-device-01, thingtypename=null, attributes={installed=1594665292, latitude=37.4133144, longitude=-122.1513069}, version=1, billinggroupname=null}","2020-11-26 00:00:00.000"
"iot-device-03","1.594655047621552E9","51.7","71.78","false","false","0.0079","0.0052","0.0211","2020-11-26T17:27:40.259+0000","{defaultclientid=iot-device-03, thingname=iot-device-03, thingid=877352b9-a35d-45d3-9c98-162d89965a13, thingarn=arn:aws:iot:us-east-1:507441099951:thing/iot-device-03, thingtypename=null, attributes={installed=1592562234, latitude=37.4133144, longitude=-122.1513069}, version=1, billinggroupname=null}","2020-11-26 00:00:00.000"
"iot-device-02","1.5946550487225895E9","61.9","75.2","true","false","0.0068","0.0042","0.0181","2020-11-26T17:27:40.550+0000","{defaultclientid=iot-device-02, thingname=iot-device-02, thingid=4ae4927a-aefb-4584-a45a-fc4839feffd6, thingarn=arn:aws:iot:us-east-1:507441099951:thing/iot-device-02, thingtypename=null, attributes={installed=1593361211, latitude=32.8205865, longitude=-96.871627}, version=1, billinggroupname=null}","2020-11-26 00:00:00.000"
"iot-device-01","1.594655049931456E9","74.9","66.74","false","false","0.0067","0.0042","0.0179","2020-11-26T17:27:40.860+0000","{defaultclientid=iot-device-01, thingname=iot-device-01, thingid=983c2b68-f9a3-4e83-b3c6-9f6f8ad5431b, thingarn=arn:aws:iot:us-east-1:507441099951:thing/iot-device-01, thingtypename=null, attributes={installed=1594665292, latitude=37.4133144, longitude=-122.1513069}, version=1, billinggroupname=null}","2020-11-26 00:00:00.000"
"iot-device-03","1.5946550513073256E9","51.7","71.78","false","false","0.0079","0.0052","0.0211","2020-11-26T17:27:41.162+0000","{defaultclientid=iot-device-03, thingname=iot-device-03, thingid=877352b9-a35d-45d3-9c98-162d89965a13, thingarn=arn:aws:iot:us-east-1:507441099951:thing/iot-device-03, thingtypename=null, attributes={installed=1592562234, latitude=37.4133144, longitude=-122.1513069}, version=1, billinggroupname=null}","2020-11-26 00:00:00.000"
"iot-device-02","1.594655053065645E9","62.0","75.38","true","false","0.0069","0.0043","0.0181","2020-11-26T17:27:41.448+0000","{defaultclientid=iot-device-02, thingname=iot-device-02, thingid=4ae4927a-aefb-4584-a45a-fc4839feffd6, thingarn=arn:aws:iot:us-east-1:507441099951:thing/iot-device-02, thingtypename=null, attributes={installed=1593361211, latitude=32.8205865, longitude=-96.871627}, version=1, billinggroupname=null}","2020-11-26 00:00:00.000"
"iot-device-01","1.594655054818836E9","74.9","66.74","false","false","0.0067","0.0041","0.0177","2020-11-26T17:27:41.741+0000","{defaultclientid=iot-device-01, thingname=iot-device-01, thingid=983c2b68-f9a3-4e83-b3c6-9f6f8ad5431b, thingarn=arn:aws:iot:us-east-1:507441099951:thing/iot-device-01, thingtypename=null, attributes={installed=1594665292, latitude=37.4133144, longitude=-122.1513069}, version=1, billinggroupname=null}","2020-11-26 00:00:00.000"
"iot-device-03","1.5946588407665648E9","52.4","71.6","false","false","0.0079","0.0052","0.0212","2020-11-26T17:30:06.052+0000","{defaultclientid=iot-device-03, thingname=iot-device-03, thingid=877352b9-a35d-45d3-9c98-162d89965a13, thingarn=arn:aws:iot:us-east-1:507441099951:thing/iot-device-03, thingtypename=null, attributes={installed=1592562234, latitude=37.4133144, longitude=-122.1513069}, version=1, billinggroupname=null}","2020-11-26 00:00:00.000"
"iot-device-02","1.5946588413482525E9","62.6","76.28","true","false","0.0068","0.0042","0.0181","2020-11-26T17:30:06.353+0000","{defaultclientid=iot-device-02, thingname=iot-device-02, thingid=4ae4927a-aefb-4584-a45a-fc4839feffd6, thingarn=arn:aws:iot:us-east-1:507441099951:thing/iot-device-02, thingtypename=null, attributes={installed=1593361211, latitude=32.8205865, longitude=-96.871627}, version=1, billinggroupname=null}","2020-11-26 00:00:00.000"
"iot-device-01","1.5946588437628126E9","75.4","66.56","false","false","0.0076","0.0049","0.0202","2020-11-26T17:30:06.648+0000","{defaultclientid=iot-device-01, thingname=iot-device-01, thingid=983c2b68-f9a3-4e83-b3c6-9f6f8ad5431b, thingarn=arn:aws:iot:us-east-1:507441099951:thing/iot-device-01, thingtypename=null, attributes={installed=1594665292, latitude=37.4133144, longitude=-122.1513069}, version=1, billinggroupname=null}","2020-11-26 00:00:00.000"
"iot-device-03","1.594658844452522E9","52.4","71.6","false","false","0.0079","0.0052","0.0212","2020-11-26T17:30:06.951+0000","{defaultclientid=iot-device-03, thingname=iot-device-03, thingid=877352b9-a35d-45d3-9c98-162d89965a13, thingarn=arn:aws:iot:us-east-1:507441099951:thing/iot-device-03, thingtypename=null, attributes={installed=1592562234, latitude=37.4133144, longitude=-122.1513069}, version=1, billinggroupname=null}","2020-11-26 00:00:00.000"
"iot-device-03","1.5946588481384995E9","52.4","71.6","false","false","0.0079","0.0052","0.0212","2020-11-26T17:30:07.258+0000","{defaultclientid=iot-device-03, thingname=iot-device-03, thingid=877352b9-a35d-45d3-9c98-162d89965a13, thingarn=arn:aws:iot:us-east-1:507441099951:thing/iot-device-03, thingtypename=null, attributes={installed=1592562234, latitude=37.4133144, longitude=-122.1513069}, version=1, billinggroupname=null}","2020-11-26 00:00:00.000"
"iot-device-01","1.5946588502616527E9","75.4","66.56","false","false","0.0076","0.0049","0.0202","2020-11-26T17:30:07.551+0000","{defaultclientid=iot-device-01, thingname=iot-device-01, thingid=983c2b68-f9a3-4e83-b3c6-9f6f8ad5431b, thingarn=arn:aws:iot:us-east-1:507441099951:thing/iot-device-01, thingtypename=null, attributes={installed=1594665292, latitude=37.4133144, longitude=-122.1513069}, version=1, billinggroupname=null}","2020-11-26 00:00:00.000"
"iot-device-02","1.594658851039251E9","62.6","76.28","true","false","0.0068","0.0042","0.018","2020-11-26T17:30:07.840+0000","{defaultclientid=iot-device-02, thingname=iot-device-02, thingid=4ae4927a-aefb-4584-a45a-fc4839feffd6, thingarn=arn:aws:iot:us-east-1:507441099951:thing/iot-device-02, thingtypename=null, attributes={installed=1593361211, latitude=32.8205865, longitude=-96.871627}, version=1, billinggroupname=null}","2020-11-26 00:00:00.000"
"iot-device-03","1.594658851824455E9","52.4","71.6","false","false","0.0079","0.0052","0.0212","2020-11-26T17:30:08.133+0000","{defaultclientid=iot-device-03, thingname=iot-device-03, thingid=877352b9-a35d-45d3-9c98-162d89965a13, thingarn=arn:aws:iot:us-east-1:507441099951:thing/iot-device-03, thingtypename=null, attributes={installed=1592562234, latitude=37.4133144, longitude=-122.1513069}, version=1, billinggroupname=null}","2020-11-26 00:00:00.000"
"iot-device-01","1.5946588546147401E9","75.5","66.56","false","false","0.0076","0.0049","0.0202","2020-11-26T17:30:08.420+0000","{defaultclientid=iot-device-01, thingname=iot-device-01, thingid=983c2b68-f9a3-4e83-b3c6-9f6f8ad5431b, thingarn=arn:aws:iot:us-east-1:507441099951:thing/iot-device-01, thingtypename=null, attributes={installed=1594665292, latitude=37.4133144, longitude=-122.1513069}, version=1, billinggroupname=null}","2020-11-26 00:00:00.000"
"iot-device-03","1.594658855506256E9","52.4","71.6","false","false","0.008","0.0052","0.0213","2020-11-26T17:30:08.946+0000","{defaultclientid=iot-device-03, thingname=iot-device-03, thingid=877352b9-a35d-45d3-9c98-162d89965a13, thingarn=arn:aws:iot:us-east-1:507441099951:thing/iot-device-03, thingtypename=null, attributes={installed=1592562234, latitude=37.4133144, longitude=-122.1513069}, version=1, billinggroupname=null}","2020-11-26 00:00:00.000"
"iot-device-01","1.5946589080735214E9","75.5","66.56","false","false","0.0076","0.0049","0.0202","2020-11-26T17:30:18.348+0000","{defaultclientid=iot-device-01, thingname=iot-device-01, thingid=983c2b68-f9a3-4e83-b3c6-9f6f8ad5431b, thingarn=arn:aws:iot:us-east-1:507441099951:thing/iot-device-01, thingtypename=null, attributes={installed=1594665292, latitude=37.4133144, longitude=-122.1513069}, version=1, billinggroupname=null}","2020-11-26 00:00:00.000"
"iot-device-03","1.5946589108012776E9","52.6","71.6","false","false","0.0079","0.0052","0.0211","2020-11-26T17:30:18.660+0000","{defaultclientid=iot-device-03, thingname=iot-device-03, thingid=877352b9-a35d-45d3-9c98-162d89965a13, thingarn=arn:aws:iot:us-east-1:507441099951:thing/iot-device-03, thingtypename=null, attributes={installed=1592562234, latitude=37.4133144, longitude=-122.1513069}, version=1, billinggroupname=null}","2020-11-26 00:00:00.000"
"iot-device-01","1.5946589118908026E9","75.6","66.56","false","false","0.0076","0.0049","0.0202","2020-11-26T17:30:18.981+0000","{defaultclientid=iot-device-01, thingname=iot-device-01, thingid=983c2b68-f9a3-4e83-b3c6-9f6f8ad5431b, thingarn=arn:aws:iot:us-east-1:507441099951:thing/iot-device-01, thingtypename=null, attributes={installed=1594665292, latitude=37.4133144, longitude=-122.1513069}, version=1, billinggroupname=null}","2020-11-26 00:00:00.000"
"iot-device-02","1.5946589128914812E9","62.5","76.28","true","false","0.0068","0.0042","0.018","2020-11-26T17:30:19.342+0000","{defaultclientid=iot-device-02, thingname=iot-device-02, thingid=4ae4927a-aefb-4584-a45a-fc4839feffd6, thingarn=arn:aws:iot:us-east-1:507441099951:thing/iot-device-02, thingtypename=null, attributes={installed=1593361211, latitude=32.8205865, longitude=-96.871627}, version=1, billinggroupname=null}","2020-11-26 00:00:00.000"
"iot-device-03","1.5946589144872158E9","52.6","71.78","false","false","0.0079","0.0052","0.0212","2020-11-26T17:30:19.666+0000","{defaultclientid=iot-device-03, thingname=iot-device-03, thingid=877352b9-a35d-45d3-9c98-162d89965a13, thingarn=arn:aws:iot:us-east-1:507441099951:thing/iot-device-03, thingtypename=null, attributes={installed=1592562234, latitude=37.4133144, longitude=-122.1513069}, version=1, billinggroupname=null}","2020-11-26 00:00:00.000"
"iot-device-01","1.5946589178575838E9","75.7","66.56","false","false","0.0076","0.0049","0.0202","2020-11-26T17:30:19.964+0000","{defaultclientid=iot-device-01, thingname=iot-device-01, thingid=983c2b68-f9a3-4e83-b3c6-9f6f8ad5431b, thingarn=arn:aws:iot:us-east-1:507441099951:thing/iot-device-01, thingtypename=null, attributes={installed=1594665292, latitude=37.4133144, longitude=-122.1513069}, version=1, billinggroupname=null}","2020-11-26 00:00:00.000"
"iot-device-03","1.594658918172994E9","52.6","71.78","false","false","0.0079","0.0052","0.0212","2020-11-26T17:30:20.260+0000","{defaultclientid=iot-device-03, thingname=iot-device-03, thingid=877352b9-a35d-45d3-9c98-162d89965a13, thingarn=arn:aws:iot:us-east-1:507441099951:thing/iot-device-03, thingtypename=null, attributes={installed=1592562234, latitude=37.4133144, longitude=-122.1513069}, version=1, billinggroupname=null}","2020-11-26 00:00:00.000"
"iot-device-03","1.5946589218539133E9","52.5","71.78","false","false","0.0079","0.0052","0.0212","2020-11-26T17:30:20.560+0000","{defaultclientid=iot-device-03, thingname=iot-device-03, thingid=877352b9-a35d-45d3-9c98-162d89965a13, thingarn=arn:aws:iot:us-east-1:507441099951:thing/iot-device-03, thingtypename=null, attributes={installed=1592562234, latitude=37.4133144, longitude=-122.1513069}, version=1, billinggroupname=null}","2020-11-26 00:00:00.000"
"iot-device-02","1.594658922046396E9","62.5","76.28","true","false","0.0068","0.0042","0.018","2020-11-26T17:30:20.852+0000","{defaultclientid=iot-device-02, thingname=iot-device-02, thingid=4ae4927a-aefb-4584-a45a-fc4839feffd6, thingarn=arn:aws:iot:us-east-1:507441099951:thing/iot-device-02, thingtypename=null, attributes={installed=1593361211, latitude=32.8205865, longitude=-96.871627}, version=1, billinggroupname=null}","2020-11-26 00:00:00.000"
"iot-device-01","1.5946589222039096E9","75.8","66.56","false","false","0.0076","0.0049","0.0202","2020-11-26T17:30:21.141+0000","{defaultclientid=iot-device-01, thingname=iot-device-01, thingid=983c2b68-f9a3-4e83-b3c6-9f6f8ad5431b, thingarn=arn:aws:iot:us-east-1:507441099951:thing/iot-device-01, thingtypename=null, attributes={installed=1594665292, latitude=37.4133144, longitude=-122.1513069}, version=1, billinggroupname=null}","2020-11-26 00:00:00.000"
"iot-device-03","1.5946589588535333E9","52.5","71.78","false","false","0.0079","0.0052","0.0212","2020-11-26T17:30:27.559+0000","{defaultclientid=iot-device-03, thingname=iot-device-03, thingid=877352b9-a35d-45d3-9c98-162d89965a13, thingarn=arn:aws:iot:us-east-1:507441099951:thing/iot-device-03, thingtypename=null, attributes={installed=1592562234, latitude=37.4133144, longitude=-122.1513069}, version=1, billinggroupname=null}","2020-11-26 00:00:00.000"
"iot-device-03","1.5946589625399015E9","52.5","71.78","false","false","0.0079","0.0052","0.0212","2020-11-26T17:30:27.861+0000","{defaultclientid=iot-device-03, thingname=iot-device-03, thingid=877352b9-a35d-45d3-9c98-162d89965a13, thingarn=arn:aws:iot:us-east-1:507441099951:thing/iot-device-03, thingtypename=null, attributes={installed=1592562234, latitude=37.4133144, longitude=-122.1513069}, version=1, billinggroupname=null}","2020-11-26 00:00:00.000"
"iot-device-01","1.5946589639102812E9","75.7","66.56","false","false","0.0076","0.0049","0.0202","2020-11-26T17:30:28.152+0000","{defaultclientid=iot-device-01, thingname=iot-device-01, thingid=983c2b68-f9a3-4e83-b3c6-9f6f8ad5431b, thingarn=arn:aws:iot:us-east-1:507441099951:thing/iot-device-01, thingtypename=null, attributes={installed=1594665292, latitude=37.4133144, longitude=-122.1513069}, version=1, billinggroupname=null}","2020-11-26 00:00:00.000"
"iot-device-02","1.5946589652905502E9","62.5","76.28","true","false","0.0068","0.0042","0.018","2020-11-26T17:30:28.455+0000","{defaultclientid=iot-device-02, thingname=iot-device-02, thingid=4ae4927a-aefb-4584-a45a-fc4839feffd6, thingarn=arn:aws:iot:us-east-1:507441099951:thing/iot-device-02, thingtypename=null, attributes={installed=1593361211, latitude=32.8205865, longitude=-96.871627}, version=1, billinggroupname=null}","2020-11-26 00:00:00.000"
"iot-device-03","1.5946589662258706E9","52.5","71.78","false","false","0.0079","0.0052","0.0211","2020-11-26T17:30:28.754+0000","{defaultclientid=iot-device-03, thingname=iot-device-03, thingid=877352b9-a35d-45d3-9c98-162d89965a13, thingarn=arn:aws:iot:us-east-1:507441099951:thing/iot-device-03, thingtypename=null, attributes={installed=1592562234, latitude=37.4133144, longitude=-122.1513069}, version=1, billinggroupname=null}","2020-11-26 00:00:00.000"
"iot-device-03","1.5946589699120548E9","52.5","71.78","false","false","0.0079","0.0052","0.0212","2020-11-26T17:30:29.052+0000","{defaultclientid=iot-device-03, thingname=iot-device-03, thingid=877352b9-a35d-45d3-9c98-162d89965a13, thingarn=arn:aws:iot:us-east-1:507441099951:thing/iot-device-03, thingtypename=null, attributes={installed=1592562234, latitude=37.4133144, longitude=-122.1513069}, version=1, billinggroupname=null}","2020-11-26 00:00:00.000"
"iot-device-02","1.5946589701648626E9","62.4","76.28","true","false","0.0068","0.0042","0.018","2020-11-26T17:30:29.352+0000","{defaultclientid=iot-device-02, thingname=iot-device-02, thingid=4ae4927a-aefb-4584-a45a-fc4839feffd6, thingarn=arn:aws:iot:us-east-1:507441099951:thing/iot-device-02, thingtypename=null, attributes={installed=1593361211, latitude=32.8205865, longitude=-96.871627}, version=1, billinggroupname=null}","2020-11-26 00:00:00.000"
"iot-device-01","1.594658970413151E9","75.7","66.56","false","false","0.0076","0.0049","0.0202","2020-11-26T17:30:29.653+0000","{defaultclientid=iot-device-01, thingname=iot-device-01, thingid=983c2b68-f9a3-4e83-b3c6-9f6f8ad5431b, thingarn=arn:aws:iot:us-east-1:507441099951:thing/iot-device-01, thingtypename=null, attributes={installed=1594665292, latitude=37.4133144, longitude=-122.1513069}, version=1, billinggroupname=null}","2020-11-26 00:00:00.000"
"iot-device-01","1.594658943848865E9","75.8","66.56","false","false","0.0076","0.0049","0.0202","2020-11-26T17:30:24.539+0000","{defaultclientid=iot-device-01, thingname=iot-device-01, thingid=983c2b68-f9a3-4e83-b3c6-9f6f8ad5431b, thingarn=arn:aws:iot:us-east-1:507441099951:thing/iot-device-01, thingtypename=null, attributes={installed=1594665292, latitude=37.4133144, longitude=-122.1513069}, version=1, billinggroupname=null}","2020-11-26 00:00:00.000"
"iot-device-03","1.5946589442050967E9","52.5","71.78","false","false","0.0079","0.0052","0.0212","2020-11-26T17:30:24.842+0000","{defaultclientid=iot-device-03, thingname=iot-device-03, thingid=877352b9-a35d-45d3-9c98-162d89965a13, thingarn=arn:aws:iot:us-east-1:507441099951:thing/iot-device-03, thingtypename=null, attributes={installed=1592562234, latitude=37.4133144, longitude=-122.1513069}, version=1, billinggroupname=null}","2020-11-26 00:00:00.000"
"iot-device-02","1.5946589442239113E9","62.6","76.28","true","false","0.0068","0.0042","0.018","2020-11-26T17:30:25.139+0000","{defaultclientid=iot-device-02, thingname=iot-device-02, thingid=4ae4927a-aefb-4584-a45a-fc4839feffd6, thingarn=arn:aws:iot:us-east-1:507441099951:thing/iot-device-02, thingtypename=null, attributes={installed=1593361211, latitude=32.8205865, longitude=-96.871627}, version=1, billinggroupname=null}","2020-11-26 00:00:00.000"
"iot-device-03","1.5946589478912218E9","52.4","71.78","false","false","0.0079","0.0052","0.0213","2020-11-26T17:30:25.442+0000","{defaultclientid=iot-device-03, thingname=iot-device-03, thingid=877352b9-a35d-45d3-9c98-162d89965a13, thingarn=arn:aws:iot:us-east-1:507441099951:thing/iot-device-03, thingtypename=null, attributes={installed=1592562234, latitude=37.4133144, longitude=-122.1513069}, version=1, billinggroupname=null}","2020-11-26 00:00:00.000"
"iot-device-01","1.5946589492803905E9","75.8","66.56","false","false","0.0076","0.0049","0.0202","2020-11-26T17:30:25.749+0000","{defaultclientid=iot-device-01, thingname=iot-device-01, thingid=983c2b68-f9a3-4e83-b3c6-9f6f8ad5431b, thingarn=arn:aws:iot:us-east-1:507441099951:thing/iot-device-01, thingtypename=null, attributes={installed=1594665292, latitude=37.4133144, longitude=-122.1513069}, version=1, billinggroupname=null}","2020-11-26 00:00:00.000"
"iot-device-02","1.594658949637351E9","62.5","76.28","true","false","0.0068","0.0042","0.018","2020-11-26T17:30:26.052+0000","{defaultclientid=iot-device-02, thingname=iot-device-02, thingid=4ae4927a-aefb-4584-a45a-fc4839feffd6, thingarn=arn:aws:iot:us-east-1:507441099951:thing/iot-device-02, thingtypename=null, attributes={installed=1593361211, latitude=32.8205865, longitude=-96.871627}, version=1, billinggroupname=null}","2020-11-26 00:00:00.000"
"iot-device-03","1.5946589515773554E9","52.5","71.78","false","false","0.0079","0.0052","0.0212","2020-11-26T17:30:26.344+0000","{defaultclientid=iot-device-03, thingname=iot-device-03, thingid=877352b9-a35d-45d3-9c98-162d89965a13, thingarn=arn:aws:iot:us-east-1:507441099951:thing/iot-device-03, thingtypename=null, attributes={installed=1592562234, latitude=37.4133144, longitude=-122.1513069}, version=1, billinggroupname=null}","2020-11-26 00:00:00.000"
"iot-device-03","1.594658955263278E9","52.5","71.78","false","false","0.0079","0.0052","0.0212","2020-11-26T17:30:26.651+0000","{defaultclientid=iot-device-03, thingname=iot-device-03, thingid=877352b9-a35d-45d3-9c98-162d89965a13, thingarn=arn:aws:iot:us-east-1:507441099951:thing/iot-device-03, thingtypename=null, attributes={installed=1592562234, latitude=37.4133144, longitude=-122.1513069}, version=1, billinggroupname=null}","2020-11-26 00:00:00.000"
"iot-device-02","1.5946589561190658E9","62.5","76.28","true","false","0.0068","0.0042","0.018","2020-11-26T17:30:26.951+0000","{defaultclientid=iot-device-02, thingname=iot-device-02, thingid=4ae4927a-aefb-4584-a45a-fc4839feffd6, thingarn=arn:aws:iot:us-east-1:507441099951:thing/iot-device-02, thingtypename=null, attributes={installed=1593361211, latitude=32.8205865, longitude=-96.871627}, version=1, billinggroupname=null}","2020-11-26 00:00:00.000"
"iot-device-01","1.5946589584843092E9","75.8","66.56","false","false","0.0076","0.0049","0.0202","2020-11-26T17:30:27.251+0000","{defaultclientid=iot-device-01, thingname=iot-device-01, thingid=983c2b68-f9a3-4e83-b3c6-9f6f8ad5431b, thingarn=arn:aws:iot:us-east-1:507441099951:thing/iot-device-01, thingtypename=null, attributes={installed=1594665292, latitude=37.4133144, longitude=-122.1513069}, version=1, billinggroupname=null}","2020-11-26 00:00:00.000"
"iot-device-03","1.5946588223403072E9","52.4","71.6","false","false","0.0079","0.0052","0.0212","2020-11-26T17:30:03.055+0000","{defaultclientid=iot-device-03, thingname=iot-device-03, thingid=877352b9-a35d-45d3-9c98-162d89965a13, thingarn=arn:aws:iot:us-east-1:507441099951:thing/iot-device-03, thingtypename=null, attributes={installed=1592562234, latitude=37.4133144, longitude=-122.1513069}, version=1, billinggroupname=null}","2020-11-26 00:00:00.000"
"iot-device-02","1.5946588234870114E9","62.5","76.28","true","false","0.0068","0.0042","0.018","2020-11-26T17:30:03.340+0000","{defaultclientid=iot-device-02, thingname=iot-device-02, thingid=4ae4927a-aefb-4584-a45a-fc4839feffd6, thingarn=arn:aws:iot:us-east-1:507441099951:thing/iot-device-02, thingtypename=null, attributes={installed=1593361211, latitude=32.8205865, longitude=-96.871627}, version=1, billinggroupname=null}","2020-11-26 00:00:00.000"
"iot-device-03","1.5946588260262845E9","52.4","71.6","false","false","0.0079","0.0052","0.0212","2020-11-26T17:30:03.642+0000","{defaultclientid=iot-device-03, thingname=iot-device-03, thingid=877352b9-a35d-45d3-9c98-162d89965a13, thingarn=arn:aws:iot:us-east-1:507441099951:thing/iot-device-03, thingtypename=null, attributes={installed=1592562234, latitude=37.4133144, longitude=-122.1513069}, version=1, billinggroupname=null}","2020-11-26 00:00:00.000"
"iot-device-01","1.5946588274379346E9","75.4","66.38","false","false","0.0076","0.0049","0.0203","2020-11-26T17:30:03.939+0000","{defaultclientid=iot-device-01, thingname=iot-device-01, thingid=983c2b68-f9a3-4e83-b3c6-9f6f8ad5431b, thingarn=arn:aws:iot:us-east-1:507441099951:thing/iot-device-01, thingtypename=null, attributes={installed=1594665292, latitude=37.4133144, longitude=-122.1513069}, version=1, billinggroupname=null}","2020-11-26 00:00:00.000"
"iot-device-03","1.5946588297100124E9","52.4","71.6","false","false","0.008","0.0052","0.0213","2020-11-26T17:30:04.230+0000","{defaultclientid=iot-device-03, thingname=iot-device-03, thingid=877352b9-a35d-45d3-9c98-162d89965a13, thingarn=arn:aws:iot:us-east-1:507441099951:thing/iot-device-03, thingtypename=null, attributes={installed=1592562234, latitude=37.4133144, longitude=-122.1513069}, version=1, billinggroupname=null}","2020-11-26 00:00:00.000"
"iot-device-02","1.594658831058214E9","62.5","76.28","true","false","0.0068","0.0042","0.018","2020-11-26T17:30:04.539+0000","{defaultclientid=iot-device-02, thingname=iot-device-02, thingid=4ae4927a-aefb-4584-a45a-fc4839feffd6, thingarn=arn:aws:iot:us-east-1:507441099951:thing/iot-device-02, thingtypename=null, attributes={installed=1593361211, latitude=32.8205865, longitude=-96.871627}, version=1, billinggroupname=null}","2020-11-26 00:00:00.000"
"iot-device-03","1.5946588333958135E9","52.4","71.6","false","false","0.0079","0.0052","0.0212","2020-11-26T17:30:04.854+0000","{defaultclientid=iot-device-03, thingname=iot-device-03, thingid=877352b9-a35d-45d3-9c98-162d89965a13, thingarn=arn:aws:iot:us-east-1:507441099951:thing/iot-device-03, thingtypename=null, attributes={installed=1592562234, latitude=37.4133144, longitude=-122.1513069}, version=1, billinggroupname=null}","2020-11-26 00:00:00.000"
"iot-device-01","1.5946588361807582E9","75.4","66.56","false","false","0.0076","0.0049","0.0202","2020-11-26T17:30:05.151+0000","{defaultclientid=iot-device-01, thingname=iot-device-01, thingid=983c2b68-f9a3-4e83-b3c6-9f6f8ad5431b, thingarn=arn:aws:iot:us-east-1:507441099951:thing/iot-device-01, thingtypename=null, attributes={installed=1594665292, latitude=37.4133144, longitude=-122.1513069}, version=1, billinggroupname=null}","2020-11-26 00:00:00.000"
"iot-device-02","1.5946588370050905E9","62.5","76.28","true","false","0.0068","0.0042","0.0181","2020-11-26T17:30:05.460+0000","{defaultclientid=iot-device-02, thingname=iot-device-02, thingid=4ae4927a-aefb-4584-a45a-fc4839feffd6, thingarn=arn:aws:iot:us-east-1:507441099951:thing/iot-device-02, thingtypename=null, attributes={installed=1593361211, latitude=32.8205865, longitude=-96.871627}, version=1, billinggroupname=null}","2020-11-26 00:00:00.000"
"iot-device-03","1.5946588370807483E9","52.4","71.6","false","false","0.0079","0.0052","0.0212","2020-11-26T17:30:05.761+0000","{defaultclientid=iot-device-03, thingname=iot-device-03, thingid=877352b9-a35d-45d3-9c98-162d89965a13, thingarn=arn:aws:iot:us-east-1:507441099951:thing/iot-device-03, thingtypename=null, attributes={installed=1592562234, latitude=37.4133144, longitude=-122.1513069}, version=1, billinggroupname=null}","2020-11-26 00:00:00.000"
"iot-device-03","1.5946588739340756E9","52.5","71.6","false","false","0.0079","0.0052","0.0212","2020-11-26T17:30:12.241+0000","{defaultclientid=iot-device-03, thingname=iot-device-03, thingid=877352b9-a35d-45d3-9c98-162d89965a13, thingarn=arn:aws:iot:us-east-1:507441099951:thing/iot-device-03, thingtypename=null, attributes={installed=1592562234, latitude=37.4133144, longitude=-122.1513069}, version=1, billinggroupname=null}","2020-11-26 00:00:00.000"
"iot-device-01","1.594658874178743E9","75.5","66.56","false","false","0.0076","0.0049","0.0202","2020-11-26T17:30:12.544+0000","{defaultclientid=iot-device-01, thingname=iot-device-01, thingid=983c2b68-f9a3-4e83-b3c6-9f6f8ad5431b, thingarn=arn:aws:iot:us-east-1:507441099951:thing/iot-device-01, thingtypename=null, attributes={installed=1594665292, latitude=37.4133144, longitude=-122.1513069}, version=1, billinggroupname=null}","2020-11-26 00:00:00.000"
"iot-device-02","1.5946588748323936E9","62.6","76.28","true","false","0.0068","0.0042","0.018","2020-11-26T17:30:12.843+0000","{defaultclientid=iot-device-02, thingname=iot-device-02, thingid=4ae4927a-aefb-4584-a45a-fc4839feffd6, thingarn=arn:aws:iot:us-east-1:507441099951:thing/iot-device-02, thingtypename=null, attributes={installed=1593361211, latitude=32.8205865, longitude=-96.871627}, version=1, billinggroupname=null}","2020-11-26 00:00:00.000"
"iot-device-03","1.5946588776200554E9","52.6","71.78","false","false","0.0079","0.0052","0.0212","2020-11-26T17:30:13.140+0000","{defaultclientid=iot-device-03, thingname=iot-device-03, thingid=877352b9-a35d-45d3-9c98-162d89965a13, thingarn=arn:aws:iot:us-east-1:507441099951:thing/iot-device-03, thingtypename=null, attributes={installed=1592562234, latitude=37.4133144, longitude=-122.1513069}, version=1, billinggroupname=null}","2020-11-26 00:00:00.000"
"iot-device-01","1.5946588785326836E9","75.6","66.56","false","false","0.0076","0.0049","0.0202","2020-11-26T17:30:13.443+0000","{defaultclientid=iot-device-01, thingname=iot-device-01, thingid=983c2b68-f9a3-4e83-b3c6-9f6f8ad5431b, thingarn=arn:aws:iot:us-east-1:507441099951:thing/iot-device-01, thingtypename=null, attributes={installed=1594665292, latitude=37.4133144, longitude=-122.1513069}, version=1, billinggroupname=null}","2020-11-26 00:00:00.000"
"iot-device-02","1.5946588807959545E9","62.6","76.28","true","false","0.0068","0.0042","0.018","2020-11-26T17:30:13.752+0000","{defaultclientid=iot-device-02, thingname=iot-device-02, thingid=4ae4927a-aefb-4584-a45a-fc4839feffd6, thingarn=arn:aws:iot:us-east-1:507441099951:thing/iot-device-02, thingtypename=null, attributes={installed=1593361211, latitude=32.8205865, longitude=-96.871627}, version=1, billinggroupname=null}","2020-11-26 00:00:00.000"
"iot-device-03","1.594658881306515E9","52.6","71.6","false","false","0.0079","0.0052","0.0212","2020-11-26T17:30:14.058+0000","{defaultclientid=iot-device-03, thingname=iot-device-03, thingid=877352b9-a35d-45d3-9c98-162d89965a13, thingarn=arn:aws:iot:us-east-1:507441099951:thing/iot-device-03, thingtypename=null, attributes={installed=1592562234, latitude=37.4133144, longitude=-122.1513069}, version=1, billinggroupname=null}","2020-11-26 00:00:00.000"
"iot-device-01","1.5946588834241025E9","75.6","66.56","false","false","0.0076","0.0049","0.0202","2020-11-26T17:30:14.359+0000","{defaultclientid=iot-device-01, thingname=iot-device-01, thingid=983c2b68-f9a3-4e83-b3c6-9f6f8ad5431b, thingarn=arn:aws:iot:us-east-1:507441099951:thing/iot-device-01, thingtypename=null, attributes={installed=1594665292, latitude=37.4133144, longitude=-122.1513069}, version=1, billinggroupname=null}","2020-11-26 00:00:00.000"
"iot-device-03","1.5946588849941132E9","52.6","71.6","false","false","0.0079","0.0052","0.0212","2020-11-26T17:30:14.661+0000","{defaultclientid=iot-device-03, thingname=iot-device-03, thingid=877352b9-a35d-45d3-9c98-162d89965a13, thingarn=arn:aws:iot:us-east-1:507441099951:thing/iot-device-03, thingtypename=null, attributes={installed=1592562234, latitude=37.4133144, longitude=-122.1513069}, version=1, billinggroupname=null}","2020-11-26 00:00:00.000"
"iot-device-02","1.5946588872941222E9","62.6","76.28","true","false","0.0068","0.0042","0.018","2020-11-26T17:30:14.970+0000","{defaultclientid=iot-device-02, thingname=iot-device-02, thingid=4ae4927a-aefb-4584-a45a-fc4839feffd6, thingarn=arn:aws:iot:us-east-1:507441099951:thing/iot-device-02, thingtypename=null, attributes={installed=1593361211, latitude=32.8205865, longitude=-96.871627}, version=1, billinggroupname=null}","2020-11-26 00:00:00.000"
"iot-device-02","1.5946588569892306E9","62.5","76.28","true","false","0.0068","0.0042","0.018","2020-11-26T17:30:09.244+0000","{defaultclientid=iot-device-02, thingname=iot-device-02, thingid=4ae4927a-aefb-4584-a45a-fc4839feffd6, thingarn=arn:aws:iot:us-east-1:507441099951:thing/iot-device-02, thingtypename=null, attributes={installed=1593361211, latitude=32.8205865, longitude=-96.871627}, version=1, billinggroupname=null}","2020-11-26 00:00:00.000"
"iot-device-01","1.594658858430825E9","75.4","66.56","false","false","0.0076","0.0049","0.0202","2020-11-26T17:30:09.541+0000","{defaultclientid=iot-device-01, thingname=iot-device-01, thingid=983c2b68-f9a3-4e83-b3c6-9f6f8ad5431b, thingarn=arn:aws:iot:us-east-1:507441099951:thing/iot-device-01, thingtypename=null, attributes={installed=1594665292, latitude=37.4133144, longitude=-122.1513069}, version=1, billinggroupname=null}","2020-11-26 00:00:00.000"
"iot-device-03","1.5946588591921802E9","52.4","71.6","false","false","0.0079","0.0052","0.0212","2020-11-26T17:30:09.841+0000","{defaultclientid=iot-device-03, thingname=iot-device-03, thingid=877352b9-a35d-45d3-9c98-162d89965a13, thingarn=arn:aws:iot:us-east-1:507441099951:thing/iot-device-03, thingtypename=null, attributes={installed=1592562234, latitude=37.4133144, longitude=-122.1513069}, version=1, billinggroupname=null}","2020-11-26 00:00:00.000"
"iot-device-02","1.5946588613309767E9","62.5","76.28","true","false","0.0068","0.0042","0.018","2020-11-26T17:30:10.142+0000","{defaultclientid=iot-device-02, thingname=iot-device-02, thingid=4ae4927a-aefb-4584-a45a-fc4839feffd6, thingarn=arn:aws:iot:us-east-1:507441099951:thing/iot-device-02, thingtypename=null, attributes={installed=1593361211, latitude=32.8205865, longitude=-96.871627}, version=1, billinggroupname=null}","2020-11-26 00:00:00.000"
"iot-device-03","1.5946588628781025E9","52.5","71.6","false","false","0.0079","0.0052","0.0212","2020-11-26T17:30:10.440+0000","{defaultclientid=iot-device-03, thingname=iot-device-03, thingid=877352b9-a35d-45d3-9c98-162d89965a13, thingarn=arn:aws:iot:us-east-1:507441099951:thing/iot-device-03, thingtypename=null, attributes={installed=1592562234, latitude=37.4133144, longitude=-122.1513069}, version=1, billinggroupname=null}","2020-11-26 00:00:00.000"
"iot-device-01","1.594658863320524E9","75.5","66.56","false","false","0.0076","0.0049","0.0202","2020-11-26T17:30:10.740+0000","{defaultclientid=iot-device-01, thingname=iot-device-01, thingid=983c2b68-f9a3-4e83-b3c6-9f6f8ad5431b, thingarn=arn:aws:iot:us-east-1:507441099951:thing/iot-device-01, thingtypename=null, attributes={installed=1594665292, latitude=37.4133144, longitude=-122.1513069}, version=1, billinggroupname=null}","2020-11-26 00:00:00.000"
"iot-device-03","1.5946588665641124E9","52.5","71.6","false","false","0.0079","0.0052","0.0212","2020-11-26T17:30:11.039+0000","{defaultclientid=iot-device-03, thingname=iot-device-03, thingid=877352b9-a35d-45d3-9c98-162d89965a13, thingarn=arn:aws:iot:us-east-1:507441099951:thing/iot-device-03, thingtypename=null, attributes={installed=1592562234, latitude=37.4133144, longitude=-122.1513069}, version=1, billinggroupname=null}","2020-11-26 00:00:00.000"
"iot-device-01","1.5946588671405756E9","75.6","66.56","false","false","0.0076","0.0049","0.0202","2020-11-26T17:30:11.339+0000","{defaultclientid=iot-device-01, thingname=iot-device-01, thingid=983c2b68-f9a3-4e83-b3c6-9f6f8ad5431b, thingarn=arn:aws:iot:us-east-1:507441099951:thing/iot-device-01, thingtypename=null, attributes={installed=1594665292, latitude=37.4133144, longitude=-122.1513069}, version=1, billinggroupname=null}","2020-11-26 00:00:00.000"
"iot-device-02","1.5946588683465266E9","62.6","76.28","true","false","0.0068","0.0042","0.018","2020-11-26T17:30:11.644+0000","{defaultclientid=iot-device-02, thingname=iot-device-02, thingid=4ae4927a-aefb-4584-a45a-fc4839feffd6, thingarn=arn:aws:iot:us-east-1:507441099951:thing/iot-device-02, thingtypename=null, attributes={installed=1593361211, latitude=32.8205865, longitude=-96.871627}, version=1, billinggroupname=null}","2020-11-26 00:00:00.000"
"iot-device-03","1.5946588702501256E9","52.5","71.6","false","false","0.0079","0.0052","0.0212","2020-11-26T17:30:11.940+0000","{defaultclientid=iot-device-03, thingname=iot-device-03, thingid=877352b9-a35d-45d3-9c98-162d89965a13, thingarn=arn:aws:iot:us-east-1:507441099951:thing/iot-device-03, thingtypename=null, attributes={installed=1592562234, latitude=37.4133144, longitude=-122.1513069}, version=1, billinggroupname=null}","2020-11-26 00:00:00.000"
"iot-device-03","1.5946588886815586E9","52.6","71.6","false","false","0.0079","0.0052","0.0212","2020-11-26T17:30:15.272+0000","{defaultclientid=iot-device-03, thingname=iot-device-03, thingid=877352b9-a35d-45d3-9c98-162d89965a13, thingarn=arn:aws:iot:us-east-1:507441099951:thing/iot-device-03, thingtypename=null, attributes={installed=1592562234, latitude=37.4133144, longitude=-122.1513069}, version=1, billinggroupname=null}","2020-11-26 00:00:00.000"
"iot-device-02","1.5946588916414473E9","62.6","76.28","true","false","0.0068","0.0042","0.018","2020-11-26T17:30:15.571+0000","{defaultclientid=iot-device-02, thingname=iot-device-02, thingid=4ae4927a-aefb-4584-a45a-fc4839feffd6, thingarn=arn:aws:iot:us-east-1:507441099951:thing/iot-device-02, thingtypename=null, attributes={installed=1593361211, latitude=32.8205865, longitude=-96.871627}, version=1, billinggroupname=null}","2020-11-26 00:00:00.000"
"iot-device-03","1.5946588923689475E9","52.6","71.6","false","false","0.008","0.0052","0.0213","2020-11-26T17:30:15.875+0000","{defaultclientid=iot-device-03, thingname=iot-device-03, thingid=877352b9-a35d-45d3-9c98-162d89965a13, thingarn=arn:aws:iot:us-east-1:507441099951:thing/iot-device-03, thingtypename=null, attributes={installed=1592562234, latitude=37.4133144, longitude=-122.1513069}, version=1, billinggroupname=null}","2020-11-26 00:00:00.000"
"iot-device-03","1.5946588960564678E9","52.5","71.6","false","false","0.0079","0.0052","0.0212","2020-11-26T17:30:16.163+0000","{defaultclientid=iot-device-03, thingname=iot-device-03, thingid=877352b9-a35d-45d3-9c98-162d89965a13, thingarn=arn:aws:iot:us-east-1:507441099951:thing/iot-device-03, thingtypename=null, attributes={installed=1592562234, latitude=37.4133144, longitude=-122.1513069}, version=1, billinggroupname=null}","2020-11-26 00:00:00.000"
"iot-device-02","1.594658898121433E9","62.5","76.28","true","false","0.0068","0.0042","0.018","2020-11-26T17:30:16.487+0000","{defaultclientid=iot-device-02, thingname=iot-device-02, thingid=4ae4927a-aefb-4584-a45a-fc4839feffd6, thingarn=arn:aws:iot:us-east-1:507441099951:thing/iot-device-02, thingtypename=null, attributes={installed=1593361211, latitude=32.8205865, longitude=-96.871627}, version=1, billinggroupname=null}","2020-11-26 00:00:00.000"
"iot-device-03","1.5946588997438188E9","52.6","71.6","false","false","0.0079","0.0052","0.0212","2020-11-26T17:30:16.783+0000","{defaultclientid=iot-device-03, thingname=iot-device-03, thingid=877352b9-a35d-45d3-9c98-162d89965a13, thingarn=arn:aws:iot:us-east-1:507441099951:thing/iot-device-03, thingtypename=null, attributes={installed=1592562234, latitude=37.4133144, longitude=-122.1513069}, version=1, billinggroupname=null}","2020-11-26 00:00:00.000"
"iot-device-01","1.5946588998904154E9","75.5","66.56","false","false","0.0076","0.0049","0.0203","2020-11-26T17:30:17.138+0000","{defaultclientid=iot-device-01, thingname=iot-device-01, thingid=983c2b68-f9a3-4e83-b3c6-9f6f8ad5431b, thingarn=arn:aws:iot:us-east-1:507441099951:thing/iot-device-01, thingtypename=null, attributes={installed=1594665292, latitude=37.4133144, longitude=-122.1513069}, version=1, billinggroupname=null}","2020-11-26 00:00:00.000"
"iot-device-03","1.5946589034296198E9","52.7","71.78","false","false","0.008","0.0052","0.0213","2020-11-26T17:30:17.438+0000","{defaultclientid=iot-device-03, thingname=iot-device-03, thingid=877352b9-a35d-45d3-9c98-162d89965a13, thingarn=arn:aws:iot:us-east-1:507441099951:thing/iot-device-03, thingtypename=null, attributes={installed=1592562234, latitude=37.4133144, longitude=-122.1513069}, version=1, billinggroupname=null}","2020-11-26 00:00:00.000"
"iot-device-01","1.5946589042596366E9","75.5","66.56","false","false","0.0076","0.0049","0.0202","2020-11-26T17:30:17.739+0000","{defaultclientid=iot-device-01, thingname=iot-device-01, thingid=983c2b68-f9a3-4e83-b3c6-9f6f8ad5431b, thingarn=arn:aws:iot:us-east-1:507441099951:thing/iot-device-01, thingtypename=null, attributes={installed=1594665292, latitude=37.4133144, longitude=-122.1513069}, version=1, billinggroupname=null}","2020-11-26 00:00:00.000"
"iot-device-03","1.5946589071155567E9","52.6","71.6","false","false","0.0079","0.0052","0.0212","2020-11-26T17:30:18.032+0000","{defaultclientid=iot-device-03, thingname=iot-device-03, thingid=877352b9-a35d-45d3-9c98-162d89965a13, thingarn=arn:aws:iot:us-east-1:507441099951:thing/iot-device-03, thingtypename=null, attributes={installed=1592562234, latitude=37.4133144, longitude=-122.1513069}, version=1, billinggroupname=null}","2020-11-26 00:00:00.000"
"iot-device-03","1.5946589255401757E9","52.5","71.78","false","false","0.0079","0.0052","0.0211","2020-11-26T17:30:21.450+0000","{defaultclientid=iot-device-03, thingname=iot-device-03, thingid=877352b9-a35d-45d3-9c98-162d89965a13, thingarn=arn:aws:iot:us-east-1:507441099951:thing/iot-device-03, thingtypename=null, attributes={installed=1592562234, latitude=37.4133144, longitude=-122.1513069}, version=1, billinggroupname=null}","2020-11-26 00:00:00.000"
"iot-device-02","1.5946589274599214E9","62.5","76.28","true","false","0.0068","0.0042","0.018","2020-11-26T17:30:21.756+0000","{defaultclientid=iot-device-02, thingname=iot-device-02, thingid=4ae4927a-aefb-4584-a45a-fc4839feffd6, thingarn=arn:aws:iot:us-east-1:507441099951:thing/iot-device-02, thingtypename=null, attributes={installed=1593361211, latitude=32.8205865, longitude=-96.871627}, version=1, billinggroupname=null}","2020-11-26 00:00:00.000"
"iot-device-03","1.594658929223268E9","52.5","71.78","false","false","0.0079","0.0052","0.0212","2020-11-26T17:30:22.051+0000","{defaultclientid=iot-device-03, thingname=iot-device-03, thingid=877352b9-a35d-45d3-9c98-162d89965a13, thingarn=arn:aws:iot:us-east-1:507441099951:thing/iot-device-03, thingtypename=null, attributes={installed=1592562234, latitude=37.4133144, longitude=-122.1513069}, version=1, billinggroupname=null}","2020-11-26 00:00:00.000"
"iot-device-02","1.5946589318018384E9","62.5","76.28","true","false","0.0068","0.0042","0.018","2020-11-26T17:30:22.352+0000","{defaultclientid=iot-device-02, thingname=iot-device-02, thingid=4ae4927a-aefb-4584-a45a-fc4839feffd6, thingarn=arn:aws:iot:us-east-1:507441099951:thing/iot-device-02, thingtypename=null, attributes={installed=1593361211, latitude=32.8205865, longitude=-96.871627}, version=1, billinggroupname=null}","2020-11-26 00:00:00.000"
"iot-device-01","1.5946589319228768E9","75.7","66.56","false","false","0.0076","0.0049","0.0202","2020-11-26T17:30:22.652+0000","{defaultclientid=iot-device-01, thingname=iot-device-01, thingid=983c2b68-f9a3-4e83-b3c6-9f6f8ad5431b, thingarn=arn:aws:iot:us-east-1:507441099951:thing/iot-device-01, thingtypename=null, attributes={installed=1594665292, latitude=37.4133144, longitude=-122.1513069}, version=1, billinggroupname=null}","2020-11-26 00:00:00.000"
"iot-device-03","1.5946589329089725E9","52.5","71.78","false","false","0.008","0.0052","0.0213","2020-11-26T17:30:22.991+0000","{defaultclientid=iot-device-03, thingname=iot-device-03, thingid=877352b9-a35d-45d3-9c98-162d89965a13, thingarn=arn:aws:iot:us-east-1:507441099951:thing/iot-device-03, thingtypename=null, attributes={installed=1592562234, latitude=37.4133144, longitude=-122.1513069}, version=1, billinggroupname=null}","2020-11-26 00:00:00.000"
"iot-device-03","1.5946589365948484E9","52.5","71.78","false","false","0.0079","0.0052","0.0212","2020-11-26T17:30:23.282+0000","{defaultclientid=iot-device-03, thingname=iot-device-03, thingid=877352b9-a35d-45d3-9c98-162d89965a13, thingarn=arn:aws:iot:us-east-1:507441099951:thing/iot-device-03, thingtypename=null, attributes={installed=1592562234, latitude=37.4133144, longitude=-122.1513069}, version=1, billinggroupname=null}","2020-11-26 00:00:00.000"
"iot-device-01","1.5946589378853796E9","75.7","66.56","false","false","0.0076","0.0049","0.0202","2020-11-26T17:30:23.590+0000","{defaultclientid=iot-device-01, thingname=iot-device-01, thingid=983c2b68-f9a3-4e83-b3c6-9f6f8ad5431b, thingarn=arn:aws:iot:us-east-1:507441099951:thing/iot-device-01, thingtypename=null, attributes={installed=1594665292, latitude=37.4133144, longitude=-122.1513069}, version=1, billinggroupname=null}","2020-11-26 00:00:00.000"
"iot-device-03","1.5946589402691677E9","52.5","71.78","false","false","0.0079","0.0052","0.0212","2020-11-26T17:30:23.945+0000","{defaultclientid=iot-device-03, thingname=iot-device-03, thingid=877352b9-a35d-45d3-9c98-162d89965a13, thingarn=arn:aws:iot:us-east-1:507441099951:thing/iot-device-03, thingtypename=null, attributes={installed=1592562234, latitude=37.4133144, longitude=-122.1513069}, version=1, billinggroupname=null}","2020-11-26 00:00:00.000"
"iot-device-02","1.5946589404196649E9","62.5","76.28","true","false","0.0068","0.0042","0.018","2020-11-26T17:30:24.238+0000","{defaultclientid=iot-device-02, thingname=iot-device-02, thingid=4ae4927a-aefb-4584-a45a-fc4839feffd6, thingarn=arn:aws:iot:us-east-1:507441099951:thing/iot-device-02, thingtypename=null, attributes={installed=1593361211, latitude=32.8205865, longitude=-96.871627}, version=1, billinggroupname=null}","2020-11-26 00:00:00.000"
"iot-device-02","1.5946257297689142E9","59.6","75.74","true","false","0.0073","0.0047","0.0195","2020-11-26T17:07:29.996+0000","{defaultclientid=iot-device-02, thingname=iot-device-02, thingid=4ae4927a-aefb-4584-a45a-fc4839feffd6, thingarn=arn:aws:iot:us-east-1:507441099951:thing/iot-device-02, thingtypename=null, attributes={installed=1593361211, latitude=32.8205865, longitude=-96.871627}, version=1, billinggroupname=null}","2020-11-26 00:00:00.000"
"iot-device-03","1.5946257297957704E9","49.1","71.06","false","false","0.0078","0.0051","0.0209","2020-11-26T17:07:30.294+0000","{defaultclientid=iot-device-03, thingname=iot-device-03, thingid=877352b9-a35d-45d3-9c98-162d89965a13, thingarn=arn:aws:iot:us-east-1:507441099951:thing/iot-device-03, thingtypename=null, attributes={installed=1592562234, latitude=37.4133144, longitude=-122.1513069}, version=1, billinggroupname=null}","2020-11-26 00:00:00.000"
"iot-device-03","1.5946257334799864E9","49.1","71.06","false","false","0.0078","0.0051","0.0209","2020-11-26T17:07:30.587+0000","{defaultclientid=iot-device-03, thingname=iot-device-03, thingid=877352b9-a35d-45d3-9c98-162d89965a13, thingarn=arn:aws:iot:us-east-1:507441099951:thing/iot-device-03, thingtypename=null, attributes={installed=1592562234, latitude=37.4133144, longitude=-122.1513069}, version=1, billinggroupname=null}","2020-11-26 00:00:00.000"
"iot-device-02","1.594625733576959E9","59.5","75.56","true","false","0.0073","0.0047","0.0195","2020-11-26T17:07:30.874+0000","{defaultclientid=iot-device-02, thingname=iot-device-02, thingid=4ae4927a-aefb-4584-a45a-fc4839feffd6, thingarn=arn:aws:iot:us-east-1:507441099951:thing/iot-device-02, thingtypename=null, attributes={installed=1593361211, latitude=32.8205865, longitude=-96.871627}, version=1, billinggroupname=null}","2020-11-26 00:00:00.000"
"iot-device-01","1.5946257370951009E9","74.3","67.1","false","false","0.0067","0.0042","0.0179","2020-11-26T17:07:31.195+0000","{defaultclientid=iot-device-01, thingname=iot-device-01, thingid=983c2b68-f9a3-4e83-b3c6-9f6f8ad5431b, thingarn=arn:aws:iot:us-east-1:507441099951:thing/iot-device-01, thingtypename=null, attributes={installed=1594665292, latitude=37.4133144, longitude=-122.1513069}, version=1, billinggroupname=null}","2020-11-26 00:00:00.000"
"iot-device-03","1.5946257371703105E9","49.0","70.88","false","false","0.0079","0.0052","0.021","2020-11-26T17:07:31.491+0000","{defaultclientid=iot-device-03, thingname=iot-device-03, thingid=877352b9-a35d-45d3-9c98-162d89965a13, thingarn=arn:aws:iot:us-east-1:507441099951:thing/iot-device-03, thingtypename=null, attributes={installed=1592562234, latitude=37.4133144, longitude=-122.1513069}, version=1, billinggroupname=null}","2020-11-26 00:00:00.000"
"iot-device-02","1.594625738992594E9","59.6","75.74","true","false","0.0073","0.0046","0.0194","2020-11-26T17:07:31.780+0000","{defaultclientid=iot-device-02, thingname=iot-device-02, thingid=4ae4927a-aefb-4584-a45a-fc4839feffd6, thingarn=arn:aws:iot:us-east-1:507441099951:thing/iot-device-02, thingtypename=null, attributes={installed=1593361211, latitude=32.8205865, longitude=-96.871627}, version=1, billinggroupname=null}","2020-11-26 00:00:00.000"
"iot-device-03","1.5946257408565748E9","49.0","71.06","false","false","0.0078","0.0051","0.021","2020-11-26T17:07:32.072+0000","{defaultclientid=iot-device-03, thingname=iot-device-03, thingid=877352b9-a35d-45d3-9c98-162d89965a13, thingarn=arn:aws:iot:us-east-1:507441099951:thing/iot-device-03, thingtypename=null, attributes={installed=1592562234, latitude=37.4133144, longitude=-122.1513069}, version=1, billinggroupname=null}","2020-11-26 00:00:00.000"
"iot-device-02","1.5946257433351142E9","59.6","75.56","true","false","0.0073","0.0046","0.0194","2020-11-26T17:07:32.360+0000","{defaultclientid=iot-device-02, thingname=iot-device-02, thingid=4ae4927a-aefb-4584-a45a-fc4839feffd6, thingarn=arn:aws:iot:us-east-1:507441099951:thing/iot-device-02, thingtypename=null, attributes={installed=1593361211, latitude=32.8205865, longitude=-96.871627}, version=1, billinggroupname=null}","2020-11-26 00:00:00.000"
"iot-device-03","1.5946257445450766E9","49.0","70.88","false","false","0.0078","0.0051","0.0209","2020-11-26T17:07:32.665+0000","{defaultclientid=iot-device-03, thingname=iot-device-03, thingid=877352b9-a35d-45d3-9c98-162d89965a13, thingarn=arn:aws:iot:us-east-1:507441099951:thing/iot-device-03, thingtypename=null, attributes={installed=1592562234, latitude=37.4133144, longitude=-122.1513069}, version=1, billinggroupname=null}","2020-11-26 00:00:00.000"
"iot-device-01","1.5946257969676836E9","74.3","66.92","false","false","0.0067","0.0042","0.0179","2020-11-26T17:07:41.825+0000","{defaultclientid=iot-device-01, thingname=iot-device-01, thingid=983c2b68-f9a3-4e83-b3c6-9f6f8ad5431b, thingarn=arn:aws:iot:us-east-1:507441099951:thing/iot-device-01, thingtypename=null, attributes={installed=1594665292, latitude=37.4133144, longitude=-122.1513069}, version=1, billinggroupname=null}","2020-11-26 00:00:00.000"
"iot-device-02","1.5946257995575848E9","59.7","75.56","true","false","0.0073","0.0046","0.0194","2020-11-26T17:07:42.111+0000","{defaultclientid=iot-device-02, thingname=iot-device-02, thingid=4ae4927a-aefb-4584-a45a-fc4839feffd6, thingarn=arn:aws:iot:us-east-1:507441099951:thing/iot-device-02, thingtypename=null, attributes={installed=1593361211, latitude=32.8205865, longitude=-96.871627}, version=1, billinggroupname=null}","2020-11-26 00:00:00.000"
"iot-device-03","1.5946257998271494E9","48.8","70.88","false","false","0.0078","0.0051","0.0209","2020-11-26T17:07:42.409+0000","{defaultclientid=iot-device-03, thingname=iot-device-03, thingid=877352b9-a35d-45d3-9c98-162d89965a13, thingarn=arn:aws:iot:us-east-1:507441099951:thing/iot-device-03, thingtypename=null, attributes={installed=1592562234, latitude=37.4133144, longitude=-122.1513069}, version=1, billinggroupname=null}","2020-11-26 00:00:00.000"
"iot-device-01","1.5946258024000971E9","74.3","66.92","false","false","0.0067","0.0041","0.0177","2020-11-26T17:07:42.695+0000","{defaultclientid=iot-device-01, thingname=iot-device-01, thingid=983c2b68-f9a3-4e83-b3c6-9f6f8ad5431b, thingarn=arn:aws:iot:us-east-1:507441099951:thing/iot-device-01, thingtypename=null, attributes={installed=1594665292, latitude=37.4133144, longitude=-122.1513069}, version=1, billinggroupname=null}","2020-11-26 00:00:00.000"
"iot-device-03","1.5946258037681696E9","48.8","70.88","false","false","0.0079","0.0051","0.021","2020-11-26T17:07:42.992+0000","{defaultclientid=iot-device-03, thingname=iot-device-03, thingid=877352b9-a35d-45d3-9c98-162d89965a13, thingarn=arn:aws:iot:us-east-1:507441099951:thing/iot-device-03, thingtypename=null, attributes={installed=1592562234, latitude=37.4133144, longitude=-122.1513069}, version=1, billinggroupname=null}","2020-11-26 00:00:00.000"
"iot-device-01","1.5946258067583573E9","74.4","66.92","false","false","0.0067","0.0042","0.0179","2020-11-26T17:07:43.280+0000","{defaultclientid=iot-device-01, thingname=iot-device-01, thingid=983c2b68-f9a3-4e83-b3c6-9f6f8ad5431b, thingarn=arn:aws:iot:us-east-1:507441099951:thing/iot-device-01, thingtypename=null, attributes={installed=1594665292, latitude=37.4133144, longitude=-122.1513069}, version=1, billinggroupname=null}","2020-11-26 00:00:00.000"
"iot-device-03","1.594625807453619E9","48.9","70.88","false","false","0.0079","0.0051","0.021","2020-11-26T17:07:43.568+0000","{defaultclientid=iot-device-03, thingname=iot-device-03, thingid=877352b9-a35d-45d3-9c98-162d89965a13, thingarn=arn:aws:iot:us-east-1:507441099951:thing/iot-device-03, thingtypename=null, attributes={installed=1592562234, latitude=37.4133144, longitude=-122.1513069}, version=1, billinggroupname=null}","2020-11-26 00:00:00.000"
"iot-device-02","1.5946258097793136E9","59.7","75.56","true","false","0.0073","0.0047","0.0195","2020-11-26T17:07:43.858+0000","{defaultclientid=iot-device-02, thingname=iot-device-02, thingid=4ae4927a-aefb-4584-a45a-fc4839feffd6, thingarn=arn:aws:iot:us-east-1:507441099951:thing/iot-device-02, thingtypename=null, attributes={installed=1593361211, latitude=32.8205865, longitude=-96.871627}, version=1, billinggroupname=null}","2020-11-26 00:00:00.000"
"iot-device-01","1.594625811107135E9","74.5","66.92","false","false","0.0067","0.0041","0.0177","2020-11-26T17:07:44.156+0000","{defaultclientid=iot-device-01, thingname=iot-device-01, thingid=983c2b68-f9a3-4e83-b3c6-9f6f8ad5431b, thingarn=arn:aws:iot:us-east-1:507441099951:thing/iot-device-01, thingtypename=null, attributes={installed=1594665292, latitude=37.4133144, longitude=-122.1513069}, version=1, billinggroupname=null}","2020-11-26 00:00:00.000"
"iot-device-03","1.5946258111396015E9","48.9","70.88","false","false","0.0078","0.0051","0.021","2020-11-26T17:07:44.447+0000","{defaultclientid=iot-device-03, thingname=iot-device-03, thingid=877352b9-a35d-45d3-9c98-162d89965a13, thingarn=arn:aws:iot:us-east-1:507441099951:thing/iot-device-03, thingtypename=null, attributes={installed=1592562234, latitude=37.4133144, longitude=-122.1513069}, version=1, billinggroupname=null}","2020-11-26 00:00:00.000"
"iot-device-01","1.5946257801269505E9","74.3","66.92","false","false","0.0067","0.0042","0.0179","2020-11-26T17:07:38.861+0000","{defaultclientid=iot-device-01, thingname=iot-device-01, thingid=983c2b68-f9a3-4e83-b3c6-9f6f8ad5431b, thingarn=arn:aws:iot:us-east-1:507441099951:thing/iot-device-01, thingtypename=null, attributes={installed=1594665292, latitude=37.4133144, longitude=-122.1513069}, version=1, billinggroupname=null}","2020-11-26 00:00:00.000"
"iot-device-03","1.5946257813963134E9","48.8","70.88","false","false","0.0078","0.0051","0.0209","2020-11-26T17:07:39.151+0000","{defaultclientid=iot-device-03, thingname=iot-device-03, thingid=877352b9-a35d-45d3-9c98-162d89965a13, thingarn=arn:aws:iot:us-east-1:507441099951:thing/iot-device-03, thingtypename=null, attributes={installed=1592562234, latitude=37.4133144, longitude=-122.1513069}, version=1, billinggroupname=null}","2020-11-26 00:00:00.000"
"iot-device-01","1.594625784476982E9","74.4","66.92","false","false","0.0067","0.0042","0.0179","2020-11-26T17:07:39.451+0000","{defaultclientid=iot-device-01, thingname=iot-device-01, thingid=983c2b68-f9a3-4e83-b3c6-9f6f8ad5431b, thingarn=arn:aws:iot:us-east-1:507441099951:thing/iot-device-01, thingtypename=null, attributes={installed=1594665292, latitude=37.4133144, longitude=-122.1513069}, version=1, billinggroupname=null}","2020-11-26 00:00:00.000"
"iot-device-02","1.5946257849955766E9","59.7","75.56","true","false","0.0073","0.0046","0.0194","2020-11-26T17:07:39.748+0000","{defaultclientid=iot-device-02, thingname=iot-device-02, thingid=4ae4927a-aefb-4584-a45a-fc4839feffd6, thingarn=arn:aws:iot:us-east-1:507441099951:thing/iot-device-02, thingtypename=null, attributes={installed=1593361211, latitude=32.8205865, longitude=-96.871627}, version=1, billinggroupname=null}","2020-11-26 00:00:00.000"
"iot-device-03","1.5946257850829813E9","48.8","70.88","false","false","0.0078","0.0051","0.021","2020-11-26T17:07:40.038+0000","{defaultclientid=iot-device-03, thingname=iot-device-03, thingid=877352b9-a35d-45d3-9c98-162d89965a13, thingarn=arn:aws:iot:us-east-1:507441099951:thing/iot-device-03, thingtypename=null, attributes={installed=1592562234, latitude=37.4133144, longitude=-122.1513069}, version=1, billinggroupname=null}","2020-11-26 00:00:00.000"
"iot-device-03","1.5946257887698061E9","48.8","70.88","false","false","0.0078","0.0051","0.021","2020-11-26T17:07:40.339+0000","{defaultclientid=iot-device-03, thingname=iot-device-03, thingid=877352b9-a35d-45d3-9c98-162d89965a13, thingarn=arn:aws:iot:us-east-1:507441099951:thing/iot-device-03, thingtypename=null, attributes={installed=1592562234, latitude=37.4133144, longitude=-122.1513069}, version=1, billinggroupname=null}","2020-11-26 00:00:00.000"
"iot-device-02","1.5946257914754114E9","59.7","75.56","true","false","0.0073","0.0046","0.0194","2020-11-26T17:07:40.631+0000","{defaultclientid=iot-device-02, thingname=iot-device-02, thingid=4ae4927a-aefb-4584-a45a-fc4839feffd6, thingarn=arn:aws:iot:us-east-1:507441099951:thing/iot-device-02, thingtypename=null, attributes={installed=1593361211, latitude=32.8205865, longitude=-96.871627}, version=1, billinggroupname=null}","2020-11-26 00:00:00.000"
"iot-device-01","1.594625791538025E9","74.4","66.92","false","false","0.0067","0.0042","0.0179","2020-11-26T17:07:40.934+0000","{defaultclientid=iot-device-01, thingname=iot-device-01, thingid=983c2b68-f9a3-4e83-b3c6-9f6f8ad5431b, thingarn=arn:aws:iot:us-east-1:507441099951:thing/iot-device-01, thingtypename=null, attributes={installed=1594665292, latitude=37.4133144, longitude=-122.1513069}, version=1, billinggroupname=null}","2020-11-26 00:00:00.000"
"iot-device-03","1.5946257924558368E9","48.8","70.88","false","false","0.0079","0.0051","0.021","2020-11-26T17:07:41.230+0000","{defaultclientid=iot-device-03, thingname=iot-device-03, thingid=877352b9-a35d-45d3-9c98-162d89965a13, thingarn=arn:aws:iot:us-east-1:507441099951:thing/iot-device-03, thingtypename=null, attributes={installed=1592562234, latitude=37.4133144, longitude=-122.1513069}, version=1, billinggroupname=null}","2020-11-26 00:00:00.000"
"iot-device-03","1.5946257961408658E9","48.8","70.88","false","false","0.0078","0.0051","0.0209","2020-11-26T17:07:41.537+0000","{defaultclientid=iot-device-03, thingname=iot-device-03, thingid=877352b9-a35d-45d3-9c98-162d89965a13, thingarn=arn:aws:iot:us-east-1:507441099951:thing/iot-device-03, thingtypename=null, attributes={installed=1592562234, latitude=37.4133144, longitude=-122.1513069}, version=1, billinggroupname=null}","2020-11-26 00:00:00.000"
"iot-device-03","1.5946258998577075E9","51.2","70.7","false","false","0.0078","0.0051","0.021","2020-11-26T17:07:59.693+0000","{defaultclientid=iot-device-03, thingname=iot-device-03, thingid=877352b9-a35d-45d3-9c98-162d89965a13, thingarn=arn:aws:iot:us-east-1:507441099951:thing/iot-device-03, thingtypename=null, attributes={installed=1592562234, latitude=37.4133144, longitude=-122.1513069}, version=1, billinggroupname=null}","2020-11-26 00:00:00.000"
"iot-device-03","1.5946257629899802E9","49.0","71.06","false","false","0.0079","0.0051","0.021","2020-11-26T17:07:35.933+0000","{defaultclientid=iot-device-03, thingname=iot-device-03, thingid=877352b9-a35d-45d3-9c98-162d89965a13, thingarn=arn:aws:iot:us-east-1:507441099951:thing/iot-device-03, thingtypename=null, attributes={installed=1592562234, latitude=37.4133144, longitude=-122.1513069}, version=1, billinggroupname=null}","2020-11-26 00:00:00.000"
"iot-device-02","1.5946257665958295E9","59.7","75.56","true","false","0.0073","0.0047","0.0195","2020-11-26T17:07:36.223+0000","{defaultclientid=iot-device-02, thingname=iot-device-02, thingid=4ae4927a-aefb-4584-a45a-fc4839feffd6, thingarn=arn:aws:iot:us-east-1:507441099951:thing/iot-device-02, thingtypename=null, attributes={installed=1593361211, latitude=32.8205865, longitude=-96.871627}, version=1, billinggroupname=null}","2020-11-26 00:00:00.000"
"iot-device-03","1.5946257666823266E9","48.9","70.88","false","false","0.0079","0.0052","0.0211","2020-11-26T17:07:36.517+0000","{defaultclientid=iot-device-03, thingname=iot-device-03, thingid=877352b9-a35d-45d3-9c98-162d89965a13, thingarn=arn:aws:iot:us-east-1:507441099951:thing/iot-device-03, thingtypename=null, attributes={installed=1592562234, latitude=37.4133144, longitude=-122.1513069}, version=1, billinggroupname=null}","2020-11-26 00:00:00.000"
"iot-device-03","1.5946257703686128E9","48.8","70.88","false","false","0.0078","0.0051","0.0209","2020-11-26T17:07:36.802+0000","{defaultclientid=iot-device-03, thingname=iot-device-03, thingid=877352b9-a35d-45d3-9c98-162d89965a13, thingarn=arn:aws:iot:us-east-1:507441099951:thing/iot-device-03, thingtypename=null, attributes={installed=1592562234, latitude=37.4133144, longitude=-122.1513069}, version=1, billinggroupname=null}","2020-11-26 00:00:00.000"
"iot-device-01","1.5946257708855324E9","74.2","66.92","false","false","0.0067","0.0042","0.0179","2020-11-26T17:07:37.119+0000","{defaultclientid=iot-device-01, thingname=iot-device-01, thingid=983c2b68-f9a3-4e83-b3c6-9f6f8ad5431b, thingarn=arn:aws:iot:us-east-1:507441099951:thing/iot-device-01, thingtypename=null, attributes={installed=1594665292, latitude=37.4133144, longitude=-122.1513069}, version=1, billinggroupname=null}","2020-11-26 00:00:00.000"
"iot-device-03","1.5946257740204685E9","48.8","70.88","false","false","0.0078","0.0051","0.0209","2020-11-26T17:07:37.404+0000","{defaultclientid=iot-device-03, thingname=iot-device-03, thingid=877352b9-a35d-45d3-9c98-162d89965a13, thingarn=arn:aws:iot:us-east-1:507441099951:thing/iot-device-03, thingtypename=null, attributes={installed=1592562234, latitude=37.4133144, longitude=-122.1513069}, version=1, billinggroupname=null}","2020-11-26 00:00:00.000"
"iot-device-02","1.5946257746985106E9","59.7","75.56","true","false","0.0073","0.0047","0.0195","2020-11-26T17:07:37.690+0000","{defaultclientid=iot-device-02, thingname=iot-device-02, thingid=4ae4927a-aefb-4584-a45a-fc4839feffd6, thingarn=arn:aws:iot:us-east-1:507441099951:thing/iot-device-02, thingtypename=null, attributes={installed=1593361211, latitude=32.8205865, longitude=-96.871627}, version=1, billinggroupname=null}","2020-11-26 00:00:00.000"
"iot-device-01","1.594625775237808E9","74.3","66.92","false","false","0.0067","0.0042","0.0179","2020-11-26T17:07:37.989+0000","{defaultclientid=iot-device-01, thingname=iot-device-01, thingid=983c2b68-f9a3-4e83-b3c6-9f6f8ad5431b, thingarn=arn:aws:iot:us-east-1:507441099951:thing/iot-device-01, thingtypename=null, attributes={installed=1594665292, latitude=37.4133144, longitude=-122.1513069}, version=1, billinggroupname=null}","2020-11-26 00:00:00.000"
"iot-device-03","1.5946257777100074E9","48.8","70.88","false","false","0.0078","0.0051","0.0209","2020-11-26T17:07:38.289+0000","{defaultclientid=iot-device-03, thingname=iot-device-03, thingid=877352b9-a35d-45d3-9c98-162d89965a13, thingarn=arn:aws:iot:us-east-1:507441099951:thing/iot-device-03, thingtypename=null, attributes={installed=1592562234, latitude=37.4133144, longitude=-122.1513069}, version=1, billinggroupname=null}","2020-11-26 00:00:00.000"
"iot-device-02","1.5946257795794823E9","59.7","75.56","true","false","0.0073","0.0046","0.0194","2020-11-26T17:07:38.574+0000","{defaultclientid=iot-device-02, thingname=iot-device-02, thingid=4ae4927a-aefb-4584-a45a-fc4839feffd6, thingarn=arn:aws:iot:us-east-1:507441099951:thing/iot-device-02, thingtypename=null, attributes={installed=1593361211, latitude=32.8205865, longitude=-96.871627}, version=1, billinggroupname=null}","2020-11-26 00:00:00.000"
"iot-device-03","1.5946258814320824E9","50.8","70.7","false","false","0.0078","0.0051","0.021","2020-11-26T17:07:56.643+0000","{defaultclientid=iot-device-03, thingname=iot-device-03, thingid=877352b9-a35d-45d3-9c98-162d89965a13, thingarn=arn:aws:iot:us-east-1:507441099951:thing/iot-device-03, thingtypename=null, attributes={installed=1592562234, latitude=37.4133144, longitude=-122.1513069}, version=1, billinggroupname=null}","2020-11-26 00:00:00.000"
"iot-device-03","1.5946258851168885E9","50.9","70.7","false","false","0.0079","0.0051","0.021","2020-11-26T17:07:56.932+0000","{defaultclientid=iot-device-03, thingname=iot-device-03, thingid=877352b9-a35d-45d3-9c98-162d89965a13, thingarn=arn:aws:iot:us-east-1:507441099951:thing/iot-device-03, thingtypename=null, attributes={installed=1592562234, latitude=37.4133144, longitude=-122.1513069}, version=1, billinggroupname=null}","2020-11-26 00:00:00.000"
"iot-device-01","1.5946258854420168E9","74.8","66.74","false","false","0.0067","0.0042","0.0179","2020-11-26T17:07:57.227+0000","{defaultclientid=iot-device-01, thingname=iot-device-01, thingid=983c2b68-f9a3-4e83-b3c6-9f6f8ad5431b, thingarn=arn:aws:iot:us-east-1:507441099951:thing/iot-device-01, thingtypename=null, attributes={installed=1594665292, latitude=37.4133144, longitude=-122.1513069}, version=1, billinggroupname=null}","2020-11-26 00:00:00.000"
"iot-device-02","1.5946258867114835E9","59.5","75.56","true","false","0.0073","0.0047","0.0195","2020-11-26T17:07:57.527+0000","{defaultclientid=iot-device-02, thingname=iot-device-02, thingid=4ae4927a-aefb-4584-a45a-fc4839feffd6, thingarn=arn:aws:iot:us-east-1:507441099951:thing/iot-device-02, thingtypename=null, attributes={installed=1593361211, latitude=32.8205865, longitude=-96.871627}, version=1, billinggroupname=null}","2020-11-26 00:00:00.000"
"iot-device-03","1.5946258887991679E9","50.9","70.7","false","false","0.0079","0.0052","0.021","2020-11-26T17:07:57.818+0000","{defaultclientid=iot-device-03, thingname=iot-device-03, thingid=877352b9-a35d-45d3-9c98-162d89965a13, thingarn=arn:aws:iot:us-east-1:507441099951:thing/iot-device-03, thingtypename=null, attributes={installed=1592562234, latitude=37.4133144, longitude=-122.1513069}, version=1, billinggroupname=null}","2020-11-26 00:00:00.000"
"iot-device-02","1.594625892137618E9","59.5","75.56","true","false","0.0073","0.0046","0.0193","2020-11-26T17:07:58.112+0000","{defaultclientid=iot-device-02, thingname=iot-device-02, thingid=4ae4927a-aefb-4584-a45a-fc4839feffd6, thingarn=arn:aws:iot:us-east-1:507441099951:thing/iot-device-02, thingtypename=null, attributes={installed=1593361211, latitude=32.8205865, longitude=-96.871627}, version=1, billinggroupname=null}","2020-11-26 00:00:00.000"
"iot-device-03","1.594625892485386E9","51.1","70.7","false","false","0.0078","0.0051","0.0209","2020-11-26T17:07:58.414+0000","{defaultclientid=iot-device-03, thingname=iot-device-03, thingid=877352b9-a35d-45d3-9c98-162d89965a13, thingarn=arn:aws:iot:us-east-1:507441099951:thing/iot-device-03, thingtypename=null, attributes={installed=1592562234, latitude=37.4133144, longitude=-122.1513069}, version=1, billinggroupname=null}","2020-11-26 00:00:00.000"
"iot-device-02","1.594625895950517E9","59.6","75.56","true","false","0.0073","0.0046","0.0193","2020-11-26T17:07:58.721+0000","{defaultclientid=iot-device-02, thingname=iot-device-02, thingid=4ae4927a-aefb-4584-a45a-fc4839feffd6, thingarn=arn:aws:iot:us-east-1:507441099951:thing/iot-device-02, thingtypename=null, attributes={installed=1593361211, latitude=32.8205865, longitude=-96.871627}, version=1, billinggroupname=null}","2020-11-26 00:00:00.000"
"iot-device-03","1.5946258961715114E9","51.2","70.7","false","false","0.0079","0.0052","0.021","2020-11-26T17:07:59.014+0000","{defaultclientid=iot-device-03, thingname=iot-device-03, thingid=877352b9-a35d-45d3-9c98-162d89965a13, thingarn=arn:aws:iot:us-east-1:507441099951:thing/iot-device-03, thingtypename=null, attributes={installed=1592562234, latitude=37.4133144, longitude=-122.1513069}, version=1, billinggroupname=null}","2020-11-26 00:00:00.000"
"iot-device-01","1.5946258986977086E9","74.7","66.74","false","false","0.0067","0.0042","0.0179","2020-11-26T17:07:59.317+0000","{defaultclientid=iot-device-01, thingname=iot-device-01, thingid=983c2b68-f9a3-4e83-b3c6-9f6f8ad5431b, thingarn=arn:aws:iot:us-east-1:507441099951:thing/iot-device-01, thingtypename=null, attributes={installed=1594665292, latitude=37.4133144, longitude=-122.1513069}, version=1, billinggroupname=null}","2020-11-26 00:00:00.000"
"iot-device-02","1.5946258470863836E9","59.7","75.56","true","false","0.0073","0.0046","0.0193","2020-11-26T17:07:50.721+0000","{defaultclientid=iot-device-02, thingname=iot-device-02, thingid=4ae4927a-aefb-4584-a45a-fc4839feffd6, thingarn=arn:aws:iot:us-east-1:507441099951:thing/iot-device-02, thingtypename=null, attributes={installed=1593361211, latitude=32.8205865, longitude=-96.871627}, version=1, billinggroupname=null}","2020-11-26 00:00:00.000"
"iot-device-03","1.594625848253249E9","50.1","70.7","false","false","0.0078","0.0051","0.0209","2020-11-26T17:07:51.003+0000","{defaultclientid=iot-device-03, thingname=iot-device-03, thingid=877352b9-a35d-45d3-9c98-162d89965a13, thingarn=arn:aws:iot:us-east-1:507441099951:thing/iot-device-03, thingtypename=null, attributes={installed=1592562234, latitude=37.4133144, longitude=-122.1513069}, version=1, billinggroupname=null}","2020-11-26 00:00:00.000"
"iot-device-01","1.5946258496623845E9","74.7","66.92","false","false","0.0066","0.004","0.0174","2020-11-26T17:07:51.290+0000","{defaultclientid=iot-device-01, thingname=iot-device-01, thingid=983c2b68-f9a3-4e83-b3c6-9f6f8ad5431b, thingarn=arn:aws:iot:us-east-1:507441099951:thing/iot-device-01, thingtypename=null, attributes={installed=1594665292, latitude=37.4133144, longitude=-122.1513069}, version=1, billinggroupname=null}","2020-11-26 00:00:00.000"
"iot-device-03","1.5946258519368274E9","50.2","70.7","false","false","0.0078","0.0051","0.0209","2020-11-26T17:07:51.577+0000","{defaultclientid=iot-device-03, thingname=iot-device-03, thingid=877352b9-a35d-45d3-9c98-162d89965a13, thingarn=arn:aws:iot:us-east-1:507441099951:thing/iot-device-03, thingtypename=null, attributes={installed=1592562234, latitude=37.4133144, longitude=-122.1513069}, version=1, billinggroupname=null}","2020-11-26 00:00:00.000"
"iot-device-01","1.594625853476651E9","74.7","66.92","false","false","0.0067","0.0041","0.0177","2020-11-26T17:07:51.864+0000","{defaultclientid=iot-device-01, thingname=iot-device-01, thingid=983c2b68-f9a3-4e83-b3c6-9f6f8ad5431b, thingarn=arn:aws:iot:us-east-1:507441099951:thing/iot-device-01, thingtypename=null, attributes={installed=1594665292, latitude=37.4133144, longitude=-122.1513069}, version=1, billinggroupname=null}","2020-11-26 00:00:00.000"
"iot-device-03","1.5946258556220367E9","50.3","70.7","false","false","0.0078","0.0051","0.0209","2020-11-26T17:07:52.222+0000","{defaultclientid=iot-device-03, thingname=iot-device-03, thingid=877352b9-a35d-45d3-9c98-162d89965a13, thingarn=arn:aws:iot:us-east-1:507441099951:thing/iot-device-03, thingtypename=null, attributes={installed=1592562234, latitude=37.4133144, longitude=-122.1513069}, version=1, billinggroupname=null}","2020-11-26 00:00:00.000"
"iot-device-02","1.5946258573104773E9","59.6","75.56","true","false","0.0072","0.0046","0.0191","2020-11-26T17:07:52.510+0000","{defaultclientid=iot-device-02, thingname=iot-device-02, thingid=4ae4927a-aefb-4584-a45a-fc4839feffd6, thingarn=arn:aws:iot:us-east-1:507441099951:thing/iot-device-02, thingtypename=null, attributes={installed=1593361211, latitude=32.8205865, longitude=-96.871627}, version=1, billinggroupname=null}","2020-11-26 00:00:00.000"
"iot-device-03","1.5946258593080256E9","50.5","70.7","false","false","0.0078","0.0051","0.0209","2020-11-26T17:07:52.803+0000","{defaultclientid=iot-device-03, thingname=iot-device-03, thingid=877352b9-a35d-45d3-9c98-162d89965a13, thingarn=arn:aws:iot:us-east-1:507441099951:thing/iot-device-03, thingtypename=null, attributes={installed=1592562234, latitude=37.4133144, longitude=-122.1513069}, version=1, billinggroupname=null}","2020-11-26 00:00:00.000"
"iot-device-01","1.5946258594400668E9","74.9","66.92","false","false","0.0067","0.0042","0.0179","2020-11-26T17:07:53.099+0000","{defaultclientid=iot-device-01, thingname=iot-device-01, thingid=983c2b68-f9a3-4e83-b3c6-9f6f8ad5431b, thingarn=arn:aws:iot:us-east-1:507441099951:thing/iot-device-01, thingtypename=null, attributes={installed=1594665292, latitude=37.4133144, longitude=-122.1513069}, version=1, billinggroupname=null}","2020-11-26 00:00:00.000"
"iot-device-03","1.5946258629944286E9","50.5","70.7","false","false","0.0078","0.0051","0.0209","2020-11-26T17:07:53.400+0000","{defaultclientid=iot-device-03, thingname=iot-device-03, thingid=877352b9-a35d-45d3-9c98-162d89965a13, thingarn=arn:aws:iot:us-east-1:507441099951:thing/iot-device-03, thingtypename=null, attributes={installed=1592562234, latitude=37.4133144, longitude=-122.1513069}, version=1, billinggroupname=null}","2020-11-26 00:00:00.000"
"iot-device-01","1.5946258637907078E9","74.9","66.92","false","false","0.0067","0.0041","0.0177","2020-11-26T17:07:53.689+0000","{defaultclientid=iot-device-01, thingname=iot-device-01, thingid=983c2b68-f9a3-4e83-b3c6-9f6f8ad5431b, thingarn=arn:aws:iot:us-east-1:507441099951:thing/iot-device-01, thingtypename=null, attributes={installed=1594665292, latitude=37.4133144, longitude=-122.1513069}, version=1, billinggroupname=null}","2020-11-26 00:00:00.000"
"iot-device-03","1.594625866679611E9","50.4","70.7","false","false","0.0079","0.0051","0.021","2020-11-26T17:07:53.983+0000","{defaultclientid=iot-device-03, thingname=iot-device-03, thingid=877352b9-a35d-45d3-9c98-162d89965a13, thingarn=arn:aws:iot:us-east-1:507441099951:thing/iot-device-03, thingtypename=null, attributes={installed=1592562234, latitude=37.4133144, longitude=-122.1513069}, version=1, billinggroupname=null}","2020-11-26 00:00:00.000"
"iot-device-01","1.5946258686830885E9","74.9","66.74","false","false","0.0067","0.0042","0.0179","2020-11-26T17:07:54.279+0000","{defaultclientid=iot-device-01, thingname=iot-device-01, thingid=983c2b68-f9a3-4e83-b3c6-9f6f8ad5431b, thingarn=arn:aws:iot:us-east-1:507441099951:thing/iot-device-01, thingtypename=null, attributes={installed=1594665292, latitude=37.4133144, longitude=-122.1513069}, version=1, billinggroupname=null}","2020-11-26 00:00:00.000"
"iot-device-03","1.5946258703657725E9","50.7","70.7","false","false","0.0078","0.0051","0.021","2020-11-26T17:07:54.579+0000","{defaultclientid=iot-device-03, thingname=iot-device-03, thingid=877352b9-a35d-45d3-9c98-162d89965a13, thingarn=arn:aws:iot:us-east-1:507441099951:thing/iot-device-03, thingtypename=null, attributes={installed=1592562234, latitude=37.4133144, longitude=-122.1513069}, version=1, billinggroupname=null}","2020-11-26 00:00:00.000"
"iot-device-02","1.59462587099526E9","59.5","75.56","true","false","0.0072","0.0046","0.0192","2020-11-26T17:07:54.887+0000","{defaultclientid=iot-device-02, thingname=iot-device-02, thingid=4ae4927a-aefb-4584-a45a-fc4839feffd6, thingarn=arn:aws:iot:us-east-1:507441099951:thing/iot-device-02, thingtypename=null, attributes={installed=1593361211, latitude=32.8205865, longitude=-96.871627}, version=1, billinggroupname=null}","2020-11-26 00:00:00.000"
"iot-device-03","1.594625874051818E9","50.8","70.7","false","false","0.0078","0.0051","0.021","2020-11-26T17:07:55.172+0000","{defaultclientid=iot-device-03, thingname=iot-device-03, thingid=877352b9-a35d-45d3-9c98-162d89965a13, thingarn=arn:aws:iot:us-east-1:507441099951:thing/iot-device-03, thingtypename=null, attributes={installed=1592562234, latitude=37.4133144, longitude=-122.1513069}, version=1, billinggroupname=null}","2020-11-26 00:00:00.000"
"iot-device-01","1.5946258757184355E9","74.8","66.74","false","false","0.0067","0.0042","0.0179","2020-11-26T17:07:55.463+0000","{defaultclientid=iot-device-01, thingname=iot-device-01, thingid=983c2b68-f9a3-4e83-b3c6-9f6f8ad5431b, thingarn=arn:aws:iot:us-east-1:507441099951:thing/iot-device-01, thingtypename=null, attributes={installed=1594665292, latitude=37.4133144, longitude=-122.1513069}, version=1, billinggroupname=null}","2020-11-26 00:00:00.000"
"iot-device-02","1.5946258764039788E9","59.5","75.56","true","false","0.0072","0.0045","0.0191","2020-11-26T17:07:55.759+0000","{defaultclientid=iot-device-02, thingname=iot-device-02, thingid=4ae4927a-aefb-4584-a45a-fc4839feffd6, thingarn=arn:aws:iot:us-east-1:507441099951:thing/iot-device-02, thingtypename=null, attributes={installed=1593361211, latitude=32.8205865, longitude=-96.871627}, version=1, billinggroupname=null}","2020-11-26 00:00:00.000"
"iot-device-03","1.594625877737946E9","50.8","70.7","false","false","0.0078","0.0051","0.021","2020-11-26T17:07:56.061+0000","{defaultclientid=iot-device-03, thingname=iot-device-03, thingid=877352b9-a35d-45d3-9c98-162d89965a13, thingarn=arn:aws:iot:us-east-1:507441099951:thing/iot-device-03, thingtypename=null, attributes={installed=1592562234, latitude=37.4133144, longitude=-122.1513069}, version=1, billinggroupname=null}","2020-11-26 00:00:00.000"
"iot-device-02","1.594625881291023E9","59.6","75.74","true","false","0.0072","0.0046","0.0192","2020-11-26T17:07:56.354+0000","{defaultclientid=iot-device-02, thingname=iot-device-02, thingid=4ae4927a-aefb-4584-a45a-fc4839feffd6, thingarn=arn:aws:iot:us-east-1:507441099951:thing/iot-device-02, thingtypename=null, attributes={installed=1593361211, latitude=32.8205865, longitude=-96.871627}, version=1, billinggroupname=null}","2020-11-26 00:00:00.000"
"iot-device-01","1.5946257452121258E9","74.1","66.92","false","false","0.0067","0.0042","0.0179","2020-11-26T17:07:32.955+0000","{defaultclientid=iot-device-01, thingname=iot-device-01, thingid=983c2b68-f9a3-4e83-b3c6-9f6f8ad5431b, thingarn=arn:aws:iot:us-east-1:507441099951:thing/iot-device-01, thingtypename=null, attributes={installed=1594665292, latitude=37.4133144, longitude=-122.1513069}, version=1, billinggroupname=null}","2020-11-26 00:00:00.000"
"iot-device-02","1.5946257482074099E9","59.6","75.56","true","false","0.0073","0.0046","0.0194","2020-11-26T17:07:33.249+0000","{defaultclientid=iot-device-02, thingname=iot-device-02, thingid=4ae4927a-aefb-4584-a45a-fc4839feffd6, thingarn=arn:aws:iot:us-east-1:507441099951:thing/iot-device-02, thingtypename=null, attributes={installed=1593361211, latitude=32.8205865, longitude=-96.871627}, version=1, billinggroupname=null}","2020-11-26 00:00:00.000"
"iot-device-03","1.594625748234166E9","49.0","70.88","false","false","0.0078","0.0051","0.0209","2020-11-26T17:07:33.542+0000","{defaultclientid=iot-device-03, thingname=iot-device-03, thingid=877352b9-a35d-45d3-9c98-162d89965a13, thingarn=arn:aws:iot:us-east-1:507441099951:thing/iot-device-03, thingtypename=null, attributes={installed=1592562234, latitude=37.4133144, longitude=-122.1513069}, version=1, billinggroupname=null}","2020-11-26 00:00:00.000"
"iot-device-03","1.5946257519208858E9","49.1","71.06","false","false","0.0078","0.0051","0.021","2020-11-26T17:07:33.832+0000","{defaultclientid=iot-device-03, thingname=iot-device-03, thingid=877352b9-a35d-45d3-9c98-162d89965a13, thingarn=arn:aws:iot:us-east-1:507441099951:thing/iot-device-03, thingtypename=null, attributes={installed=1592562234, latitude=37.4133144, longitude=-122.1513069}, version=1, billinggroupname=null}","2020-11-26 00:00:00.000"
"iot-device-02","1.5946257525499785E9","59.7","75.74","true","false","0.0073","0.0046","0.0194","2020-11-26T17:07:34.124+0000","{defaultclientid=iot-device-02, thingname=iot-device-02, thingid=4ae4927a-aefb-4584-a45a-fc4839feffd6, thingarn=arn:aws:iot:us-east-1:507441099951:thing/iot-device-02, thingtypename=null, attributes={installed=1593361211, latitude=32.8205865, longitude=-96.871627}, version=1, billinggroupname=null}","2020-11-26 00:00:00.000"
"iot-device-01","1.594625752787842E9","74.3","66.92","false","false","0.0067","0.0042","0.0179","2020-11-26T17:07:34.420+0000","{defaultclientid=iot-device-01, thingname=iot-device-01, thingid=983c2b68-f9a3-4e83-b3c6-9f6f8ad5431b, thingarn=arn:aws:iot:us-east-1:507441099951:thing/iot-device-01, thingtypename=null, attributes={installed=1594665292, latitude=37.4133144, longitude=-122.1513069}, version=1, billinggroupname=null}","2020-11-26 00:00:00.000"
"iot-device-03","1.5946257556114533E9","49.0","70.88","false","false","0.0078","0.0051","0.0209","2020-11-26T17:07:34.718+0000","{defaultclientid=iot-device-03, thingname=iot-device-03, thingid=877352b9-a35d-45d3-9c98-162d89965a13, thingarn=arn:aws:iot:us-east-1:507441099951:thing/iot-device-03, thingtypename=null, attributes={installed=1592562234, latitude=37.4133144, longitude=-122.1513069}, version=1, billinggroupname=null}","2020-11-26 00:00:00.000"
"iot-device-01","1.5946257571401393E9","75.1","66.92","false","false","0.0067","0.0042","0.0179","2020-11-26T17:07:35.013+0000","{defaultclientid=iot-device-01, thingname=iot-device-01, thingid=983c2b68-f9a3-4e83-b3c6-9f6f8ad5431b, thingarn=arn:aws:iot:us-east-1:507441099951:thing/iot-device-01, thingtypename=null, attributes={installed=1594665292, latitude=37.4133144, longitude=-122.1513069}, version=1, billinggroupname=null}","2020-11-26 00:00:00.000"
"iot-device-03","1.5946257593016298E9","48.9","70.88","false","false","0.0079","0.0052","0.0211","2020-11-26T17:07:35.349+0000","{defaultclientid=iot-device-03, thingname=iot-device-03, thingid=877352b9-a35d-45d3-9c98-162d89965a13, thingarn=arn:aws:iot:us-east-1:507441099951:thing/iot-device-03, thingtypename=null, attributes={installed=1592562234, latitude=37.4133144, longitude=-122.1513069}, version=1, billinggroupname=null}","2020-11-26 00:00:00.000"
"iot-device-02","1.5946257595672555E9","59.7","75.56","true","false","0.0073","0.0046","0.0194","2020-11-26T17:07:35.638+0000","{defaultclientid=iot-device-02, thingname=iot-device-02, thingid=4ae4927a-aefb-4584-a45a-fc4839feffd6, thingarn=arn:aws:iot:us-east-1:507441099951:thing/iot-device-02, thingtypename=null, attributes={installed=1593361211, latitude=32.8205865, longitude=-96.871627}, version=1, billinggroupname=null}","2020-11-26 00:00:00.000"
"iot-device-02","1.5946258298383882E9","59.9","75.56","true","false","0.0073","0.0046","0.0194","2020-11-26T17:07:47.797+0000","{defaultclientid=iot-device-02, thingname=iot-device-02, thingid=4ae4927a-aefb-4584-a45a-fc4839feffd6, thingarn=arn:aws:iot:us-east-1:507441099951:thing/iot-device-02, thingtypename=null, attributes={installed=1593361211, latitude=32.8205865, longitude=-96.871627}, version=1, billinggroupname=null}","2020-11-26 00:00:00.000"
"iot-device-01","1.5946258306183589E9","74.5","66.92","false","false","0.0067","0.0042","0.0179","2020-11-26T17:07:48.078+0000","{defaultclientid=iot-device-01, thingname=iot-device-01, thingid=983c2b68-f9a3-4e83-b3c6-9f6f8ad5431b, thingarn=arn:aws:iot:us-east-1:507441099951:thing/iot-device-01, thingtypename=null, attributes={installed=1594665292, latitude=37.4133144, longitude=-122.1513069}, version=1, billinggroupname=null}","2020-11-26 00:00:00.000"
"iot-device-03","1.5946258335092547E9","49.2","70.7","false","false","0.0078","0.0051","0.021","2020-11-26T17:07:48.363+0000","{defaultclientid=iot-device-03, thingname=iot-device-03, thingid=877352b9-a35d-45d3-9c98-162d89965a13, thingarn=arn:aws:iot:us-east-1:507441099951:thing/iot-device-03, thingtypename=null, attributes={installed=1592562234, latitude=37.4133144, longitude=-122.1513069}, version=1, billinggroupname=null}","2020-11-26 00:00:00.000"
"iot-device-01","1.5946258349755435E9","75.5","66.92","false","false","0.0067","0.0042","0.0179","2020-11-26T17:07:48.642+0000","{defaultclientid=iot-device-01, thingname=iot-device-01, thingid=983c2b68-f9a3-4e83-b3c6-9f6f8ad5431b, thingarn=arn:aws:iot:us-east-1:507441099951:thing/iot-device-01, thingtypename=null, attributes={installed=1594665292, latitude=37.4133144, longitude=-122.1513069}, version=1, billinggroupname=null}","2020-11-26 00:00:00.000"
"iot-device-02","1.5946258357836409E9","59.7","75.56","true","false","0.0073","0.0047","0.0195","2020-11-26T17:07:48.939+0000","{defaultclientid=iot-device-02, thingname=iot-device-02, thingid=4ae4927a-aefb-4584-a45a-fc4839feffd6, thingarn=arn:aws:iot:us-east-1:507441099951:thing/iot-device-02, thingtypename=null, attributes={installed=1593361211, latitude=32.8205865, longitude=-96.871627}, version=1, billinggroupname=null}","2020-11-26 00:00:00.000"
"iot-device-03","1.5946258371952536E9","49.5","70.7","false","false","0.0078","0.0051","0.0209","2020-11-26T17:07:49.242+0000","{defaultclientid=iot-device-03, thingname=iot-device-03, thingid=877352b9-a35d-45d3-9c98-162d89965a13, thingarn=arn:aws:iot:us-east-1:507441099951:thing/iot-device-03, thingtypename=null, attributes={installed=1592562234, latitude=37.4133144, longitude=-122.1513069}, version=1, billinggroupname=null}","2020-11-26 00:00:00.000"
"iot-device-03","1.594625840881204E9","49.7","70.7","false","false","0.0079","0.0051","0.021","2020-11-26T17:07:49.543+0000","{defaultclientid=iot-device-03, thingname=iot-device-03, thingid=877352b9-a35d-45d3-9c98-162d89965a13, thingarn=arn:aws:iot:us-east-1:507441099951:thing/iot-device-03, thingtypename=null, attributes={installed=1592562234, latitude=37.4133144, longitude=-122.1513069}, version=1, billinggroupname=null}","2020-11-26 00:00:00.000"
"iot-device-01","1.594625841479042E9","74.5","66.92","false","false","0.0067","0.0042","0.0179","2020-11-26T17:07:49.845+0000","{defaultclientid=iot-device-01, thingname=iot-device-01, thingid=983c2b68-f9a3-4e83-b3c6-9f6f8ad5431b, thingarn=arn:aws:iot:us-east-1:507441099951:thing/iot-device-01, thingtypename=null, attributes={installed=1594665292, latitude=37.4133144, longitude=-122.1513069}, version=1, billinggroupname=null}","2020-11-26 00:00:00.000"
"iot-device-03","1.5946258445671625E9","49.9","70.7","false","false","0.0078","0.0051","0.021","2020-11-26T17:07:50.132+0000","{defaultclientid=iot-device-03, thingname=iot-device-03, thingid=877352b9-a35d-45d3-9c98-162d89965a13, thingarn=arn:aws:iot:us-east-1:507441099951:thing/iot-device-03, thingtypename=null, attributes={installed=1592562234, latitude=37.4133144, longitude=-122.1513069}, version=1, billinggroupname=null}","2020-11-26 00:00:00.000"
"iot-device-01","1.5946258458398955E9","74.6","66.92","false","false","0.0067","0.0042","0.0179","2020-11-26T17:07:50.428+0000","{defaultclientid=iot-device-01, thingname=iot-device-01, thingid=983c2b68-f9a3-4e83-b3c6-9f6f8ad5431b, thingarn=arn:aws:iot:us-east-1:507441099951:thing/iot-device-01, thingtypename=null, attributes={installed=1594665292, latitude=37.4133144, longitude=-122.1513069}, version=1, billinggroupname=null}","2020-11-26 00:00:00.000"
"iot-device-03","1.5946258148257065E9","49.0","70.88","false","false","0.0078","0.0051","0.021","2020-11-26T17:07:44.808+0000","{defaultclientid=iot-device-03, thingname=iot-device-03, thingid=877352b9-a35d-45d3-9c98-162d89965a13, thingarn=arn:aws:iot:us-east-1:507441099951:thing/iot-device-03, thingtypename=null, attributes={installed=1592562234, latitude=37.4133144, longitude=-122.1513069}, version=1, billinggroupname=null}","2020-11-26 00:00:00.000"
"iot-device-02","1.5946258162584953E9","59.6","75.56","true","false","0.0073","0.0047","0.0195","2020-11-26T17:07:45.108+0000","{defaultclientid=iot-device-02, thingname=iot-device-02, thingid=4ae4927a-aefb-4584-a45a-fc4839feffd6, thingarn=arn:aws:iot:us-east-1:507441099951:thing/iot-device-02, thingtypename=null, attributes={installed=1593361211, latitude=32.8205865, longitude=-96.871627}, version=1, billinggroupname=null}","2020-11-26 00:00:00.000"
"iot-device-01","1.5946258186810384E9","74.5","66.92","false","false","0.0067","0.0042","0.0179","2020-11-26T17:07:45.388+0000","{defaultclientid=iot-device-01, thingname=iot-device-01, thingid=983c2b68-f9a3-4e83-b3c6-9f6f8ad5431b, thingarn=arn:aws:iot:us-east-1:507441099951:thing/iot-device-01, thingtypename=null, attributes={installed=1594665292, latitude=37.4133144, longitude=-122.1513069}, version=1, billinggroupname=null}","2020-11-26 00:00:00.000"
"iot-device-03","1.5946258187664926E9","49.0","70.88","false","false","0.0079","0.0052","0.0211","2020-11-26T17:07:45.714+0000","{defaultclientid=iot-device-03, thingname=iot-device-03, thingid=877352b9-a35d-45d3-9c98-162d89965a13, thingarn=arn:aws:iot:us-east-1:507441099951:thing/iot-device-03, thingtypename=null, attributes={installed=1592562234, latitude=37.4133144, longitude=-122.1513069}, version=1, billinggroupname=null}","2020-11-26 00:00:00.000"
"iot-device-02","1.5946258206017432E9","59.7","75.56","true","false","0.0073","0.0046","0.0194","2020-11-26T17:07:46.012+0000","{defaultclientid=iot-device-02, thingname=iot-device-02, thingid=4ae4927a-aefb-4584-a45a-fc4839feffd6, thingarn=arn:aws:iot:us-east-1:507441099951:thing/iot-device-02, thingtypename=null, attributes={installed=1593361211, latitude=32.8205865, longitude=-96.871627}, version=1, billinggroupname=null}","2020-11-26 00:00:00.000"
"iot-device-03","1.5946258224520519E9","49.1","70.7","false","false","0.0079","0.0051","0.021","2020-11-26T17:07:46.306+0000","{defaultclientid=iot-device-03, thingname=iot-device-03, thingid=877352b9-a35d-45d3-9c98-162d89965a13, thingarn=arn:aws:iot:us-east-1:507441099951:thing/iot-device-03, thingtypename=null, attributes={installed=1592562234, latitude=37.4133144, longitude=-122.1513069}, version=1, billinggroupname=null}","2020-11-26 00:00:00.000"
"iot-device-01","1.5946258257209926E9","74.5","66.92","false","false","0.0067","0.0042","0.0179","2020-11-26T17:07:46.598+0000","{defaultclientid=iot-device-01, thingname=iot-device-01, thingid=983c2b68-f9a3-4e83-b3c6-9f6f8ad5431b, thingarn=arn:aws:iot:us-east-1:507441099951:thing/iot-device-01, thingtypename=null, attributes={installed=1594665292, latitude=37.4133144, longitude=-122.1513069}, version=1, billinggroupname=null}","2020-11-26 00:00:00.000"
"iot-device-02","1.5946258260288088E9","59.7","75.56","true","false","0.0073","0.0046","0.0194","2020-11-26T17:07:46.890+0000","{defaultclientid=iot-device-02, thingname=iot-device-02, thingid=4ae4927a-aefb-4584-a45a-fc4839feffd6, thingarn=arn:aws:iot:us-east-1:507441099951:thing/iot-device-02, thingtypename=null, attributes={installed=1593361211, latitude=32.8205865, longitude=-96.871627}, version=1, billinggroupname=null}","2020-11-26 00:00:00.000"
"iot-device-03","1.5946258261381614E9","49.1","70.7","false","false","0.0078","0.0051","0.0209","2020-11-26T17:07:47.204+0000","{defaultclientid=iot-device-03, thingname=iot-device-03, thingid=877352b9-a35d-45d3-9c98-162d89965a13, thingarn=arn:aws:iot:us-east-1:507441099951:thing/iot-device-03, thingtypename=null, attributes={installed=1592562234, latitude=37.4133144, longitude=-122.1513069}, version=1, billinggroupname=null}","2020-11-26 00:00:00.000"
"iot-device-03","1.594625829824334E9","49.2","70.7","false","false","0.0079","0.0052","0.0211","2020-11-26T17:07:47.491+0000","{defaultclientid=iot-device-03, thingname=iot-device-03, thingid=877352b9-a35d-45d3-9c98-162d89965a13, thingarn=arn:aws:iot:us-east-1:507441099951:thing/iot-device-03, thingtypename=null, attributes={installed=1592562234, latitude=37.4133144, longitude=-122.1513069}, version=1, billinggroupname=null}","2020-11-26 00:00:00.000"
"iot-device-01","1.594608822439633E9","74.1","66.2","false","false","0.0091","0.0063","0.0244","2020-11-26T17:03:06.021+0000","{defaultclientid=iot-device-01, thingname=iot-device-01, thingid=983c2b68-f9a3-4e83-b3c6-9f6f8ad5431b, thingarn=arn:aws:iot:us-east-1:507441099951:thing/iot-device-01, thingtypename=null, attributes={installed=1594665292, latitude=37.4133144, longitude=-122.1513069}, version=1, billinggroupname=null}","2020-11-26 00:00:00.000"
"iot-device-03","1.5946088228696976E9","50.2","70.88","false","false","0.0079","0.0051","0.021","2020-11-26T17:03:06.310+0000","{defaultclientid=iot-device-03, thingname=iot-device-03, thingid=877352b9-a35d-45d3-9c98-162d89965a13, thingarn=arn:aws:iot:us-east-1:507441099951:thing/iot-device-03, thingtypename=null, attributes={installed=1592562234, latitude=37.4133144, longitude=-122.1513069}, version=1, billinggroupname=null}","2020-11-26 00:00:00.000"
"iot-device-02","1.594608822928066E9","59.4","78.44","true","false","0.0072","0.0046","0.0192","2020-11-26T17:03:06.600+0000","{defaultclientid=iot-device-02, thingname=iot-device-02, thingid=4ae4927a-aefb-4584-a45a-fc4839feffd6, thingarn=arn:aws:iot:us-east-1:507441099951:thing/iot-device-02, thingtypename=null, attributes={installed=1593361211, latitude=32.8205865, longitude=-96.871627}, version=1, billinggroupname=null}","2020-11-26 00:00:00.000"
"iot-device-03","1.5946088265682E9","50.2","71.06","false","false","0.0078","0.0051","0.0209","2020-11-26T17:03:06.918+0000","{defaultclientid=iot-device-03, thingname=iot-device-03, thingid=877352b9-a35d-45d3-9c98-162d89965a13, thingarn=arn:aws:iot:us-east-1:507441099951:thing/iot-device-03, thingtypename=null, attributes={installed=1592562234, latitude=37.4133144, longitude=-122.1513069}, version=1, billinggroupname=null}","2020-11-26 00:00:00.000"
"iot-device-02","1.5946088267357519E9","59.3","78.44","true","false","0.0072","0.0046","0.0192","2020-11-26T17:03:07.216+0000","{defaultclientid=iot-device-02, thingname=iot-device-02, thingid=4ae4927a-aefb-4584-a45a-fc4839feffd6, thingarn=arn:aws:iot:us-east-1:507441099951:thing/iot-device-02, thingtypename=null, attributes={installed=1593361211, latitude=32.8205865, longitude=-96.871627}, version=1, billinggroupname=null}","2020-11-26 00:00:00.000"
"iot-device-03","1.5946088302538238E9","50.1","70.88","false","false","0.0079","0.0052","0.0211","2020-11-26T17:03:07.507+0000","{defaultclientid=iot-device-03, thingname=iot-device-03, thingid=877352b9-a35d-45d3-9c98-162d89965a13, thingarn=arn:aws:iot:us-east-1:507441099951:thing/iot-device-03, thingtypename=null, attributes={installed=1592562234, latitude=37.4133144, longitude=-122.1513069}, version=1, billinggroupname=null}","2020-11-26 00:00:00.000"
"iot-device-01","1.5946088310919795E9","74.1","66.02","false","false","0.009","0.0062","0.0242","2020-11-26T17:03:07.946+0000","{defaultclientid=iot-device-01, thingname=iot-device-01, thingid=983c2b68-f9a3-4e83-b3c6-9f6f8ad5431b, thingarn=arn:aws:iot:us-east-1:507441099951:thing/iot-device-01, thingtypename=null, attributes={installed=1594665292, latitude=37.4133144, longitude=-122.1513069}, version=1, billinggroupname=null}","2020-11-26 00:00:00.000"
"iot-device-02","1.5946088316123214E9","59.3","78.44","true","false","0.0072","0.0046","0.0192","2020-11-26T17:03:08.229+0000","{defaultclientid=iot-device-02, thingname=iot-device-02, thingid=4ae4927a-aefb-4584-a45a-fc4839feffd6, thingarn=arn:aws:iot:us-east-1:507441099951:thing/iot-device-02, thingtypename=null, attributes={installed=1593361211, latitude=32.8205865, longitude=-96.871627}, version=1, billinggroupname=null}","2020-11-26 00:00:00.000"
"iot-device-03","1.594608833939831E9","50.2","71.06","false","false","0.0079","0.0052","0.021","2020-11-26T17:03:08.522+0000","{defaultclientid=iot-device-03, thingname=iot-device-03, thingid=877352b9-a35d-45d3-9c98-162d89965a13, thingarn=arn:aws:iot:us-east-1:507441099951:thing/iot-device-03, thingtypename=null, attributes={installed=1592562234, latitude=37.4133144, longitude=-122.1513069}, version=1, billinggroupname=null}","2020-11-26 00:00:00.000"
"iot-device-02","1.5946088359501235E9","59.4","78.44","true","false","0.0072","0.0046","0.0192","2020-11-26T17:03:08.814+0000","{defaultclientid=iot-device-02, thingname=iot-device-02, thingid=4ae4927a-aefb-4584-a45a-fc4839feffd6, thingarn=arn:aws:iot:us-east-1:507441099951:thing/iot-device-02, thingtypename=null, attributes={installed=1593361211, latitude=32.8205865, longitude=-96.871627}, version=1, billinggroupname=null}","2020-11-26 00:00:00.000"
"iot-device-01","1.5946089347852852E9","74.2","66.02","false","false","0.0091","0.0063","0.0244","2020-11-26T17:03:26.757+0000","{defaultclientid=iot-device-01, thingname=iot-device-01, thingid=983c2b68-f9a3-4e83-b3c6-9f6f8ad5431b, thingarn=arn:aws:iot:us-east-1:507441099951:thing/iot-device-01, thingtypename=null, attributes={installed=1594665292, latitude=37.4133144, longitude=-122.1513069}, version=1, billinggroupname=null}","2020-11-26 00:00:00.000"
"iot-device-03","1.5946089371037726E9","50.3","71.42","false","false","0.0078","0.0051","0.021","2020-11-26T17:03:27.069+0000","{defaultclientid=iot-device-03, thingname=iot-device-03, thingid=877352b9-a35d-45d3-9c98-162d89965a13, thingarn=arn:aws:iot:us-east-1:507441099951:thing/iot-device-03, thingtypename=null, attributes={installed=1592562234, latitude=37.4133144, longitude=-122.1513069}, version=1, billinggroupname=null}","2020-11-26 00:00:00.000"
"iot-device-02","1.5946089392293506E9","59.4","78.44","true","false","0.0072","0.0045","0.019","2020-11-26T17:03:27.350+0000","{defaultclientid=iot-device-02, thingname=iot-device-02, thingid=4ae4927a-aefb-4584-a45a-fc4839feffd6, thingarn=arn:aws:iot:us-east-1:507441099951:thing/iot-device-02, thingtypename=null, attributes={installed=1593361211, latitude=32.8205865, longitude=-96.871627}, version=1, billinggroupname=null}","2020-11-26 00:00:00.000"
"iot-device-01","1.5946089407510164E9","74.2","66.02","false","false","0.0091","0.0063","0.0244","2020-11-26T17:03:27.643+0000","{defaultclientid=iot-device-01, thingname=iot-device-01, thingid=983c2b68-f9a3-4e83-b3c6-9f6f8ad5431b, thingarn=arn:aws:iot:us-east-1:507441099951:thing/iot-device-01, thingtypename=null, attributes={installed=1594665292, latitude=37.4133144, longitude=-122.1513069}, version=1, billinggroupname=null}","2020-11-26 00:00:00.000"
"iot-device-03","1.5946089407894375E9","50.3","71.42","false","false","0.0078","0.0051","0.0209","2020-11-26T17:03:27.938+0000","{defaultclientid=iot-device-03, thingname=iot-device-03, thingid=877352b9-a35d-45d3-9c98-162d89965a13, thingarn=arn:aws:iot:us-east-1:507441099951:thing/iot-device-03, thingtypename=null, attributes={installed=1592562234, latitude=37.4133144, longitude=-122.1513069}, version=1, billinggroupname=null}","2020-11-26 00:00:00.000"
"iot-device-03","1.594608944475693E9","50.2","71.42","false","false","0.0078","0.0051","0.0209","2020-11-26T17:03:28.241+0000","{defaultclientid=iot-device-03, thingname=iot-device-03, thingid=877352b9-a35d-45d3-9c98-162d89965a13, thingarn=arn:aws:iot:us-east-1:507441099951:thing/iot-device-03, thingtypename=null, attributes={installed=1592562234, latitude=37.4133144, longitude=-122.1513069}, version=1, billinggroupname=null}","2020-11-26 00:00:00.000"
"iot-device-01","1.5946089467190168E9","74.2","66.02","false","false","0.0091","0.0063","0.0244","2020-11-26T17:03:28.549+0000","{defaultclientid=iot-device-01, thingname=iot-device-01, thingid=983c2b68-f9a3-4e83-b3c6-9f6f8ad5431b, thingarn=arn:aws:iot:us-east-1:507441099951:thing/iot-device-01, thingtypename=null, attributes={installed=1594665292, latitude=37.4133144, longitude=-122.1513069}, version=1, billinggroupname=null}","2020-11-26 00:00:00.000"
"iot-device-02","1.5946089473165178E9","59.3","78.44","true","false","0.0072","0.0046","0.0192","2020-11-26T17:03:28.838+0000","{defaultclientid=iot-device-02, thingname=iot-device-02, thingid=4ae4927a-aefb-4584-a45a-fc4839feffd6, thingarn=arn:aws:iot:us-east-1:507441099951:thing/iot-device-02, thingtypename=null, attributes={installed=1593361211, latitude=32.8205865, longitude=-96.871627}, version=1, billinggroupname=null}","2020-11-26 00:00:00.000"
"iot-device-03","1.5946089481634002E9","50.2","71.42","false","false","0.0079","0.0051","0.021","2020-11-26T17:03:29.152+0000","{defaultclientid=iot-device-03, thingname=iot-device-03, thingid=877352b9-a35d-45d3-9c98-162d89965a13, thingarn=arn:aws:iot:us-east-1:507441099951:thing/iot-device-03, thingtypename=null, attributes={installed=1592562234, latitude=37.4133144, longitude=-122.1513069}, version=1, billinggroupname=null}","2020-11-26 00:00:00.000"
"iot-device-03","1.5946089518516011E9","50.1","71.42","false","false","0.0078","0.0051","0.021","2020-11-26T17:03:29.434+0000","{defaultclientid=iot-device-03, thingname=iot-device-03, thingid=877352b9-a35d-45d3-9c98-162d89965a13, thingarn=arn:aws:iot:us-east-1:507441099951:thing/iot-device-03, thingtypename=null, attributes={installed=1592562234, latitude=37.4133144, longitude=-122.1513069}, version=1, billinggroupname=null}","2020-11-26 00:00:00.000"
"iot-device-01","1.594608854978549E9","74.3","66.02","false","false","0.0091","0.0063","0.0244","2020-11-26T17:03:12.051+0000","{defaultclientid=iot-device-01, thingname=iot-device-01, thingid=983c2b68-f9a3-4e83-b3c6-9f6f8ad5431b, thingarn=arn:aws:iot:us-east-1:507441099951:thing/iot-device-01, thingtypename=null, attributes={installed=1594665292, latitude=37.4133144, longitude=-122.1513069}, version=1, billinggroupname=null}","2020-11-26 00:00:00.000"
"iot-device-02","1.5946088554319293E9","59.7","78.44","true","false","0.0072","0.0046","0.0192","2020-11-26T17:03:12.340+0000","{defaultclientid=iot-device-02, thingname=iot-device-02, thingid=4ae4927a-aefb-4584-a45a-fc4839feffd6, thingarn=arn:aws:iot:us-east-1:507441099951:thing/iot-device-02, thingtypename=null, attributes={installed=1593361211, latitude=32.8205865, longitude=-96.871627}, version=1, billinggroupname=null}","2020-11-26 00:00:00.000"
"iot-device-03","1.5946088559969366E9","50.5","71.06","false","false","0.0078","0.0051","0.021","2020-11-26T17:03:12.629+0000","{defaultclientid=iot-device-03, thingname=iot-device-03, thingid=877352b9-a35d-45d3-9c98-162d89965a13, thingarn=arn:aws:iot:us-east-1:507441099951:thing/iot-device-03, thingtypename=null, attributes={installed=1592562234, latitude=37.4133144, longitude=-122.1513069}, version=1, billinggroupname=null}","2020-11-26 00:00:00.000"
"iot-device-01","1.5946088587924395E9","74.3","66.02","false","false","0.0091","0.0063","0.0244","2020-11-26T17:03:12.935+0000","{defaultclientid=iot-device-01, thingname=iot-device-01, thingid=983c2b68-f9a3-4e83-b3c6-9f6f8ad5431b, thingarn=arn:aws:iot:us-east-1:507441099951:thing/iot-device-01, thingtypename=null, attributes={installed=1594665292, latitude=37.4133144, longitude=-122.1513069}, version=1, billinggroupname=null}","2020-11-26 00:00:00.000"
"iot-device-03","1.5946088596850016E9","50.5","71.06","false","false","0.0079","0.0051","0.021","2020-11-26T17:03:13.219+0000","{defaultclientid=iot-device-03, thingname=iot-device-03, thingid=877352b9-a35d-45d3-9c98-162d89965a13, thingarn=arn:aws:iot:us-east-1:507441099951:thing/iot-device-03, thingtypename=null, attributes={installed=1592562234, latitude=37.4133144, longitude=-122.1513069}, version=1, billinggroupname=null}","2020-11-26 00:00:00.000"
"iot-device-01","1.5946088626079686E9","74.3","66.2","false","false","0.0091","0.0063","0.0244","2020-11-26T17:03:13.527+0000","{defaultclientid=iot-device-01, thingname=iot-device-01, thingid=983c2b68-f9a3-4e83-b3c6-9f6f8ad5431b, thingarn=arn:aws:iot:us-east-1:507441099951:thing/iot-device-01, thingtypename=null, attributes={installed=1594665292, latitude=37.4133144, longitude=-122.1513069}, version=1, billinggroupname=null}","2020-11-26 00:00:00.000"
"iot-device-03","1.5946088633722966E9","50.5","71.06","false","false","0.0078","0.0051","0.0209","2020-11-26T17:03:13.823+0000","{defaultclientid=iot-device-03, thingname=iot-device-03, thingid=877352b9-a35d-45d3-9c98-162d89965a13, thingarn=arn:aws:iot:us-east-1:507441099951:thing/iot-device-03, thingtypename=null, attributes={installed=1592562234, latitude=37.4133144, longitude=-122.1513069}, version=1, billinggroupname=null}","2020-11-26 00:00:00.000"
"iot-device-02","1.5946088635216136E9","59.3","78.44","true","false","0.0072","0.0046","0.0191","2020-11-26T17:03:14.119+0000","{defaultclientid=iot-device-02, thingname=iot-device-02, thingid=4ae4927a-aefb-4584-a45a-fc4839feffd6, thingarn=arn:aws:iot:us-east-1:507441099951:thing/iot-device-02, thingtypename=null, attributes={installed=1593361211, latitude=32.8205865, longitude=-96.871627}, version=1, billinggroupname=null}","2020-11-26 00:00:00.000"
"iot-device-03","1.5946088670584517E9","50.5","71.06","false","false","0.0079","0.0052","0.0211","2020-11-26T17:03:14.417+0000","{defaultclientid=iot-device-03, thingname=iot-device-03, thingid=877352b9-a35d-45d3-9c98-162d89965a13, thingarn=arn:aws:iot:us-east-1:507441099951:thing/iot-device-03, thingtypename=null, attributes={installed=1592562234, latitude=37.4133144, longitude=-122.1513069}, version=1, billinggroupname=null}","2020-11-26 00:00:00.000"
"iot-device-01","1.594608868575535E9","74.1","66.02","false","false","0.0091","0.0063","0.0244","2020-11-26T17:03:14.727+0000","{defaultclientid=iot-device-01, thingname=iot-device-01, thingid=983c2b68-f9a3-4e83-b3c6-9f6f8ad5431b, thingarn=arn:aws:iot:us-east-1:507441099951:thing/iot-device-01, thingtypename=null, attributes={installed=1594665292, latitude=37.4133144, longitude=-122.1513069}, version=1, billinggroupname=null}","2020-11-26 00:00:00.000"
"iot-device-01","1.5946088375914226E9","74.3","66.02","false","false","0.0091","0.0063","0.0244","2020-11-26T17:03:09.110+0000","{defaultclientid=iot-device-01, thingname=iot-device-01, thingid=983c2b68-f9a3-4e83-b3c6-9f6f8ad5431b, thingarn=arn:aws:iot:us-east-1:507441099951:thing/iot-device-01, thingtypename=null, attributes={installed=1594665292, latitude=37.4133144, longitude=-122.1513069}, version=1, billinggroupname=null}","2020-11-26 00:00:00.000"
"iot-device-03","1.5946088376235633E9","50.3","71.06","false","false","0.0079","0.0052","0.0211","2020-11-26T17:03:09.389+0000","{defaultclientid=iot-device-03, thingname=iot-device-03, thingid=877352b9-a35d-45d3-9c98-162d89965a13, thingarn=arn:aws:iot:us-east-1:507441099951:thing/iot-device-03, thingtypename=null, attributes={installed=1592562234, latitude=37.4133144, longitude=-122.1513069}, version=1, billinggroupname=null}","2020-11-26 00:00:00.000"
"iot-device-03","1.5946088413091981E9","50.3","71.06","false","false","0.0079","0.0051","0.021","2020-11-26T17:03:09.684+0000","{defaultclientid=iot-device-03, thingname=iot-device-03, thingid=877352b9-a35d-45d3-9c98-162d89965a13, thingarn=arn:aws:iot:us-east-1:507441099951:thing/iot-device-03, thingtypename=null, attributes={installed=1592562234, latitude=37.4133144, longitude=-122.1513069}, version=1, billinggroupname=null}","2020-11-26 00:00:00.000"
"iot-device-01","1.5946088430205493E9","74.2","66.02","false","false","0.0091","0.0063","0.0244","2020-11-26T17:03:09.979+0000","{defaultclientid=iot-device-01, thingname=iot-device-01, thingid=983c2b68-f9a3-4e83-b3c6-9f6f8ad5431b, thingarn=arn:aws:iot:us-east-1:507441099951:thing/iot-device-01, thingtypename=null, attributes={installed=1594665292, latitude=37.4133144, longitude=-122.1513069}, version=1, billinggroupname=null}","2020-11-26 00:00:00.000"
"iot-device-02","1.594608844066062E9","59.3","78.44","true","false","0.0072","0.0046","0.0192","2020-11-26T17:03:10.292+0000","{defaultclientid=iot-device-02, thingname=iot-device-02, thingid=4ae4927a-aefb-4584-a45a-fc4839feffd6, thingarn=arn:aws:iot:us-east-1:507441099951:thing/iot-device-02, thingtypename=null, attributes={installed=1593361211, latitude=32.8205865, longitude=-96.871627}, version=1, billinggroupname=null}","2020-11-26 00:00:00.000"
"iot-device-03","1.5946088449676678E9","50.4","71.06","false","false","0.0079","0.0052","0.0211","2020-11-26T17:03:10.580+0000","{defaultclientid=iot-device-03, thingname=iot-device-03, thingid=877352b9-a35d-45d3-9c98-162d89965a13, thingarn=arn:aws:iot:us-east-1:507441099951:thing/iot-device-03, thingtypename=null, attributes={installed=1592562234, latitude=37.4133144, longitude=-122.1513069}, version=1, billinggroupname=null}","2020-11-26 00:00:00.000"
"iot-device-01","1.5946088473782473E9","74.3","66.2","false","false","0.0091","0.0063","0.0244","2020-11-26T17:03:10.870+0000","{defaultclientid=iot-device-01, thingname=iot-device-01, thingid=983c2b68-f9a3-4e83-b3c6-9f6f8ad5431b, thingarn=arn:aws:iot:us-east-1:507441099951:thing/iot-device-01, thingtypename=null, attributes={installed=1594665292, latitude=37.4133144, longitude=-122.1513069}, version=1, billinggroupname=null}","2020-11-26 00:00:00.000"
"iot-device-03","1.5946088486021266E9","50.4","71.06","false","false","0.0078","0.0051","0.021","2020-11-26T17:03:11.168+0000","{defaultclientid=iot-device-03, thingname=iot-device-03, thingid=877352b9-a35d-45d3-9c98-162d89965a13, thingarn=arn:aws:iot:us-east-1:507441099951:thing/iot-device-03, thingtypename=null, attributes={installed=1592562234, latitude=37.4133144, longitude=-122.1513069}, version=1, billinggroupname=null}","2020-11-26 00:00:00.000"
"iot-device-02","1.594608850018706E9","59.3","78.44","true","false","0.0072","0.0046","0.0192","2020-11-26T17:03:11.470+0000","{defaultclientid=iot-device-02, thingname=iot-device-02, thingid=4ae4927a-aefb-4584-a45a-fc4839feffd6, thingarn=arn:aws:iot:us-east-1:507441099951:thing/iot-device-02, thingtypename=null, attributes={installed=1593361211, latitude=32.8205865, longitude=-96.871627}, version=1, billinggroupname=null}","2020-11-26 00:00:00.000"
"iot-device-03","1.5946088523083382E9","50.5","71.06","false","false","0.0079","0.0052","0.021","2020-11-26T17:03:11.759+0000","{defaultclientid=iot-device-03, thingname=iot-device-03, thingid=877352b9-a35d-45d3-9c98-162d89965a13, thingarn=arn:aws:iot:us-east-1:507441099951:thing/iot-device-03, thingtypename=null, attributes={installed=1592562234, latitude=37.4133144, longitude=-122.1513069}, version=1, billinggroupname=null}","2020-11-26 00:00:00.000"
"iot-device-02","1.5946088694663315E9","59.3","78.44","true","false","0.0072","0.0046","0.0192","2020-11-26T17:03:15.020+0000","{defaultclientid=iot-device-02, thingname=iot-device-02, thingid=4ae4927a-aefb-4584-a45a-fc4839feffd6, thingarn=arn:aws:iot:us-east-1:507441099951:thing/iot-device-02, thingtypename=null, attributes={installed=1593361211, latitude=32.8205865, longitude=-96.871627}, version=1, billinggroupname=null}","2020-11-26 00:00:00.000"
"iot-device-03","1.5946088707451742E9","50.5","71.06","false","false","0.0078","0.0051","0.021","2020-11-26T17:03:15.317+0000","{defaultclientid=iot-device-03, thingname=iot-device-03, thingid=877352b9-a35d-45d3-9c98-162d89965a13, thingarn=arn:aws:iot:us-east-1:507441099951:thing/iot-device-03, thingtypename=null, attributes={installed=1592562234, latitude=37.4133144, longitude=-122.1513069}, version=1, billinggroupname=null}","2020-11-26 00:00:00.000"
"iot-device-03","1.594608874430107E9","50.5","71.06","false","false","0.0079","0.0052","0.0211","2020-11-26T17:03:15.614+0000","{defaultclientid=iot-device-03, thingname=iot-device-03, thingid=877352b9-a35d-45d3-9c98-162d89965a13, thingarn=arn:aws:iot:us-east-1:507441099951:thing/iot-device-03, thingtypename=null, attributes={installed=1592562234, latitude=37.4133144, longitude=-122.1513069}, version=1, billinggroupname=null}","2020-11-26 00:00:00.000"
"iot-device-01","1.5946088745402675E9","74.3","66.02","false","false","0.0091","0.0063","0.0244","2020-11-26T17:03:15.910+0000","{defaultclientid=iot-device-01, thingname=iot-device-01, thingid=983c2b68-f9a3-4e83-b3c6-9f6f8ad5431b, thingarn=arn:aws:iot:us-east-1:507441099951:thing/iot-device-01, thingtypename=null, attributes={installed=1594665292, latitude=37.4133144, longitude=-122.1513069}, version=1, billinggroupname=null}","2020-11-26 00:00:00.000"
"iot-device-02","1.5946088759559267E9","59.3","78.44","true","false","0.0072","0.0045","0.019","2020-11-26T17:03:16.211+0000","{defaultclientid=iot-device-02, thingname=iot-device-02, thingid=4ae4927a-aefb-4584-a45a-fc4839feffd6, thingarn=arn:aws:iot:us-east-1:507441099951:thing/iot-device-02, thingtypename=null, attributes={installed=1593361211, latitude=32.8205865, longitude=-96.871627}, version=1, billinggroupname=null}","2020-11-26 00:00:00.000"
"iot-device-03","1.5946088781161802E9","50.5","71.06","false","false","0.0079","0.0052","0.0211","2020-11-26T17:03:16.498+0000","{defaultclientid=iot-device-03, thingname=iot-device-03, thingid=877352b9-a35d-45d3-9c98-162d89965a13, thingarn=arn:aws:iot:us-east-1:507441099951:thing/iot-device-03, thingtypename=null, attributes={installed=1592562234, latitude=37.4133144, longitude=-122.1513069}, version=1, billinggroupname=null}","2020-11-26 00:00:00.000"
"iot-device-01","1.5946088789029768E9","74.3","66.2","false","false","0.0091","0.0063","0.0244","2020-11-26T17:03:16.791+0000","{defaultclientid=iot-device-01, thingname=iot-device-01, thingid=983c2b68-f9a3-4e83-b3c6-9f6f8ad5431b, thingarn=arn:aws:iot:us-east-1:507441099951:thing/iot-device-01, thingtypename=null, attributes={installed=1594665292, latitude=37.4133144, longitude=-122.1513069}, version=1, billinggroupname=null}","2020-11-26 00:00:00.000"
"iot-device-03","1.594608881802139E9","50.5","71.06","false","false","0.0079","0.0051","0.021","2020-11-26T17:03:17.089+0000","{defaultclientid=iot-device-03, thingname=iot-device-03, thingid=877352b9-a35d-45d3-9c98-162d89965a13, thingarn=arn:aws:iot:us-east-1:507441099951:thing/iot-device-03, thingtypename=null, attributes={installed=1592562234, latitude=37.4133144, longitude=-122.1513069}, version=1, billinggroupname=null}","2020-11-26 00:00:00.000"
"iot-device-02","1.5946088829675071E9","59.3","78.44","true","false","0.0072","0.0046","0.0192","2020-11-26T17:03:17.380+0000","{defaultclientid=iot-device-02, thingname=iot-device-02, thingid=4ae4927a-aefb-4584-a45a-fc4839feffd6, thingarn=arn:aws:iot:us-east-1:507441099951:thing/iot-device-02, thingtypename=null, attributes={installed=1593361211, latitude=32.8205865, longitude=-96.871627}, version=1, billinggroupname=null}","2020-11-26 00:00:00.000"
"iot-device-01","1.59460888488117E9","74.3","66.02","false","false","0.0091","0.0063","0.0244","2020-11-26T17:03:17.679+0000","{defaultclientid=iot-device-01, thingname=iot-device-01, thingid=983c2b68-f9a3-4e83-b3c6-9f6f8ad5431b, thingarn=arn:aws:iot:us-east-1:507441099951:thing/iot-device-01, thingtypename=null, attributes={installed=1594665292, latitude=37.4133144, longitude=-122.1513069}, version=1, billinggroupname=null}","2020-11-26 00:00:00.000"
"iot-device-03","1.5946088854884832E9","50.6","71.24","false","false","0.0078","0.0051","0.021","2020-11-26T17:03:18.007+0000","{defaultclientid=iot-device-03, thingname=iot-device-03, thingid=877352b9-a35d-45d3-9c98-162d89965a13, thingarn=arn:aws:iot:us-east-1:507441099951:thing/iot-device-03, thingtypename=null, attributes={installed=1592562234, latitude=37.4133144, longitude=-122.1513069}, version=1, billinggroupname=null}","2020-11-26 00:00:00.000"
"iot-device-03","1.5946088891738837E9","50.6","71.24","false","false","0.0078","0.0051","0.021","2020-11-26T17:03:18.308+0000","{defaultclientid=iot-device-03, thingname=iot-device-03, thingid=877352b9-a35d-45d3-9c98-162d89965a13, thingarn=arn:aws:iot:us-east-1:507441099951:thing/iot-device-03, thingtypename=null, attributes={installed=1592562234, latitude=37.4133144, longitude=-122.1513069}, version=1, billinggroupname=null}","2020-11-26 00:00:00.000"
"iot-device-01","1.5946088913870654E9","74.3","66.02","false","false","0.0091","0.0063","0.0244","2020-11-26T17:03:18.590+0000","{defaultclientid=iot-device-01, thingname=iot-device-01, thingid=983c2b68-f9a3-4e83-b3c6-9f6f8ad5431b, thingarn=arn:aws:iot:us-east-1:507441099951:thing/iot-device-01, thingtypename=null, attributes={installed=1594665292, latitude=37.4133144, longitude=-122.1513069}, version=1, billinggroupname=null}","2020-11-26 00:00:00.000"
"iot-device-02","1.5946088921277275E9","59.3","78.44","true","false","0.0072","0.0046","0.0192","2020-11-26T17:03:18.880+0000","{defaultclientid=iot-device-02, thingname=iot-device-02, thingid=4ae4927a-aefb-4584-a45a-fc4839feffd6, thingarn=arn:aws:iot:us-east-1:507441099951:thing/iot-device-02, thingtypename=null, attributes={installed=1593361211, latitude=32.8205865, longitude=-96.871627}, version=1, billinggroupname=null}","2020-11-26 00:00:00.000"
"iot-device-03","1.5946088928623278E9","50.6","71.24","false","false","0.0079","0.0052","0.021","2020-11-26T17:03:19.170+0000","{defaultclientid=iot-device-03, thingname=iot-device-03, thingid=877352b9-a35d-45d3-9c98-162d89965a13, thingarn=arn:aws:iot:us-east-1:507441099951:thing/iot-device-03, thingtypename=null, attributes={installed=1592562234, latitude=37.4133144, longitude=-122.1513069}, version=1, billinggroupname=null}","2020-11-26 00:00:00.000"
"iot-device-01","1.5946088957379336E9","74.5","66.2","false","false","0.0091","0.0063","0.0244","2020-11-26T17:03:19.455+0000","{defaultclientid=iot-device-01, thingname=iot-device-01, thingid=983c2b68-f9a3-4e83-b3c6-9f6f8ad5431b, thingarn=arn:aws:iot:us-east-1:507441099951:thing/iot-device-01, thingtypename=null, attributes={installed=1594665292, latitude=37.4133144, longitude=-122.1513069}, version=1, billinggroupname=null}","2020-11-26 00:00:00.000"
"iot-device-03","1.594608896550385E9","50.5","71.24","false","false","0.0079","0.0052","0.021","2020-11-26T17:03:19.737+0000","{defaultclientid=iot-device-03, thingname=iot-device-03, thingid=877352b9-a35d-45d3-9c98-162d89965a13, thingarn=arn:aws:iot:us-east-1:507441099951:thing/iot-device-03, thingtypename=null, attributes={installed=1592562234, latitude=37.4133144, longitude=-122.1513069}, version=1, billinggroupname=null}","2020-11-26 00:00:00.000"
"iot-device-02","1.594608900211125E9","59.3","78.44","true","false","0.0072","0.0046","0.0192","2020-11-26T17:03:20.056+0000","{defaultclientid=iot-device-02, thingname=iot-device-02, thingid=4ae4927a-aefb-4584-a45a-fc4839feffd6, thingarn=arn:aws:iot:us-east-1:507441099951:thing/iot-device-02, thingtypename=null, attributes={installed=1593361211, latitude=32.8205865, longitude=-96.871627}, version=1, billinggroupname=null}","2020-11-26 00:00:00.000"
"iot-device-03","1.5946089002386196E9","50.5","71.24","false","false","0.0078","0.0051","0.021","2020-11-26T17:03:20.359+0000","{defaultclientid=iot-device-03, thingname=iot-device-03, thingid=877352b9-a35d-45d3-9c98-162d89965a13, thingarn=arn:aws:iot:us-east-1:507441099951:thing/iot-device-03, thingtypename=null, attributes={installed=1592562234, latitude=37.4133144, longitude=-122.1513069}, version=1, billinggroupname=null}","2020-11-26 00:00:00.000"
"iot-device-01","1.594608902247101E9","74.4","66.2","false","false","0.0091","0.0063","0.0244","2020-11-26T17:03:20.639+0000","{defaultclientid=iot-device-01, thingname=iot-device-01, thingid=983c2b68-f9a3-4e83-b3c6-9f6f8ad5431b, thingarn=arn:aws:iot:us-east-1:507441099951:thing/iot-device-01, thingtypename=null, attributes={installed=1594665292, latitude=37.4133144, longitude=-122.1513069}, version=1, billinggroupname=null}","2020-11-26 00:00:00.000"
"iot-device-03","1.5946087898121212E9","49.1","70.88","false","false","0.0079","0.0051","0.021","2020-11-26T17:03:00.184+0000","{defaultclientid=iot-device-03, thingname=iot-device-03, thingid=877352b9-a35d-45d3-9c98-162d89965a13, thingarn=arn:aws:iot:us-east-1:507441099951:thing/iot-device-03, thingtypename=null, attributes={installed=1592562234, latitude=37.4133144, longitude=-122.1513069}, version=1, billinggroupname=null}","2020-11-26 00:00:00.000"
"iot-device-02","1.5946087898615375E9","59.3","78.44","true","false","0.0072","0.0046","0.0192","2020-11-26T17:03:00.470+0000","{defaultclientid=iot-device-02, thingname=iot-device-02, thingid=4ae4927a-aefb-4584-a45a-fc4839feffd6, thingarn=arn:aws:iot:us-east-1:507441099951:thing/iot-device-02, thingtypename=null, attributes={installed=1593361211, latitude=32.8205865, longitude=-96.871627}, version=1, billinggroupname=null}","2020-11-26 00:00:00.000"
"iot-device-03","1.5946087934975393E9","49.2","70.88","false","false","0.0079","0.0051","0.021","2020-11-26T17:03:00.760+0000","{defaultclientid=iot-device-03, thingname=iot-device-03, thingid=877352b9-a35d-45d3-9c98-162d89965a13, thingarn=arn:aws:iot:us-east-1:507441099951:thing/iot-device-03, thingtypename=null, attributes={installed=1592562234, latitude=37.4133144, longitude=-122.1513069}, version=1, billinggroupname=null}","2020-11-26 00:00:00.000"
"iot-device-02","1.5946087947395375E9","59.3","78.44","true","false","0.0072","0.0046","0.0192","2020-11-26T17:03:01.047+0000","{defaultclientid=iot-device-02, thingname=iot-device-02, thingid=4ae4927a-aefb-4584-a45a-fc4839feffd6, thingarn=arn:aws:iot:us-east-1:507441099951:thing/iot-device-02, thingtypename=null, attributes={installed=1593361211, latitude=32.8205865, longitude=-96.871627}, version=1, billinggroupname=null}","2020-11-26 00:00:00.000"
"iot-device-03","1.5946087971833408E9","49.5","70.88","false","false","0.0079","0.0052","0.0211","2020-11-26T17:03:01.336+0000","{defaultclientid=iot-device-03, thingname=iot-device-03, thingid=877352b9-a35d-45d3-9c98-162d89965a13, thingarn=arn:aws:iot:us-east-1:507441099951:thing/iot-device-03, thingtypename=null, attributes={installed=1592562234, latitude=37.4133144, longitude=-122.1513069}, version=1, billinggroupname=null}","2020-11-26 00:00:00.000"
"iot-device-01","1.5946087980486865E9","74.0","66.02","false","false","0.0091","0.0063","0.0244","2020-11-26T17:03:01.631+0000","{defaultclientid=iot-device-01, thingname=iot-device-01, thingid=983c2b68-f9a3-4e83-b3c6-9f6f8ad5431b, thingarn=arn:aws:iot:us-east-1:507441099951:thing/iot-device-01, thingtypename=null, attributes={installed=1594665292, latitude=37.4133144, longitude=-122.1513069}, version=1, billinggroupname=null}","2020-11-26 00:00:00.000"
"iot-device-02","1.5946087990816846E9","59.3","78.44","true","false","0.0072","0.0046","0.0192","2020-11-26T17:03:01.936+0000","{defaultclientid=iot-device-02, thingname=iot-device-02, thingid=4ae4927a-aefb-4584-a45a-fc4839feffd6, thingarn=arn:aws:iot:us-east-1:507441099951:thing/iot-device-02, thingtypename=null, attributes={installed=1593361211, latitude=32.8205865, longitude=-96.871627}, version=1, billinggroupname=null}","2020-11-26 00:00:00.000"
"iot-device-03","1.5946088007734325E9","50.0","70.88","false","false","0.0079","0.0052","0.021","2020-11-26T17:03:02.231+0000","{defaultclientid=iot-device-03, thingname=iot-device-03, thingid=877352b9-a35d-45d3-9c98-162d89965a13, thingarn=arn:aws:iot:us-east-1:507441099951:thing/iot-device-03, thingtypename=null, attributes={installed=1592562234, latitude=37.4133144, longitude=-122.1513069}, version=1, billinggroupname=null}","2020-11-26 00:00:00.000"
"iot-device-02","1.5946088034223356E9","59.3","78.44","true","false","0.0072","0.0046","0.0192","2020-11-26T17:03:02.529+0000","{defaultclientid=iot-device-02, thingname=iot-device-02, thingid=4ae4927a-aefb-4584-a45a-fc4839feffd6, thingarn=arn:aws:iot:us-east-1:507441099951:thing/iot-device-02, thingtypename=null, attributes={installed=1593361211, latitude=32.8205865, longitude=-96.871627}, version=1, billinggroupname=null}","2020-11-26 00:00:00.000"
"iot-device-01","1.5946088034659364E9","74.0","66.02","false","false","0.0091","0.0063","0.0244","2020-11-26T17:03:02.829+0000","{defaultclientid=iot-device-01, thingname=iot-device-01, thingid=983c2b68-f9a3-4e83-b3c6-9f6f8ad5431b, thingarn=arn:aws:iot:us-east-1:507441099951:thing/iot-device-01, thingtypename=null, attributes={installed=1594665292, latitude=37.4133144, longitude=-122.1513069}, version=1, billinggroupname=null}","2020-11-26 00:00:00.000"
"iot-device-03","1.5946088044779305E9","50.3","70.88","false","false","0.0079","0.0051","0.021","2020-11-26T17:03:03.119+0000","{defaultclientid=iot-device-03, thingname=iot-device-03, thingid=877352b9-a35d-45d3-9c98-162d89965a13, thingarn=arn:aws:iot:us-east-1:507441099951:thing/iot-device-03, thingtypename=null, attributes={installed=1592562234, latitude=37.4133144, longitude=-122.1513069}, version=1, billinggroupname=null}","2020-11-26 00:00:00.000"
"iot-device-03","1.5946088081605904E9","50.5","70.88","false","false","0.0079","0.0052","0.021","2020-11-26T17:03:03.410+0000","{defaultclientid=iot-device-03, thingname=iot-device-03, thingid=877352b9-a35d-45d3-9c98-162d89965a13, thingarn=arn:aws:iot:us-east-1:507441099951:thing/iot-device-03, thingtypename=null, attributes={installed=1592562234, latitude=37.4133144, longitude=-122.1513069}, version=1, billinggroupname=null}","2020-11-26 00:00:00.000"
"iot-device-02","1.5946088082975724E9","59.4","78.44","true","false","0.0072","0.0046","0.0192","2020-11-26T17:03:03.700+0000","{defaultclientid=iot-device-02, thingname=iot-device-02, thingid=4ae4927a-aefb-4584-a45a-fc4839feffd6, thingarn=arn:aws:iot:us-east-1:507441099951:thing/iot-device-02, thingtypename=null, attributes={installed=1593361211, latitude=32.8205865, longitude=-96.871627}, version=1, billinggroupname=null}","2020-11-26 00:00:00.000"
"iot-device-01","1.5946088099688168E9","74.0","66.02","false","false","0.0091","0.0063","0.0246","2020-11-26T17:03:03.985+0000","{defaultclientid=iot-device-01, thingname=iot-device-01, thingid=983c2b68-f9a3-4e83-b3c6-9f6f8ad5431b, thingarn=arn:aws:iot:us-east-1:507441099951:thing/iot-device-01, thingtypename=null, attributes={installed=1594665292, latitude=37.4133144, longitude=-122.1513069}, version=1, billinggroupname=null}","2020-11-26 00:00:00.000"
"iot-device-03","1.5946088118434591E9","50.5","70.88","false","false","0.0078","0.0051","0.0209","2020-11-26T17:03:04.278+0000","{defaultclientid=iot-device-03, thingname=iot-device-03, thingid=877352b9-a35d-45d3-9c98-162d89965a13, thingarn=arn:aws:iot:us-east-1:507441099951:thing/iot-device-03, thingtypename=null, attributes={installed=1592562234, latitude=37.4133144, longitude=-122.1513069}, version=1, billinggroupname=null}","2020-11-26 00:00:00.000"
"iot-device-02","1.5946088121048627E9","59.3","78.44","true","false","0.0072","0.0046","0.0192","2020-11-26T17:03:04.568+0000","{defaultclientid=iot-device-02, thingname=iot-device-02, thingid=4ae4927a-aefb-4584-a45a-fc4839feffd6, thingarn=arn:aws:iot:us-east-1:507441099951:thing/iot-device-02, thingtypename=null, attributes={installed=1593361211, latitude=32.8205865, longitude=-96.871627}, version=1, billinggroupname=null}","2020-11-26 00:00:00.000"
"iot-device-01","1.5946088148690026E9","74.1","66.2","false","false","0.0091","0.0063","0.0244","2020-11-26T17:03:04.860+0000","{defaultclientid=iot-device-01, thingname=iot-device-01, thingid=983c2b68-f9a3-4e83-b3c6-9f6f8ad5431b, thingarn=arn:aws:iot:us-east-1:507441099951:thing/iot-device-01, thingtypename=null, attributes={installed=1594665292, latitude=37.4133144, longitude=-122.1513069}, version=1, billinggroupname=null}","2020-11-26 00:00:00.000"
"iot-device-03","1.5946088155288017E9","50.3","70.88","false","false","0.0079","0.0051","0.021","2020-11-26T17:03:05.149+0000","{defaultclientid=iot-device-03, thingname=iot-device-03, thingid=877352b9-a35d-45d3-9c98-162d89965a13, thingarn=arn:aws:iot:us-east-1:507441099951:thing/iot-device-03, thingtypename=null, attributes={installed=1592562234, latitude=37.4133144, longitude=-122.1513069}, version=1, billinggroupname=null}","2020-11-26 00:00:00.000"
"iot-device-02","1.5946088159127667E9","59.3","78.44","true","false","0.0072","0.0046","0.0192","2020-11-26T17:03:05.438+0000","{defaultclientid=iot-device-02, thingname=iot-device-02, thingid=4ae4927a-aefb-4584-a45a-fc4839feffd6, thingarn=arn:aws:iot:us-east-1:507441099951:thing/iot-device-02, thingtypename=null, attributes={installed=1593361211, latitude=32.8205865, longitude=-96.871627}, version=1, billinggroupname=null}","2020-11-26 00:00:00.000"
"iot-device-03","1.5946088192119784E9","50.2","70.88","false","false","0.0079","0.0052","0.0211","2020-11-26T17:03:05.732+0000","{defaultclientid=iot-device-03, thingname=iot-device-03, thingid=877352b9-a35d-45d3-9c98-162d89965a13, thingarn=arn:aws:iot:us-east-1:507441099951:thing/iot-device-03, thingtypename=null, attributes={installed=1592562234, latitude=37.4133144, longitude=-122.1513069}, version=1, billinggroupname=null}","2020-11-26 00:00:00.000"
"iot-device-03","1.594608903921906E9","50.5","71.24","false","false","0.0079","0.0051","0.021","2020-11-26T17:03:20.929+0000","{defaultclientid=iot-device-03, thingname=iot-device-03, thingid=877352b9-a35d-45d3-9c98-162d89965a13, thingarn=arn:aws:iot:us-east-1:507441099951:thing/iot-device-03, thingtypename=null, attributes={installed=1592562234, latitude=37.4133144, longitude=-122.1513069}, version=1, billinggroupname=null}","2020-11-26 00:00:00.000"
"iot-device-02","1.594608904027999E9","59.4","78.44","true","false","0.0072","0.0045","0.0191","2020-11-26T17:03:21.236+0000","{defaultclientid=iot-device-02, thingname=iot-device-02, thingid=4ae4927a-aefb-4584-a45a-fc4839feffd6, thingarn=arn:aws:iot:us-east-1:507441099951:thing/iot-device-02, thingtypename=null, attributes={installed=1593361211, latitude=32.8205865, longitude=-96.871627}, version=1, billinggroupname=null}","2020-11-26 00:00:00.000"
"iot-device-01","1.5946089065999448E9","74.5","66.02","false","false","0.0091","0.0063","0.0244","2020-11-26T17:03:21.531+0000","{defaultclientid=iot-device-01, thingname=iot-device-01, thingid=983c2b68-f9a3-4e83-b3c6-9f6f8ad5431b, thingarn=arn:aws:iot:us-east-1:507441099951:thing/iot-device-01, thingtypename=null, attributes={installed=1594665292, latitude=37.4133144, longitude=-122.1513069}, version=1, billinggroupname=null}","2020-11-26 00:00:00.000"
"iot-device-03","1.594608907608118E9","50.5","71.24","false","false","0.0078","0.0051","0.0209","2020-11-26T17:03:21.819+0000","{defaultclientid=iot-device-03, thingname=iot-device-03, thingid=877352b9-a35d-45d3-9c98-162d89965a13, thingarn=arn:aws:iot:us-east-1:507441099951:thing/iot-device-03, thingtypename=null, attributes={installed=1592562234, latitude=37.4133144, longitude=-122.1513069}, version=1, billinggroupname=null}","2020-11-26 00:00:00.000"
"iot-device-02","1.59460891050368E9","59.3","78.44","true","false","0.0072","0.0046","0.0192","2020-11-26T17:03:22.112+0000","{defaultclientid=iot-device-02, thingname=iot-device-02, thingid=4ae4927a-aefb-4584-a45a-fc4839feffd6, thingarn=arn:aws:iot:us-east-1:507441099951:thing/iot-device-02, thingtypename=null, attributes={installed=1593361211, latitude=32.8205865, longitude=-96.871627}, version=1, billinggroupname=null}","2020-11-26 00:00:00.000"
"iot-device-03","1.5946089112944815E9","50.5","71.24","false","false","0.0078","0.0051","0.0209","2020-11-26T17:03:22.401+0000","{defaultclientid=iot-device-03, thingname=iot-device-03, thingid=877352b9-a35d-45d3-9c98-162d89965a13, thingarn=arn:aws:iot:us-east-1:507441099951:thing/iot-device-03, thingtypename=null, attributes={installed=1592562234, latitude=37.4133144, longitude=-122.1513069}, version=1, billinggroupname=null}","2020-11-26 00:00:00.000"
"iot-device-02","1.5946089148468668E9","59.3","78.44","true","false","0.0072","0.0046","0.0192","2020-11-26T17:03:22.690+0000","{defaultclientid=iot-device-02, thingname=iot-device-02, thingid=4ae4927a-aefb-4584-a45a-fc4839feffd6, thingarn=arn:aws:iot:us-east-1:507441099951:thing/iot-device-02, thingtypename=null, attributes={installed=1593361211, latitude=32.8205865, longitude=-96.871627}, version=1, billinggroupname=null}","2020-11-26 00:00:00.000"
"iot-device-03","1.5946089149806392E9","50.5","71.24","false","false","0.0078","0.0051","0.0209","2020-11-26T17:03:22.980+0000","{defaultclientid=iot-device-03, thingname=iot-device-03, thingid=877352b9-a35d-45d3-9c98-162d89965a13, thingarn=arn:aws:iot:us-east-1:507441099951:thing/iot-device-03, thingtypename=null, attributes={installed=1592562234, latitude=37.4133144, longitude=-122.1513069}, version=1, billinggroupname=null}","2020-11-26 00:00:00.000"
"iot-device-01","1.5946089152972574E9","74.3","66.02","false","false","0.0091","0.0063","0.0244","2020-11-26T17:03:23.266+0000","{defaultclientid=iot-device-01, thingname=iot-device-01, thingid=983c2b68-f9a3-4e83-b3c6-9f6f8ad5431b, thingarn=arn:aws:iot:us-east-1:507441099951:thing/iot-device-01, thingtypename=null, attributes={installed=1594665292, latitude=37.4133144, longitude=-122.1513069}, version=1, billinggroupname=null}","2020-11-26 00:00:00.000"
"iot-device-03","1.594608918664508E9","50.5","71.24","false","false","0.0079","0.0051","0.021","2020-11-26T17:03:23.564+0000","{defaultclientid=iot-device-03, thingname=iot-device-03, thingid=877352b9-a35d-45d3-9c98-162d89965a13, thingarn=arn:aws:iot:us-east-1:507441099951:thing/iot-device-03, thingtypename=null, attributes={installed=1592562234, latitude=37.4133144, longitude=-122.1513069}, version=1, billinggroupname=null}","2020-11-26 00:00:00.000"
"iot-device-02","1.5946089527321675E9","59.4","78.44","true","false","0.0072","0.0045","0.0191","2020-11-26T17:03:29.735+0000","{defaultclientid=iot-device-02, thingname=iot-device-02, thingid=4ae4927a-aefb-4584-a45a-fc4839feffd6, thingarn=arn:aws:iot:us-east-1:507441099951:thing/iot-device-02, thingtypename=null, attributes={installed=1593361211, latitude=32.8205865, longitude=-96.871627}, version=1, billinggroupname=null}","2020-11-26 00:00:00.000"
"iot-device-02","1.5946089197231152E9","59.3","78.44","true","false","0.0072","0.0046","0.0192","2020-11-26T17:03:23.850+0000","{defaultclientid=iot-device-02, thingname=iot-device-02, thingid=4ae4927a-aefb-4584-a45a-fc4839feffd6, thingarn=arn:aws:iot:us-east-1:507441099951:thing/iot-device-02, thingtypename=null, attributes={installed=1593361211, latitude=32.8205865, longitude=-96.871627}, version=1, billinggroupname=null}","2020-11-26 00:00:00.000"
"iot-device-01","1.594608921253394E9","74.2","66.02","false","false","0.0091","0.0063","0.0244","2020-11-26T17:03:24.141+0000","{defaultclientid=iot-device-01, thingname=iot-device-01, thingid=983c2b68-f9a3-4e83-b3c6-9f6f8ad5431b, thingarn=arn:aws:iot:us-east-1:507441099951:thing/iot-device-01, thingtypename=null, attributes={installed=1594665292, latitude=37.4133144, longitude=-122.1513069}, version=1, billinggroupname=null}","2020-11-26 00:00:00.000"
"iot-device-03","1.594608922350706E9","50.5","71.24","false","false","0.0079","0.0051","0.021","2020-11-26T17:03:24.432+0000","{defaultclientid=iot-device-03, thingname=iot-device-03, thingid=877352b9-a35d-45d3-9c98-162d89965a13, thingarn=arn:aws:iot:us-east-1:507441099951:thing/iot-device-03, thingtypename=null, attributes={installed=1592562234, latitude=37.4133144, longitude=-122.1513069}, version=1, billinggroupname=null}","2020-11-26 00:00:00.000"
"iot-device-02","1.5946089235306873E9","59.3","78.44","true","false","0.0072","0.0046","0.0192","2020-11-26T17:03:24.726+0000","{defaultclientid=iot-device-02, thingname=iot-device-02, thingid=4ae4927a-aefb-4584-a45a-fc4839feffd6, thingarn=arn:aws:iot:us-east-1:507441099951:thing/iot-device-02, thingtypename=null, attributes={installed=1593361211, latitude=32.8205865, longitude=-96.871627}, version=1, billinggroupname=null}","2020-11-26 00:00:00.000"
"iot-device-03","1.5946089260357025E9","50.4","71.24","false","false","0.0078","0.0051","0.0209","2020-11-26T17:03:25.025+0000","{defaultclientid=iot-device-03, thingname=iot-device-03, thingid=877352b9-a35d-45d3-9c98-162d89965a13, thingarn=arn:aws:iot:us-east-1:507441099951:thing/iot-device-03, thingtypename=null, attributes={installed=1592562234, latitude=37.4133144, longitude=-122.1513069}, version=1, billinggroupname=null}","2020-11-26 00:00:00.000"
"iot-device-02","1.5946089273427052E9","59.4","78.44","true","false","0.0072","0.0046","0.0192","2020-11-26T17:03:25.320+0000","{defaultclientid=iot-device-02, thingname=iot-device-02, thingid=4ae4927a-aefb-4584-a45a-fc4839feffd6, thingarn=arn:aws:iot:us-east-1:507441099951:thing/iot-device-02, thingtypename=null, attributes={installed=1593361211, latitude=32.8205865, longitude=-96.871627}, version=1, billinggroupname=null}","2020-11-26 00:00:00.000"
"iot-device-01","1.5946089282866106E9","74.2","66.02","false","false","0.0091","0.0063","0.0244","2020-11-26T17:03:25.614+0000","{defaultclientid=iot-device-01, thingname=iot-device-01, thingid=983c2b68-f9a3-4e83-b3c6-9f6f8ad5431b, thingarn=arn:aws:iot:us-east-1:507441099951:thing/iot-device-01, thingtypename=null, attributes={installed=1594665292, latitude=37.4133144, longitude=-122.1513069}, version=1, billinggroupname=null}","2020-11-26 00:00:00.000"
"iot-device-03","1.5946089297187352E9","50.4","71.24","false","false","0.0079","0.0052","0.0211","2020-11-26T17:03:25.899+0000","{defaultclientid=iot-device-03, thingname=iot-device-03, thingid=877352b9-a35d-45d3-9c98-162d89965a13, thingarn=arn:aws:iot:us-east-1:507441099951:thing/iot-device-03, thingtypename=null, attributes={installed=1592562234, latitude=37.4133144, longitude=-122.1513069}, version=1, billinggroupname=null}","2020-11-26 00:00:00.000"
"iot-device-02","1.594608932752657E9","59.4","78.44","true","false","0.0072","0.0046","0.0192","2020-11-26T17:03:26.187+0000","{defaultclientid=iot-device-02, thingname=iot-device-02, thingid=4ae4927a-aefb-4584-a45a-fc4839feffd6, thingarn=arn:aws:iot:us-east-1:507441099951:thing/iot-device-02, thingtypename=null, attributes={installed=1593361211, latitude=32.8205865, longitude=-96.871627}, version=1, billinggroupname=null}","2020-11-26 00:00:00.000"
"iot-device-03","1.5946089334179919E9","50.3","71.24","false","false","0.0079","0.0052","0.021","2020-11-26T17:03:26.473+0000","{defaultclientid=iot-device-03, thingname=iot-device-03, thingid=877352b9-a35d-45d3-9c98-162d89965a13, thingarn=arn:aws:iot:us-east-1:507441099951:thing/iot-device-03, thingtypename=null, attributes={installed=1592562234, latitude=37.4133144, longitude=-122.1513069}, version=1, billinggroupname=null}","2020-11-26 00:00:00.000"
"iot-device-02","1.5946286992697675E9","59.6","75.2","true","false","0.0077","0.005","0.0204","2020-11-26T17:10:03.021+0000","{defaultclientid=iot-device-02, thingname=iot-device-02, thingid=4ae4927a-aefb-4584-a45a-fc4839feffd6, thingarn=arn:aws:iot:us-east-1:507441099951:thing/iot-device-02, thingtypename=null, attributes={installed=1593361211, latitude=32.8205865, longitude=-96.871627}, version=1, billinggroupname=null}","2020-11-26 00:00:00.000"
"iot-device-03","1.5946287001134405E9","49.5","71.06","false","false","0.0078","0.0051","0.0209","2020-11-26T17:10:03.315+0000","{defaultclientid=iot-device-03, thingname=iot-device-03, thingid=877352b9-a35d-45d3-9c98-162d89965a13, thingarn=arn:aws:iot:us-east-1:507441099951:thing/iot-device-03, thingtypename=null, attributes={installed=1592562234, latitude=37.4133144, longitude=-122.1513069}, version=1, billinggroupname=null}","2020-11-26 00:00:00.000"
"iot-device-01","1.5946287010155115E9","74.6","67.1","false","false","0.0065","0.0039","0.017","2020-11-26T17:10:03.602+0000","{defaultclientid=iot-device-01, thingname=iot-device-01, thingid=983c2b68-f9a3-4e83-b3c6-9f6f8ad5431b, thingarn=arn:aws:iot:us-east-1:507441099951:thing/iot-device-01, thingtypename=null, attributes={installed=1594665292, latitude=37.4133144, longitude=-122.1513069}, version=1, billinggroupname=null}","2020-11-26 00:00:00.000"
"iot-device-03","1.5946287037973373E9","49.5","71.06","false","false","0.0078","0.0051","0.0209","2020-11-26T17:10:03.893+0000","{defaultclientid=iot-device-03, thingname=iot-device-03, thingid=877352b9-a35d-45d3-9c98-162d89965a13, thingarn=arn:aws:iot:us-east-1:507441099951:thing/iot-device-03, thingtypename=null, attributes={installed=1592562234, latitude=37.4133144, longitude=-122.1513069}, version=1, billinggroupname=null}","2020-11-26 00:00:00.000"
"iot-device-01","1.5946287053810852E9","74.6","67.1","false","false","0.0065","0.004","0.0172","2020-11-26T17:10:04.179+0000","{defaultclientid=iot-device-01, thingname=iot-device-01, thingid=983c2b68-f9a3-4e83-b3c6-9f6f8ad5431b, thingarn=arn:aws:iot:us-east-1:507441099951:thing/iot-device-01, thingtypename=null, attributes={installed=1594665292, latitude=37.4133144, longitude=-122.1513069}, version=1, billinggroupname=null}","2020-11-26 00:00:00.000"
"iot-device-03","1.5946287074833007E9","49.4","71.06","false","false","0.0078","0.0051","0.0209","2020-11-26T17:10:04.468+0000","{defaultclientid=iot-device-03, thingname=iot-device-03, thingid=877352b9-a35d-45d3-9c98-162d89965a13, thingarn=arn:aws:iot:us-east-1:507441099951:thing/iot-device-03, thingtypename=null, attributes={installed=1592562234, latitude=37.4133144, longitude=-122.1513069}, version=1, billinggroupname=null}","2020-11-26 00:00:00.000"
"iot-device-03","1.5946287111690967E9","49.4","71.06","false","false","0.0078","0.0051","0.021","2020-11-26T17:10:04.763+0000","{defaultclientid=iot-device-03, thingname=iot-device-03, thingid=877352b9-a35d-45d3-9c98-162d89965a13, thingarn=arn:aws:iot:us-east-1:507441099951:thing/iot-device-03, thingtypename=null, attributes={installed=1592562234, latitude=37.4133144, longitude=-122.1513069}, version=1, billinggroupname=null}","2020-11-26 00:00:00.000"
"iot-device-01","1.5946287135544353E9","74.7","67.1","false","false","0.0064","0.0039","0.0169","2020-11-26T17:10:05.049+0000","{defaultclientid=iot-device-01, thingname=iot-device-01, thingid=983c2b68-f9a3-4e83-b3c6-9f6f8ad5431b, thingarn=arn:aws:iot:us-east-1:507441099951:thing/iot-device-01, thingtypename=null, attributes={installed=1594665292, latitude=37.4133144, longitude=-122.1513069}, version=1, billinggroupname=null}","2020-11-26 00:00:00.000"
"iot-device-02","1.5946287135594974E9","59.6","75.2","true","false","0.0074","0.0047","0.0197","2020-11-26T17:10:05.341+0000","{defaultclientid=iot-device-02, thingname=iot-device-02, thingid=4ae4927a-aefb-4584-a45a-fc4839feffd6, thingarn=arn:aws:iot:us-east-1:507441099951:thing/iot-device-02, thingtypename=null, attributes={installed=1593361211, latitude=32.8205865, longitude=-96.871627}, version=1, billinggroupname=null}","2020-11-26 00:00:00.000"
"iot-device-03","1.5946287148528948E9","49.4","71.06","false","false","0.0079","0.0051","0.021","2020-11-26T17:10:05.629+0000","{defaultclientid=iot-device-03, thingname=iot-device-03, thingid=877352b9-a35d-45d3-9c98-162d89965a13, thingarn=arn:aws:iot:us-east-1:507441099951:thing/iot-device-03, thingtypename=null, attributes={installed=1592562234, latitude=37.4133144, longitude=-122.1513069}, version=1, billinggroupname=null}","2020-11-26 00:00:00.000"
"iot-device-02","1.5946288612676935E9","59.5","75.2","true","false","0.0074","0.0047","0.0197","2020-11-26T17:10:29.512+0000","{defaultclientid=iot-device-02, thingname=iot-device-02, thingid=4ae4927a-aefb-4584-a45a-fc4839feffd6, thingarn=arn:aws:iot:us-east-1:507441099951:thing/iot-device-02, thingtypename=null, attributes={installed=1593361211, latitude=32.8205865, longitude=-96.871627}, version=1, billinggroupname=null}","2020-11-26 00:00:00.000"
"iot-device-03","1.5946288622132316E9","49.1","70.7","false","false","0.0078","0.0051","0.0209","2020-11-26T17:10:29.809+0000","{defaultclientid=iot-device-03, thingname=iot-device-03, thingid=877352b9-a35d-45d3-9c98-162d89965a13, thingarn=arn:aws:iot:us-east-1:507441099951:thing/iot-device-03, thingtypename=null, attributes={installed=1592562234, latitude=37.4133144, longitude=-122.1513069}, version=1, billinggroupname=null}","2020-11-26 00:00:00.000"
"iot-device-03","1.594628758997519E9","49.2","70.88","false","false","0.0078","0.0051","0.0209","2020-11-26T17:10:11.839+0000","{defaultclientid=iot-device-03, thingname=iot-device-03, thingid=877352b9-a35d-45d3-9c98-162d89965a13, thingarn=arn:aws:iot:us-east-1:507441099951:thing/iot-device-03, thingtypename=null, attributes={installed=1592562234, latitude=37.4133144, longitude=-122.1513069}, version=1, billinggroupname=null}","2020-11-26 00:00:00.000"
"iot-device-01","1.5946287613162868E9","74.3","67.1","false","false","0.0066","0.004","0.0173","2020-11-26T17:10:12.125+0000","{defaultclientid=iot-device-01, thingname=iot-device-01, thingid=983c2b68-f9a3-4e83-b3c6-9f6f8ad5431b, thingarn=arn:aws:iot:us-east-1:507441099951:thing/iot-device-01, thingtypename=null, attributes={installed=1594665292, latitude=37.4133144, longitude=-122.1513069}, version=1, billinggroupname=null}","2020-11-26 00:00:00.000"
"iot-device-03","1.5946287626833565E9","49.2","70.88","false","false","0.0078","0.0051","0.0209","2020-11-26T17:10:12.413+0000","{defaultclientid=iot-device-03, thingname=iot-device-03, thingid=877352b9-a35d-45d3-9c98-162d89965a13, thingarn=arn:aws:iot:us-east-1:507441099951:thing/iot-device-03, thingtypename=null, attributes={installed=1592562234, latitude=37.4133144, longitude=-122.1513069}, version=1, billinggroupname=null}","2020-11-26 00:00:00.000"
"iot-device-02","1.5946287654415E9","59.6","75.2","true","false","0.0074","0.0047","0.0196","2020-11-26T17:10:12.709+0000","{defaultclientid=iot-device-02, thingname=iot-device-02, thingid=4ae4927a-aefb-4584-a45a-fc4839feffd6, thingarn=arn:aws:iot:us-east-1:507441099951:thing/iot-device-02, thingtypename=null, attributes={installed=1593361211, latitude=32.8205865, longitude=-96.871627}, version=1, billinggroupname=null}","2020-11-26 00:00:00.000"
"iot-device-01","1.594628765668068E9","74.4","67.1","false","false","0.0065","0.0039","0.017","2020-11-26T17:10:12.992+0000","{defaultclientid=iot-device-01, thingname=iot-device-01, thingid=983c2b68-f9a3-4e83-b3c6-9f6f8ad5431b, thingarn=arn:aws:iot:us-east-1:507441099951:thing/iot-device-01, thingtypename=null, attributes={installed=1594665292, latitude=37.4133144, longitude=-122.1513069}, version=1, billinggroupname=null}","2020-11-26 00:00:00.000"
"iot-device-03","1.594628766369241E9","49.2","70.88","false","false","0.0078","0.0051","0.0209","2020-11-26T17:10:13.285+0000","{defaultclientid=iot-device-03, thingname=iot-device-03, thingid=877352b9-a35d-45d3-9c98-162d89965a13, thingarn=arn:aws:iot:us-east-1:507441099951:thing/iot-device-03, thingtypename=null, attributes={installed=1592562234, latitude=37.4133144, longitude=-122.1513069}, version=1, billinggroupname=null}","2020-11-26 00:00:00.000"
"iot-device-02","1.5946287692517815E9","59.6","75.2","true","false","0.0074","0.0047","0.0197","2020-11-26T17:10:13.585+0000","{defaultclientid=iot-device-02, thingname=iot-device-02, thingid=4ae4927a-aefb-4584-a45a-fc4839feffd6, thingarn=arn:aws:iot:us-east-1:507441099951:thing/iot-device-02, thingtypename=null, attributes={installed=1593361211, latitude=32.8205865, longitude=-96.871627}, version=1, billinggroupname=null}","2020-11-26 00:00:00.000"
"iot-device-03","1.5946287700551672E9","49.3","70.88","false","false","0.0079","0.0051","0.021","2020-11-26T17:10:13.870+0000","{defaultclientid=iot-device-03, thingname=iot-device-03, thingid=877352b9-a35d-45d3-9c98-162d89965a13, thingarn=arn:aws:iot:us-east-1:507441099951:thing/iot-device-03, thingtypename=null, attributes={installed=1592562234, latitude=37.4133144, longitude=-122.1513069}, version=1, billinggroupname=null}","2020-11-26 00:00:00.000"
"iot-device-01","1.5946287711456726E9","74.5","67.1","false","false","0.0065","0.004","0.0172","2020-11-26T17:10:14.171+0000","{defaultclientid=iot-device-01, thingname=iot-device-01, thingid=983c2b68-f9a3-4e83-b3c6-9f6f8ad5431b, thingarn=arn:aws:iot:us-east-1:507441099951:thing/iot-device-01, thingtypename=null, attributes={installed=1594665292, latitude=37.4133144, longitude=-122.1513069}, version=1, billinggroupname=null}","2020-11-26 00:00:00.000"
"iot-device-02","1.5946287735923119E9","59.7","75.38","true","false","0.0075","0.0048","0.0199","2020-11-26T17:10:14.460+0000","{defaultclientid=iot-device-02, thingname=iot-device-02, thingid=4ae4927a-aefb-4584-a45a-fc4839feffd6, thingarn=arn:aws:iot:us-east-1:507441099951:thing/iot-device-02, thingtypename=null, attributes={installed=1593361211, latitude=32.8205865, longitude=-96.871627}, version=1, billinggroupname=null}","2020-11-26 00:00:00.000"
"iot-device-02","1.594628681230412E9","59.7","75.2","true","false","0.0075","0.0048","0.0199","2020-11-26T17:10:00.115+0000","{defaultclientid=iot-device-02, thingname=iot-device-02, thingid=4ae4927a-aefb-4584-a45a-fc4839feffd6, thingarn=arn:aws:iot:us-east-1:507441099951:thing/iot-device-02, thingtypename=null, attributes={installed=1593361211, latitude=32.8205865, longitude=-96.871627}, version=1, billinggroupname=null}","2020-11-26 00:00:00.000"
"iot-device-03","1.5946286816859796E9","49.7","71.24","false","false","0.0078","0.0051","0.0209","2020-11-26T17:10:00.402+0000","{defaultclientid=iot-device-03, thingname=iot-device-03, thingid=877352b9-a35d-45d3-9c98-162d89965a13, thingarn=arn:aws:iot:us-east-1:507441099951:thing/iot-device-03, thingtypename=null, attributes={installed=1592562234, latitude=37.4133144, longitude=-122.1513069}, version=1, billinggroupname=null}","2020-11-26 00:00:00.000"
"iot-device-01","1.5946286841933305E9","74.6","67.1","false","false","0.0065","0.0039","0.017","2020-11-26T17:10:00.692+0000","{defaultclientid=iot-device-01, thingname=iot-device-01, thingid=983c2b68-f9a3-4e83-b3c6-9f6f8ad5431b, thingarn=arn:aws:iot:us-east-1:507441099951:thing/iot-device-01, thingtypename=null, attributes={installed=1594665292, latitude=37.4133144, longitude=-122.1513069}, version=1, billinggroupname=null}","2020-11-26 00:00:00.000"
"iot-device-03","1.5946286853887696E9","49.6","71.06","false","false","0.0079","0.0052","0.0211","2020-11-26T17:10:00.974+0000","{defaultclientid=iot-device-03, thingname=iot-device-03, thingid=877352b9-a35d-45d3-9c98-162d89965a13, thingarn=arn:aws:iot:us-east-1:507441099951:thing/iot-device-03, thingtypename=null, attributes={installed=1592562234, latitude=37.4133144, longitude=-122.1513069}, version=1, billinggroupname=null}","2020-11-26 00:00:00.000"
"iot-device-03","1.594628689033574E9","49.6","71.06","false","false","0.0078","0.0051","0.0209","2020-11-26T17:10:01.257+0000","{defaultclientid=iot-device-03, thingname=iot-device-03, thingid=877352b9-a35d-45d3-9c98-162d89965a13, thingarn=arn:aws:iot:us-east-1:507441099951:thing/iot-device-03, thingtypename=null, attributes={installed=1592562234, latitude=37.4133144, longitude=-122.1513069}, version=1, billinggroupname=null}","2020-11-26 00:00:00.000"
"iot-device-01","1.594628690158816E9","74.7","67.1","false","false","0.0065","0.0039","0.017","2020-11-26T17:10:01.563+0000","{defaultclientid=iot-device-01, thingname=iot-device-01, thingid=983c2b68-f9a3-4e83-b3c6-9f6f8ad5431b, thingarn=arn:aws:iot:us-east-1:507441099951:thing/iot-device-01, thingtypename=null, attributes={installed=1594665292, latitude=37.4133144, longitude=-122.1513069}, version=1, billinggroupname=null}","2020-11-26 00:00:00.000"
"iot-device-03","1.5946286927382529E9","49.5","71.06","false","false","0.0079","0.0052","0.021","2020-11-26T17:10:01.864+0000","{defaultclientid=iot-device-03, thingname=iot-device-03, thingid=877352b9-a35d-45d3-9c98-162d89965a13, thingarn=arn:aws:iot:us-east-1:507441099951:thing/iot-device-03, thingtypename=null, attributes={installed=1592562234, latitude=37.4133144, longitude=-122.1513069}, version=1, billinggroupname=null}","2020-11-26 00:00:00.000"
"iot-device-02","1.5946286949265704E9","59.6","75.2","true","false","0.0075","0.0048","0.0199","2020-11-26T17:10:02.149+0000","{defaultclientid=iot-device-02, thingname=iot-device-02, thingid=4ae4927a-aefb-4584-a45a-fc4839feffd6, thingarn=arn:aws:iot:us-east-1:507441099951:thing/iot-device-02, thingtypename=null, attributes={installed=1593361211, latitude=32.8205865, longitude=-96.871627}, version=1, billinggroupname=null}","2020-11-26 00:00:00.000"
"iot-device-01","1.5946286966566956E9","74.7","67.1","false","false","0.0065","0.0039","0.017","2020-11-26T17:10:02.728+0000","{defaultclientid=iot-device-01, thingname=iot-device-01, thingid=983c2b68-f9a3-4e83-b3c6-9f6f8ad5431b, thingarn=arn:aws:iot:us-east-1:507441099951:thing/iot-device-01, thingtypename=null, attributes={installed=1594665292, latitude=37.4133144, longitude=-122.1513069}, version=1, billinggroupname=null}","2020-11-26 00:00:00.000"
"iot-device-03","1.5946286964257483E9","49.5","71.06","false","false","0.0078","0.0051","0.0209","2020-11-26T17:10:02.432+0000","{defaultclientid=iot-device-03, thingname=iot-device-03, thingid=877352b9-a35d-45d3-9c98-162d89965a13, thingarn=arn:aws:iot:us-east-1:507441099951:thing/iot-device-03, thingtypename=null, attributes={installed=1592562234, latitude=37.4133144, longitude=-122.1513069}, version=1, billinggroupname=null}","2020-11-26 00:00:00.000"
"iot-device-03","1.5946287185385892E9","49.4","71.06","false","false","0.0079","0.0051","0.021","2020-11-26T17:10:05.920+0000","{defaultclientid=iot-device-03, thingname=iot-device-03, thingid=877352b9-a35d-45d3-9c98-162d89965a13, thingarn=arn:aws:iot:us-east-1:507441099951:thing/iot-device-03, thingtypename=null, attributes={installed=1592562234, latitude=37.4133144, longitude=-122.1513069}, version=1, billinggroupname=null}","2020-11-26 00:00:00.000"
"iot-device-01","1.5946287200572212E9","74.7","67.1","false","false","0.0065","0.0039","0.017","2020-11-26T17:10:06.204+0000","{defaultclientid=iot-device-01, thingname=iot-device-01, thingid=983c2b68-f9a3-4e83-b3c6-9f6f8ad5431b, thingarn=arn:aws:iot:us-east-1:507441099951:thing/iot-device-01, thingtypename=null, attributes={installed=1594665292, latitude=37.4133144, longitude=-122.1513069}, version=1, billinggroupname=null}","2020-11-26 00:00:00.000"
"iot-device-03","1.5946287222244382E9","49.3","71.06","false","false","0.0078","0.0051","0.0209","2020-11-26T17:10:06.500+0000","{defaultclientid=iot-device-03, thingname=iot-device-03, thingid=877352b9-a35d-45d3-9c98-162d89965a13, thingarn=arn:aws:iot:us-east-1:507441099951:thing/iot-device-03, thingtypename=null, attributes={installed=1592562234, latitude=37.4133144, longitude=-122.1513069}, version=1, billinggroupname=null}","2020-11-26 00:00:00.000"
"iot-device-02","1.5946287237863715E9","59.5","75.2","true","false","0.0075","0.0048","0.0199","2020-11-26T17:10:06.789+0000","{defaultclientid=iot-device-02, thingname=iot-device-02, thingid=4ae4927a-aefb-4584-a45a-fc4839feffd6, thingarn=arn:aws:iot:us-east-1:507441099951:thing/iot-device-02, thingtypename=null, attributes={installed=1593361211, latitude=32.8205865, longitude=-96.871627}, version=1, billinggroupname=null}","2020-11-26 00:00:00.000"
"iot-device-01","1.594628723871427E9","75.1","67.1","false","false","0.0065","0.0039","0.017","2020-11-26T17:10:07.087+0000","{defaultclientid=iot-device-01, thingname=iot-device-01, thingid=983c2b68-f9a3-4e83-b3c6-9f6f8ad5431b, thingarn=arn:aws:iot:us-east-1:507441099951:thing/iot-device-01, thingtypename=null, attributes={installed=1594665292, latitude=37.4133144, longitude=-122.1513069}, version=1, billinggroupname=null}","2020-11-26 00:00:00.000"
"iot-device-03","1.594628725910248E9","49.2","70.88","false","false","0.0078","0.0051","0.0209","2020-11-26T17:10:07.379+0000","{defaultclientid=iot-device-03, thingname=iot-device-03, thingid=877352b9-a35d-45d3-9c98-162d89965a13, thingarn=arn:aws:iot:us-east-1:507441099951:thing/iot-device-03, thingtypename=null, attributes={installed=1592562234, latitude=37.4133144, longitude=-122.1513069}, version=1, billinggroupname=null}","2020-11-26 00:00:00.000"
"iot-device-02","1.5946287276107268E9","59.5","75.2","true","false","0.0073","0.0047","0.0195","2020-11-26T17:10:07.676+0000","{defaultclientid=iot-device-02, thingname=iot-device-02, thingid=4ae4927a-aefb-4584-a45a-fc4839feffd6, thingarn=arn:aws:iot:us-east-1:507441099951:thing/iot-device-02, thingtypename=null, attributes={installed=1593361211, latitude=32.8205865, longitude=-96.871627}, version=1, billinggroupname=null}","2020-11-26 00:00:00.000"
"iot-device-03","1.5946287295198402E9","49.2","70.88","false","false","0.0078","0.0051","0.021","2020-11-26T17:10:07.981+0000","{defaultclientid=iot-device-03, thingname=iot-device-03, thingid=877352b9-a35d-45d3-9c98-162d89965a13, thingarn=arn:aws:iot:us-east-1:507441099951:thing/iot-device-03, thingtypename=null, attributes={installed=1592562234, latitude=37.4133144, longitude=-122.1513069}, version=1, billinggroupname=null}","2020-11-26 00:00:00.000"
"iot-device-03","1.594628733205315E9","49.3","71.06","false","false","0.0078","0.0051","0.0209","2020-11-26T17:10:08.269+0000","{defaultclientid=iot-device-03, thingname=iot-device-03, thingid=877352b9-a35d-45d3-9c98-162d89965a13, thingarn=arn:aws:iot:us-east-1:507441099951:thing/iot-device-03, thingtypename=null, attributes={installed=1592562234, latitude=37.4133144, longitude=-122.1513069}, version=1, billinggroupname=null}","2020-11-26 00:00:00.000"
"iot-device-02","1.594628735704962E9","59.6","75.2","true","false","0.0074","0.0047","0.0197","2020-11-26T17:10:08.566+0000","{defaultclientid=iot-device-02, thingname=iot-device-02, thingid=4ae4927a-aefb-4584-a45a-fc4839feffd6, thingarn=arn:aws:iot:us-east-1:507441099951:thing/iot-device-02, thingtypename=null, attributes={installed=1593361211, latitude=32.8205865, longitude=-96.871627}, version=1, billinggroupname=null}","2020-11-26 00:00:00.000"
"iot-device-03","1.5946287368875904E9","49.3","71.06","false","false","0.0078","0.0051","0.0209","2020-11-26T17:10:08.944+0000","{defaultclientid=iot-device-03, thingname=iot-device-03, thingid=877352b9-a35d-45d3-9c98-162d89965a13, thingarn=arn:aws:iot:us-east-1:507441099951:thing/iot-device-03, thingtypename=null, attributes={installed=1592562234, latitude=37.4133144, longitude=-122.1513069}, version=1, billinggroupname=null}","2020-11-26 00:00:00.000"
"iot-device-03","1.5946287405698745E9","49.2","70.88","false","false","0.0078","0.0051","0.0209","2020-11-26T17:10:09.234+0000","{defaultclientid=iot-device-03, thingname=iot-device-03, thingid=877352b9-a35d-45d3-9c98-162d89965a13, thingarn=arn:aws:iot:us-east-1:507441099951:thing/iot-device-03, thingtypename=null, attributes={installed=1592562234, latitude=37.4133144, longitude=-122.1513069}, version=1, billinggroupname=null}","2020-11-26 00:00:00.000"
"iot-device-03","1.5946287442539446E9","49.2","70.88","false","false","0.0079","0.0051","0.021","2020-11-26T17:10:09.517+0000","{defaultclientid=iot-device-03, thingname=iot-device-03, thingid=877352b9-a35d-45d3-9c98-162d89965a13, thingarn=arn:aws:iot:us-east-1:507441099951:thing/iot-device-03, thingtypename=null, attributes={installed=1592562234, latitude=37.4133144, longitude=-122.1513069}, version=1, billinggroupname=null}","2020-11-26 00:00:00.000"
"iot-device-02","1.5946287464635394E9","59.6","75.2","true","false","0.0075","0.0048","0.0199","2020-11-26T17:10:09.815+0000","{defaultclientid=iot-device-02, thingname=iot-device-02, thingid=4ae4927a-aefb-4584-a45a-fc4839feffd6, thingarn=arn:aws:iot:us-east-1:507441099951:thing/iot-device-02, thingtypename=null, attributes={installed=1593361211, latitude=32.8205865, longitude=-96.871627}, version=1, billinggroupname=null}","2020-11-26 00:00:00.000"
"iot-device-03","1.5946287479395726E9","49.1","70.88","false","false","0.0078","0.0051","0.0209","2020-11-26T17:10:10.104+0000","{defaultclientid=iot-device-03, thingname=iot-device-03, thingid=877352b9-a35d-45d3-9c98-162d89965a13, thingarn=arn:aws:iot:us-east-1:507441099951:thing/iot-device-03, thingtypename=null, attributes={installed=1592562234, latitude=37.4133144, longitude=-122.1513069}, version=1, billinggroupname=null}","2020-11-26 00:00:00.000"
"iot-device-02","1.5946287508088949E9","59.6","75.2","true","false","0.0075","0.0048","0.02","2020-11-26T17:10:10.384+0000","{defaultclientid=iot-device-02, thingname=iot-device-02, thingid=4ae4927a-aefb-4584-a45a-fc4839feffd6, thingarn=arn:aws:iot:us-east-1:507441099951:thing/iot-device-02, thingtypename=null, attributes={installed=1593361211, latitude=32.8205865, longitude=-96.871627}, version=1, billinggroupname=null}","2020-11-26 00:00:00.000"
"iot-device-03","1.594628751625577E9","49.2","70.88","false","false","0.0078","0.0051","0.021","2020-11-26T17:10:10.676+0000","{defaultclientid=iot-device-03, thingname=iot-device-03, thingid=877352b9-a35d-45d3-9c98-162d89965a13, thingarn=arn:aws:iot:us-east-1:507441099951:thing/iot-device-03, thingtypename=null, attributes={installed=1592562234, latitude=37.4133144, longitude=-122.1513069}, version=1, billinggroupname=null}","2020-11-26 00:00:00.000"
"iot-device-01","1.594628753191616E9","74.4","67.1","false","false","0.0065","0.004","0.0172","2020-11-26T17:10:10.956+0000","{defaultclientid=iot-device-01, thingname=iot-device-01, thingid=983c2b68-f9a3-4e83-b3c6-9f6f8ad5431b, thingarn=arn:aws:iot:us-east-1:507441099951:thing/iot-device-01, thingtypename=null, attributes={installed=1594665292, latitude=37.4133144, longitude=-122.1513069}, version=1, billinggroupname=null}","2020-11-26 00:00:00.000"
"iot-device-02","1.5946287551513405E9","59.6","75.2","true","false","0.0075","0.0048","0.02","2020-11-26T17:10:11.241+0000","{defaultclientid=iot-device-02, thingname=iot-device-02, thingid=4ae4927a-aefb-4584-a45a-fc4839feffd6, thingarn=arn:aws:iot:us-east-1:507441099951:thing/iot-device-02, thingtypename=null, attributes={installed=1593361211, latitude=32.8205865, longitude=-96.871627}, version=1, billinggroupname=null}","2020-11-26 00:00:00.000"
"iot-device-03","1.5946287553113794E9","49.2","71.06","false","false","0.0078","0.0051","0.021","2020-11-26T17:10:11.526+0000","{defaultclientid=iot-device-03, thingname=iot-device-03, thingid=877352b9-a35d-45d3-9c98-162d89965a13, thingarn=arn:aws:iot:us-east-1:507441099951:thing/iot-device-03, thingtypename=null, attributes={installed=1592562234, latitude=37.4133144, longitude=-122.1513069}, version=1, billinggroupname=null}","2020-11-26 00:00:00.000"
"iot-device-03","1.5946288105924225E9","49.1","70.88","false","false","0.0078","0.0051","0.0209","2020-11-26T17:10:20.621+0000","{defaultclientid=iot-device-03, thingname=iot-device-03, thingid=877352b9-a35d-45d3-9c98-162d89965a13, thingarn=arn:aws:iot:us-east-1:507441099951:thing/iot-device-03, thingtypename=null, attributes={installed=1592562234, latitude=37.4133144, longitude=-122.1513069}, version=1, billinggroupname=null}","2020-11-26 00:00:00.000"
"iot-device-01","1.5946288112636828E9","74.6","67.1","false","false","0.0066","0.004","0.0173","2020-11-26T17:10:20.917+0000","{defaultclientid=iot-device-01, thingname=iot-device-01, thingid=983c2b68-f9a3-4e83-b3c6-9f6f8ad5431b, thingarn=arn:aws:iot:us-east-1:507441099951:thing/iot-device-01, thingtypename=null, attributes={installed=1594665292, latitude=37.4133144, longitude=-122.1513069}, version=1, billinggroupname=null}","2020-11-26 00:00:00.000"
"iot-device-02","1.5946288130220854E9","59.6","75.2","true","false","0.0073","0.0046","0.0194","2020-11-26T17:10:21.214+0000","{defaultclientid=iot-device-02, thingname=iot-device-02, thingid=4ae4927a-aefb-4584-a45a-fc4839feffd6, thingarn=arn:aws:iot:us-east-1:507441099951:thing/iot-device-02, thingtypename=null, attributes={installed=1593361211, latitude=32.8205865, longitude=-96.871627}, version=1, billinggroupname=null}","2020-11-26 00:00:00.000"
"iot-device-03","1.5946288142783954E9","49.0","70.88","false","false","0.0078","0.0051","0.021","2020-11-26T17:10:21.531+0000","{defaultclientid=iot-device-03, thingname=iot-device-03, thingid=877352b9-a35d-45d3-9c98-162d89965a13, thingarn=arn:aws:iot:us-east-1:507441099951:thing/iot-device-03, thingtypename=null, attributes={installed=1592562234, latitude=37.4133144, longitude=-122.1513069}, version=1, billinggroupname=null}","2020-11-26 00:00:00.000"
"iot-device-01","1.5946288150799925E9","74.5","67.1","false","false","0.0065","0.0039","0.017","2020-11-26T17:10:21.831+0000","{defaultclientid=iot-device-01, thingname=iot-device-01, thingid=983c2b68-f9a3-4e83-b3c6-9f6f8ad5431b, thingarn=arn:aws:iot:us-east-1:507441099951:thing/iot-device-01, thingtypename=null, attributes={installed=1594665292, latitude=37.4133144, longitude=-122.1513069}, version=1, billinggroupname=null}","2020-11-26 00:00:00.000"
"iot-device-02","1.5946288173643105E9","59.6","75.2","true","false","0.0074","0.0047","0.0196","2020-11-26T17:10:22.133+0000","{defaultclientid=iot-device-02, thingname=iot-device-02, thingid=4ae4927a-aefb-4584-a45a-fc4839feffd6, thingarn=arn:aws:iot:us-east-1:507441099951:thing/iot-device-02, thingtypename=null, attributes={installed=1593361211, latitude=32.8205865, longitude=-96.871627}, version=1, billinggroupname=null}","2020-11-26 00:00:00.000"
"iot-device-03","1.594628817963371E9","49.0","70.88","false","false","0.0078","0.0051","0.0209","2020-11-26T17:10:22.425+0000","{defaultclientid=iot-device-03, thingname=iot-device-03, thingid=877352b9-a35d-45d3-9c98-162d89965a13, thingarn=arn:aws:iot:us-east-1:507441099951:thing/iot-device-03, thingtypename=null, attributes={installed=1592562234, latitude=37.4133144, longitude=-122.1513069}, version=1, billinggroupname=null}","2020-11-26 00:00:00.000"
"iot-device-01","1.5946288216025732E9","74.5","66.92","false","false","0.0066","0.004","0.0173","2020-11-26T17:10:22.725+0000","{defaultclientid=iot-device-01, thingname=iot-device-01, thingid=983c2b68-f9a3-4e83-b3c6-9f6f8ad5431b, thingarn=arn:aws:iot:us-east-1:507441099951:thing/iot-device-01, thingtypename=null, attributes={installed=1594665292, latitude=37.4133144, longitude=-122.1513069}, version=1, billinggroupname=null}","2020-11-26 00:00:00.000"
"iot-device-03","1.5946288216501439E9","49.0","70.88","false","false","0.0078","0.0051","0.0209","2020-11-26T17:10:23.020+0000","{defaultclientid=iot-device-03, thingname=iot-device-03, thingid=877352b9-a35d-45d3-9c98-162d89965a13, thingarn=arn:aws:iot:us-east-1:507441099951:thing/iot-device-03, thingtypename=null, attributes={installed=1592562234, latitude=37.4133144, longitude=-122.1513069}, version=1, billinggroupname=null}","2020-11-26 00:00:00.000"
"iot-device-02","1.5946288243812342E9","59.6","75.2","true","false","0.0074","0.0047","0.0196","2020-11-26T17:10:23.322+0000","{defaultclientid=iot-device-02, thingname=iot-device-02, thingid=4ae4927a-aefb-4584-a45a-fc4839feffd6, thingarn=arn:aws:iot:us-east-1:507441099951:thing/iot-device-02, thingtypename=null, attributes={installed=1593361211, latitude=32.8205865, longitude=-96.871627}, version=1, billinggroupname=null}","2020-11-26 00:00:00.000"
"iot-device-03","1.5946288437741013E9","49.0","70.7","false","false","0.0079","0.0051","0.021","2020-11-26T17:10:26.561+0000","{defaultclientid=iot-device-03, thingname=iot-device-03, thingid=877352b9-a35d-45d3-9c98-162d89965a13, thingarn=arn:aws:iot:us-east-1:507441099951:thing/iot-device-03, thingtypename=null, attributes={installed=1592562234, latitude=37.4133144, longitude=-122.1513069}, version=1, billinggroupname=null}","2020-11-26 00:00:00.000"
"iot-device-02","1.5946288466989894E9","59.6","75.2","true","false","0.0075","0.0049","0.0201","2020-11-26T17:10:26.862+0000","{defaultclientid=iot-device-02, thingname=iot-device-02, thingid=4ae4927a-aefb-4584-a45a-fc4839feffd6, thingarn=arn:aws:iot:us-east-1:507441099951:thing/iot-device-02, thingtypename=null, attributes={installed=1593361211, latitude=32.8205865, longitude=-96.871627}, version=1, billinggroupname=null}","2020-11-26 00:00:00.000"
"iot-device-01","1.5946288471511586E9","74.5","66.92","false","false","0.0065","0.004","0.0172","2020-11-26T17:10:27.161+0000","{defaultclientid=iot-device-01, thingname=iot-device-01, thingid=983c2b68-f9a3-4e83-b3c6-9f6f8ad5431b, thingarn=arn:aws:iot:us-east-1:507441099951:thing/iot-device-01, thingtypename=null, attributes={installed=1594665292, latitude=37.4133144, longitude=-122.1513069}, version=1, billinggroupname=null}","2020-11-26 00:00:00.000"
"iot-device-03","1.5946288474619188E9","49.0","70.7","false","false","0.0078","0.0051","0.021","2020-11-26T17:10:27.460+0000","{defaultclientid=iot-device-03, thingname=iot-device-03, thingid=877352b9-a35d-45d3-9c98-162d89965a13, thingarn=arn:aws:iot:us-east-1:507441099951:thing/iot-device-03, thingtypename=null, attributes={installed=1592562234, latitude=37.4133144, longitude=-122.1513069}, version=1, billinggroupname=null}","2020-11-26 00:00:00.000"
"iot-device-03","1.5946288511495442E9","49.1","70.7","false","false","0.0078","0.0051","0.0209","2020-11-26T17:10:27.757+0000","{defaultclientid=iot-device-03, thingname=iot-device-03, thingid=877352b9-a35d-45d3-9c98-162d89965a13, thingarn=arn:aws:iot:us-east-1:507441099951:thing/iot-device-03, thingtypename=null, attributes={installed=1592562234, latitude=37.4133144, longitude=-122.1513069}, version=1, billinggroupname=null}","2020-11-26 00:00:00.000"
"iot-device-01","1.594628852047656E9","74.4","66.92","false","false","0.0065","0.0039","0.017","2020-11-26T17:10:28.062+0000","{defaultclientid=iot-device-01, thingname=iot-device-01, thingid=983c2b68-f9a3-4e83-b3c6-9f6f8ad5431b, thingarn=arn:aws:iot:us-east-1:507441099951:thing/iot-device-01, thingtypename=null, attributes={installed=1594665292, latitude=37.4133144, longitude=-122.1513069}, version=1, billinggroupname=null}","2020-11-26 00:00:00.000"
"iot-device-03","1.5946288548369894E9","49.2","70.7","false","false","0.0078","0.0051","0.0209","2020-11-26T17:10:28.361+0000","{defaultclientid=iot-device-03, thingname=iot-device-03, thingid=877352b9-a35d-45d3-9c98-162d89965a13, thingarn=arn:aws:iot:us-east-1:507441099951:thing/iot-device-03, thingtypename=null, attributes={installed=1592562234, latitude=37.4133144, longitude=-122.1513069}, version=1, billinggroupname=null}","2020-11-26 00:00:00.000"
"iot-device-02","1.5946288553182766E9","59.6","75.2","true","false","0.0074","0.0048","0.0198","2020-11-26T17:10:28.645+0000","{defaultclientid=iot-device-02, thingname=iot-device-02, thingid=4ae4927a-aefb-4584-a45a-fc4839feffd6, thingarn=arn:aws:iot:us-east-1:507441099951:thing/iot-device-02, thingtypename=null, attributes={installed=1593361211, latitude=32.8205865, longitude=-96.871627}, version=1, billinggroupname=null}","2020-11-26 00:00:00.000"
"iot-device-03","1.5946288585250866E9","49.1","70.7","false","false","0.0078","0.0051","0.0209","2020-11-26T17:10:28.931+0000","{defaultclientid=iot-device-03, thingname=iot-device-03, thingid=877352b9-a35d-45d3-9c98-162d89965a13, thingarn=arn:aws:iot:us-east-1:507441099951:thing/iot-device-03, thingtypename=null, attributes={installed=1592562234, latitude=37.4133144, longitude=-122.1513069}, version=1, billinggroupname=null}","2020-11-26 00:00:00.000"
"iot-device-01","1.5946288585482063E9","74.4","66.92","false","false","0.0066","0.0041","0.0175","2020-11-26T17:10:29.210+0000","{defaultclientid=iot-device-01, thingname=iot-device-01, thingid=983c2b68-f9a3-4e83-b3c6-9f6f8ad5431b, thingarn=arn:aws:iot:us-east-1:507441099951:thing/iot-device-01, thingtypename=null, attributes={installed=1594665292, latitude=37.4133144, longitude=-122.1513069}, version=1, billinggroupname=null}","2020-11-26 00:00:00.000"
"iot-device-02","1.5946287941077242E9","59.6","75.2","true","false","0.0074","0.0047","0.0197","2020-11-26T17:10:17.701+0000","{defaultclientid=iot-device-02, thingname=iot-device-02, thingid=4ae4927a-aefb-4584-a45a-fc4839feffd6, thingarn=arn:aws:iot:us-east-1:507441099951:thing/iot-device-02, thingtypename=null, attributes={installed=1593361211, latitude=32.8205865, longitude=-96.871627}, version=1, billinggroupname=null}","2020-11-26 00:00:00.000"
"iot-device-01","1.5946287944309762E9","74.5","67.1","false","false","0.0065","0.004","0.0172","2020-11-26T17:10:18.002+0000","{defaultclientid=iot-device-01, thingname=iot-device-01, thingid=983c2b68-f9a3-4e83-b3c6-9f6f8ad5431b, thingarn=arn:aws:iot:us-east-1:507441099951:thing/iot-device-01, thingtypename=null, attributes={installed=1594665292, latitude=37.4133144, longitude=-122.1513069}, version=1, billinggroupname=null}","2020-11-26 00:00:00.000"
"iot-device-03","1.5946287958562589E9","49.1","70.88","false","false","0.0079","0.0052","0.0211","2020-11-26T17:10:18.300+0000","{defaultclientid=iot-device-03, thingname=iot-device-03, thingid=877352b9-a35d-45d3-9c98-162d89965a13, thingarn=arn:aws:iot:us-east-1:507441099951:thing/iot-device-03, thingtypename=null, attributes={installed=1592562234, latitude=37.4133144, longitude=-122.1513069}, version=1, billinggroupname=null}","2020-11-26 00:00:00.000"
"iot-device-02","1.594628797913991E9","59.6","75.2","true","false","0.0073","0.0046","0.0194","2020-11-26T17:10:18.599+0000","{defaultclientid=iot-device-02, thingname=iot-device-02, thingid=4ae4927a-aefb-4584-a45a-fc4839feffd6, thingarn=arn:aws:iot:us-east-1:507441099951:thing/iot-device-02, thingtypename=null, attributes={installed=1593361211, latitude=32.8205865, longitude=-96.871627}, version=1, billinggroupname=null}","2020-11-26 00:00:00.000"
"iot-device-03","1.594628799542174E9","49.1","70.88","false","false","0.0078","0.0051","0.021","2020-11-26T17:10:18.891+0000","{defaultclientid=iot-device-03, thingname=iot-device-03, thingid=877352b9-a35d-45d3-9c98-162d89965a13, thingarn=arn:aws:iot:us-east-1:507441099951:thing/iot-device-03, thingtypename=null, attributes={installed=1592562234, latitude=37.4133144, longitude=-122.1513069}, version=1, billinggroupname=null}","2020-11-26 00:00:00.000"
"iot-device-01","1.5946287998643715E9","74.4","67.1","false","false","0.0065","0.0039","0.017","2020-11-26T17:10:19.190+0000","{defaultclientid=iot-device-01, thingname=iot-device-01, thingid=983c2b68-f9a3-4e83-b3c6-9f6f8ad5431b, thingarn=arn:aws:iot:us-east-1:507441099951:thing/iot-device-01, thingtypename=null, attributes={installed=1594665292, latitude=37.4133144, longitude=-122.1513069}, version=1, billinggroupname=null}","2020-11-26 00:00:00.000"
"iot-device-03","1.5946288032206855E9","49.1","70.88","false","false","0.0078","0.0051","0.0209","2020-11-26T17:10:19.483+0000","{defaultclientid=iot-device-03, thingname=iot-device-03, thingid=877352b9-a35d-45d3-9c98-162d89965a13, thingarn=arn:aws:iot:us-east-1:507441099951:thing/iot-device-03, thingtypename=null, attributes={installed=1592562234, latitude=37.4133144, longitude=-122.1513069}, version=1, billinggroupname=null}","2020-11-26 00:00:00.000"
"iot-device-02","1.5946288033258462E9","59.7","75.2","true","false","0.0072","0.0046","0.0192","2020-11-26T17:10:19.768+0000","{defaultclientid=iot-device-02, thingname=iot-device-02, thingid=4ae4927a-aefb-4584-a45a-fc4839feffd6, thingarn=arn:aws:iot:us-east-1:507441099951:thing/iot-device-02, thingtypename=null, attributes={installed=1593361211, latitude=32.8205865, longitude=-96.871627}, version=1, billinggroupname=null}","2020-11-26 00:00:00.000"
"iot-device-01","1.5946288052901485E9","74.3","67.1","false","false","0.0065","0.0039","0.017","2020-11-26T17:10:20.051+0000","{defaultclientid=iot-device-01, thingname=iot-device-01, thingid=983c2b68-f9a3-4e83-b3c6-9f6f8ad5431b, thingarn=arn:aws:iot:us-east-1:507441099951:thing/iot-device-01, thingtypename=null, attributes={installed=1594665292, latitude=37.4133144, longitude=-122.1513069}, version=1, billinggroupname=null}","2020-11-26 00:00:00.000"
"iot-device-03","1.5946288069066381E9","49.1","70.7","false","false","0.0079","0.0051","0.021","2020-11-26T17:10:20.331+0000","{defaultclientid=iot-device-03, thingname=iot-device-03, thingid=877352b9-a35d-45d3-9c98-162d89965a13, thingarn=arn:aws:iot:us-east-1:507441099951:thing/iot-device-03, thingtypename=null, attributes={installed=1592562234, latitude=37.4133144, longitude=-122.1513069}, version=1, billinggroupname=null}","2020-11-26 00:00:00.000"
"iot-device-03","1.5946288253365705E9","49.0","70.7","false","false","0.0079","0.0052","0.0211","2020-11-26T17:10:23.612+0000","{defaultclientid=iot-device-03, thingname=iot-device-03, thingid=877352b9-a35d-45d3-9c98-162d89965a13, thingarn=arn:aws:iot:us-east-1:507441099951:thing/iot-device-03, thingtypename=null, attributes={installed=1592562234, latitude=37.4133144, longitude=-122.1513069}, version=1, billinggroupname=null}","2020-11-26 00:00:00.000"
"iot-device-01","1.5946288281062627E9","74.4","66.92","false","false","0.0065","0.004","0.0172","2020-11-26T17:10:23.913+0000","{defaultclientid=iot-device-01, thingname=iot-device-01, thingid=983c2b68-f9a3-4e83-b3c6-9f6f8ad5431b, thingarn=arn:aws:iot:us-east-1:507441099951:thing/iot-device-01, thingtypename=null, attributes={installed=1594665292, latitude=37.4133144, longitude=-122.1513069}, version=1, billinggroupname=null}","2020-11-26 00:00:00.000"
"iot-device-03","1.594628829022527E9","49.0","70.88","false","false","0.0079","0.0051","0.021","2020-11-26T17:10:24.212+0000","{defaultclientid=iot-device-03, thingname=iot-device-03, thingid=877352b9-a35d-45d3-9c98-162d89965a13, thingarn=arn:aws:iot:us-east-1:507441099951:thing/iot-device-03, thingtypename=null, attributes={installed=1592562234, latitude=37.4133144, longitude=-122.1513069}, version=1, billinggroupname=null}","2020-11-26 00:00:00.000"
"iot-device-02","1.594628832465752E9","59.6","75.2","true","false","0.0074","0.0047","0.0196","2020-11-26T17:10:24.507+0000","{defaultclientid=iot-device-02, thingname=iot-device-02, thingid=4ae4927a-aefb-4584-a45a-fc4839feffd6, thingarn=arn:aws:iot:us-east-1:507441099951:thing/iot-device-02, thingtypename=null, attributes={installed=1593361211, latitude=32.8205865, longitude=-96.871627}, version=1, billinggroupname=null}","2020-11-26 00:00:00.000"
"iot-device-03","1.5946288327099967E9","49.0","70.7","false","false","0.0078","0.0051","0.0209","2020-11-26T17:10:24.801+0000","{defaultclientid=iot-device-03, thingname=iot-device-03, thingid=877352b9-a35d-45d3-9c98-162d89965a13, thingarn=arn:aws:iot:us-east-1:507441099951:thing/iot-device-03, thingtypename=null, attributes={installed=1592562234, latitude=37.4133144, longitude=-122.1513069}, version=1, billinggroupname=null}","2020-11-26 00:00:00.000"
"iot-device-01","1.59462883355566E9","74.4","66.92","false","false","0.0065","0.0039","0.017","2020-11-26T17:10:25.088+0000","{defaultclientid=iot-device-01, thingname=iot-device-01, thingid=983c2b68-f9a3-4e83-b3c6-9f6f8ad5431b, thingarn=arn:aws:iot:us-east-1:507441099951:thing/iot-device-01, thingtypename=null, attributes={installed=1594665292, latitude=37.4133144, longitude=-122.1513069}, version=1, billinggroupname=null}","2020-11-26 00:00:00.000"
"iot-device-03","1.5946288363975153E9","49.0","70.7","false","false","0.0079","0.0051","0.021","2020-11-26T17:10:25.383+0000","{defaultclientid=iot-device-03, thingname=iot-device-03, thingid=877352b9-a35d-45d3-9c98-162d89965a13, thingarn=arn:aws:iot:us-east-1:507441099951:thing/iot-device-03, thingtypename=null, attributes={installed=1592562234, latitude=37.4133144, longitude=-122.1513069}, version=1, billinggroupname=null}","2020-11-26 00:00:00.000"
"iot-device-01","1.5946288379115648E9","74.5","67.1","false","false","0.0065","0.0039","0.017","2020-11-26T17:10:25.690+0000","{defaultclientid=iot-device-01, thingname=iot-device-01, thingid=983c2b68-f9a3-4e83-b3c6-9f6f8ad5431b, thingarn=arn:aws:iot:us-east-1:507441099951:thing/iot-device-01, thingtypename=null, attributes={installed=1594665292, latitude=37.4133144, longitude=-122.1513069}, version=1, billinggroupname=null}","2020-11-26 00:00:00.000"
"iot-device-03","1.5946288400852735E9","49.0","70.7","false","false","0.0078","0.0051","0.0209","2020-11-26T17:10:25.979+0000","{defaultclientid=iot-device-03, thingname=iot-device-03, thingid=877352b9-a35d-45d3-9c98-162d89965a13, thingarn=arn:aws:iot:us-east-1:507441099951:thing/iot-device-03, thingtypename=null, attributes={installed=1592562234, latitude=37.4133144, longitude=-122.1513069}, version=1, billinggroupname=null}","2020-11-26 00:00:00.000"
"iot-device-01","1.5946288433383396E9","74.5","66.92","false","false","0.0065","0.004","0.0172","2020-11-26T17:10:26.269+0000","{defaultclientid=iot-device-01, thingname=iot-device-01, thingid=983c2b68-f9a3-4e83-b3c6-9f6f8ad5431b, thingarn=arn:aws:iot:us-east-1:507441099951:thing/iot-device-01, thingtypename=null, attributes={installed=1594665292, latitude=37.4133144, longitude=-122.1513069}, version=1, billinggroupname=null}","2020-11-26 00:00:00.000"
"iot-device-03","1.5946287737411625E9","49.2","70.88","false","false","0.0078","0.0051","0.0209","2020-11-26T17:10:14.754+0000","{defaultclientid=iot-device-03, thingname=iot-device-03, thingid=877352b9-a35d-45d3-9c98-162d89965a13, thingarn=arn:aws:iot:us-east-1:507441099951:thing/iot-device-03, thingtypename=null, attributes={installed=1592562234, latitude=37.4133144, longitude=-122.1513069}, version=1, billinggroupname=null}","2020-11-26 00:00:00.000"
"iot-device-03","1.594628777427058E9","49.2","70.88","false","false","0.0078","0.0051","0.0209","2020-11-26T17:10:15.039+0000","{defaultclientid=iot-device-03, thingname=iot-device-03, thingid=877352b9-a35d-45d3-9c98-162d89965a13, thingarn=arn:aws:iot:us-east-1:507441099951:thing/iot-device-03, thingtypename=null, attributes={installed=1592562234, latitude=37.4133144, longitude=-122.1513069}, version=1, billinggroupname=null}","2020-11-26 00:00:00.000"
"iot-device-02","1.5946287800741346E9","59.6","75.2","true","false","0.0074","0.0047","0.0197","2020-11-26T17:10:15.330+0000","{defaultclientid=iot-device-02, thingname=iot-device-02, thingid=4ae4927a-aefb-4584-a45a-fc4839feffd6, thingarn=arn:aws:iot:us-east-1:507441099951:thing/iot-device-02, thingtypename=null, attributes={installed=1593361211, latitude=32.8205865, longitude=-96.871627}, version=1, billinggroupname=null}","2020-11-26 00:00:00.000"
"iot-device-03","1.5946287811129253E9","49.2","70.88","false","false","0.0078","0.0051","0.0209","2020-11-26T17:10:15.630+0000","{defaultclientid=iot-device-03, thingname=iot-device-03, thingid=877352b9-a35d-45d3-9c98-162d89965a13, thingarn=arn:aws:iot:us-east-1:507441099951:thing/iot-device-03, thingtypename=null, attributes={installed=1592562234, latitude=37.4133144, longitude=-122.1513069}, version=1, billinggroupname=null}","2020-11-26 00:00:00.000"
"iot-device-01","1.5946287825022445E9","74.5","67.1","false","false","0.0066","0.004","0.0173","2020-11-26T17:10:15.924+0000","{defaultclientid=iot-device-01, thingname=iot-device-01, thingid=983c2b68-f9a3-4e83-b3c6-9f6f8ad5431b, thingarn=arn:aws:iot:us-east-1:507441099951:thing/iot-device-01, thingtypename=null, attributes={installed=1594665292, latitude=37.4133144, longitude=-122.1513069}, version=1, billinggroupname=null}","2020-11-26 00:00:00.000"
"iot-device-03","1.594628784798984E9","49.2","70.88","false","false","0.0078","0.0051","0.0208","2020-11-26T17:10:16.208+0000","{defaultclientid=iot-device-03, thingname=iot-device-03, thingid=877352b9-a35d-45d3-9c98-162d89965a13, thingarn=arn:aws:iot:us-east-1:507441099951:thing/iot-device-03, thingtypename=null, attributes={installed=1592562234, latitude=37.4133144, longitude=-122.1513069}, version=1, billinggroupname=null}","2020-11-26 00:00:00.000"
"iot-device-02","1.5946287865563705E9","59.6","75.2","true","false","0.0075","0.0048","0.0199","2020-11-26T17:10:16.497+0000","{defaultclientid=iot-device-02, thingname=iot-device-02, thingid=4ae4927a-aefb-4584-a45a-fc4839feffd6, thingarn=arn:aws:iot:us-east-1:507441099951:thing/iot-device-02, thingtypename=null, attributes={installed=1593361211, latitude=32.8205865, longitude=-96.871627}, version=1, billinggroupname=null}","2020-11-26 00:00:00.000"
"iot-device-03","1.5946287884840705E9","49.1","70.88","false","false","0.0078","0.0051","0.0209","2020-11-26T17:10:16.821+0000","{defaultclientid=iot-device-03, thingname=iot-device-03, thingid=877352b9-a35d-45d3-9c98-162d89965a13, thingarn=arn:aws:iot:us-east-1:507441099951:thing/iot-device-03, thingtypename=null, attributes={installed=1592562234, latitude=37.4133144, longitude=-122.1513069}, version=1, billinggroupname=null}","2020-11-26 00:00:00.000"
"iot-device-01","1.5946287906183422E9","74.5","67.1","false","false","0.0066","0.0041","0.0175","2020-11-26T17:10:17.123+0000","{defaultclientid=iot-device-01, thingname=iot-device-01, thingid=983c2b68-f9a3-4e83-b3c6-9f6f8ad5431b, thingarn=arn:aws:iot:us-east-1:507441099951:thing/iot-device-01, thingtypename=null, attributes={installed=1594665292, latitude=37.4133144, longitude=-122.1513069}, version=1, billinggroupname=null}","2020-11-26 00:00:00.000"
"iot-device-03","1.5946287921701634E9","49.0","70.88","false","false","0.0078","0.0051","0.0209","2020-11-26T17:10:17.415+0000","{defaultclientid=iot-device-03, thingname=iot-device-03, thingid=877352b9-a35d-45d3-9c98-162d89965a13, thingarn=arn:aws:iot:us-east-1:507441099951:thing/iot-device-03, thingtypename=null, attributes={installed=1592562234, latitude=37.4133144, longitude=-122.1513069}, version=1, billinggroupname=null}","2020-11-26 00:00:00.000"
"iot-device-03","1.5946028454571958E9","51.3","71.42","false","false","0.0081","0.0053","0.0216","2020-11-26T16:56:49.473+0000","{defaultclientid=iot-device-03, thingname=iot-device-03, thingid=877352b9-a35d-45d3-9c98-162d89965a13, thingarn=arn:aws:iot:us-east-1:507441099951:thing/iot-device-03, thingtypename=null, attributes={installed=1592562234, latitude=37.4133144, longitude=-122.1513069}, version=1, billinggroupname=null}","2020-11-26 00:00:00.000"
"iot-device-01","1.59460284554345E9","74.5","66.02","false","false","0.0112","0.0084","0.0308","2020-11-26T16:56:49.793+0000","{defaultclientid=iot-device-01, thingname=iot-device-01, thingid=983c2b68-f9a3-4e83-b3c6-9f6f8ad5431b, thingarn=arn:aws:iot:us-east-1:507441099951:thing/iot-device-01, thingtypename=null, attributes={installed=1594665292, latitude=37.4133144, longitude=-122.1513069}, version=1, billinggroupname=null}","2020-11-26 00:00:00.000"
"iot-device-03","1.5946028491445982E9","51.3","71.42","false","false","0.008","0.0053","0.0215","2020-11-26T16:56:50.106+0000","{defaultclientid=iot-device-03, thingname=iot-device-03, thingid=877352b9-a35d-45d3-9c98-162d89965a13, thingarn=arn:aws:iot:us-east-1:507441099951:thing/iot-device-03, thingtypename=null, attributes={installed=1592562234, latitude=37.4133144, longitude=-122.1513069}, version=1, billinggroupname=null}","2020-11-26 00:00:00.000"
"iot-device-02","1.5946028497024248E9","60.8","78.8","true","false","0.0074","0.0047","0.0197","2020-11-26T16:56:50.420+0000","{defaultclientid=iot-device-02, thingname=iot-device-02, thingid=4ae4927a-aefb-4584-a45a-fc4839feffd6, thingarn=arn:aws:iot:us-east-1:507441099951:thing/iot-device-02, thingtypename=null, attributes={installed=1593361211, latitude=32.8205865, longitude=-96.871627}, version=1, billinggroupname=null}","2020-11-26 00:00:00.000"
"iot-device-01","1.5946028520871606E9","74.5","66.02","false","false","0.0112","0.0084","0.0308","2020-11-26T16:56:50.731+0000","{defaultclientid=iot-device-01, thingname=iot-device-01, thingid=983c2b68-f9a3-4e83-b3c6-9f6f8ad5431b, thingarn=arn:aws:iot:us-east-1:507441099951:thing/iot-device-01, thingtypename=null, attributes={installed=1594665292, latitude=37.4133144, longitude=-122.1513069}, version=1, billinggroupname=null}","2020-11-26 00:00:00.000"
"iot-device-03","1.5946028528294735E9","51.3","71.42","false","false","0.0081","0.0054","0.0217","2020-11-26T16:56:51.052+0000","{defaultclientid=iot-device-03, thingname=iot-device-03, thingid=877352b9-a35d-45d3-9c98-162d89965a13, thingarn=arn:aws:iot:us-east-1:507441099951:thing/iot-device-03, thingtypename=null, attributes={installed=1592562234, latitude=37.4133144, longitude=-122.1513069}, version=1, billinggroupname=null}","2020-11-26 00:00:00.000"
"iot-device-01","1.5946028559065578E9","74.4","66.02","false","false","0.0112","0.0084","0.0308","2020-11-26T16:56:51.360+0000","{defaultclientid=iot-device-01, thingname=iot-device-01, thingid=983c2b68-f9a3-4e83-b3c6-9f6f8ad5431b, thingarn=arn:aws:iot:us-east-1:507441099951:thing/iot-device-01, thingtypename=null, attributes={installed=1594665292, latitude=37.4133144, longitude=-122.1513069}, version=1, billinggroupname=null}","2020-11-26 00:00:00.000"
"iot-device-02","1.594602856178198E9","60.7","78.8","true","false","0.0073","0.0047","0.0195","2020-11-26T16:56:51.681+0000","{defaultclientid=iot-device-02, thingname=iot-device-02, thingid=4ae4927a-aefb-4584-a45a-fc4839feffd6, thingarn=arn:aws:iot:us-east-1:507441099951:thing/iot-device-02, thingtypename=null, attributes={installed=1593361211, latitude=32.8205865, longitude=-96.871627}, version=1, billinggroupname=null}","2020-11-26 00:00:00.000"
"iot-device-03","1.5946028565155196E9","51.3","71.42","false","false","0.0081","0.0053","0.0216","2020-11-26T16:56:52.011+0000","{defaultclientid=iot-device-03, thingname=iot-device-03, thingid=877352b9-a35d-45d3-9c98-162d89965a13, thingarn=arn:aws:iot:us-east-1:507441099951:thing/iot-device-03, thingtypename=null, attributes={installed=1592562234, latitude=37.4133144, longitude=-122.1513069}, version=1, billinggroupname=null}","2020-11-26 00:00:00.000"
"iot-device-03","1.59460286020147E9","51.4","71.42","false","false","0.0081","0.0053","0.0216","2020-11-26T16:56:52.334+0000","{defaultclientid=iot-device-03, thingname=iot-device-03, thingid=877352b9-a35d-45d3-9c98-162d89965a13, thingarn=arn:aws:iot:us-east-1:507441099951:thing/iot-device-03, thingtypename=null, attributes={installed=1592562234, latitude=37.4133144, longitude=-122.1513069}, version=1, billinggroupname=null}","2020-11-26 00:00:00.000"
"iot-device-01","1.5946027463860853E9","74.5","65.84","false","false","0.0112","0.0084","0.0308","2020-11-26T16:56:29.951+0000","{defaultclientid=iot-device-01, thingname=iot-device-01, thingid=983c2b68-f9a3-4e83-b3c6-9f6f8ad5431b, thingarn=arn:aws:iot:us-east-1:507441099951:thing/iot-device-01, thingtypename=null, attributes={installed=1594665292, latitude=37.4133144, longitude=-122.1513069}, version=1, billinggroupname=null}","2020-11-26 00:00:00.000"
"iot-device-03","1.5946027496116E9","51.6","71.24","false","false","0.0081","0.0053","0.0216","2020-11-26T16:56:30.272+0000","{defaultclientid=iot-device-03, thingname=iot-device-03, thingid=877352b9-a35d-45d3-9c98-162d89965a13, thingarn=arn:aws:iot:us-east-1:507441099951:thing/iot-device-03, thingtypename=null, attributes={installed=1592562234, latitude=37.4133144, longitude=-122.1513069}, version=1, billinggroupname=null}","2020-11-26 00:00:00.000"
"iot-device-02","1.5946027516587865E9","60.8","78.8","true","false","0.0074","0.0047","0.0196","2020-11-26T16:56:30.609+0000","{defaultclientid=iot-device-02, thingname=iot-device-02, thingid=4ae4927a-aefb-4584-a45a-fc4839feffd6, thingarn=arn:aws:iot:us-east-1:507441099951:thing/iot-device-02, thingtypename=null, attributes={installed=1593361211, latitude=32.8205865, longitude=-96.871627}, version=1, billinggroupname=null}","2020-11-26 00:00:00.000"
"iot-device-01","1.5946027523480911E9","74.6","66.02","false","false","0.0112","0.0084","0.0308","2020-11-26T16:56:30.921+0000","{defaultclientid=iot-device-01, thingname=iot-device-01, thingid=983c2b68-f9a3-4e83-b3c6-9f6f8ad5431b, thingarn=arn:aws:iot:us-east-1:507441099951:thing/iot-device-01, thingtypename=null, attributes={installed=1594665292, latitude=37.4133144, longitude=-122.1513069}, version=1, billinggroupname=null}","2020-11-26 00:00:00.000"
"iot-device-03","1.5946027532974749E9","51.5","71.24","false","false","0.0081","0.0054","0.0217","2020-11-26T16:56:31.243+0000","{defaultclientid=iot-device-03, thingname=iot-device-03, thingid=877352b9-a35d-45d3-9c98-162d89965a13, thingarn=arn:aws:iot:us-east-1:507441099951:thing/iot-device-03, thingtypename=null, attributes={installed=1592562234, latitude=37.4133144, longitude=-122.1513069}, version=1, billinggroupname=null}","2020-11-26 00:00:00.000"
"iot-device-02","1.5946027554677072E9","60.8","78.8","true","false","0.0073","0.0047","0.0195","2020-11-26T16:56:31.559+0000","{defaultclientid=iot-device-02, thingname=iot-device-02, thingid=4ae4927a-aefb-4584-a45a-fc4839feffd6, thingarn=arn:aws:iot:us-east-1:507441099951:thing/iot-device-02, thingtypename=null, attributes={installed=1593361211, latitude=32.8205865, longitude=-96.871627}, version=1, billinggroupname=null}","2020-11-26 00:00:00.000"
"iot-device-03","1.5946027569837315E9","51.4","71.24","false","false","0.0081","0.0054","0.0217","2020-11-26T16:56:31.876+0000","{defaultclientid=iot-device-03, thingname=iot-device-03, thingid=877352b9-a35d-45d3-9c98-162d89965a13, thingarn=arn:aws:iot:us-east-1:507441099951:thing/iot-device-03, thingtypename=null, attributes={installed=1592562234, latitude=37.4133144, longitude=-122.1513069}, version=1, billinggroupname=null}","2020-11-26 00:00:00.000"
"iot-device-01","1.5946027593890705E9","74.5","65.84","false","false","0.0112","0.0084","0.0308","2020-11-26T16:56:32.198+0000","{defaultclientid=iot-device-01, thingname=iot-device-01, thingid=983c2b68-f9a3-4e83-b3c6-9f6f8ad5431b, thingarn=arn:aws:iot:us-east-1:507441099951:thing/iot-device-01, thingtypename=null, attributes={installed=1594665292, latitude=37.4133144, longitude=-122.1513069}, version=1, billinggroupname=null}","2020-11-26 00:00:00.000"
"iot-device-03","1.59460276066995E9","51.4","71.24","false","false","0.0081","0.0054","0.0217","2020-11-26T16:56:32.515+0000","{defaultclientid=iot-device-03, thingname=iot-device-03, thingid=877352b9-a35d-45d3-9c98-162d89965a13, thingarn=arn:aws:iot:us-east-1:507441099951:thing/iot-device-03, thingtypename=null, attributes={installed=1592562234, latitude=37.4133144, longitude=-122.1513069}, version=1, billinggroupname=null}","2020-11-26 00:00:00.000"
"iot-device-02","1.5946027614164693E9","60.8","78.8","true","false","0.0074","0.0047","0.0196","2020-11-26T16:56:32.825+0000","{defaultclientid=iot-device-02, thingname=iot-device-02, thingid=4ae4927a-aefb-4584-a45a-fc4839feffd6, thingarn=arn:aws:iot:us-east-1:507441099951:thing/iot-device-02, thingtypename=null, attributes={installed=1593361211, latitude=32.8205865, longitude=-96.871627}, version=1, billinggroupname=null}","2020-11-26 00:00:00.000"
"iot-device-02","1.5946028751561105E9","60.6","78.8","true","false","0.0074","0.0047","0.0197","2020-11-26T16:56:55.894+0000","{defaultclientid=iot-device-02, thingname=iot-device-02, thingid=4ae4927a-aefb-4584-a45a-fc4839feffd6, thingarn=arn:aws:iot:us-east-1:507441099951:thing/iot-device-02, thingtypename=null, attributes={installed=1593361211, latitude=32.8205865, longitude=-96.871627}, version=1, billinggroupname=null}","2020-11-26 00:00:00.000"
"iot-device-03","1.5946028786355631E9","51.2","71.6","false","false","0.0081","0.0053","0.0216","2020-11-26T16:56:56.220+0000","{defaultclientid=iot-device-03, thingname=iot-device-03, thingid=877352b9-a35d-45d3-9c98-162d89965a13, thingarn=arn:aws:iot:us-east-1:507441099951:thing/iot-device-03, thingtypename=null, attributes={installed=1592562234, latitude=37.4133144, longitude=-122.1513069}, version=1, billinggroupname=null}","2020-11-26 00:00:00.000"
"iot-device-01","1.5946028786868846E9","74.5","66.02","false","false","0.0113","0.0085","0.0309","2020-11-26T16:56:56.531+0000","{defaultclientid=iot-device-01, thingname=iot-device-01, thingid=983c2b68-f9a3-4e83-b3c6-9f6f8ad5431b, thingarn=arn:aws:iot:us-east-1:507441099951:thing/iot-device-01, thingtypename=null, attributes={installed=1594665292, latitude=37.4133144, longitude=-122.1513069}, version=1, billinggroupname=null}","2020-11-26 00:00:00.000"
"iot-device-03","1.5946028823214142E9","51.2","71.6","false","false","0.0081","0.0053","0.0216","2020-11-26T16:56:56.849+0000","{defaultclientid=iot-device-03, thingname=iot-device-03, thingid=877352b9-a35d-45d3-9c98-162d89965a13, thingarn=arn:aws:iot:us-east-1:507441099951:thing/iot-device-03, thingtypename=null, attributes={installed=1592562234, latitude=37.4133144, longitude=-122.1513069}, version=1, billinggroupname=null}","2020-11-26 00:00:00.000"
"iot-device-02","1.5946028827157106E9","60.6","78.8","true","false","0.0074","0.0047","0.0196","2020-11-26T16:56:57.178+0000","{defaultclientid=iot-device-02, thingname=iot-device-02, thingid=4ae4927a-aefb-4584-a45a-fc4839feffd6, thingarn=arn:aws:iot:us-east-1:507441099951:thing/iot-device-02, thingtypename=null, attributes={installed=1593361211, latitude=32.8205865, longitude=-96.871627}, version=1, billinggroupname=null}","2020-11-26 00:00:00.000"
"iot-device-03","1.594602886007669E9","51.2","71.6","false","false","0.0081","0.0053","0.0216","2020-11-26T16:56:57.487+0000","{defaultclientid=iot-device-03, thingname=iot-device-03, thingid=877352b9-a35d-45d3-9c98-162d89965a13, thingarn=arn:aws:iot:us-east-1:507441099951:thing/iot-device-03, thingtypename=null, attributes={installed=1592562234, latitude=37.4133144, longitude=-122.1513069}, version=1, billinggroupname=null}","2020-11-26 00:00:00.000"
"iot-device-03","1.5946028896971307E9","51.2","71.6","false","false","0.0081","0.0053","0.0216","2020-11-26T16:56:57.870+0000","{defaultclientid=iot-device-03, thingname=iot-device-03, thingid=877352b9-a35d-45d3-9c98-162d89965a13, thingarn=arn:aws:iot:us-east-1:507441099951:thing/iot-device-03, thingtypename=null, attributes={installed=1592562234, latitude=37.4133144, longitude=-122.1513069}, version=1, billinggroupname=null}","2020-11-26 00:00:00.000"
"iot-device-01","1.5946028900206597E9","74.5","66.02","false","false","0.0112","0.0084","0.0308","2020-11-26T16:56:58.196+0000","{defaultclientid=iot-device-01, thingname=iot-device-01, thingid=983c2b68-f9a3-4e83-b3c6-9f6f8ad5431b, thingarn=arn:aws:iot:us-east-1:507441099951:thing/iot-device-01, thingtypename=null, attributes={installed=1594665292, latitude=37.4133144, longitude=-122.1513069}, version=1, billinggroupname=null}","2020-11-26 00:00:00.000"
"iot-device-02","1.5946028907950778E9","60.5","78.8","true","false","0.0074","0.0047","0.0197","2020-11-26T16:56:58.518+0000","{defaultclientid=iot-device-02, thingname=iot-device-02, thingid=4ae4927a-aefb-4584-a45a-fc4839feffd6, thingarn=arn:aws:iot:us-east-1:507441099951:thing/iot-device-02, thingtypename=null, attributes={installed=1593361211, latitude=32.8205865, longitude=-96.871627}, version=1, billinggroupname=null}","2020-11-26 00:00:00.000"
"iot-device-03","1.5946028933831885E9","51.3","71.6","false","false","0.0081","0.0053","0.0216","2020-11-26T16:56:58.830+0000","{defaultclientid=iot-device-03, thingname=iot-device-03, thingid=877352b9-a35d-45d3-9c98-162d89965a13, thingarn=arn:aws:iot:us-east-1:507441099951:thing/iot-device-03, thingtypename=null, attributes={installed=1592562234, latitude=37.4133144, longitude=-122.1513069}, version=1, billinggroupname=null}","2020-11-26 00:00:00.000"
"iot-device-02","1.5946027809314227E9","60.9","78.8","true","false","0.0074","0.0047","0.0197","2020-11-26T16:56:36.289+0000","{defaultclientid=iot-device-02, thingname=iot-device-02, thingid=4ae4927a-aefb-4584-a45a-fc4839feffd6, thingarn=arn:aws:iot:us-east-1:507441099951:thing/iot-device-02, thingtypename=null, attributes={installed=1593361211, latitude=32.8205865, longitude=-96.871627}, version=1, billinggroupname=null}","2020-11-26 00:00:00.000"
"iot-device-01","1.5946027824000313E9","74.5","66.02","false","false","0.0113","0.0085","0.031","2020-11-26T16:56:36.605+0000","{defaultclientid=iot-device-01, thingname=iot-device-01, thingid=983c2b68-f9a3-4e83-b3c6-9f6f8ad5431b, thingarn=arn:aws:iot:us-east-1:507441099951:thing/iot-device-01, thingtypename=null, attributes={installed=1594665292, latitude=37.4133144, longitude=-122.1513069}, version=1, billinggroupname=null}","2020-11-26 00:00:00.000"
"iot-device-03","1.5946027827833142E9","51.5","71.42","false","false","0.0081","0.0053","0.0216","2020-11-26T16:56:36.922+0000","{defaultclientid=iot-device-03, thingname=iot-device-03, thingid=877352b9-a35d-45d3-9c98-162d89965a13, thingarn=arn:aws:iot:us-east-1:507441099951:thing/iot-device-03, thingtypename=null, attributes={installed=1592562234, latitude=37.4133144, longitude=-122.1513069}, version=1, billinggroupname=null}","2020-11-26 00:00:00.000"
"iot-device-02","1.5946027858122582E9","61.0","78.8","true","false","0.0074","0.0047","0.0196","2020-11-26T16:56:37.240+0000","{defaultclientid=iot-device-02, thingname=iot-device-02, thingid=4ae4927a-aefb-4584-a45a-fc4839feffd6, thingarn=arn:aws:iot:us-east-1:507441099951:thing/iot-device-02, thingtypename=null, attributes={installed=1593361211, latitude=32.8205865, longitude=-96.871627}, version=1, billinggroupname=null}","2020-11-26 00:00:00.000"
"iot-device-03","1.594602786469333E9","51.5","71.42","false","false","0.0081","0.0054","0.0218","2020-11-26T16:56:37.550+0000","{defaultclientid=iot-device-03, thingname=iot-device-03, thingid=877352b9-a35d-45d3-9c98-162d89965a13, thingarn=arn:aws:iot:us-east-1:507441099951:thing/iot-device-03, thingtypename=null, attributes={installed=1592562234, latitude=37.4133144, longitude=-122.1513069}, version=1, billinggroupname=null}","2020-11-26 00:00:00.000"
"iot-device-01","1.5946027878264778E9","74.5","66.02","false","false","0.0112","0.0084","0.0308","2020-11-26T16:56:37.867+0000","{defaultclientid=iot-device-01, thingname=iot-device-01, thingid=983c2b68-f9a3-4e83-b3c6-9f6f8ad5431b, thingarn=arn:aws:iot:us-east-1:507441099951:thing/iot-device-01, thingtypename=null, attributes={installed=1594665292, latitude=37.4133144, longitude=-122.1513069}, version=1, billinggroupname=null}","2020-11-26 00:00:00.000"
"iot-device-03","1.5946027901542766E9","51.5","71.24","false","false","0.0081","0.0054","0.0217","2020-11-26T16:56:38.185+0000","{defaultclientid=iot-device-03, thingname=iot-device-03, thingid=877352b9-a35d-45d3-9c98-162d89965a13, thingarn=arn:aws:iot:us-east-1:507441099951:thing/iot-device-03, thingtypename=null, attributes={installed=1592562234, latitude=37.4133144, longitude=-122.1513069}, version=1, billinggroupname=null}","2020-11-26 00:00:00.000"
"iot-device-02","1.594602790688675E9","61.0","78.8","true","false","0.0074","0.0047","0.0196","2020-11-26T16:56:38.500+0000","{defaultclientid=iot-device-02, thingname=iot-device-02, thingid=4ae4927a-aefb-4584-a45a-fc4839feffd6, thingarn=arn:aws:iot:us-east-1:507441099951:thing/iot-device-02, thingtypename=null, attributes={installed=1593361211, latitude=32.8205865, longitude=-96.871627}, version=1, billinggroupname=null}","2020-11-26 00:00:00.000"
"iot-device-03","1.5946027938402345E9","51.5","71.24","false","false","0.0081","0.0053","0.0216","2020-11-26T16:56:38.834+0000","{defaultclientid=iot-device-03, thingname=iot-device-03, thingid=877352b9-a35d-45d3-9c98-162d89965a13, thingarn=arn:aws:iot:us-east-1:507441099951:thing/iot-device-03, thingtypename=null, attributes={installed=1592562234, latitude=37.4133144, longitude=-122.1513069}, version=1, billinggroupname=null}","2020-11-26 00:00:00.000"
"iot-device-01","1.5946027948874614E9","74.4","66.02","false","false","0.0113","0.0085","0.0309","2020-11-26T16:56:39.160+0000","{defaultclientid=iot-device-01, thingname=iot-device-01, thingid=983c2b68-f9a3-4e83-b3c6-9f6f8ad5431b, thingarn=arn:aws:iot:us-east-1:507441099951:thing/iot-device-01, thingtypename=null, attributes={installed=1594665292, latitude=37.4133144, longitude=-122.1513069}, version=1, billinggroupname=null}","2020-11-26 00:00:00.000"
"iot-device-02","1.5946028275067804E9","60.9","78.8","true","false","0.0074","0.0047","0.0197","2020-11-26T16:56:46.290+0000","{defaultclientid=iot-device-02, thingname=iot-device-02, thingid=4ae4927a-aefb-4584-a45a-fc4839feffd6, thingarn=arn:aws:iot:us-east-1:507441099951:thing/iot-device-02, thingtypename=null, attributes={installed=1593361211, latitude=32.8205865, longitude=-96.871627}, version=1, billinggroupname=null}","2020-11-26 00:00:00.000"
"iot-device-03","1.5946028307069302E9","51.4","71.42","false","false","0.0081","0.0053","0.0216","2020-11-26T16:56:46.611+0000","{defaultclientid=iot-device-03, thingname=iot-device-03, thingid=877352b9-a35d-45d3-9c98-162d89965a13, thingarn=arn:aws:iot:us-east-1:507441099951:thing/iot-device-03, thingtypename=null, attributes={installed=1592562234, latitude=37.4133144, longitude=-122.1513069}, version=1, billinggroupname=null}","2020-11-26 00:00:00.000"
"iot-device-02","1.5946028313192134E9","60.8","78.8","true","false","0.0074","0.0047","0.0197","2020-11-26T16:56:46.951+0000","{defaultclientid=iot-device-02, thingname=iot-device-02, thingid=4ae4927a-aefb-4584-a45a-fc4839feffd6, thingarn=arn:aws:iot:us-east-1:507441099951:thing/iot-device-02, thingtypename=null, attributes={installed=1593361211, latitude=32.8205865, longitude=-96.871627}, version=1, billinggroupname=null}","2020-11-26 00:00:00.000"
"iot-device-01","1.5946028330783658E9","74.5","66.02","false","false","0.0112","0.0084","0.0308","2020-11-26T16:56:47.255+0000","{defaultclientid=iot-device-01, thingname=iot-device-01, thingid=983c2b68-f9a3-4e83-b3c6-9f6f8ad5431b, thingarn=arn:aws:iot:us-east-1:507441099951:thing/iot-device-01, thingtypename=null, attributes={installed=1594665292, latitude=37.4133144, longitude=-122.1513069}, version=1, billinggroupname=null}","2020-11-26 00:00:00.000"
"iot-device-03","1.5946028343945706E9","51.4","71.42","false","false","0.008","0.0053","0.0215","2020-11-26T16:56:47.577+0000","{defaultclientid=iot-device-03, thingname=iot-device-03, thingid=877352b9-a35d-45d3-9c98-162d89965a13, thingarn=arn:aws:iot:us-east-1:507441099951:thing/iot-device-03, thingtypename=null, attributes={installed=1592562234, latitude=37.4133144, longitude=-122.1513069}, version=1, billinggroupname=null}","2020-11-26 00:00:00.000"
"iot-device-02","1.594602835664796E9","61.3","78.8","true","false","0.0074","0.0047","0.0197","2020-11-26T16:56:47.911+0000","{defaultclientid=iot-device-02, thingname=iot-device-02, thingid=4ae4927a-aefb-4584-a45a-fc4839feffd6, thingarn=arn:aws:iot:us-east-1:507441099951:thing/iot-device-02, thingtypename=null, attributes={installed=1593361211, latitude=32.8205865, longitude=-96.871627}, version=1, billinggroupname=null}","2020-11-26 00:00:00.000"
"iot-device-01","1.5946028368918571E9","74.5","66.02","false","false","0.0112","0.0084","0.0308","2020-11-26T16:56:48.231+0000","{defaultclientid=iot-device-01, thingname=iot-device-01, thingid=983c2b68-f9a3-4e83-b3c6-9f6f8ad5431b, thingarn=arn:aws:iot:us-east-1:507441099951:thing/iot-device-01, thingtypename=null, attributes={installed=1594665292, latitude=37.4133144, longitude=-122.1513069}, version=1, billinggroupname=null}","2020-11-26 00:00:00.000"
"iot-device-03","1.5946028380820587E9","51.3","71.42","false","false","0.0081","0.0054","0.0217","2020-11-26T16:56:48.543+0000","{defaultclientid=iot-device-03, thingname=iot-device-03, thingid=877352b9-a35d-45d3-9c98-162d89965a13, thingarn=arn:aws:iot:us-east-1:507441099951:thing/iot-device-03, thingtypename=null, attributes={installed=1592562234, latitude=37.4133144, longitude=-122.1513069}, version=1, billinggroupname=null}","2020-11-26 00:00:00.000"
"iot-device-02","1.5946028400072644E9","60.9","78.8","true","false","0.0074","0.0047","0.0196","2020-11-26T16:56:48.851+0000","{defaultclientid=iot-device-02, thingname=iot-device-02, thingid=4ae4927a-aefb-4584-a45a-fc4839feffd6, thingarn=arn:aws:iot:us-east-1:507441099951:thing/iot-device-02, thingtypename=null, attributes={installed=1593361211, latitude=32.8205865, longitude=-96.871627}, version=1, billinggroupname=null}","2020-11-26 00:00:00.000"
"iot-device-03","1.5946028417698126E9","51.3","71.42","false","false","0.008","0.0053","0.0215","2020-11-26T16:56:49.162+0000","{defaultclientid=iot-device-03, thingname=iot-device-03, thingid=877352b9-a35d-45d3-9c98-162d89965a13, thingarn=arn:aws:iot:us-east-1:507441099951:thing/iot-device-03, thingtypename=null, attributes={installed=1592562234, latitude=37.4133144, longitude=-122.1513069}, version=1, billinggroupname=null}","2020-11-26 00:00:00.000"
"iot-device-02","1.5946027950320547E9","61.1","78.8","true","false","0.0074","0.0047","0.0197","2020-11-26T16:56:39.479+0000","{defaultclientid=iot-device-02, thingname=iot-device-02, thingid=4ae4927a-aefb-4584-a45a-fc4839feffd6, thingarn=arn:aws:iot:us-east-1:507441099951:thing/iot-device-02, thingtypename=null, attributes={installed=1593361211, latitude=32.8205865, longitude=-96.871627}, version=1, billinggroupname=null}","2020-11-26 00:00:00.000"
"iot-device-03","1.5946027975232177E9","51.6","71.42","false","false","0.0081","0.0054","0.0218","2020-11-26T16:56:39.803+0000","{defaultclientid=iot-device-03, thingname=iot-device-03, thingid=877352b9-a35d-45d3-9c98-162d89965a13, thingarn=arn:aws:iot:us-east-1:507441099951:thing/iot-device-03, thingtypename=null, attributes={installed=1592562234, latitude=37.4133144, longitude=-122.1513069}, version=1, billinggroupname=null}","2020-11-26 00:00:00.000"
"iot-device-03","1.5946028012083676E9","51.6","71.42","false","false","0.0081","0.0053","0.0216","2020-11-26T16:56:40.124+0000","{defaultclientid=iot-device-03, thingname=iot-device-03, thingid=877352b9-a35d-45d3-9c98-162d89965a13, thingarn=arn:aws:iot:us-east-1:507441099951:thing/iot-device-03, thingtypename=null, attributes={installed=1592562234, latitude=37.4133144, longitude=-122.1513069}, version=1, billinggroupname=null}","2020-11-26 00:00:00.000"
"iot-device-01","1.5946028024609847E9","74.5","66.02","false","false","0.0112","0.0084","0.0308","2020-11-26T16:56:40.442+0000","{defaultclientid=iot-device-01, thingname=iot-device-01, thingid=983c2b68-f9a3-4e83-b3c6-9f6f8ad5431b, thingarn=arn:aws:iot:us-east-1:507441099951:thing/iot-device-01, thingtypename=null, attributes={installed=1594665292, latitude=37.4133144, longitude=-122.1513069}, version=1, billinggroupname=null}","2020-11-26 00:00:00.000"
"iot-device-02","1.5946028025787318E9","61.1","78.8","true","false","0.0074","0.0047","0.0196","2020-11-26T16:56:40.771+0000","{defaultclientid=iot-device-02, thingname=iot-device-02, thingid=4ae4927a-aefb-4584-a45a-fc4839feffd6, thingarn=arn:aws:iot:us-east-1:507441099951:thing/iot-device-02, thingtypename=null, attributes={installed=1593361211, latitude=32.8205865, longitude=-96.871627}, version=1, billinggroupname=null}","2020-11-26 00:00:00.000"
"iot-device-03","1.5946028048961596E9","51.6","71.42","false","false","0.0081","0.0053","0.0216","2020-11-26T16:56:41.090+0000","{defaultclientid=iot-device-03, thingname=iot-device-03, thingid=877352b9-a35d-45d3-9c98-162d89965a13, thingarn=arn:aws:iot:us-east-1:507441099951:thing/iot-device-03, thingtypename=null, attributes={installed=1592562234, latitude=37.4133144, longitude=-122.1513069}, version=1, billinggroupname=null}","2020-11-26 00:00:00.000"
"iot-device-01","1.5946028068121245E9","74.5","66.02","false","false","0.0112","0.0084","0.0308","2020-11-26T16:56:41.525+0000","{defaultclientid=iot-device-01, thingname=iot-device-01, thingid=983c2b68-f9a3-4e83-b3c6-9f6f8ad5431b, thingarn=arn:aws:iot:us-east-1:507441099951:thing/iot-device-01, thingtypename=null, attributes={installed=1594665292, latitude=37.4133144, longitude=-122.1513069}, version=1, billinggroupname=null}","2020-11-26 00:00:00.000"
"iot-device-02","1.5946028074551346E9","61.0","78.8","true","false","0.0074","0.0047","0.0197","2020-11-26T16:56:41.831+0000","{defaultclientid=iot-device-02, thingname=iot-device-02, thingid=4ae4927a-aefb-4584-a45a-fc4839feffd6, thingarn=arn:aws:iot:us-east-1:507441099951:thing/iot-device-02, thingtypename=null, attributes={installed=1593361211, latitude=32.8205865, longitude=-96.871627}, version=1, billinggroupname=null}","2020-11-26 00:00:00.000"
"iot-device-03","1.5946028085841641E9","51.6","71.42","false","false","0.0081","0.0053","0.0216","2020-11-26T16:56:42.281+0000","{defaultclientid=iot-device-03, thingname=iot-device-03, thingid=877352b9-a35d-45d3-9c98-162d89965a13, thingarn=arn:aws:iot:us-east-1:507441099951:thing/iot-device-03, thingtypename=null, attributes={installed=1592562234, latitude=37.4133144, longitude=-122.1513069}, version=1, billinggroupname=null}","2020-11-26 00:00:00.000"
"iot-device-02","1.5946028112641163E9","61.1","78.8","true","false","0.0074","0.0047","0.0197","2020-11-26T16:56:42.599+0000","{defaultclientid=iot-device-02, thingname=iot-device-02, thingid=4ae4927a-aefb-4584-a45a-fc4839feffd6, thingarn=arn:aws:iot:us-east-1:507441099951:thing/iot-device-02, thingtypename=null, attributes={installed=1593361211, latitude=32.8205865, longitude=-96.871627}, version=1, billinggroupname=null}","2020-11-26 00:00:00.000"
"iot-device-01","1.5946028949116733E9","74.4","66.02","false","false","0.0113","0.0085","0.0309","2020-11-26T16:56:59.157+0000","{defaultclientid=iot-device-01, thingname=iot-device-01, thingid=983c2b68-f9a3-4e83-b3c6-9f6f8ad5431b, thingarn=arn:aws:iot:us-east-1:507441099951:thing/iot-device-01, thingtypename=null, attributes={installed=1594665292, latitude=37.4133144, longitude=-122.1513069}, version=1, billinggroupname=null}","2020-11-26 00:00:00.000"
"iot-device-02","1.5946028967572875E9","60.4","78.8","true","false","0.0074","0.0047","0.0197","2020-11-26T16:56:59.480+0000","{defaultclientid=iot-device-02, thingname=iot-device-02, thingid=4ae4927a-aefb-4584-a45a-fc4839feffd6, thingarn=arn:aws:iot:us-east-1:507441099951:thing/iot-device-02, thingtypename=null, attributes={installed=1593361211, latitude=32.8205865, longitude=-96.871627}, version=1, billinggroupname=null}","2020-11-26 00:00:00.000"
"iot-device-03","1.5946028970698922E9","51.3","71.6","false","false","0.0081","0.0054","0.0217","2020-11-26T16:56:59.801+0000","{defaultclientid=iot-device-03, thingname=iot-device-03, thingid=877352b9-a35d-45d3-9c98-162d89965a13, thingarn=arn:aws:iot:us-east-1:507441099951:thing/iot-device-03, thingtypename=null, attributes={installed=1592562234, latitude=37.4133144, longitude=-122.1513069}, version=1, billinggroupname=null}","2020-11-26 00:00:00.000"
"iot-device-03","1.5946027643561664E9","51.5","71.24","false","false","0.0081","0.0054","0.0217","2020-11-26T16:56:33.140+0000","{defaultclientid=iot-device-03, thingname=iot-device-03, thingid=877352b9-a35d-45d3-9c98-162d89965a13, thingarn=arn:aws:iot:us-east-1:507441099951:thing/iot-device-03, thingtypename=null, attributes={installed=1592562234, latitude=37.4133144, longitude=-122.1513069}, version=1, billinggroupname=null}","2020-11-26 00:00:00.000"
"iot-device-02","1.5946027678976438E9","60.9","78.8","true","false","0.0074","0.0047","0.0197","2020-11-26T16:56:33.453+0000","{defaultclientid=iot-device-02, thingname=iot-device-02, thingid=4ae4927a-aefb-4584-a45a-fc4839feffd6, thingarn=arn:aws:iot:us-east-1:507441099951:thing/iot-device-02, thingtypename=null, attributes={installed=1593361211, latitude=32.8205865, longitude=-96.871627}, version=1, billinggroupname=null}","2020-11-26 00:00:00.000"
"iot-device-03","1.5946027680402665E9","51.4","71.24","false","false","0.0081","0.0053","0.0216","2020-11-26T16:56:33.764+0000","{defaultclientid=iot-device-03, thingname=iot-device-03, thingid=877352b9-a35d-45d3-9c98-162d89965a13, thingarn=arn:aws:iot:us-east-1:507441099951:thing/iot-device-03, thingtypename=null, attributes={installed=1592562234, latitude=37.4133144, longitude=-122.1513069}, version=1, billinggroupname=null}","2020-11-26 00:00:00.000"
"iot-device-01","1.5946027715279336E9","74.5","65.84","false","false","0.0113","0.0085","0.0311","2020-11-26T16:56:34.084+0000","{defaultclientid=iot-device-01, thingname=iot-device-01, thingid=983c2b68-f9a3-4e83-b3c6-9f6f8ad5431b, thingarn=arn:aws:iot:us-east-1:507441099951:thing/iot-device-01, thingtypename=null, attributes={installed=1594665292, latitude=37.4133144, longitude=-122.1513069}, version=1, billinggroupname=null}","2020-11-26 00:00:00.000"
"iot-device-03","1.594602771726247E9","51.4","71.24","false","false","0.0081","0.0054","0.0217","2020-11-26T16:56:34.391+0000","{defaultclientid=iot-device-03, thingname=iot-device-03, thingid=877352b9-a35d-45d3-9c98-162d89965a13, thingarn=arn:aws:iot:us-east-1:507441099951:thing/iot-device-03, thingtypename=null, attributes={installed=1592562234, latitude=37.4133144, longitude=-122.1513069}, version=1, billinggroupname=null}","2020-11-26 00:00:00.000"
"iot-device-02","1.5946027722432013E9","60.9","78.8","true","false","0.0073","0.0047","0.0195","2020-11-26T16:56:34.710+0000","{defaultclientid=iot-device-02, thingname=iot-device-02, thingid=4ae4927a-aefb-4584-a45a-fc4839feffd6, thingarn=arn:aws:iot:us-east-1:507441099951:thing/iot-device-02, thingtypename=null, attributes={installed=1593361211, latitude=32.8205865, longitude=-96.871627}, version=1, billinggroupname=null}","2020-11-26 00:00:00.000"
"iot-device-03","1.5946027754122696E9","51.4","71.24","false","false","0.0081","0.0053","0.0216","2020-11-26T16:56:35.023+0000","{defaultclientid=iot-device-03, thingname=iot-device-03, thingid=877352b9-a35d-45d3-9c98-162d89965a13, thingarn=arn:aws:iot:us-east-1:507441099951:thing/iot-device-03, thingtypename=null, attributes={installed=1592562234, latitude=37.4133144, longitude=-122.1513069}, version=1, billinggroupname=null}","2020-11-26 00:00:00.000"
"iot-device-01","1.5946027764142172E9","74.5","66.02","false","false","0.0113","0.0085","0.0309","2020-11-26T16:56:35.332+0000","{defaultclientid=iot-device-01, thingname=iot-device-01, thingid=983c2b68-f9a3-4e83-b3c6-9f6f8ad5431b, thingarn=arn:aws:iot:us-east-1:507441099951:thing/iot-device-01, thingtypename=null, attributes={installed=1594665292, latitude=37.4133144, longitude=-122.1513069}, version=1, billinggroupname=null}","2020-11-26 00:00:00.000"
"iot-device-02","1.594602776587064E9","60.9","78.8","true","false","0.0074","0.0047","0.0196","2020-11-26T16:56:35.649+0000","{defaultclientid=iot-device-02, thingname=iot-device-02, thingid=4ae4927a-aefb-4584-a45a-fc4839feffd6, thingarn=arn:aws:iot:us-east-1:507441099951:thing/iot-device-02, thingtypename=null, attributes={installed=1593361211, latitude=32.8205865, longitude=-96.871627}, version=1, billinggroupname=null}","2020-11-26 00:00:00.000"
"iot-device-03","1.5946027790971546E9","51.5","71.42","false","false","0.0081","0.0053","0.0216","2020-11-26T16:56:35.961+0000","{defaultclientid=iot-device-03, thingname=iot-device-03, thingid=877352b9-a35d-45d3-9c98-162d89965a13, thingarn=arn:aws:iot:us-east-1:507441099951:thing/iot-device-03, thingtypename=null, attributes={installed=1592562234, latitude=37.4133144, longitude=-122.1513069}, version=1, billinggroupname=null}","2020-11-26 00:00:00.000"
"iot-device-02","1.5946028615894456E9","60.7","78.8","true","false","0.0074","0.0047","0.0197","2020-11-26T16:56:52.669+0000","{defaultclientid=iot-device-02, thingname=iot-device-02, thingid=4ae4927a-aefb-4584-a45a-fc4839feffd6, thingarn=arn:aws:iot:us-east-1:507441099951:thing/iot-device-02, thingtypename=null, attributes={installed=1593361211, latitude=32.8205865, longitude=-96.871627}, version=1, billinggroupname=null}","2020-11-26 00:00:00.000"
"iot-device-01","1.5946028629426134E9","74.5","66.02","false","false","0.0112","0.0084","0.0308","2020-11-26T16:56:52.994+0000","{defaultclientid=iot-device-01, thingname=iot-device-01, thingid=983c2b68-f9a3-4e83-b3c6-9f6f8ad5431b, thingarn=arn:aws:iot:us-east-1:507441099951:thing/iot-device-01, thingtypename=null, attributes={installed=1594665292, latitude=37.4133144, longitude=-122.1513069}, version=1, billinggroupname=null}","2020-11-26 00:00:00.000"
"iot-device-03","1.5946028638873055E9","51.4","71.42","false","false","0.0081","0.0054","0.0217","2020-11-26T16:56:53.335+0000","{defaultclientid=iot-device-03, thingname=iot-device-03, thingid=877352b9-a35d-45d3-9c98-162d89965a13, thingarn=arn:aws:iot:us-east-1:507441099951:thing/iot-device-03, thingtypename=null, attributes={installed=1592562234, latitude=37.4133144, longitude=-122.1513069}, version=1, billinggroupname=null}","2020-11-26 00:00:00.000"
"iot-device-02","1.594602866470667E9","60.6","78.8","true","false","0.0074","0.0047","0.0197","2020-11-26T16:56:53.652+0000","{defaultclientid=iot-device-02, thingname=iot-device-02, thingid=4ae4927a-aefb-4584-a45a-fc4839feffd6, thingarn=arn:aws:iot:us-east-1:507441099951:thing/iot-device-02, thingtypename=null, attributes={installed=1593361211, latitude=32.8205865, longitude=-96.871627}, version=1, billinggroupname=null}","2020-11-26 00:00:00.000"
"iot-device-01","1.5946028667635655E9","74.5","66.02","false","false","0.0112","0.0084","0.0308","2020-11-26T16:56:53.963+0000","{defaultclientid=iot-device-01, thingname=iot-device-01, thingid=983c2b68-f9a3-4e83-b3c6-9f6f8ad5431b, thingarn=arn:aws:iot:us-east-1:507441099951:thing/iot-device-01, thingtypename=null, attributes={installed=1594665292, latitude=37.4133144, longitude=-122.1513069}, version=1, billinggroupname=null}","2020-11-26 00:00:00.000"
"iot-device-03","1.5946028675737808E9","51.4","71.6","false","false","0.008","0.0053","0.0215","2020-11-26T16:56:54.285+0000","{defaultclientid=iot-device-03, thingname=iot-device-03, thingid=877352b9-a35d-45d3-9c98-162d89965a13, thingarn=arn:aws:iot:us-east-1:507441099951:thing/iot-device-03, thingtypename=null, attributes={installed=1592562234, latitude=37.4133144, longitude=-122.1513069}, version=1, billinggroupname=null}","2020-11-26 00:00:00.000"
"iot-device-02","1.5946028708144493E9","60.6","78.8","true","false","0.0074","0.0047","0.0197","2020-11-26T16:56:54.602+0000","{defaultclientid=iot-device-02, thingname=iot-device-02, thingid=4ae4927a-aefb-4584-a45a-fc4839feffd6, thingarn=arn:aws:iot:us-east-1:507441099951:thing/iot-device-02, thingtypename=null, attributes={installed=1593361211, latitude=32.8205865, longitude=-96.871627}, version=1, billinggroupname=null}","2020-11-26 00:00:00.000"
"iot-device-01","1.5946028711182482E9","74.5","66.02","false","false","0.0112","0.0084","0.0308","2020-11-26T16:56:54.929+0000","{defaultclientid=iot-device-01, thingname=iot-device-01, thingid=983c2b68-f9a3-4e83-b3c6-9f6f8ad5431b, thingarn=arn:aws:iot:us-east-1:507441099951:thing/iot-device-01, thingtypename=null, attributes={installed=1594665292, latitude=37.4133144, longitude=-122.1513069}, version=1, billinggroupname=null}","2020-11-26 00:00:00.000"
"iot-device-03","1.59460287126316E9","51.3","71.6","false","false","0.0081","0.0053","0.0216","2020-11-26T16:56:55.243+0000","{defaultclientid=iot-device-03, thingname=iot-device-03, thingid=877352b9-a35d-45d3-9c98-162d89965a13, thingarn=arn:aws:iot:us-east-1:507441099951:thing/iot-device-03, thingtypename=null, attributes={installed=1592562234, latitude=37.4133144, longitude=-122.1513069}, version=1, billinggroupname=null}","2020-11-26 00:00:00.000"
"iot-device-03","1.5946028749493535E9","51.3","71.6","false","false","0.0081","0.0053","0.0216","2020-11-26T16:56:55.579+0000","{defaultclientid=iot-device-03, thingname=iot-device-03, thingid=877352b9-a35d-45d3-9c98-162d89965a13, thingarn=arn:aws:iot:us-east-1:507441099951:thing/iot-device-03, thingtypename=null, attributes={installed=1592562234, latitude=37.4133144, longitude=-122.1513069}, version=1, billinggroupname=null}","2020-11-26 00:00:00.000"
"iot-device-01","1.5946028117010033E9","74.5","66.02","false","false","0.0112","0.0084","0.0308","2020-11-26T16:56:43.091+0000","{defaultclientid=iot-device-01, thingname=iot-device-01, thingid=983c2b68-f9a3-4e83-b3c6-9f6f8ad5431b, thingarn=arn:aws:iot:us-east-1:507441099951:thing/iot-device-01, thingtypename=null, attributes={installed=1594665292, latitude=37.4133144, longitude=-122.1513069}, version=1, billinggroupname=null}","2020-11-26 00:00:00.000"
"iot-device-03","1.5946028122712364E9","51.5","71.42","false","false","0.0081","0.0053","0.0216","2020-11-26T16:56:43.423+0000","{defaultclientid=iot-device-03, thingname=iot-device-03, thingid=877352b9-a35d-45d3-9c98-162d89965a13, thingarn=arn:aws:iot:us-east-1:507441099951:thing/iot-device-03, thingtypename=null, attributes={installed=1592562234, latitude=37.4133144, longitude=-122.1513069}, version=1, billinggroupname=null}","2020-11-26 00:00:00.000"
"iot-device-01","1.5946028155165904E9","74.5","66.02","false","false","0.0112","0.0084","0.0308","2020-11-26T16:56:43.735+0000","{defaultclientid=iot-device-01, thingname=iot-device-01, thingid=983c2b68-f9a3-4e83-b3c6-9f6f8ad5431b, thingarn=arn:aws:iot:us-east-1:507441099951:thing/iot-device-01, thingtypename=null, attributes={installed=1594665292, latitude=37.4133144, longitude=-122.1513069}, version=1, billinggroupname=null}","2020-11-26 00:00:00.000"
"iot-device-02","1.594602815609738E9","60.9","78.8","true","false","0.0074","0.0047","0.0197","2020-11-26T16:56:44.081+0000","{defaultclientid=iot-device-02, thingname=iot-device-02, thingid=4ae4927a-aefb-4584-a45a-fc4839feffd6, thingarn=arn:aws:iot:us-east-1:507441099951:thing/iot-device-02, thingtypename=null, attributes={installed=1593361211, latitude=32.8205865, longitude=-96.871627}, version=1, billinggroupname=null}","2020-11-26 00:00:00.000"
"iot-device-03","1.5946028159566796E9","51.5","71.42","false","false","0.0081","0.0053","0.0216","2020-11-26T16:56:44.393+0000","{defaultclientid=iot-device-03, thingname=iot-device-03, thingid=877352b9-a35d-45d3-9c98-162d89965a13, thingarn=arn:aws:iot:us-east-1:507441099951:thing/iot-device-03, thingtypename=null, attributes={installed=1592562234, latitude=37.4133144, longitude=-122.1513069}, version=1, billinggroupname=null}","2020-11-26 00:00:00.000"
"iot-device-03","1.5946028196443243E9","51.5","71.42","false","false","0.0081","0.0053","0.0216","2020-11-26T16:56:44.715+0000","{defaultclientid=iot-device-03, thingname=iot-device-03, thingid=877352b9-a35d-45d3-9c98-162d89965a13, thingarn=arn:aws:iot:us-east-1:507441099951:thing/iot-device-03, thingtypename=null, attributes={installed=1592562234, latitude=37.4133144, longitude=-122.1513069}, version=1, billinggroupname=null}","2020-11-26 00:00:00.000"
"iot-device-01","1.594602820940673E9","74.5","66.02","false","false","0.0112","0.0084","0.0308","2020-11-26T16:56:45.032+0000","{defaultclientid=iot-device-01, thingname=iot-device-01, thingid=983c2b68-f9a3-4e83-b3c6-9f6f8ad5431b, thingarn=arn:aws:iot:us-east-1:507441099951:thing/iot-device-01, thingtypename=null, attributes={installed=1594665292, latitude=37.4133144, longitude=-122.1513069}, version=1, billinggroupname=null}","2020-11-26 00:00:00.000"
"iot-device-02","1.5946028215627198E9","60.8","78.8","true","false","0.0074","0.0047","0.0197","2020-11-26T16:56:45.342+0000","{defaultclientid=iot-device-02, thingname=iot-device-02, thingid=4ae4927a-aefb-4584-a45a-fc4839feffd6, thingarn=arn:aws:iot:us-east-1:507441099951:thing/iot-device-02, thingtypename=null, attributes={installed=1593361211, latitude=32.8205865, longitude=-96.871627}, version=1, billinggroupname=null}","2020-11-26 00:00:00.000"
"iot-device-03","1.5946028233317866E9","51.4","71.42","false","false","0.0081","0.0054","0.0217","2020-11-26T16:56:45.658+0000","{defaultclientid=iot-device-03, thingname=iot-device-03, thingid=877352b9-a35d-45d3-9c98-162d89965a13, thingarn=arn:aws:iot:us-east-1:507441099951:thing/iot-device-03, thingtypename=null, attributes={installed=1592562234, latitude=37.4133144, longitude=-122.1513069}, version=1, billinggroupname=null}","2020-11-26 00:00:00.000"
"iot-device-03","1.5946028270193505E9","51.4","71.42","false","false","0.0081","0.0054","0.0217","2020-11-26T16:56:45.979+0000","{defaultclientid=iot-device-03, thingname=iot-device-03, thingid=877352b9-a35d-45d3-9c98-162d89965a13, thingarn=arn:aws:iot:us-east-1:507441099951:thing/iot-device-03, thingtypename=null, attributes={installed=1592562234, latitude=37.4133144, longitude=-122.1513069}, version=1, billinggroupname=null}","2020-11-26 00:00:00.000"
"iot-device-03","1.5946411217934618E9","52.4","70.88","false","false","0.0078","0.0051","0.0209","2020-11-26T17:21:30.181+0000","{defaultclientid=iot-device-03, thingname=iot-device-03, thingid=877352b9-a35d-45d3-9c98-162d89965a13, thingarn=arn:aws:iot:us-east-1:507441099951:thing/iot-device-03, thingtypename=null, attributes={installed=1592562234, latitude=37.4133144, longitude=-122.1513069}, version=1, billinggroupname=null}","2020-11-26 00:00:00.000"
"iot-device-02","1.5946411251010435E9","59.6","74.48","true","false","0.0071","0.0045","0.0189","2020-11-26T17:21:30.469+0000","{defaultclientid=iot-device-02, thingname=iot-device-02, thingid=4ae4927a-aefb-4584-a45a-fc4839feffd6, thingarn=arn:aws:iot:us-east-1:507441099951:thing/iot-device-02, thingtypename=null, attributes={installed=1593361211, latitude=32.8205865, longitude=-96.871627}, version=1, billinggroupname=null}","2020-11-26 00:00:00.000"
"iot-device-03","1.594641125478719E9","52.5","71.06","false","false","0.0078","0.0051","0.0209","2020-11-26T17:21:30.784+0000","{defaultclientid=iot-device-03, thingname=iot-device-03, thingid=877352b9-a35d-45d3-9c98-162d89965a13, thingarn=arn:aws:iot:us-east-1:507441099951:thing/iot-device-03, thingtypename=null, attributes={installed=1592562234, latitude=37.4133144, longitude=-122.1513069}, version=1, billinggroupname=null}","2020-11-26 00:00:00.000"
"iot-device-01","1.5946411269824786E9","76.4","67.46","false","false","0.0062","0.0037","0.0164","2020-11-26T17:21:31.092+0000","{defaultclientid=iot-device-01, thingname=iot-device-01, thingid=983c2b68-f9a3-4e83-b3c6-9f6f8ad5431b, thingarn=arn:aws:iot:us-east-1:507441099951:thing/iot-device-01, thingtypename=null, attributes={installed=1594665292, latitude=37.4133144, longitude=-122.1513069}, version=1, billinggroupname=null}","2020-11-26 00:00:00.000"
"iot-device-03","1.5946411291650498E9","52.5","71.06","false","false","0.0078","0.0051","0.0208","2020-11-26T17:21:31.380+0000","{defaultclientid=iot-device-03, thingname=iot-device-03, thingid=877352b9-a35d-45d3-9c98-162d89965a13, thingarn=arn:aws:iot:us-east-1:507441099951:thing/iot-device-03, thingtypename=null, attributes={installed=1592562234, latitude=37.4133144, longitude=-122.1513069}, version=1, billinggroupname=null}","2020-11-26 00:00:00.000"
"iot-device-01","1.5946411324388735E9","76.5","67.46","false","false","0.0062","0.0037","0.0164","2020-11-26T17:21:31.672+0000","{defaultclientid=iot-device-01, thingname=iot-device-01, thingid=983c2b68-f9a3-4e83-b3c6-9f6f8ad5431b, thingarn=arn:aws:iot:us-east-1:507441099951:thing/iot-device-01, thingtypename=null, attributes={installed=1594665292, latitude=37.4133144, longitude=-122.1513069}, version=1, billinggroupname=null}","2020-11-26 00:00:00.000"
"iot-device-03","1.594641132846882E9","52.5","71.06","false","false","0.0078","0.0051","0.0209","2020-11-26T17:21:31.957+0000","{defaultclientid=iot-device-03, thingname=iot-device-03, thingid=877352b9-a35d-45d3-9c98-162d89965a13, thingarn=arn:aws:iot:us-east-1:507441099951:thing/iot-device-03, thingtypename=null, attributes={installed=1592562234, latitude=37.4133144, longitude=-122.1513069}, version=1, billinggroupname=null}","2020-11-26 00:00:00.000"
"iot-device-03","1.594641136531736E9","52.5","71.06","false","false","0.0078","0.0051","0.0208","2020-11-26T17:21:32.239+0000","{defaultclientid=iot-device-03, thingname=iot-device-03, thingid=877352b9-a35d-45d3-9c98-162d89965a13, thingarn=arn:aws:iot:us-east-1:507441099951:thing/iot-device-03, thingtypename=null, attributes={installed=1592562234, latitude=37.4133144, longitude=-122.1513069}, version=1, billinggroupname=null}","2020-11-26 00:00:00.000"
"iot-device-02","1.5946411382575414E9","59.6","74.48","true","false","0.0071","0.0045","0.0189","2020-11-26T17:21:32.530+0000","{defaultclientid=iot-device-02, thingname=iot-device-02, thingid=4ae4927a-aefb-4584-a45a-fc4839feffd6, thingarn=arn:aws:iot:us-east-1:507441099951:thing/iot-device-02, thingtypename=null, attributes={installed=1593361211, latitude=32.8205865, longitude=-96.871627}, version=1, billinggroupname=null}","2020-11-26 00:00:00.000"
"iot-device-01","1.5946411384040382E9","76.5","67.46","false","false","0.0062","0.0037","0.0164","2020-11-26T17:21:32.818+0000","{defaultclientid=iot-device-01, thingname=iot-device-01, thingid=983c2b68-f9a3-4e83-b3c6-9f6f8ad5431b, thingarn=arn:aws:iot:us-east-1:507441099951:thing/iot-device-01, thingtypename=null, attributes={installed=1594665292, latitude=37.4133144, longitude=-122.1513069}, version=1, billinggroupname=null}","2020-11-26 00:00:00.000"
"iot-device-01","1.5946412186789145E9","75.6","67.46","false","false","0.0063","0.0038","0.0166","2020-11-26T17:21:47.924+0000","{defaultclientid=iot-device-01, thingname=iot-device-01, thingid=983c2b68-f9a3-4e83-b3c6-9f6f8ad5431b, thingarn=arn:aws:iot:us-east-1:507441099951:thing/iot-device-01, thingtypename=null, attributes={installed=1594665292, latitude=37.4133144, longitude=-122.1513069}, version=1, billinggroupname=null}","2020-11-26 00:00:00.000"
"iot-device-03","1.5946412220468185E9","52.3","70.88","false","false","0.0078","0.0051","0.0208","2020-11-26T17:21:48.214+0000","{defaultclientid=iot-device-03, thingname=iot-device-03, thingid=877352b9-a35d-45d3-9c98-162d89965a13, thingarn=arn:aws:iot:us-east-1:507441099951:thing/iot-device-03, thingtypename=null, attributes={installed=1592562234, latitude=37.4133144, longitude=-122.1513069}, version=1, billinggroupname=null}","2020-11-26 00:00:00.000"
"iot-device-01","1.5946412230305648E9","75.6","67.46","false","false","0.0062","0.0037","0.0164","2020-11-26T17:21:48.520+0000","{defaultclientid=iot-device-01, thingname=iot-device-01, thingid=983c2b68-f9a3-4e83-b3c6-9f6f8ad5431b, thingarn=arn:aws:iot:us-east-1:507441099951:thing/iot-device-01, thingtypename=null, attributes={installed=1594665292, latitude=37.4133144, longitude=-122.1513069}, version=1, billinggroupname=null}","2020-11-26 00:00:00.000"
"iot-device-02","1.5946412232784426E9","59.3","74.48","true","false","0.0071","0.0045","0.0189","2020-11-26T17:21:48.820+0000","{defaultclientid=iot-device-02, thingname=iot-device-02, thingid=4ae4927a-aefb-4584-a45a-fc4839feffd6, thingarn=arn:aws:iot:us-east-1:507441099951:thing/iot-device-02, thingtypename=null, attributes={installed=1593361211, latitude=32.8205865, longitude=-96.871627}, version=1, billinggroupname=null}","2020-11-26 00:00:00.000"
"iot-device-03","1.5946412257345645E9","52.4","71.06","false","false","0.0078","0.0051","0.0208","2020-11-26T17:21:49.123+0000","{defaultclientid=iot-device-03, thingname=iot-device-03, thingid=877352b9-a35d-45d3-9c98-162d89965a13, thingarn=arn:aws:iot:us-east-1:507441099951:thing/iot-device-03, thingtypename=null, attributes={installed=1592562234, latitude=37.4133144, longitude=-122.1513069}, version=1, billinggroupname=null}","2020-11-26 00:00:00.000"
"iot-device-02","1.5946412270852954E9","59.3","74.48","true","false","0.0071","0.0045","0.0188","2020-11-26T17:21:49.408+0000","{defaultclientid=iot-device-02, thingname=iot-device-02, thingid=4ae4927a-aefb-4584-a45a-fc4839feffd6, thingarn=arn:aws:iot:us-east-1:507441099951:thing/iot-device-02, thingtypename=null, attributes={installed=1593361211, latitude=32.8205865, longitude=-96.871627}, version=1, billinggroupname=null}","2020-11-26 00:00:00.000"
"iot-device-01","1.5946412273828633E9","75.4","67.46","false","false","0.0063","0.0038","0.0166","2020-11-26T17:21:49.700+0000","{defaultclientid=iot-device-01, thingname=iot-device-01, thingid=983c2b68-f9a3-4e83-b3c6-9f6f8ad5431b, thingarn=arn:aws:iot:us-east-1:507441099951:thing/iot-device-01, thingtypename=null, attributes={installed=1594665292, latitude=37.4133144, longitude=-122.1513069}, version=1, billinggroupname=null}","2020-11-26 00:00:00.000"
"iot-device-03","1.5946412294217124E9","52.3","70.88","false","false","0.0078","0.0051","0.0208","2020-11-26T17:21:49.993+0000","{defaultclientid=iot-device-03, thingname=iot-device-03, thingid=877352b9-a35d-45d3-9c98-162d89965a13, thingarn=arn:aws:iot:us-east-1:507441099951:thing/iot-device-03, thingtypename=null, attributes={installed=1592562234, latitude=37.4133144, longitude=-122.1513069}, version=1, billinggroupname=null}","2020-11-26 00:00:00.000"
"iot-device-03","1.5946412331074634E9","52.3","70.88","false","false","0.0078","0.0051","0.0209","2020-11-26T17:21:50.296+0000","{defaultclientid=iot-device-03, thingname=iot-device-03, thingid=877352b9-a35d-45d3-9c98-162d89965a13, thingarn=arn:aws:iot:us-east-1:507441099951:thing/iot-device-03, thingtypename=null, attributes={installed=1592562234, latitude=37.4133144, longitude=-122.1513069}, version=1, billinggroupname=null}","2020-11-26 00:00:00.000"
"iot-device-01","1.5946412333498833E9","75.4","67.46","false","false","0.0062","0.0037","0.0164","2020-11-26T17:21:50.591+0000","{defaultclientid=iot-device-01, thingname=iot-device-01, thingid=983c2b68-f9a3-4e83-b3c6-9f6f8ad5431b, thingarn=arn:aws:iot:us-east-1:507441099951:thing/iot-device-01, thingtypename=null, attributes={installed=1594665292, latitude=37.4133144, longitude=-122.1513069}, version=1, billinggroupname=null}","2020-11-26 00:00:00.000"
"iot-device-02","1.5946411870643573E9","59.8","74.48","true","false","0.0071","0.0045","0.0189","2020-11-26T17:21:41.991+0000","{defaultclientid=iot-device-02, thingname=iot-device-02, thingid=4ae4927a-aefb-4584-a45a-fc4839feffd6, thingarn=arn:aws:iot:us-east-1:507441099951:thing/iot-device-02, thingtypename=null, attributes={installed=1593361211, latitude=32.8205865, longitude=-96.871627}, version=1, billinggroupname=null}","2020-11-26 00:00:00.000"
"iot-device-03","1.5946411886307833E9","52.4","70.88","false","false","0.0078","0.0051","0.0209","2020-11-26T17:21:42.280+0000","{defaultclientid=iot-device-03, thingname=iot-device-03, thingid=877352b9-a35d-45d3-9c98-162d89965a13, thingarn=arn:aws:iot:us-east-1:507441099951:thing/iot-device-03, thingtypename=null, attributes={installed=1592562234, latitude=37.4133144, longitude=-122.1513069}, version=1, billinggroupname=null}","2020-11-26 00:00:00.000"
"iot-device-01","1.594641188854775E9","76.4","67.46","false","false","0.0062","0.0037","0.0164","2020-11-26T17:21:42.568+0000","{defaultclientid=iot-device-01, thingname=iot-device-01, thingid=983c2b68-f9a3-4e83-b3c6-9f6f8ad5431b, thingarn=arn:aws:iot:us-east-1:507441099951:thing/iot-device-01, thingtypename=null, attributes={installed=1594665292, latitude=37.4133144, longitude=-122.1513069}, version=1, billinggroupname=null}","2020-11-26 00:00:00.000"
"iot-device-03","1.5946411923168213E9","52.4","71.06","false","false","0.0078","0.0051","0.0209","2020-11-26T17:21:42.859+0000","{defaultclientid=iot-device-03, thingname=iot-device-03, thingid=877352b9-a35d-45d3-9c98-162d89965a13, thingarn=arn:aws:iot:us-east-1:507441099951:thing/iot-device-03, thingtypename=null, attributes={installed=1592562234, latitude=37.4133144, longitude=-122.1513069}, version=1, billinggroupname=null}","2020-11-26 00:00:00.000"
"iot-device-01","1.5946411926671026E9","76.4","67.46","false","false","0.0062","0.0037","0.0164","2020-11-26T17:21:43.149+0000","{defaultclientid=iot-device-01, thingname=iot-device-01, thingid=983c2b68-f9a3-4e83-b3c6-9f6f8ad5431b, thingarn=arn:aws:iot:us-east-1:507441099951:thing/iot-device-01, thingtypename=null, attributes={installed=1594665292, latitude=37.4133144, longitude=-122.1513069}, version=1, billinggroupname=null}","2020-11-26 00:00:00.000"
"iot-device-02","1.5946411935520484E9","59.7","74.48","true","false","0.0072","0.0045","0.019","2020-11-26T17:21:43.440+0000","{defaultclientid=iot-device-02, thingname=iot-device-02, thingid=4ae4927a-aefb-4584-a45a-fc4839feffd6, thingarn=arn:aws:iot:us-east-1:507441099951:thing/iot-device-02, thingtypename=null, attributes={installed=1593361211, latitude=32.8205865, longitude=-96.871627}, version=1, billinggroupname=null}","2020-11-26 00:00:00.000"
"iot-device-03","1.5946411960028546E9","52.4","71.06","false","false","0.0078","0.0051","0.0208","2020-11-26T17:21:43.756+0000","{defaultclientid=iot-device-03, thingname=iot-device-03, thingid=877352b9-a35d-45d3-9c98-162d89965a13, thingarn=arn:aws:iot:us-east-1:507441099951:thing/iot-device-03, thingtypename=null, attributes={installed=1592562234, latitude=37.4133144, longitude=-122.1513069}, version=1, billinggroupname=null}","2020-11-26 00:00:00.000"
"iot-device-01","1.5946411970238168E9","76.5","67.46","false","false","0.0062","0.0037","0.0164","2020-11-26T17:21:44.055+0000","{defaultclientid=iot-device-01, thingname=iot-device-01, thingid=983c2b68-f9a3-4e83-b3c6-9f6f8ad5431b, thingarn=arn:aws:iot:us-east-1:507441099951:thing/iot-device-01, thingtypename=null, attributes={installed=1594665292, latitude=37.4133144, longitude=-122.1513069}, version=1, billinggroupname=null}","2020-11-26 00:00:00.000"
"iot-device-03","1.5946411996887162E9","52.4","71.06","false","false","0.0078","0.0051","0.0208","2020-11-26T17:21:44.349+0000","{defaultclientid=iot-device-03, thingname=iot-device-03, thingid=877352b9-a35d-45d3-9c98-162d89965a13, thingarn=arn:aws:iot:us-east-1:507441099951:thing/iot-device-03, thingtypename=null, attributes={installed=1592562234, latitude=37.4133144, longitude=-122.1513069}, version=1, billinggroupname=null}","2020-11-26 00:00:00.000"
"iot-device-02","1.594641203239852E9","59.6","74.48","true","false","0.0072","0.0045","0.0191","2020-11-26T17:21:44.640+0000","{defaultclientid=iot-device-02, thingname=iot-device-02, thingid=4ae4927a-aefb-4584-a45a-fc4839feffd6, thingarn=arn:aws:iot:us-east-1:507441099951:thing/iot-device-02, thingtypename=null, attributes={installed=1593361211, latitude=32.8205865, longitude=-96.871627}, version=1, billinggroupname=null}","2020-11-26 00:00:00.000"
"iot-device-03","1.5946411699440491E9","52.4","70.88","false","false","0.0078","0.0051","0.0209","2020-11-26T17:21:39.074+0000","{defaultclientid=iot-device-03, thingname=iot-device-03, thingid=877352b9-a35d-45d3-9c98-162d89965a13, thingarn=arn:aws:iot:us-east-1:507441099951:thing/iot-device-03, thingtypename=null, attributes={installed=1592562234, latitude=37.4133144, longitude=-122.1513069}, version=1, billinggroupname=null}","2020-11-26 00:00:00.000"
"iot-device-02","1.5946411734699078E9","59.8","74.48","true","false","0.0072","0.0045","0.0191","2020-11-26T17:21:39.370+0000","{defaultclientid=iot-device-02, thingname=iot-device-02, thingid=4ae4927a-aefb-4584-a45a-fc4839feffd6, thingarn=arn:aws:iot:us-east-1:507441099951:thing/iot-device-02, thingtypename=null, attributes={installed=1593361211, latitude=32.8205865, longitude=-96.871627}, version=1, billinggroupname=null}","2020-11-26 00:00:00.000"
"iot-device-03","1.5946411736310842E9","52.5","71.06","false","false","0.0078","0.0051","0.0209","2020-11-26T17:21:39.659+0000","{defaultclientid=iot-device-03, thingname=iot-device-03, thingid=877352b9-a35d-45d3-9c98-162d89965a13, thingarn=arn:aws:iot:us-east-1:507441099951:thing/iot-device-03, thingtypename=null, attributes={installed=1592562234, latitude=37.4133144, longitude=-122.1513069}, version=1, billinggroupname=null}","2020-11-26 00:00:00.000"
"iot-device-03","1.5946411775716698E9","52.5","71.06","false","false","0.0078","0.0051","0.0209","2020-11-26T17:21:39.948+0000","{defaultclientid=iot-device-03, thingname=iot-device-03, thingid=877352b9-a35d-45d3-9c98-162d89965a13, thingarn=arn:aws:iot:us-east-1:507441099951:thing/iot-device-03, thingtypename=null, attributes={installed=1592562234, latitude=37.4133144, longitude=-122.1513069}, version=1, billinggroupname=null}","2020-11-26 00:00:00.000"
"iot-device-01","1.5946411779974716E9","76.4","67.46","false","false","0.0062","0.0037","0.0164","2020-11-26T17:21:40.239+0000","{defaultclientid=iot-device-01, thingname=iot-device-01, thingid=983c2b68-f9a3-4e83-b3c6-9f6f8ad5431b, thingarn=arn:aws:iot:us-east-1:507441099951:thing/iot-device-01, thingtypename=null, attributes={installed=1594665292, latitude=37.4133144, longitude=-122.1513069}, version=1, billinggroupname=null}","2020-11-26 00:00:00.000"
"iot-device-02","1.5946411783507216E9","59.8","74.48","true","false","0.0071","0.0045","0.019","2020-11-26T17:21:40.520+0000","{defaultclientid=iot-device-02, thingname=iot-device-02, thingid=4ae4927a-aefb-4584-a45a-fc4839feffd6, thingarn=arn:aws:iot:us-east-1:507441099951:thing/iot-device-02, thingtypename=null, attributes={installed=1593361211, latitude=32.8205865, longitude=-96.871627}, version=1, billinggroupname=null}","2020-11-26 00:00:00.000"
"iot-device-03","1.5946411812582273E9","52.5","71.06","false","false","0.0078","0.0051","0.0208","2020-11-26T17:21:40.813+0000","{defaultclientid=iot-device-03, thingname=iot-device-03, thingid=877352b9-a35d-45d3-9c98-162d89965a13, thingarn=arn:aws:iot:us-east-1:507441099951:thing/iot-device-03, thingtypename=null, attributes={installed=1592562234, latitude=37.4133144, longitude=-122.1513069}, version=1, billinggroupname=null}","2020-11-26 00:00:00.000"
"iot-device-01","1.5946411823490126E9","76.4","67.46","false","false","0.0062","0.0037","0.0164","2020-11-26T17:21:41.098+0000","{defaultclientid=iot-device-01, thingname=iot-device-01, thingid=983c2b68-f9a3-4e83-b3c6-9f6f8ad5431b, thingarn=arn:aws:iot:us-east-1:507441099951:thing/iot-device-01, thingtypename=null, attributes={installed=1594665292, latitude=37.4133144, longitude=-122.1513069}, version=1, billinggroupname=null}","2020-11-26 00:00:00.000"
"iot-device-02","1.5946411832547927E9","60.1","74.48","true","false","0.0071","0.0045","0.0189","2020-11-26T17:21:41.390+0000","{defaultclientid=iot-device-02, thingname=iot-device-02, thingid=4ae4927a-aefb-4584-a45a-fc4839feffd6, thingarn=arn:aws:iot:us-east-1:507441099951:thing/iot-device-02, thingtypename=null, attributes={installed=1593361211, latitude=32.8205865, longitude=-96.871627}, version=1, billinggroupname=null}","2020-11-26 00:00:00.000"
"iot-device-03","1.5946411849448485E9","52.4","70.88","false","false","0.0078","0.0051","0.0209","2020-11-26T17:21:41.698+0000","{defaultclientid=iot-device-03, thingname=iot-device-03, thingid=877352b9-a35d-45d3-9c98-162d89965a13, thingarn=arn:aws:iot:us-east-1:507441099951:thing/iot-device-03, thingtypename=null, attributes={installed=1592562234, latitude=37.4133144, longitude=-122.1513069}, version=1, billinggroupname=null}","2020-11-26 00:00:00.000"
"iot-device-01","1.5946411562933981E9","76.4","67.46","false","false","0.0062","0.0037","0.0164","2020-11-26T17:21:36.144+0000","{defaultclientid=iot-device-01, thingname=iot-device-01, thingid=983c2b68-f9a3-4e83-b3c6-9f6f8ad5431b, thingarn=arn:aws:iot:us-east-1:507441099951:thing/iot-device-01, thingtypename=null, attributes={installed=1594665292, latitude=37.4133144, longitude=-122.1513069}, version=1, billinggroupname=null}","2020-11-26 00:00:00.000"
"iot-device-03","1.594641158642308E9","52.5","71.06","false","false","0.0078","0.0051","0.0209","2020-11-26T17:21:36.441+0000","{defaultclientid=iot-device-03, thingname=iot-device-03, thingid=877352b9-a35d-45d3-9c98-162d89965a13, thingarn=arn:aws:iot:us-east-1:507441099951:thing/iot-device-03, thingtypename=null, attributes={installed=1592562234, latitude=37.4133144, longitude=-122.1513069}, version=1, billinggroupname=null}","2020-11-26 00:00:00.000"
"iot-device-02","1.5946411609698102E9","59.7","74.66","true","false","0.0072","0.0045","0.019","2020-11-26T17:21:36.729+0000","{defaultclientid=iot-device-02, thingname=iot-device-02, thingid=4ae4927a-aefb-4584-a45a-fc4839feffd6, thingarn=arn:aws:iot:us-east-1:507441099951:thing/iot-device-02, thingtypename=null, attributes={installed=1593361211, latitude=32.8205865, longitude=-96.871627}, version=1, billinggroupname=null}","2020-11-26 00:00:00.000"
"iot-device-01","1.5946411611809652E9","76.4","67.46","false","false","0.0062","0.0037","0.0164","2020-11-26T17:21:37.019+0000","{defaultclientid=iot-device-01, thingname=iot-device-01, thingid=983c2b68-f9a3-4e83-b3c6-9f6f8ad5431b, thingarn=arn:aws:iot:us-east-1:507441099951:thing/iot-device-01, thingtypename=null, attributes={installed=1594665292, latitude=37.4133144, longitude=-122.1513069}, version=1, billinggroupname=null}","2020-11-26 00:00:00.000"
"iot-device-03","1.594641162328786E9","52.5","71.06","false","false","0.0078","0.0051","0.0208","2020-11-26T17:21:37.310+0000","{defaultclientid=iot-device-03, thingname=iot-device-03, thingid=877352b9-a35d-45d3-9c98-162d89965a13, thingarn=arn:aws:iot:us-east-1:507441099951:thing/iot-device-03, thingtypename=null, attributes={installed=1592562234, latitude=37.4133144, longitude=-122.1513069}, version=1, billinggroupname=null}","2020-11-26 00:00:00.000"
"iot-device-02","1.5946411658470182E9","59.7","74.48","true","false","0.0072","0.0046","0.0192","2020-11-26T17:21:37.599+0000","{defaultclientid=iot-device-02, thingname=iot-device-02, thingid=4ae4927a-aefb-4584-a45a-fc4839feffd6, thingarn=arn:aws:iot:us-east-1:507441099951:thing/iot-device-02, thingtypename=null, attributes={installed=1593361211, latitude=32.8205865, longitude=-96.871627}, version=1, billinggroupname=null}","2020-11-26 00:00:00.000"
"iot-device-03","1.5946411660134025E9","52.4","70.88","false","false","0.0078","0.0051","0.0208","2020-11-26T17:21:37.890+0000","{defaultclientid=iot-device-03, thingname=iot-device-03, thingid=877352b9-a35d-45d3-9c98-162d89965a13, thingarn=arn:aws:iot:us-east-1:507441099951:thing/iot-device-03, thingtypename=null, attributes={installed=1592562234, latitude=37.4133144, longitude=-122.1513069}, version=1, billinggroupname=null}","2020-11-26 00:00:00.000"
"iot-device-01","1.5946411660708096E9","76.4","67.46","false","false","0.0062","0.0037","0.0164","2020-11-26T17:21:38.192+0000","{defaultclientid=iot-device-01, thingname=iot-device-01, thingid=983c2b68-f9a3-4e83-b3c6-9f6f8ad5431b, thingarn=arn:aws:iot:us-east-1:507441099951:thing/iot-device-01, thingtypename=null, attributes={installed=1594665292, latitude=37.4133144, longitude=-122.1513069}, version=1, billinggroupname=null}","2020-11-26 00:00:00.000"
"iot-device-02","1.594641169659676E9","59.7","74.48","true","false","0.0071","0.0045","0.0189","2020-11-26T17:21:38.485+0000","{defaultclientid=iot-device-02, thingname=iot-device-02, thingid=4ae4927a-aefb-4584-a45a-fc4839feffd6, thingarn=arn:aws:iot:us-east-1:507441099951:thing/iot-device-02, thingtypename=null, attributes={installed=1593361211, latitude=32.8205865, longitude=-96.871627}, version=1, billinggroupname=null}","2020-11-26 00:00:00.000"
"iot-device-01","1.5946411698833306E9","76.4","67.46","false","false","0.0062","0.0037","0.0164","2020-11-26T17:21:38.774+0000","{defaultclientid=iot-device-01, thingname=iot-device-01, thingid=983c2b68-f9a3-4e83-b3c6-9f6f8ad5431b, thingarn=arn:aws:iot:us-east-1:507441099951:thing/iot-device-01, thingtypename=null, attributes={installed=1594665292, latitude=37.4133144, longitude=-122.1513069}, version=1, billinggroupname=null}","2020-11-26 00:00:00.000"
"iot-device-03","1.594641203374741E9","52.3","70.88","false","false","0.0078","0.0051","0.0208","2020-11-26T17:21:44.934+0000","{defaultclientid=iot-device-03, thingname=iot-device-03, thingid=877352b9-a35d-45d3-9c98-162d89965a13, thingarn=arn:aws:iot:us-east-1:507441099951:thing/iot-device-03, thingtypename=null, attributes={installed=1592562234, latitude=37.4133144, longitude=-122.1513069}, version=1, billinggroupname=null}","2020-11-26 00:00:00.000"
"iot-device-01","1.5946412040603216E9","76.1","67.46","false","false","0.0062","0.0037","0.0164","2020-11-26T17:21:45.230+0000","{defaultclientid=iot-device-01, thingname=iot-device-01, thingid=983c2b68-f9a3-4e83-b3c6-9f6f8ad5431b, thingarn=arn:aws:iot:us-east-1:507441099951:thing/iot-device-01, thingtypename=null, attributes={installed=1594665292, latitude=37.4133144, longitude=-122.1513069}, version=1, billinggroupname=null}","2020-11-26 00:00:00.000"
"iot-device-02","1.594641207045164E9","59.6","74.48","true","false","0.0072","0.0046","0.0192","2020-11-26T17:21:45.528+0000","{defaultclientid=iot-device-02, thingname=iot-device-02, thingid=4ae4927a-aefb-4584-a45a-fc4839feffd6, thingarn=arn:aws:iot:us-east-1:507441099951:thing/iot-device-02, thingtypename=null, attributes={installed=1593361211, latitude=32.8205865, longitude=-96.871627}, version=1, billinggroupname=null}","2020-11-26 00:00:00.000"
"iot-device-03","1.59464120706072E9","52.4","71.06","false","false","0.0078","0.0051","0.0208","2020-11-26T17:21:45.827+0000","{defaultclientid=iot-device-03, thingname=iot-device-03, thingid=877352b9-a35d-45d3-9c98-162d89965a13, thingarn=arn:aws:iot:us-east-1:507441099951:thing/iot-device-03, thingtypename=null, attributes={installed=1592562234, latitude=37.4133144, longitude=-122.1513069}, version=1, billinggroupname=null}","2020-11-26 00:00:00.000"
"iot-device-01","1.5946412084137757E9","75.8","67.46","false","false","0.0062","0.0037","0.0164","2020-11-26T17:21:46.123+0000","{defaultclientid=iot-device-01, thingname=iot-device-01, thingid=983c2b68-f9a3-4e83-b3c6-9f6f8ad5431b, thingarn=arn:aws:iot:us-east-1:507441099951:thing/iot-device-01, thingtypename=null, attributes={installed=1594665292, latitude=37.4133144, longitude=-122.1513069}, version=1, billinggroupname=null}","2020-11-26 00:00:00.000"
"iot-device-03","1.5946412107467132E9","52.4","71.06","false","false","0.0078","0.0051","0.0209","2020-11-26T17:21:46.417+0000","{defaultclientid=iot-device-03, thingname=iot-device-03, thingid=877352b9-a35d-45d3-9c98-162d89965a13, thingarn=arn:aws:iot:us-east-1:507441099951:thing/iot-device-03, thingtypename=null, attributes={installed=1592562234, latitude=37.4133144, longitude=-122.1513069}, version=1, billinggroupname=null}","2020-11-26 00:00:00.000"
"iot-device-02","1.5946412140600462E9","59.5","74.48","true","false","0.0073","0.0046","0.0194","2020-11-26T17:21:46.710+0000","{defaultclientid=iot-device-02, thingname=iot-device-02, thingid=4ae4927a-aefb-4584-a45a-fc4839feffd6, thingarn=arn:aws:iot:us-east-1:507441099951:thing/iot-device-02, thingtypename=null, attributes={installed=1593361211, latitude=32.8205865, longitude=-96.871627}, version=1, billinggroupname=null}","2020-11-26 00:00:00.000"
"iot-device-03","1.5946412144326339E9","52.4","71.06","false","false","0.0078","0.0051","0.0208","2020-11-26T17:21:47.002+0000","{defaultclientid=iot-device-03, thingname=iot-device-03, thingid=877352b9-a35d-45d3-9c98-162d89965a13, thingarn=arn:aws:iot:us-east-1:507441099951:thing/iot-device-03, thingtypename=null, attributes={installed=1592562234, latitude=37.4133144, longitude=-122.1513069}, version=1, billinggroupname=null}","2020-11-26 00:00:00.000"
"iot-device-03","1.5946412183631372E9","52.4","71.06","false","false","0.0078","0.0051","0.0209","2020-11-26T17:21:47.291+0000","{defaultclientid=iot-device-03, thingname=iot-device-03, thingid=877352b9-a35d-45d3-9c98-162d89965a13, thingarn=arn:aws:iot:us-east-1:507441099951:thing/iot-device-03, thingtypename=null, attributes={installed=1592562234, latitude=37.4133144, longitude=-122.1513069}, version=1, billinggroupname=null}","2020-11-26 00:00:00.000"
"iot-device-02","1.5946412184004176E9","59.4","74.48","true","false","0.0073","0.0047","0.0195","2020-11-26T17:21:47.621+0000","{defaultclientid=iot-device-02, thingname=iot-device-02, thingid=4ae4927a-aefb-4584-a45a-fc4839feffd6, thingarn=arn:aws:iot:us-east-1:507441099951:thing/iot-device-02, thingtypename=null, attributes={installed=1593361211, latitude=32.8205865, longitude=-96.871627}, version=1, billinggroupname=null}","2020-11-26 00:00:00.000"
"iot-device-03","1.5946411402159884E9","52.4","70.88","false","false","0.0078","0.0051","0.0209","2020-11-26T17:21:33.106+0000","{defaultclientid=iot-device-03, thingname=iot-device-03, thingid=877352b9-a35d-45d3-9c98-162d89965a13, thingarn=arn:aws:iot:us-east-1:507441099951:thing/iot-device-03, thingtypename=null, attributes={installed=1592562234, latitude=37.4133144, longitude=-122.1513069}, version=1, billinggroupname=null}","2020-11-26 00:00:00.000"
"iot-device-01","1.5946411427564087E9","76.8","67.46","false","false","0.0062","0.0037","0.0164","2020-11-26T17:21:33.389+0000","{defaultclientid=iot-device-01, thingname=iot-device-01, thingid=983c2b68-f9a3-4e83-b3c6-9f6f8ad5431b, thingarn=arn:aws:iot:us-east-1:507441099951:thing/iot-device-01, thingtypename=null, attributes={installed=1594665292, latitude=37.4133144, longitude=-122.1513069}, version=1, billinggroupname=null}","2020-11-26 00:00:00.000"
"iot-device-03","1.594641143902227E9","52.5","71.06","false","false","0.0078","0.0051","0.0209","2020-11-26T17:21:33.678+0000","{defaultclientid=iot-device-03, thingname=iot-device-03, thingid=877352b9-a35d-45d3-9c98-162d89965a13, thingarn=arn:aws:iot:us-east-1:507441099951:thing/iot-device-03, thingtypename=null, attributes={installed=1592562234, latitude=37.4133144, longitude=-122.1513069}, version=1, billinggroupname=null}","2020-11-26 00:00:00.000"
"iot-device-02","1.5946411442044446E9","59.6","74.48","true","false","0.0071","0.0045","0.019","2020-11-26T17:21:33.970+0000","{defaultclientid=iot-device-02, thingname=iot-device-02, thingid=4ae4927a-aefb-4584-a45a-fc4839feffd6, thingarn=arn:aws:iot:us-east-1:507441099951:thing/iot-device-02, thingtypename=null, attributes={installed=1593361211, latitude=32.8205865, longitude=-96.871627}, version=1, billinggroupname=null}","2020-11-26 00:00:00.000"
"iot-device-03","1.5946411475864556E9","52.5","71.06","false","false","0.0078","0.0051","0.0208","2020-11-26T17:21:34.259+0000","{defaultclientid=iot-device-03, thingname=iot-device-03, thingid=877352b9-a35d-45d3-9c98-162d89965a13, thingarn=arn:aws:iot:us-east-1:507441099951:thing/iot-device-03, thingtypename=null, attributes={installed=1592562234, latitude=37.4133144, longitude=-122.1513069}, version=1, billinggroupname=null}","2020-11-26 00:00:00.000"
"iot-device-02","1.594641148543138E9","59.6","74.48","true","false","0.0072","0.0045","0.019","2020-11-26T17:21:34.552+0000","{defaultclientid=iot-device-02, thingname=iot-device-02, thingid=4ae4927a-aefb-4584-a45a-fc4839feffd6, thingarn=arn:aws:iot:us-east-1:507441099951:thing/iot-device-02, thingtypename=null, attributes={installed=1593361211, latitude=32.8205865, longitude=-96.871627}, version=1, billinggroupname=null}","2020-11-26 00:00:00.000"
"iot-device-01","1.594641148718838E9","76.5","67.64","false","false","0.0062","0.0037","0.0164","2020-11-26T17:21:34.918+0000","{defaultclientid=iot-device-01, thingname=iot-device-01, thingid=983c2b68-f9a3-4e83-b3c6-9f6f8ad5431b, thingarn=arn:aws:iot:us-east-1:507441099951:thing/iot-device-01, thingtypename=null, attributes={installed=1594665292, latitude=37.4133144, longitude=-122.1513069}, version=1, billinggroupname=null}","2020-11-26 00:00:00.000"
"iot-device-03","1.5946411512712948E9","52.5","71.06","false","false","0.0078","0.0051","0.0209","2020-11-26T17:21:35.209+0000","{defaultclientid=iot-device-03, thingname=iot-device-03, thingid=877352b9-a35d-45d3-9c98-162d89965a13, thingarn=arn:aws:iot:us-east-1:507441099951:thing/iot-device-03, thingtypename=null, attributes={installed=1592562234, latitude=37.4133144, longitude=-122.1513069}, version=1, billinggroupname=null}","2020-11-26 00:00:00.000"
"iot-device-02","1.594641154485857E9","59.6","74.48","true","false","0.0072","0.0045","0.019","2020-11-26T17:21:35.501+0000","{defaultclientid=iot-device-02, thingname=iot-device-02, thingid=4ae4927a-aefb-4584-a45a-fc4839feffd6, thingarn=arn:aws:iot:us-east-1:507441099951:thing/iot-device-02, thingtypename=null, attributes={installed=1593361211, latitude=32.8205865, longitude=-96.871627}, version=1, billinggroupname=null}","2020-11-26 00:00:00.000"
"iot-device-03","1.594641154955583E9","52.5","71.06","false","false","0.0078","0.0051","0.0209","2020-11-26T17:21:35.800+0000","{defaultclientid=iot-device-03, thingname=iot-device-03, thingid=877352b9-a35d-45d3-9c98-162d89965a13, thingarn=arn:aws:iot:us-east-1:507441099951:thing/iot-device-03, thingtypename=null, attributes={installed=1592562234, latitude=37.4133144, longitude=-122.1513069}, version=1, billinggroupname=null}","2020-11-26 00:00:00.000"
"iot-device-02","1.594641235177397E9","59.4","74.48","true","false","0.0072","0.0045","0.019","2020-11-26T17:21:50.884+0000","{defaultclientid=iot-device-02, thingname=iot-device-02, thingid=4ae4927a-aefb-4584-a45a-fc4839feffd6, thingarn=arn:aws:iot:us-east-1:507441099951:thing/iot-device-02, thingtypename=null, attributes={installed=1593361211, latitude=32.8205865, longitude=-96.871627}, version=1, billinggroupname=null}","2020-11-26 00:00:00.000"
"iot-device-03","1.5946412367933714E9","52.4","71.06","false","false","0.0078","0.0051","0.0208","2020-11-26T17:21:51.170+0000","{defaultclientid=iot-device-03, thingname=iot-device-03, thingid=877352b9-a35d-45d3-9c98-162d89965a13, thingarn=arn:aws:iot:us-east-1:507441099951:thing/iot-device-03, thingtypename=null, attributes={installed=1592562234, latitude=37.4133144, longitude=-122.1513069}, version=1, billinggroupname=null}","2020-11-26 00:00:00.000"
"iot-device-03","1.5946412407333233E9","52.4","71.06","false","false","0.0078","0.0051","0.021","2020-11-26T17:21:51.458+0000","{defaultclientid=iot-device-03, thingname=iot-device-03, thingid=877352b9-a35d-45d3-9c98-162d89965a13, thingarn=arn:aws:iot:us-east-1:507441099951:thing/iot-device-03, thingtypename=null, attributes={installed=1592562234, latitude=37.4133144, longitude=-122.1513069}, version=1, billinggroupname=null}","2020-11-26 00:00:00.000"
"iot-device-01","1.5946412419962757E9","75.2","67.46","false","false","0.0062","0.0037","0.0164","2020-11-26T17:21:51.738+0000","{defaultclientid=iot-device-01, thingname=iot-device-01, thingid=983c2b68-f9a3-4e83-b3c6-9f6f8ad5431b, thingarn=arn:aws:iot:us-east-1:507441099951:thing/iot-device-01, thingtypename=null, attributes={installed=1594665292, latitude=37.4133144, longitude=-122.1513069}, version=1, billinggroupname=null}","2020-11-26 00:00:00.000"
"iot-device-03","1.594641244419525E9","52.3","70.88","false","false","0.0078","0.0051","0.0208","2020-11-26T17:21:52.027+0000","{defaultclientid=iot-device-03, thingname=iot-device-03, thingid=877352b9-a35d-45d3-9c98-162d89965a13, thingarn=arn:aws:iot:us-east-1:507441099951:thing/iot-device-03, thingtypename=null, attributes={installed=1592562234, latitude=37.4133144, longitude=-122.1513069}, version=1, billinggroupname=null}","2020-11-26 00:00:00.000"
"iot-device-02","1.5946412448842866E9","59.3","74.48","true","false","0.0072","0.0045","0.019","2020-11-26T17:21:52.320+0000","{defaultclientid=iot-device-02, thingname=iot-device-02, thingid=4ae4927a-aefb-4584-a45a-fc4839feffd6, thingarn=arn:aws:iot:us-east-1:507441099951:thing/iot-device-02, thingtypename=null, attributes={installed=1593361211, latitude=32.8205865, longitude=-96.871627}, version=1, billinggroupname=null}","2020-11-26 00:00:00.000"
"iot-device-01","1.594641247421549E9","75.2","67.46","false","false","0.0062","0.0037","0.0164","2020-11-26T17:21:52.610+0000","{defaultclientid=iot-device-01, thingname=iot-device-01, thingid=983c2b68-f9a3-4e83-b3c6-9f6f8ad5431b, thingarn=arn:aws:iot:us-east-1:507441099951:thing/iot-device-01, thingtypename=null, attributes={installed=1594665292, latitude=37.4133144, longitude=-122.1513069}, version=1, billinggroupname=null}","2020-11-26 00:00:00.000"
"iot-device-03","1.5946412483590007E9","52.3","70.88","false","false","0.0078","0.0051","0.0209","2020-11-26T17:21:52.897+0000","{defaultclientid=iot-device-03, thingname=iot-device-03, thingid=877352b9-a35d-45d3-9c98-162d89965a13, thingarn=arn:aws:iot:us-east-1:507441099951:thing/iot-device-03, thingtypename=null, attributes={installed=1592562234, latitude=37.4133144, longitude=-122.1513069}, version=1, billinggroupname=null}","2020-11-26 00:00:00.000"
"iot-device-01","1.5946412512508588E9","75.4","67.46","false","false","0.0062","0.0037","0.0164","2020-11-26T17:21:53.191+0000","{defaultclientid=iot-device-01, thingname=iot-device-01, thingid=983c2b68-f9a3-4e83-b3c6-9f6f8ad5431b, thingarn=arn:aws:iot:us-east-1:507441099951:thing/iot-device-01, thingtypename=null, attributes={installed=1594665292, latitude=37.4133144, longitude=-122.1513069}, version=1, billinggroupname=null}","2020-11-26 00:00:00.000"
"iot-device-02","1.5946412519008374E9","59.4","74.48","true","false","0.0071","0.0045","0.0189","2020-11-26T17:21:53.480+0000","{defaultclientid=iot-device-02, thingname=iot-device-02, thingid=4ae4927a-aefb-4584-a45a-fc4839feffd6, thingarn=arn:aws:iot:us-east-1:507441099951:thing/iot-device-02, thingtypename=null, attributes={installed=1593361211, latitude=32.8205865, longitude=-96.871627}, version=1, billinggroupname=null}","2020-11-26 00:00:00.000"
"iot-device-03","1.5946412815145562E9","52.4","70.88","false","false","0.0078","0.0051","0.0209","2020-11-26T17:21:59.630+0000","{defaultclientid=iot-device-03, thingname=iot-device-03, thingid=877352b9-a35d-45d3-9c98-162d89965a13, thingarn=arn:aws:iot:us-east-1:507441099951:thing/iot-device-03, thingtypename=null, attributes={installed=1592562234, latitude=37.4133144, longitude=-122.1513069}, version=1, billinggroupname=null}","2020-11-26 00:00:00.000"
"iot-device-01","1.594641282257698E9","75.9","67.46","false","false","0.0062","0.0037","0.0164","2020-11-26T17:21:59.920+0000","{defaultclientid=iot-device-01, thingname=iot-device-01, thingid=983c2b68-f9a3-4e83-b3c6-9f6f8ad5431b, thingarn=arn:aws:iot:us-east-1:507441099951:thing/iot-device-01, thingtypename=null, attributes={installed=1594665292, latitude=37.4133144, longitude=-122.1513069}, version=1, billinggroupname=null}","2020-11-26 00:00:00.000"
"iot-device-03","1.594641252057626E9","52.3","70.88","false","false","0.0078","0.0051","0.0209","2020-11-26T17:21:53.779+0000","{defaultclientid=iot-device-03, thingname=iot-device-03, thingid=877352b9-a35d-45d3-9c98-162d89965a13, thingarn=arn:aws:iot:us-east-1:507441099951:thing/iot-device-03, thingtypename=null, attributes={installed=1592562234, latitude=37.4133144, longitude=-122.1513069}, version=1, billinggroupname=null}","2020-11-26 00:00:00.000"
"iot-device-03","1.5946412556917288E9","52.4","71.06","false","false","0.0078","0.0051","0.0208","2020-11-26T17:21:54.072+0000","{defaultclientid=iot-device-03, thingname=iot-device-03, thingid=877352b9-a35d-45d3-9c98-162d89965a13, thingarn=arn:aws:iot:us-east-1:507441099951:thing/iot-device-03, thingtypename=null, attributes={installed=1592562234, latitude=37.4133144, longitude=-122.1513069}, version=1, billinggroupname=null}","2020-11-26 00:00:00.000"
"iot-device-02","1.5946412557113655E9","59.7","74.48","true","false","0.0072","0.0046","0.0191","2020-11-26T17:21:54.370+0000","{defaultclientid=iot-device-02, thingname=iot-device-02, thingid=4ae4927a-aefb-4584-a45a-fc4839feffd6, thingarn=arn:aws:iot:us-east-1:507441099951:thing/iot-device-02, thingtypename=null, attributes={installed=1593361211, latitude=32.8205865, longitude=-96.871627}, version=1, billinggroupname=null}","2020-11-26 00:00:00.000"
"iot-device-01","1.5946412561399038E9","75.3","67.46","false","false","0.0062","0.0037","0.0164","2020-11-26T17:21:54.659+0000","{defaultclientid=iot-device-01, thingname=iot-device-01, thingid=983c2b68-f9a3-4e83-b3c6-9f6f8ad5431b, thingarn=arn:aws:iot:us-east-1:507441099951:thing/iot-device-01, thingtypename=null, attributes={installed=1594665292, latitude=37.4133144, longitude=-122.1513069}, version=1, billinggroupname=null}","2020-11-26 00:00:00.000"
"iot-device-03","1.594641259388149E9","52.4","70.88","false","false","0.0078","0.0051","0.0209","2020-11-26T17:21:54.950+0000","{defaultclientid=iot-device-03, thingname=iot-device-03, thingid=877352b9-a35d-45d3-9c98-162d89965a13, thingarn=arn:aws:iot:us-east-1:507441099951:thing/iot-device-03, thingtypename=null, attributes={installed=1592562234, latitude=37.4133144, longitude=-122.1513069}, version=1, billinggroupname=null}","2020-11-26 00:00:00.000"
"iot-device-01","1.5946412610288048E9","75.5","67.46","false","false","0.0062","0.0037","0.0164","2020-11-26T17:21:55.240+0000","{defaultclientid=iot-device-01, thingname=iot-device-01, thingid=983c2b68-f9a3-4e83-b3c6-9f6f8ad5431b, thingarn=arn:aws:iot:us-east-1:507441099951:thing/iot-device-01, thingtypename=null, attributes={installed=1594665292, latitude=37.4133144, longitude=-122.1513069}, version=1, billinggroupname=null}","2020-11-26 00:00:00.000"
"iot-device-02","1.594641261116752E9","59.7","74.48","true","false","0.0071","0.0044","0.0187","2020-11-26T17:21:55.540+0000","{defaultclientid=iot-device-02, thingname=iot-device-02, thingid=4ae4927a-aefb-4584-a45a-fc4839feffd6, thingarn=arn:aws:iot:us-east-1:507441099951:thing/iot-device-02, thingtypename=null, attributes={installed=1593361211, latitude=32.8205865, longitude=-96.871627}, version=1, billinggroupname=null}","2020-11-26 00:00:00.000"
"iot-device-03","1.5946412630756063E9","52.4","70.88","false","false","0.0078","0.0051","0.0209","2020-11-26T17:21:55.836+0000","{defaultclientid=iot-device-03, thingname=iot-device-03, thingid=877352b9-a35d-45d3-9c98-162d89965a13, thingarn=arn:aws:iot:us-east-1:507441099951:thing/iot-device-03, thingtypename=null, attributes={installed=1592562234, latitude=37.4133144, longitude=-122.1513069}, version=1, billinggroupname=null}","2020-11-26 00:00:00.000"
"iot-device-01","1.5946412648423676E9","75.5","67.46","false","false","0.0062","0.0037","0.0164","2020-11-26T17:21:56.121+0000","{defaultclientid=iot-device-01, thingname=iot-device-01, thingid=983c2b68-f9a3-4e83-b3c6-9f6f8ad5431b, thingarn=arn:aws:iot:us-east-1:507441099951:thing/iot-device-01, thingtypename=null, attributes={installed=1594665292, latitude=37.4133144, longitude=-122.1513069}, version=1, billinggroupname=null}","2020-11-26 00:00:00.000"
"iot-device-02","1.594641264924498E9","59.4","74.48","true","false","0.0071","0.0045","0.0189","2020-11-26T17:21:56.411+0000","{defaultclientid=iot-device-02, thingname=iot-device-02, thingid=4ae4927a-aefb-4584-a45a-fc4839feffd6, thingarn=arn:aws:iot:us-east-1:507441099951:thing/iot-device-02, thingtypename=null, attributes={installed=1593361211, latitude=32.8205865, longitude=-96.871627}, version=1, billinggroupname=null}","2020-11-26 00:00:00.000"
"iot-device-03","1.5946412667631598E9","52.4","70.88","false","false","0.0078","0.0051","0.0208","2020-11-26T17:21:56.700+0000","{defaultclientid=iot-device-03, thingname=iot-device-03, thingid=877352b9-a35d-45d3-9c98-162d89965a13, thingarn=arn:aws:iot:us-east-1:507441099951:thing/iot-device-03, thingtypename=null, attributes={installed=1592562234, latitude=37.4133144, longitude=-122.1513069}, version=1, billinggroupname=null}","2020-11-26 00:00:00.000"
"iot-device-01","1.5946412686566567E9","75.7","67.46","false","false","0.0062","0.0037","0.0164","2020-11-26T17:21:56.997+0000","{defaultclientid=iot-device-01, thingname=iot-device-01, thingid=983c2b68-f9a3-4e83-b3c6-9f6f8ad5431b, thingarn=arn:aws:iot:us-east-1:507441099951:thing/iot-device-01, thingtypename=null, attributes={installed=1594665292, latitude=37.4133144, longitude=-122.1513069}, version=1, billinggroupname=null}","2020-11-26 00:00:00.000"
"iot-device-03","1.5946412704508016E9","52.4","71.06","false","false","0.0078","0.0051","0.0208","2020-11-26T17:21:57.279+0000","{defaultclientid=iot-device-03, thingname=iot-device-03, thingid=877352b9-a35d-45d3-9c98-162d89965a13, thingarn=arn:aws:iot:us-east-1:507441099951:thing/iot-device-03, thingtypename=null, attributes={installed=1592562234, latitude=37.4133144, longitude=-122.1513069}, version=1, billinggroupname=null}","2020-11-26 00:00:00.000"
"iot-device-02","1.5946412714081435E9","59.5","74.48","true","false","0.0072","0.0046","0.0191","2020-11-26T17:21:57.570+0000","{defaultclientid=iot-device-02, thingname=iot-device-02, thingid=4ae4927a-aefb-4584-a45a-fc4839feffd6, thingarn=arn:aws:iot:us-east-1:507441099951:thing/iot-device-02, thingtypename=null, attributes={installed=1593361211, latitude=32.8205865, longitude=-96.871627}, version=1, billinggroupname=null}","2020-11-26 00:00:00.000"
"iot-device-01","1.5946412735540266E9","75.9","67.46","false","false","0.0062","0.0037","0.0164","2020-11-26T17:21:57.867+0000","{defaultclientid=iot-device-01, thingname=iot-device-01, thingid=983c2b68-f9a3-4e83-b3c6-9f6f8ad5431b, thingarn=arn:aws:iot:us-east-1:507441099951:thing/iot-device-01, thingtypename=null, attributes={installed=1594665292, latitude=37.4133144, longitude=-122.1513069}, version=1, billinggroupname=null}","2020-11-26 00:00:00.000"
"iot-device-03","1.5946412741384535E9","52.3","70.88","false","false","0.0078","0.0051","0.0209","2020-11-26T17:21:58.169+0000","{defaultclientid=iot-device-03, thingname=iot-device-03, thingid=877352b9-a35d-45d3-9c98-162d89965a13, thingarn=arn:aws:iot:us-east-1:507441099951:thing/iot-device-03, thingtypename=null, attributes={installed=1592562234, latitude=37.4133144, longitude=-122.1513069}, version=1, billinggroupname=null}","2020-11-26 00:00:00.000"
"iot-device-02","1.5946412752160914E9","59.8","74.48","true","false","0.0072","0.0045","0.019","2020-11-26T17:21:58.460+0000","{defaultclientid=iot-device-02, thingname=iot-device-02, thingid=4ae4927a-aefb-4584-a45a-fc4839feffd6, thingarn=arn:aws:iot:us-east-1:507441099951:thing/iot-device-02, thingtypename=null, attributes={installed=1593361211, latitude=32.8205865, longitude=-96.871627}, version=1, billinggroupname=null}","2020-11-26 00:00:00.000"
"iot-device-03","1.5946412778263953E9","52.4","71.06","false","false","0.0078","0.0051","0.0208","2020-11-26T17:21:58.749+0000","{defaultclientid=iot-device-03, thingname=iot-device-03, thingid=877352b9-a35d-45d3-9c98-162d89965a13, thingarn=arn:aws:iot:us-east-1:507441099951:thing/iot-device-03, thingtypename=null, attributes={installed=1592562234, latitude=37.4133144, longitude=-122.1513069}, version=1, billinggroupname=null}","2020-11-26 00:00:00.000"
"iot-device-01","1.5946412779057667E9","75.9","67.46","false","false","0.0062","0.0037","0.0163","2020-11-26T17:21:59.042+0000","{defaultclientid=iot-device-01, thingname=iot-device-01, thingid=983c2b68-f9a3-4e83-b3c6-9f6f8ad5431b, thingarn=arn:aws:iot:us-east-1:507441099951:thing/iot-device-01, thingtypename=null, attributes={installed=1594665292, latitude=37.4133144, longitude=-122.1513069}, version=1, billinggroupname=null}","2020-11-26 00:00:00.000"
"iot-device-02","1.5946412790233195E9","59.5","74.48","true","false","0.0073","0.0047","0.0195","2020-11-26T17:21:59.334+0000","{defaultclientid=iot-device-02, thingname=iot-device-02, thingid=4ae4927a-aefb-4584-a45a-fc4839feffd6, thingarn=arn:aws:iot:us-east-1:507441099951:thing/iot-device-02, thingtypename=null, attributes={installed=1593361211, latitude=32.8205865, longitude=-96.871627}, version=1, billinggroupname=null}","2020-11-26 00:00:00.000"
"iot-device-03","1.5946053755220234E9","51.2","71.24","false","false","0.008","0.0053","0.0214","2020-11-26T17:00:05.858+0000","{defaultclientid=iot-device-03, thingname=iot-device-03, thingid=877352b9-a35d-45d3-9c98-162d89965a13, thingarn=arn:aws:iot:us-east-1:507441099951:thing/iot-device-03, thingtypename=null, attributes={installed=1592562234, latitude=37.4133144, longitude=-122.1513069}, version=1, billinggroupname=null}","2020-11-26 00:00:00.000"
"iot-device-02","1.5946053772611606E9","59.0","79.16","true","false","0.0072","0.0046","0.0192","2020-11-26T17:00:06.173+0000","{defaultclientid=iot-device-02, thingname=iot-device-02, thingid=4ae4927a-aefb-4584-a45a-fc4839feffd6, thingarn=arn:aws:iot:us-east-1:507441099951:thing/iot-device-02, thingtypename=null, attributes={installed=1593361211, latitude=32.8205865, longitude=-96.871627}, version=1, billinggroupname=null}","2020-11-26 00:00:00.000"
"iot-device-01","1.5946062857895308E9","74.3","66.38","false","false","0.0094","0.0066","0.0254","2020-11-26T17:00:06.477+0000","{defaultclientid=iot-device-01, thingname=iot-device-01, thingid=983c2b68-f9a3-4e83-b3c6-9f6f8ad5431b, thingarn=arn:aws:iot:us-east-1:507441099951:thing/iot-device-01, thingtypename=null, attributes={installed=1594665292, latitude=37.4133144, longitude=-122.1513069}, version=1, billinggroupname=null}","2020-11-26 00:00:00.000"
"iot-device-03","1.5946062865369244E9","50.4","72.32","false","false","0.008","0.0052","0.0213","2020-11-26T17:00:06.770+0000","{defaultclientid=iot-device-03, thingname=iot-device-03, thingid=877352b9-a35d-45d3-9c98-162d89965a13, thingarn=arn:aws:iot:us-east-1:507441099951:thing/iot-device-03, thingtypename=null, attributes={installed=1592562234, latitude=37.4133144, longitude=-122.1513069}, version=1, billinggroupname=null}","2020-11-26 00:00:00.000"
"iot-device-02","1.5946062868317833E9","58.9","78.98","true","false","0.0072","0.0046","0.0192","2020-11-26T17:00:07.061+0000","{defaultclientid=iot-device-02, thingname=iot-device-02, thingid=4ae4927a-aefb-4584-a45a-fc4839feffd6, thingarn=arn:aws:iot:us-east-1:507441099951:thing/iot-device-02, thingtypename=null, attributes={installed=1593361211, latitude=32.8205865, longitude=-96.871627}, version=1, billinggroupname=null}","2020-11-26 00:00:00.000"
"iot-device-03","1.594606290222827E9","50.4","72.32","false","false","0.0079","0.0052","0.0212","2020-11-26T17:00:07.401+0000","{defaultclientid=iot-device-03, thingname=iot-device-03, thingid=877352b9-a35d-45d3-9c98-162d89965a13, thingarn=arn:aws:iot:us-east-1:507441099951:thing/iot-device-03, thingtypename=null, attributes={installed=1592562234, latitude=37.4133144, longitude=-122.1513069}, version=1, billinggroupname=null}","2020-11-26 00:00:00.000"
"iot-device-01","1.594606291226167E9","74.3","66.38","false","false","0.0094","0.0066","0.0254","2020-11-26T17:00:07.710+0000","{defaultclientid=iot-device-01, thingname=iot-device-01, thingid=983c2b68-f9a3-4e83-b3c6-9f6f8ad5431b, thingarn=arn:aws:iot:us-east-1:507441099951:thing/iot-device-01, thingtypename=null, attributes={installed=1594665292, latitude=37.4133144, longitude=-122.1513069}, version=1, billinggroupname=null}","2020-11-26 00:00:00.000"
"iot-device-03","1.594606293907791E9","50.4","72.32","false","false","0.008","0.0052","0.0213","2020-11-26T17:00:08.006+0000","{defaultclientid=iot-device-03, thingname=iot-device-03, thingid=877352b9-a35d-45d3-9c98-162d89965a13, thingarn=arn:aws:iot:us-east-1:507441099951:thing/iot-device-03, thingtypename=null, attributes={installed=1592562234, latitude=37.4133144, longitude=-122.1513069}, version=1, billinggroupname=null}","2020-11-26 00:00:00.000"
"iot-device-02","1.5946062949152458E9","58.9","78.98","true","false","0.0072","0.0046","0.0191","2020-11-26T17:00:08.289+0000","{defaultclientid=iot-device-02, thingname=iot-device-02, thingid=4ae4927a-aefb-4584-a45a-fc4839feffd6, thingarn=arn:aws:iot:us-east-1:507441099951:thing/iot-device-02, thingtypename=null, attributes={installed=1593361211, latitude=32.8205865, longitude=-96.871627}, version=1, billinggroupname=null}","2020-11-26 00:00:00.000"
"iot-device-01","1.5946062971945837E9","74.3","66.38","false","false","0.0094","0.0066","0.0254","2020-11-26T17:00:08.579+0000","{defaultclientid=iot-device-01, thingname=iot-device-01, thingid=983c2b68-f9a3-4e83-b3c6-9f6f8ad5431b, thingarn=arn:aws:iot:us-east-1:507441099951:thing/iot-device-01, thingtypename=null, attributes={installed=1594665292, latitude=37.4133144, longitude=-122.1513069}, version=1, billinggroupname=null}","2020-11-26 00:00:00.000"
"iot-device-01","1.594605360698159E9","74.5","65.84","false","false","0.0099","0.0071","0.0268","2020-11-26T17:00:02.860+0000","{defaultclientid=iot-device-01, thingname=iot-device-01, thingid=983c2b68-f9a3-4e83-b3c6-9f6f8ad5431b, thingarn=arn:aws:iot:us-east-1:507441099951:thing/iot-device-01, thingtypename=null, attributes={installed=1594665292, latitude=37.4133144, longitude=-122.1513069}, version=1, billinggroupname=null}","2020-11-26 00:00:00.000"
"iot-device-03","1.5946053607708516E9","51.1","71.24","false","false","0.008","0.0053","0.0215","2020-11-26T17:00:03.149+0000","{defaultclientid=iot-device-03, thingname=iot-device-03, thingid=877352b9-a35d-45d3-9c98-162d89965a13, thingarn=arn:aws:iot:us-east-1:507441099951:thing/iot-device-03, thingtypename=null, attributes={installed=1592562234, latitude=37.4133144, longitude=-122.1513069}, version=1, billinggroupname=null}","2020-11-26 00:00:00.000"
"iot-device-03","1.5946053644583886E9","51.1","71.24","false","false","0.008","0.0053","0.0215","2020-11-26T17:00:03.448+0000","{defaultclientid=iot-device-03, thingname=iot-device-03, thingid=877352b9-a35d-45d3-9c98-162d89965a13, thingarn=arn:aws:iot:us-east-1:507441099951:thing/iot-device-03, thingtypename=null, attributes={installed=1592562234, latitude=37.4133144, longitude=-122.1513069}, version=1, billinggroupname=null}","2020-11-26 00:00:00.000"
"iot-device-01","1.5946053645191052E9","74.4","65.84","false","false","0.0099","0.0071","0.0268","2020-11-26T17:00:03.738+0000","{defaultclientid=iot-device-01, thingname=iot-device-01, thingid=983c2b68-f9a3-4e83-b3c6-9f6f8ad5431b, thingarn=arn:aws:iot:us-east-1:507441099951:thing/iot-device-01, thingtypename=null, attributes={installed=1594665292, latitude=37.4133144, longitude=-122.1513069}, version=1, billinggroupname=null}","2020-11-26 00:00:00.000"
"iot-device-02","1.5946053664303606E9","59.0","79.16","true","false","0.0072","0.0046","0.0192","2020-11-26T17:00:04.028+0000","{defaultclientid=iot-device-02, thingname=iot-device-02, thingid=4ae4927a-aefb-4584-a45a-fc4839feffd6, thingarn=arn:aws:iot:us-east-1:507441099951:thing/iot-device-02, thingtypename=null, attributes={installed=1593361211, latitude=32.8205865, longitude=-96.871627}, version=1, billinggroupname=null}","2020-11-26 00:00:00.000"
"iot-device-03","1.5946053681462574E9","51.1","71.24","false","false","0.008","0.0053","0.0214","2020-11-26T17:00:04.321+0000","{defaultclientid=iot-device-03, thingname=iot-device-03, thingid=877352b9-a35d-45d3-9c98-162d89965a13, thingarn=arn:aws:iot:us-east-1:507441099951:thing/iot-device-03, thingtypename=null, attributes={installed=1592562234, latitude=37.4133144, longitude=-122.1513069}, version=1, billinggroupname=null}","2020-11-26 00:00:00.000"
"iot-device-01","1.5946053688720195E9","74.5","65.84","false","false","0.0099","0.0071","0.0268","2020-11-26T17:00:04.615+0000","{defaultclientid=iot-device-01, thingname=iot-device-01, thingid=983c2b68-f9a3-4e83-b3c6-9f6f8ad5431b, thingarn=arn:aws:iot:us-east-1:507441099951:thing/iot-device-01, thingtypename=null, attributes={installed=1594665292, latitude=37.4133144, longitude=-122.1513069}, version=1, billinggroupname=null}","2020-11-26 00:00:00.000"
"iot-device-03","1.5946053718338714E9","51.2","71.24","false","false","0.008","0.0053","0.0214","2020-11-26T17:00:04.908+0000","{defaultclientid=iot-device-03, thingname=iot-device-03, thingid=877352b9-a35d-45d3-9c98-162d89965a13, thingarn=arn:aws:iot:us-east-1:507441099951:thing/iot-device-03, thingtypename=null, attributes={installed=1592562234, latitude=37.4133144, longitude=-122.1513069}, version=1, billinggroupname=null}","2020-11-26 00:00:00.000"
"iot-device-02","1.5946053729186456E9","59.0","79.16","true","false","0.0072","0.0046","0.0192","2020-11-26T17:00:05.208+0000","{defaultclientid=iot-device-02, thingname=iot-device-02, thingid=4ae4927a-aefb-4584-a45a-fc4839feffd6, thingarn=arn:aws:iot:us-east-1:507441099951:thing/iot-device-02, thingtypename=null, attributes={installed=1593361211, latitude=32.8205865, longitude=-96.871627}, version=1, billinggroupname=null}","2020-11-26 00:00:00.000"
"iot-device-01","1.5946053743011212E9","74.7","65.84","false","false","0.0099","0.0071","0.0268","2020-11-26T17:00:05.579+0000","{defaultclientid=iot-device-01, thingname=iot-device-01, thingid=983c2b68-f9a3-4e83-b3c6-9f6f8ad5431b, thingarn=arn:aws:iot:us-east-1:507441099951:thing/iot-device-01, thingtypename=null, attributes={installed=1594665292, latitude=37.4133144, longitude=-122.1513069}, version=1, billinggroupname=null}","2020-11-26 00:00:00.000"
"iot-device-03","1.5946062975937364E9","50.4","72.32","false","false","0.008","0.0052","0.0213","2020-11-26T17:00:08.886+0000","{defaultclientid=iot-device-03, thingname=iot-device-03, thingid=877352b9-a35d-45d3-9c98-162d89965a13, thingarn=arn:aws:iot:us-east-1:507441099951:thing/iot-device-03, thingtypename=null, attributes={installed=1592562234, latitude=37.4133144, longitude=-122.1513069}, version=1, billinggroupname=null}","2020-11-26 00:00:00.000"
"iot-device-02","1.5946062992567213E9","59.1","78.98","true","false","0.0072","0.0046","0.0192","2020-11-26T17:00:09.180+0000","{defaultclientid=iot-device-02, thingname=iot-device-02, thingid=4ae4927a-aefb-4584-a45a-fc4839feffd6, thingarn=arn:aws:iot:us-east-1:507441099951:thing/iot-device-02, thingtypename=null, attributes={installed=1593361211, latitude=32.8205865, longitude=-96.871627}, version=1, billinggroupname=null}","2020-11-26 00:00:00.000"
"iot-device-03","1.5946063012798517E9","50.4","72.32","false","false","0.008","0.0052","0.0213","2020-11-26T17:00:09.481+0000","{defaultclientid=iot-device-03, thingname=iot-device-03, thingid=877352b9-a35d-45d3-9c98-162d89965a13, thingarn=arn:aws:iot:us-east-1:507441099951:thing/iot-device-03, thingtypename=null, attributes={installed=1592562234, latitude=37.4133144, longitude=-122.1513069}, version=1, billinggroupname=null}","2020-11-26 00:00:00.000"
"iot-device-03","1.594606304965844E9","50.4","72.32","false","false","0.008","0.0052","0.0213","2020-11-26T17:00:09.768+0000","{defaultclientid=iot-device-03, thingname=iot-device-03, thingid=877352b9-a35d-45d3-9c98-162d89965a13, thingarn=arn:aws:iot:us-east-1:507441099951:thing/iot-device-03, thingtypename=null, attributes={installed=1592562234, latitude=37.4133144, longitude=-122.1513069}, version=1, billinggroupname=null}","2020-11-26 00:00:00.000"
"iot-device-01","1.5946063053016615E9","74.3","66.38","false","false","0.0094","0.0066","0.0254","2020-11-26T17:00:10.079+0000","{defaultclientid=iot-device-01, thingname=iot-device-01, thingid=983c2b68-f9a3-4e83-b3c6-9f6f8ad5431b, thingarn=arn:aws:iot:us-east-1:507441099951:thing/iot-device-01, thingtypename=null, attributes={installed=1594665292, latitude=37.4133144, longitude=-122.1513069}, version=1, billinggroupname=null}","2020-11-26 00:00:00.000"
"iot-device-02","1.5946063084072099E9","58.9","78.98","true","false","0.0072","0.0046","0.0192","2020-11-26T17:00:10.374+0000","{defaultclientid=iot-device-02, thingname=iot-device-02, thingid=4ae4927a-aefb-4584-a45a-fc4839feffd6, thingarn=arn:aws:iot:us-east-1:507441099951:thing/iot-device-02, thingtypename=null, attributes={installed=1593361211, latitude=32.8205865, longitude=-96.871627}, version=1, billinggroupname=null}","2020-11-26 00:00:00.000"
"iot-device-03","1.5946063086500888E9","50.4","72.32","false","false","0.008","0.0052","0.0213","2020-11-26T17:00:10.660+0000","{defaultclientid=iot-device-03, thingname=iot-device-03, thingid=877352b9-a35d-45d3-9c98-162d89965a13, thingarn=arn:aws:iot:us-east-1:507441099951:thing/iot-device-03, thingtypename=null, attributes={installed=1592562234, latitude=37.4133144, longitude=-122.1513069}, version=1, billinggroupname=null}","2020-11-26 00:00:00.000"
"iot-device-01","1.5946063091165245E9","74.4","66.56","false","false","0.0094","0.0066","0.0254","2020-11-26T17:00:10.960+0000","{defaultclientid=iot-device-01, thingname=iot-device-01, thingid=983c2b68-f9a3-4e83-b3c6-9f6f8ad5431b, thingarn=arn:aws:iot:us-east-1:507441099951:thing/iot-device-01, thingtypename=null, attributes={installed=1594665292, latitude=37.4133144, longitude=-122.1513069}, version=1, billinggroupname=null}","2020-11-26 00:00:00.000"
"iot-device-02","1.5946063122147286E9","58.9","78.98","true","false","0.0072","0.0046","0.0192","2020-11-26T17:00:11.262+0000","{defaultclientid=iot-device-02, thingname=iot-device-02, thingid=4ae4927a-aefb-4584-a45a-fc4839feffd6, thingarn=arn:aws:iot:us-east-1:507441099951:thing/iot-device-02, thingtypename=null, attributes={installed=1593361211, latitude=32.8205865, longitude=-96.871627}, version=1, billinggroupname=null}","2020-11-26 00:00:00.000"
"iot-device-03","1.5946063123359034E9","50.4","72.32","false","false","0.0079","0.0052","0.0213","2020-11-26T17:00:11.548+0000","{defaultclientid=iot-device-03, thingname=iot-device-03, thingid=877352b9-a35d-45d3-9c98-162d89965a13, thingarn=arn:aws:iot:us-east-1:507441099951:thing/iot-device-03, thingtypename=null, attributes={installed=1592562234, latitude=37.4133144, longitude=-122.1513069}, version=1, billinggroupname=null}","2020-11-26 00:00:00.000"
"iot-device-03","1.5946064080659175E9","50.4","72.32","false","false","0.008","0.0053","0.0214","2020-11-26T17:00:26.599+0000","{defaultclientid=iot-device-03, thingname=iot-device-03, thingid=877352b9-a35d-45d3-9c98-162d89965a13, thingarn=arn:aws:iot:us-east-1:507441099951:thing/iot-device-03, thingtypename=null, attributes={installed=1592562234, latitude=37.4133144, longitude=-122.1513069}, version=1, billinggroupname=null}","2020-11-26 00:00:00.000"
"iot-device-01","1.5946064104400516E9","74.3","66.56","false","false","0.0094","0.0066","0.0254","2020-11-26T17:00:26.903+0000","{defaultclientid=iot-device-01, thingname=iot-device-01, thingid=983c2b68-f9a3-4e83-b3c6-9f6f8ad5431b, thingarn=arn:aws:iot:us-east-1:507441099951:thing/iot-device-01, thingtypename=null, attributes={installed=1594665292, latitude=37.4133144, longitude=-122.1513069}, version=1, billinggroupname=null}","2020-11-26 00:00:00.000"
"iot-device-03","1.5946064117522342E9","50.4","72.32","false","false","0.008","0.0052","0.0213","2020-11-26T17:00:27.197+0000","{defaultclientid=iot-device-03, thingname=iot-device-03, thingid=877352b9-a35d-45d3-9c98-162d89965a13, thingarn=arn:aws:iot:us-east-1:507441099951:thing/iot-device-03, thingtypename=null, attributes={installed=1592562234, latitude=37.4133144, longitude=-122.1513069}, version=1, billinggroupname=null}","2020-11-26 00:00:00.000"
"iot-device-02","1.5946064130603793E9","59.0","78.98","true","false","0.0072","0.0046","0.0192","2020-11-26T17:00:27.502+0000","{defaultclientid=iot-device-02, thingname=iot-device-02, thingid=4ae4927a-aefb-4584-a45a-fc4839feffd6, thingarn=arn:aws:iot:us-east-1:507441099951:thing/iot-device-02, thingtypename=null, attributes={installed=1593361211, latitude=32.8205865, longitude=-96.871627}, version=1, billinggroupname=null}","2020-11-26 00:00:00.000"
"iot-device-03","1.5946064153972836E9","50.4","72.32","false","false","0.008","0.0052","0.0213","2020-11-26T17:00:27.790+0000","{defaultclientid=iot-device-03, thingname=iot-device-03, thingid=877352b9-a35d-45d3-9c98-162d89965a13, thingarn=arn:aws:iot:us-east-1:507441099951:thing/iot-device-03, thingtypename=null, attributes={installed=1592562234, latitude=37.4133144, longitude=-122.1513069}, version=1, billinggroupname=null}","2020-11-26 00:00:00.000"
"iot-device-01","1.5946064174790807E9","74.2","66.56","false","false","0.0094","0.0066","0.0254","2020-11-26T17:00:28.091+0000","{defaultclientid=iot-device-01, thingname=iot-device-01, thingid=983c2b68-f9a3-4e83-b3c6-9f6f8ad5431b, thingarn=arn:aws:iot:us-east-1:507441099951:thing/iot-device-01, thingtypename=null, attributes={installed=1594665292, latitude=37.4133144, longitude=-122.1513069}, version=1, billinggroupname=null}","2020-11-26 00:00:00.000"
"iot-device-03","1.5946064190985153E9","50.4","72.32","false","false","0.0079","0.0052","0.0212","2020-11-26T17:00:28.380+0000","{defaultclientid=iot-device-03, thingname=iot-device-03, thingid=877352b9-a35d-45d3-9c98-162d89965a13, thingarn=arn:aws:iot:us-east-1:507441099951:thing/iot-device-03, thingtypename=null, attributes={installed=1592562234, latitude=37.4133144, longitude=-122.1513069}, version=1, billinggroupname=null}","2020-11-26 00:00:00.000"
"iot-device-02","1.5946064227467804E9","58.8","78.98","true","false","0.0072","0.0046","0.0192","2020-11-26T17:00:28.678+0000","{defaultclientid=iot-device-02, thingname=iot-device-02, thingid=4ae4927a-aefb-4584-a45a-fc4839feffd6, thingarn=arn:aws:iot:us-east-1:507441099951:thing/iot-device-02, thingtypename=null, attributes={installed=1593361211, latitude=32.8205865, longitude=-96.871627}, version=1, billinggroupname=null}","2020-11-26 00:00:00.000"
"iot-device-03","1.594606422785806E9","50.5","72.32","false","false","0.0079","0.0052","0.0212","2020-11-26T17:00:28.973+0000","{defaultclientid=iot-device-03, thingname=iot-device-03, thingid=877352b9-a35d-45d3-9c98-162d89965a13, thingarn=arn:aws:iot:us-east-1:507441099951:thing/iot-device-03, thingtypename=null, attributes={installed=1592562234, latitude=37.4133144, longitude=-122.1513069}, version=1, billinggroupname=null}","2020-11-26 00:00:00.000"
"iot-device-01","1.59460642397766E9","74.1","66.38","false","false","0.0094","0.0066","0.0254","2020-11-26T17:00:29.260+0000","{defaultclientid=iot-device-01, thingname=iot-device-01, thingid=983c2b68-f9a3-4e83-b3c6-9f6f8ad5431b, thingarn=arn:aws:iot:us-east-1:507441099951:thing/iot-device-01, thingtypename=null, attributes={installed=1594665292, latitude=37.4133144, longitude=-122.1513069}, version=1, billinggroupname=null}","2020-11-26 00:00:00.000"
"iot-device-03","1.5946063160218515E9","50.4","72.32","false","false","0.0079","0.0052","0.0212","2020-11-26T17:00:11.839+0000","{defaultclientid=iot-device-03, thingname=iot-device-03, thingid=877352b9-a35d-45d3-9c98-162d89965a13, thingarn=arn:aws:iot:us-east-1:507441099951:thing/iot-device-03, thingtypename=null, attributes={installed=1592562234, latitude=37.4133144, longitude=-122.1513069}, version=1, billinggroupname=null}","2020-11-26 00:00:00.000"
"iot-device-02","1.5946063176299226E9","59.0","78.98","true","false","0.0072","0.0046","0.0192","2020-11-26T17:00:12.129+0000","{defaultclientid=iot-device-02, thingname=iot-device-02, thingid=4ae4927a-aefb-4584-a45a-fc4839feffd6, thingarn=arn:aws:iot:us-east-1:507441099951:thing/iot-device-02, thingtypename=null, attributes={installed=1593361211, latitude=32.8205865, longitude=-96.871627}, version=1, billinggroupname=null}","2020-11-26 00:00:00.000"
"iot-device-01","1.5946063183057852E9","74.3","66.38","false","false","0.0094","0.0066","0.0254","2020-11-26T17:00:12.420+0000","{defaultclientid=iot-device-01, thingname=iot-device-01, thingid=983c2b68-f9a3-4e83-b3c6-9f6f8ad5431b, thingarn=arn:aws:iot:us-east-1:507441099951:thing/iot-device-01, thingtypename=null, attributes={installed=1594665292, latitude=37.4133144, longitude=-122.1513069}, version=1, billinggroupname=null}","2020-11-26 00:00:00.000"
"iot-device-03","1.5946063197089186E9","50.4","72.32","false","false","0.008","0.0052","0.0213","2020-11-26T17:00:12.723+0000","{defaultclientid=iot-device-03, thingname=iot-device-03, thingid=877352b9-a35d-45d3-9c98-162d89965a13, thingarn=arn:aws:iot:us-east-1:507441099951:thing/iot-device-03, thingtypename=null, attributes={installed=1592562234, latitude=37.4133144, longitude=-122.1513069}, version=1, billinggroupname=null}","2020-11-26 00:00:00.000"
"iot-device-01","1.5946063221304722E9","74.3","66.38","false","false","0.0096","0.0068","0.0261","2020-11-26T17:00:13.009+0000","{defaultclientid=iot-device-01, thingname=iot-device-01, thingid=983c2b68-f9a3-4e83-b3c6-9f6f8ad5431b, thingarn=arn:aws:iot:us-east-1:507441099951:thing/iot-device-01, thingtypename=null, attributes={installed=1594665292, latitude=37.4133144, longitude=-122.1513069}, version=1, billinggroupname=null}","2020-11-26 00:00:00.000"
"iot-device-03","1.5946063233952365E9","50.4","72.32","false","false","0.008","0.0052","0.0213","2020-11-26T17:00:13.297+0000","{defaultclientid=iot-device-03, thingname=iot-device-03, thingid=877352b9-a35d-45d3-9c98-162d89965a13, thingarn=arn:aws:iot:us-east-1:507441099951:thing/iot-device-03, thingtypename=null, attributes={installed=1592562234, latitude=37.4133144, longitude=-122.1513069}, version=1, billinggroupname=null}","2020-11-26 00:00:00.000"
"iot-device-02","1.5946063246774445E9","59.0","78.98","true","false","0.0072","0.0046","0.0192","2020-11-26T17:00:13.597+0000","{defaultclientid=iot-device-02, thingname=iot-device-02, thingid=4ae4927a-aefb-4584-a45a-fc4839feffd6, thingarn=arn:aws:iot:us-east-1:507441099951:thing/iot-device-02, thingtypename=null, attributes={installed=1593361211, latitude=32.8205865, longitude=-96.871627}, version=1, billinggroupname=null}","2020-11-26 00:00:00.000"
"iot-device-03","1.5946063270811436E9","50.4","72.32","false","false","0.008","0.0052","0.0213","2020-11-26T17:00:13.890+0000","{defaultclientid=iot-device-03, thingname=iot-device-03, thingid=877352b9-a35d-45d3-9c98-162d89965a13, thingarn=arn:aws:iot:us-east-1:507441099951:thing/iot-device-03, thingtypename=null, attributes={installed=1592562234, latitude=37.4133144, longitude=-122.1513069}, version=1, billinggroupname=null}","2020-11-26 00:00:00.000"
"iot-device-02","1.5946063295505874E9","59.0","78.98","true","false","0.0072","0.0046","0.0192","2020-11-26T17:00:14.179+0000","{defaultclientid=iot-device-02, thingname=iot-device-02, thingid=4ae4927a-aefb-4584-a45a-fc4839feffd6, thingarn=arn:aws:iot:us-east-1:507441099951:thing/iot-device-02, thingtypename=null, attributes={installed=1593361211, latitude=32.8205865, longitude=-96.871627}, version=1, billinggroupname=null}","2020-11-26 00:00:00.000"
"iot-device-03","1.5946063307674358E9","50.4","72.32","false","false","0.008","0.0053","0.0214","2020-11-26T17:00:14.469+0000","{defaultclientid=iot-device-03, thingname=iot-device-03, thingid=877352b9-a35d-45d3-9c98-162d89965a13, thingarn=arn:aws:iot:us-east-1:507441099951:thing/iot-device-03, thingtypename=null, attributes={installed=1592562234, latitude=37.4133144, longitude=-122.1513069}, version=1, billinggroupname=null}","2020-11-26 00:00:00.000"
"iot-device-03","1.594606334454075E9","50.4","72.32","false","false","0.008","0.0053","0.0214","2020-11-26T17:00:14.770+0000","{defaultclientid=iot-device-03, thingname=iot-device-03, thingid=877352b9-a35d-45d3-9c98-162d89965a13, thingarn=arn:aws:iot:us-east-1:507441099951:thing/iot-device-03, thingtypename=null, attributes={installed=1592562234, latitude=37.4133144, longitude=-122.1513069}, version=1, billinggroupname=null}","2020-11-26 00:00:00.000"
"iot-device-03","1.594606338141499E9","50.4","72.32","false","false","0.008","0.0052","0.0213","2020-11-26T17:00:15.060+0000","{defaultclientid=iot-device-03, thingname=iot-device-03, thingid=877352b9-a35d-45d3-9c98-162d89965a13, thingarn=arn:aws:iot:us-east-1:507441099951:thing/iot-device-03, thingtypename=null, attributes={installed=1592562234, latitude=37.4133144, longitude=-122.1513069}, version=1, billinggroupname=null}","2020-11-26 00:00:00.000"
"iot-device-02","1.5946063397822335E9","58.9","78.98","true","false","0.0072","0.0046","0.0192","2020-11-26T17:00:15.355+0000","{defaultclientid=iot-device-02, thingname=iot-device-02, thingid=4ae4927a-aefb-4584-a45a-fc4839feffd6, thingarn=arn:aws:iot:us-east-1:507441099951:thing/iot-device-02, thingtypename=null, attributes={installed=1593361211, latitude=32.8205865, longitude=-96.871627}, version=1, billinggroupname=null}","2020-11-26 00:00:00.000"
"iot-device-01","1.594606340270887E9","74.3","66.56","false","false","0.0096","0.0068","0.026","2020-11-26T17:00:15.645+0000","{defaultclientid=iot-device-01, thingname=iot-device-01, thingid=983c2b68-f9a3-4e83-b3c6-9f6f8ad5431b, thingarn=arn:aws:iot:us-east-1:507441099951:thing/iot-device-01, thingtypename=null, attributes={installed=1594665292, latitude=37.4133144, longitude=-122.1513069}, version=1, billinggroupname=null}","2020-11-26 00:00:00.000"
"iot-device-03","1.5946063418273635E9","50.4","72.32","false","false","0.008","0.0052","0.0213","2020-11-26T17:00:15.928+0000","{defaultclientid=iot-device-03, thingname=iot-device-03, thingid=877352b9-a35d-45d3-9c98-162d89965a13, thingarn=arn:aws:iot:us-east-1:507441099951:thing/iot-device-03, thingtypename=null, attributes={installed=1592562234, latitude=37.4133144, longitude=-122.1513069}, version=1, billinggroupname=null}","2020-11-26 00:00:00.000"
"iot-device-02","1.5946063446565275E9","58.9","78.98","true","false","0.0072","0.0046","0.0192","2020-11-26T17:00:16.221+0000","{defaultclientid=iot-device-02, thingname=iot-device-02, thingid=4ae4927a-aefb-4584-a45a-fc4839feffd6, thingarn=arn:aws:iot:us-east-1:507441099951:thing/iot-device-02, thingtypename=null, attributes={installed=1593361211, latitude=32.8205865, longitude=-96.871627}, version=1, billinggroupname=null}","2020-11-26 00:00:00.000"
"iot-device-01","1.5946063451622775E9","74.2","66.38","false","false","0.0094","0.0066","0.0254","2020-11-26T17:00:16.511+0000","{defaultclientid=iot-device-01, thingname=iot-device-01, thingid=983c2b68-f9a3-4e83-b3c6-9f6f8ad5431b, thingarn=arn:aws:iot:us-east-1:507441099951:thing/iot-device-01, thingtypename=null, attributes={installed=1594665292, latitude=37.4133144, longitude=-122.1513069}, version=1, billinggroupname=null}","2020-11-26 00:00:00.000"
"iot-device-03","1.5946063455134625E9","50.4","72.32","false","false","0.0079","0.0052","0.0212","2020-11-26T17:00:16.814+0000","{defaultclientid=iot-device-03, thingname=iot-device-03, thingid=877352b9-a35d-45d3-9c98-162d89965a13, thingarn=arn:aws:iot:us-east-1:507441099951:thing/iot-device-03, thingtypename=null, attributes={installed=1592562234, latitude=37.4133144, longitude=-122.1513069}, version=1, billinggroupname=null}","2020-11-26 00:00:00.000"
"iot-device-03","1.5946063491992779E9","50.4","72.32","false","false","0.008","0.0052","0.0213","2020-11-26T17:00:17.109+0000","{defaultclientid=iot-device-03, thingname=iot-device-03, thingid=877352b9-a35d-45d3-9c98-162d89965a13, thingarn=arn:aws:iot:us-east-1:507441099951:thing/iot-device-03, thingtypename=null, attributes={installed=1592562234, latitude=37.4133144, longitude=-122.1513069}, version=1, billinggroupname=null}","2020-11-26 00:00:00.000"
"iot-device-01","1.5946063522009854E9","74.3","66.56","false","false","0.0094","0.0066","0.0254","2020-11-26T17:00:17.400+0000","{defaultclientid=iot-device-01, thingname=iot-device-01, thingid=983c2b68-f9a3-4e83-b3c6-9f6f8ad5431b, thingarn=arn:aws:iot:us-east-1:507441099951:thing/iot-device-01, thingtypename=null, attributes={installed=1594665292, latitude=37.4133144, longitude=-122.1513069}, version=1, billinggroupname=null}","2020-11-26 00:00:00.000"
"iot-device-03","1.5946063528851352E9","50.4","72.32","false","false","0.008","0.0052","0.0213","2020-11-26T17:00:17.706+0000","{defaultclientid=iot-device-03, thingname=iot-device-03, thingid=877352b9-a35d-45d3-9c98-162d89965a13, thingarn=arn:aws:iot:us-east-1:507441099951:thing/iot-device-03, thingtypename=null, attributes={installed=1592562234, latitude=37.4133144, longitude=-122.1513069}, version=1, billinggroupname=null}","2020-11-26 00:00:00.000"
"iot-device-03","1.5946063565709198E9","50.4","72.32","false","false","0.008","0.0052","0.0213","2020-11-26T17:00:17.998+0000","{defaultclientid=iot-device-03, thingname=iot-device-03, thingid=877352b9-a35d-45d3-9c98-162d89965a13, thingarn=arn:aws:iot:us-east-1:507441099951:thing/iot-device-03, thingtypename=null, attributes={installed=1592562234, latitude=37.4133144, longitude=-122.1513069}, version=1, billinggroupname=null}","2020-11-26 00:00:00.000"
"iot-device-03","1.5946063602568574E9","50.4","72.32","false","false","0.008","0.0052","0.0213","2020-11-26T17:00:18.281+0000","{defaultclientid=iot-device-03, thingname=iot-device-03, thingid=877352b9-a35d-45d3-9c98-162d89965a13, thingarn=arn:aws:iot:us-east-1:507441099951:thing/iot-device-03, thingtypename=null, attributes={installed=1592562234, latitude=37.4133144, longitude=-122.1513069}, version=1, billinggroupname=null}","2020-11-26 00:00:00.000"
"iot-device-02","1.594606363162593E9","58.9","78.98","true","false","0.0072","0.0046","0.0192","2020-11-26T17:00:18.676+0000","{defaultclientid=iot-device-02, thingname=iot-device-02, thingid=4ae4927a-aefb-4584-a45a-fc4839feffd6, thingarn=arn:aws:iot:us-east-1:507441099951:thing/iot-device-02, thingtypename=null, attributes={installed=1593361211, latitude=32.8205865, longitude=-96.871627}, version=1, billinggroupname=null}","2020-11-26 00:00:00.000"
"iot-device-03","1.5946063639429536E9","50.4","72.32","false","false","0.0079","0.0052","0.0212","2020-11-26T17:00:18.970+0000","{defaultclientid=iot-device-03, thingname=iot-device-03, thingid=877352b9-a35d-45d3-9c98-162d89965a13, thingarn=arn:aws:iot:us-east-1:507441099951:thing/iot-device-03, thingtypename=null, attributes={installed=1592562234, latitude=37.4133144, longitude=-122.1513069}, version=1, billinggroupname=null}","2020-11-26 00:00:00.000"
"iot-device-02","1.5946063675023494E9","59.0","79.16","true","false","0.0072","0.0046","0.0192","2020-11-26T17:00:19.266+0000","{defaultclientid=iot-device-02, thingname=iot-device-02, thingid=4ae4927a-aefb-4584-a45a-fc4839feffd6, thingarn=arn:aws:iot:us-east-1:507441099951:thing/iot-device-02, thingtypename=null, attributes={installed=1593361211, latitude=32.8205865, longitude=-96.871627}, version=1, billinggroupname=null}","2020-11-26 00:00:00.000"
"iot-device-03","1.5946063676289213E9","50.4","72.32","false","false","0.008","0.0052","0.0213","2020-11-26T17:00:19.563+0000","{defaultclientid=iot-device-03, thingname=iot-device-03, thingid=877352b9-a35d-45d3-9c98-162d89965a13, thingarn=arn:aws:iot:us-east-1:507441099951:thing/iot-device-03, thingtypename=null, attributes={installed=1592562234, latitude=37.4133144, longitude=-122.1513069}, version=1, billinggroupname=null}","2020-11-26 00:00:00.000"
"iot-device-01","1.594606368646147E9","74.1","66.56","false","false","0.0094","0.0066","0.0254","2020-11-26T17:00:19.858+0000","{defaultclientid=iot-device-01, thingname=iot-device-01, thingid=983c2b68-f9a3-4e83-b3c6-9f6f8ad5431b, thingarn=arn:aws:iot:us-east-1:507441099951:thing/iot-device-01, thingtypename=null, attributes={installed=1594665292, latitude=37.4133144, longitude=-122.1513069}, version=1, billinggroupname=null}","2020-11-26 00:00:00.000"
"iot-device-03","1.5946063713148053E9","50.4","72.32","false","false","0.008","0.0052","0.0213","2020-11-26T17:00:20.139+0000","{defaultclientid=iot-device-03, thingname=iot-device-03, thingid=877352b9-a35d-45d3-9c98-162d89965a13, thingarn=arn:aws:iot:us-east-1:507441099951:thing/iot-device-03, thingtypename=null, attributes={installed=1592562234, latitude=37.4133144, longitude=-122.1513069}, version=1, billinggroupname=null}","2020-11-26 00:00:00.000"
"iot-device-02","1.5946063745097675E9","58.9","78.98","true","false","0.0073","0.0046","0.0193","2020-11-26T17:00:20.436+0000","{defaultclientid=iot-device-02, thingname=iot-device-02, thingid=4ae4927a-aefb-4584-a45a-fc4839feffd6, thingarn=arn:aws:iot:us-east-1:507441099951:thing/iot-device-02, thingtypename=null, attributes={installed=1593361211, latitude=32.8205865, longitude=-96.871627}, version=1, billinggroupname=null}","2020-11-26 00:00:00.000"
"iot-device-02","1.5946063896752698E9","58.9","78.98","true","false","0.0072","0.0046","0.0192","2020-11-26T17:00:23.679+0000","{defaultclientid=iot-device-02, thingname=iot-device-02, thingid=4ae4927a-aefb-4584-a45a-fc4839feffd6, thingarn=arn:aws:iot:us-east-1:507441099951:thing/iot-device-02, thingtypename=null, attributes={installed=1593361211, latitude=32.8205865, longitude=-96.871627}, version=1, billinggroupname=null}","2020-11-26 00:00:00.000"
"iot-device-01","1.5946063898136618E9","74.2","66.56","false","false","0.0093","0.0065","0.0252","2020-11-26T17:00:23.975+0000","{defaultclientid=iot-device-01, thingname=iot-device-01, thingid=983c2b68-f9a3-4e83-b3c6-9f6f8ad5431b, thingarn=arn:aws:iot:us-east-1:507441099951:thing/iot-device-01, thingtypename=null, attributes={installed=1594665292, latitude=37.4133144, longitude=-122.1513069}, version=1, billinggroupname=null}","2020-11-26 00:00:00.000"
"iot-device-03","1.5946063933158193E9","50.4","72.32","false","false","0.008","0.0052","0.0213","2020-11-26T17:00:24.271+0000","{defaultclientid=iot-device-03, thingname=iot-device-03, thingid=877352b9-a35d-45d3-9c98-162d89965a13, thingarn=arn:aws:iot:us-east-1:507441099951:thing/iot-device-03, thingtypename=null, attributes={installed=1592562234, latitude=37.4133144, longitude=-122.1513069}, version=1, billinggroupname=null}","2020-11-26 00:00:00.000"
"iot-device-01","1.5946063946990852E9","74.1","66.56","false","false","0.0094","0.0066","0.0254","2020-11-26T17:00:24.554+0000","{defaultclientid=iot-device-01, thingname=iot-device-01, thingid=983c2b68-f9a3-4e83-b3c6-9f6f8ad5431b, thingarn=arn:aws:iot:us-east-1:507441099951:thing/iot-device-01, thingtypename=null, attributes={installed=1594665292, latitude=37.4133144, longitude=-122.1513069}, version=1, billinggroupname=null}","2020-11-26 00:00:00.000"
"iot-device-03","1.5946063970034056E9","50.4","72.32","false","false","0.008","0.0053","0.0214","2020-11-26T17:00:24.848+0000","{defaultclientid=iot-device-03, thingname=iot-device-03, thingid=877352b9-a35d-45d3-9c98-162d89965a13, thingarn=arn:aws:iot:us-east-1:507441099951:thing/iot-device-03, thingtypename=null, attributes={installed=1592562234, latitude=37.4133144, longitude=-122.1513069}, version=1, billinggroupname=null}","2020-11-26 00:00:00.000"
"iot-device-02","1.594606397232206E9","58.9","78.98","true","false","0.0072","0.0046","0.0192","2020-11-26T17:00:25.138+0000","{defaultclientid=iot-device-02, thingname=iot-device-02, thingid=4ae4927a-aefb-4584-a45a-fc4839feffd6, thingarn=arn:aws:iot:us-east-1:507441099951:thing/iot-device-02, thingtypename=null, attributes={installed=1593361211, latitude=32.8205865, longitude=-96.871627}, version=1, billinggroupname=null}","2020-11-26 00:00:00.000"
"iot-device-01","1.5946064001286788E9","74.1","66.38","false","false","0.0094","0.0066","0.0254","2020-11-26T17:00:25.440+0000","{defaultclientid=iot-device-01, thingname=iot-device-01, thingid=983c2b68-f9a3-4e83-b3c6-9f6f8ad5431b, thingarn=arn:aws:iot:us-east-1:507441099951:thing/iot-device-01, thingtypename=null, attributes={installed=1594665292, latitude=37.4133144, longitude=-122.1513069}, version=1, billinggroupname=null}","2020-11-26 00:00:00.000"
"iot-device-03","1.5946064006909635E9","50.4","72.32","false","false","0.008","0.0052","0.0213","2020-11-26T17:00:25.729+0000","{defaultclientid=iot-device-03, thingname=iot-device-03, thingid=877352b9-a35d-45d3-9c98-162d89965a13, thingarn=arn:aws:iot:us-east-1:507441099951:thing/iot-device-03, thingtypename=null, attributes={installed=1592562234, latitude=37.4133144, longitude=-122.1513069}, version=1, billinggroupname=null}","2020-11-26 00:00:00.000"
"iot-device-03","1.5946064043786235E9","50.4","72.32","false","false","0.0079","0.0052","0.0213","2020-11-26T17:00:26.038+0000","{defaultclientid=iot-device-03, thingname=iot-device-03, thingid=877352b9-a35d-45d3-9c98-162d89965a13, thingarn=arn:aws:iot:us-east-1:507441099951:thing/iot-device-03, thingtypename=null, attributes={installed=1592562234, latitude=37.4133144, longitude=-122.1513069}, version=1, billinggroupname=null}","2020-11-26 00:00:00.000"
"iot-device-01","1.59460640447914E9","74.2","66.56","false","false","0.0094","0.0066","0.0254","2020-11-26T17:00:26.319+0000","{defaultclientid=iot-device-01, thingname=iot-device-01, thingid=983c2b68-f9a3-4e83-b3c6-9f6f8ad5431b, thingarn=arn:aws:iot:us-east-1:507441099951:thing/iot-device-01, thingtypename=null, attributes={installed=1594665292, latitude=37.4133144, longitude=-122.1513069}, version=1, billinggroupname=null}","2020-11-26 00:00:00.000"
"iot-device-03","1.5946053460196614E9","50.7","71.06","false","false","0.008","0.0053","0.0214","2020-11-26T16:59:59.963+0000","{defaultclientid=iot-device-03, thingname=iot-device-03, thingid=877352b9-a35d-45d3-9c98-162d89965a13, thingarn=arn:aws:iot:us-east-1:507441099951:thing/iot-device-03, thingtypename=null, attributes={installed=1592562234, latitude=37.4133144, longitude=-122.1513069}, version=1, billinggroupname=null}","2020-11-26 00:00:00.000"
"iot-device-02","1.5946053474374392E9","59.0","79.16","true","false","0.0072","0.0046","0.0192","2020-11-26T17:00:00.248+0000","{defaultclientid=iot-device-02, thingname=iot-device-02, thingid=4ae4927a-aefb-4584-a45a-fc4839feffd6, thingarn=arn:aws:iot:us-east-1:507441099951:thing/iot-device-02, thingtypename=null, attributes={installed=1593361211, latitude=32.8205865, longitude=-96.871627}, version=1, billinggroupname=null}","2020-11-26 00:00:00.000"
"iot-device-03","1.5946053497076116E9","50.9","71.06","false","false","0.008","0.0053","0.0215","2020-11-26T17:00:00.541+0000","{defaultclientid=iot-device-03, thingname=iot-device-03, thingid=877352b9-a35d-45d3-9c98-162d89965a13, thingarn=arn:aws:iot:us-east-1:507441099951:thing/iot-device-03, thingtypename=null, attributes={installed=1592562234, latitude=37.4133144, longitude=-122.1513069}, version=1, billinggroupname=null}","2020-11-26 00:00:00.000"
"iot-device-01","1.594605350380503E9","74.4","65.84","false","false","0.0099","0.0071","0.0268","2020-11-26T17:00:00.832+0000","{defaultclientid=iot-device-01, thingname=iot-device-01, thingid=983c2b68-f9a3-4e83-b3c6-9f6f8ad5431b, thingarn=arn:aws:iot:us-east-1:507441099951:thing/iot-device-01, thingtypename=null, attributes={installed=1594665292, latitude=37.4133144, longitude=-122.1513069}, version=1, billinggroupname=null}","2020-11-26 00:00:00.000"
"iot-device-02","1.5946053523105865E9","59.0","79.16","true","false","0.0072","0.0046","0.0192","2020-11-26T17:00:01.120+0000","{defaultclientid=iot-device-02, thingname=iot-device-02, thingid=4ae4927a-aefb-4584-a45a-fc4839feffd6, thingarn=arn:aws:iot:us-east-1:507441099951:thing/iot-device-02, thingtypename=null, attributes={installed=1593361211, latitude=32.8205865, longitude=-96.871627}, version=1, billinggroupname=null}","2020-11-26 00:00:00.000"
"iot-device-03","1.5946053533951664E9","51.0","71.06","false","false","0.008","0.0053","0.0215","2020-11-26T17:00:01.408+0000","{defaultclientid=iot-device-03, thingname=iot-device-03, thingid=877352b9-a35d-45d3-9c98-162d89965a13, thingarn=arn:aws:iot:us-east-1:507441099951:thing/iot-device-03, thingtypename=null, attributes={installed=1592562234, latitude=37.4133144, longitude=-122.1513069}, version=1, billinggroupname=null}","2020-11-26 00:00:00.000"
"iot-device-01","1.5946053552665613E9","74.4","65.84","false","false","0.01","0.0072","0.0273","2020-11-26T17:00:01.691+0000","{defaultclientid=iot-device-01, thingname=iot-device-01, thingid=983c2b68-f9a3-4e83-b3c6-9f6f8ad5431b, thingarn=arn:aws:iot:us-east-1:507441099951:thing/iot-device-01, thingtypename=null, attributes={installed=1594665292, latitude=37.4133144, longitude=-122.1513069}, version=1, billinggroupname=null}","2020-11-26 00:00:00.000"
"iot-device-02","1.5946053561159608E9","59.0","79.16","true","false","0.0072","0.0046","0.0192","2020-11-26T17:00:01.982+0000","{defaultclientid=iot-device-02, thingname=iot-device-02, thingid=4ae4927a-aefb-4584-a45a-fc4839feffd6, thingarn=arn:aws:iot:us-east-1:507441099951:thing/iot-device-02, thingtypename=null, attributes={installed=1593361211, latitude=32.8205865, longitude=-96.871627}, version=1, billinggroupname=null}","2020-11-26 00:00:00.000"
"iot-device-03","1.59460535708281E9","51.1","71.24","false","false","0.008","0.0053","0.0215","2020-11-26T17:00:02.288+0000","{defaultclientid=iot-device-03, thingname=iot-device-03, thingid=877352b9-a35d-45d3-9c98-162d89965a13, thingarn=arn:aws:iot:us-east-1:507441099951:thing/iot-device-03, thingtypename=null, attributes={installed=1592562234, latitude=37.4133144, longitude=-122.1513069}, version=1, billinggroupname=null}","2020-11-26 00:00:00.000"
"iot-device-02","1.594605359923046E9","59.2","79.16","true","false","0.0072","0.0046","0.0192","2020-11-26T17:00:02.571+0000","{defaultclientid=iot-device-02, thingname=iot-device-02, thingid=4ae4927a-aefb-4584-a45a-fc4839feffd6, thingarn=arn:aws:iot:us-east-1:507441099951:thing/iot-device-02, thingtypename=null, attributes={installed=1593361211, latitude=32.8205865, longitude=-96.871627}, version=1, billinggroupname=null}","2020-11-26 00:00:00.000"
"iot-device-01","1.5946063746090386E9","74.3","66.56","false","false","0.0095","0.0067","0.0257","2020-11-26T17:00:20.721+0000","{defaultclientid=iot-device-01, thingname=iot-device-01, thingid=983c2b68-f9a3-4e83-b3c6-9f6f8ad5431b, thingarn=arn:aws:iot:us-east-1:507441099951:thing/iot-device-01, thingtypename=null, attributes={installed=1594665292, latitude=37.4133144, longitude=-122.1513069}, version=1, billinggroupname=null}","2020-11-26 00:00:00.000"
"iot-device-03","1.5946063749583712E9","50.4","72.32","false","false","0.008","0.0052","0.0213","2020-11-26T17:00:21.012+0000","{defaultclientid=iot-device-03, thingname=iot-device-03, thingid=877352b9-a35d-45d3-9c98-162d89965a13, thingarn=arn:aws:iot:us-east-1:507441099951:thing/iot-device-03, thingtypename=null, attributes={installed=1592562234, latitude=37.4133144, longitude=-122.1513069}, version=1, billinggroupname=null}","2020-11-26 00:00:00.000"
"iot-device-03","1.5946063786575205E9","50.4","72.32","false","false","0.0079","0.0052","0.0212","2020-11-26T17:00:21.298+0000","{defaultclientid=iot-device-03, thingname=iot-device-03, thingid=877352b9-a35d-45d3-9c98-162d89965a13, thingarn=arn:aws:iot:us-east-1:507441099951:thing/iot-device-03, thingtypename=null, attributes={installed=1592562234, latitude=37.4133144, longitude=-122.1513069}, version=1, billinggroupname=null}","2020-11-26 00:00:00.000"
"iot-device-02","1.594606378854354E9","59.0","79.16","true","false","0.0072","0.0046","0.0192","2020-11-26T17:00:21.592+0000","{defaultclientid=iot-device-02, thingname=iot-device-02, thingid=4ae4927a-aefb-4584-a45a-fc4839feffd6, thingarn=arn:aws:iot:us-east-1:507441099951:thing/iot-device-02, thingtypename=null, attributes={installed=1593361211, latitude=32.8205865, longitude=-96.871627}, version=1, billinggroupname=null}","2020-11-26 00:00:00.000"
"iot-device-01","1.594606378961233E9","74.1","66.56","false","false","0.0094","0.0066","0.0254","2020-11-26T17:00:21.892+0000","{defaultclientid=iot-device-01, thingname=iot-device-01, thingid=983c2b68-f9a3-4e83-b3c6-9f6f8ad5431b, thingarn=arn:aws:iot:us-east-1:507441099951:thing/iot-device-01, thingtypename=null, attributes={installed=1594665292, latitude=37.4133144, longitude=-122.1513069}, version=1, billinggroupname=null}","2020-11-26 00:00:00.000"
"iot-device-03","1.5946063823495748E9","50.4","72.32","false","false","0.008","0.0052","0.0213","2020-11-26T17:00:22.191+0000","{defaultclientid=iot-device-03, thingname=iot-device-03, thingid=877352b9-a35d-45d3-9c98-162d89965a13, thingarn=arn:aws:iot:us-east-1:507441099951:thing/iot-device-03, thingtypename=null, attributes={installed=1592562234, latitude=37.4133144, longitude=-122.1513069}, version=1, billinggroupname=null}","2020-11-26 00:00:00.000"
"iot-device-02","1.5946063837306821E9","58.9","78.98","true","false","0.0073","0.0046","0.0193","2020-11-26T17:00:22.530+0000","{defaultclientid=iot-device-02, thingname=iot-device-02, thingid=4ae4927a-aefb-4584-a45a-fc4839feffd6, thingarn=arn:aws:iot:us-east-1:507441099951:thing/iot-device-02, thingtypename=null, attributes={installed=1593361211, latitude=32.8205865, longitude=-96.871627}, version=1, billinggroupname=null}","2020-11-26 00:00:00.000"
"iot-device-01","1.5946063849202838E9","74.1","66.56","false","false","0.0095","0.0067","0.0257","2020-11-26T17:00:22.817+0000","{defaultclientid=iot-device-01, thingname=iot-device-01, thingid=983c2b68-f9a3-4e83-b3c6-9f6f8ad5431b, thingarn=arn:aws:iot:us-east-1:507441099951:thing/iot-device-01, thingtypename=null, attributes={installed=1594665292, latitude=37.4133144, longitude=-122.1513069}, version=1, billinggroupname=null}","2020-11-26 00:00:00.000"
"iot-device-03","1.5946063859268892E9","50.4","72.32","false","false","0.008","0.0053","0.0214","2020-11-26T17:00:23.109+0000","{defaultclientid=iot-device-03, thingname=iot-device-03, thingid=877352b9-a35d-45d3-9c98-162d89965a13, thingarn=arn:aws:iot:us-east-1:507441099951:thing/iot-device-03, thingtypename=null, attributes={installed=1592562234, latitude=37.4133144, longitude=-122.1513069}, version=1, billinggroupname=null}","2020-11-26 00:00:00.000"
"iot-device-03","1.5946063896282232E9","50.4","72.32","false","false","0.008","0.0052","0.0213","2020-11-26T17:00:23.395+0000","{defaultclientid=iot-device-03, thingname=iot-device-03, thingid=877352b9-a35d-45d3-9c98-162d89965a13, thingarn=arn:aws:iot:us-east-1:507441099951:thing/iot-device-03, thingtypename=null, attributes={installed=1592562234, latitude=37.4133144, longitude=-122.1513069}, version=1, billinggroupname=null}","2020-11-26 00:00:00.000"
"iot-device-03","1.594606426471825E9","50.6","72.32","false","false","0.0079","0.0052","0.0213","2020-11-26T17:00:29.545+0000","{defaultclientid=iot-device-03, thingname=iot-device-03, thingid=877352b9-a35d-45d3-9c98-162d89965a13, thingarn=arn:aws:iot:us-east-1:507441099951:thing/iot-device-03, thingtypename=null, attributes={installed=1592562234, latitude=37.4133144, longitude=-122.1513069}, version=1, billinggroupname=null}","2020-11-26 00:00:00.000"
"iot-device-02","1.5946064270865233E9","58.9","79.16","true","false","0.0072","0.0046","0.0192","2020-11-26T17:00:29.843+0000","{defaultclientid=iot-device-02, thingname=iot-device-02, thingid=4ae4927a-aefb-4584-a45a-fc4839feffd6, thingarn=arn:aws:iot:us-east-1:507441099951:thing/iot-device-02, thingtypename=null, attributes={installed=1593361211, latitude=32.8205865, longitude=-96.871627}, version=1, billinggroupname=null}","2020-11-26 00:00:00.000"
"iot-device-01","1.5946371408903618E9","76.5","67.46","false","false","0.0062","0.0037","0.0164","2020-11-26T17:18:44.924+0000","{defaultclientid=iot-device-01, thingname=iot-device-01, thingid=983c2b68-f9a3-4e83-b3c6-9f6f8ad5431b, thingarn=arn:aws:iot:us-east-1:507441099951:thing/iot-device-01, thingtypename=null, attributes={installed=1594665292, latitude=37.4133144, longitude=-122.1513069}, version=1, billinggroupname=null}","2020-11-26 00:00:00.000"
"iot-device-03","1.5946371437092385E9","52.2","71.06","false","false","0.0078","0.0051","0.0209","2020-11-26T17:18:45.208+0000","{defaultclientid=iot-device-03, thingname=iot-device-03, thingid=877352b9-a35d-45d3-9c98-162d89965a13, thingarn=arn:aws:iot:us-east-1:507441099951:thing/iot-device-03, thingtypename=null, attributes={installed=1592562234, latitude=37.4133144, longitude=-122.1513069}, version=1, billinggroupname=null}","2020-11-26 00:00:00.000"
"iot-device-02","1.5946371469671962E9","59.8","74.48","true","false","0.0071","0.0045","0.0189","2020-11-26T17:18:45.501+0000","{defaultclientid=iot-device-02, thingname=iot-device-02, thingid=4ae4927a-aefb-4584-a45a-fc4839feffd6, thingarn=arn:aws:iot:us-east-1:507441099951:thing/iot-device-02, thingtypename=null, attributes={installed=1593361211, latitude=32.8205865, longitude=-96.871627}, version=1, billinggroupname=null}","2020-11-26 00:00:00.000"
"iot-device-03","1.5946371473953598E9","52.2","71.06","false","false","0.0078","0.0051","0.0208","2020-11-26T17:18:45.796+0000","{defaultclientid=iot-device-03, thingname=iot-device-03, thingid=877352b9-a35d-45d3-9c98-162d89965a13, thingarn=arn:aws:iot:us-east-1:507441099951:thing/iot-device-03, thingtypename=null, attributes={installed=1592562234, latitude=37.4133144, longitude=-122.1513069}, version=1, billinggroupname=null}","2020-11-26 00:00:00.000"
"iot-device-01","1.5946371479407372E9","76.5","67.46","false","false","0.0062","0.0037","0.0164","2020-11-26T17:18:46.087+0000","{defaultclientid=iot-device-01, thingname=iot-device-01, thingid=983c2b68-f9a3-4e83-b3c6-9f6f8ad5431b, thingarn=arn:aws:iot:us-east-1:507441099951:thing/iot-device-01, thingtypename=null, attributes={installed=1594665292, latitude=37.4133144, longitude=-122.1513069}, version=1, billinggroupname=null}","2020-11-26 00:00:00.000"
"iot-device-03","1.594637151081112E9","52.2","71.06","false","false","0.0078","0.0051","0.0209","2020-11-26T17:18:46.379+0000","{defaultclientid=iot-device-03, thingname=iot-device-03, thingid=877352b9-a35d-45d3-9c98-162d89965a13, thingarn=arn:aws:iot:us-east-1:507441099951:thing/iot-device-03, thingtypename=null, attributes={installed=1592562234, latitude=37.4133144, longitude=-122.1513069}, version=1, billinggroupname=null}","2020-11-26 00:00:00.000"
"iot-device-01","1.5946371522934554E9","76.5","67.46","false","false","0.0062","0.0037","0.0164","2020-11-26T17:18:46.668+0000","{defaultclientid=iot-device-01, thingname=iot-device-01, thingid=983c2b68-f9a3-4e83-b3c6-9f6f8ad5431b, thingarn=arn:aws:iot:us-east-1:507441099951:thing/iot-device-01, thingtypename=null, attributes={installed=1594665292, latitude=37.4133144, longitude=-122.1513069}, version=1, billinggroupname=null}","2020-11-26 00:00:00.000"
"iot-device-02","1.594637152915355E9","59.8","74.48","true","false","0.0071","0.0045","0.0189","2020-11-26T17:18:47.010+0000","{defaultclientid=iot-device-02, thingname=iot-device-02, thingid=4ae4927a-aefb-4584-a45a-fc4839feffd6, thingarn=arn:aws:iot:us-east-1:507441099951:thing/iot-device-02, thingtypename=null, attributes={installed=1593361211, latitude=32.8205865, longitude=-96.871627}, version=1, billinggroupname=null}","2020-11-26 00:00:00.000"
"iot-device-03","1.5946371547670608E9","52.2","71.06","false","false","0.0078","0.0051","0.0209","2020-11-26T17:18:47.299+0000","{defaultclientid=iot-device-03, thingname=iot-device-03, thingid=877352b9-a35d-45d3-9c98-162d89965a13, thingarn=arn:aws:iot:us-east-1:507441099951:thing/iot-device-03, thingtypename=null, attributes={installed=1592562234, latitude=37.4133144, longitude=-122.1513069}, version=1, billinggroupname=null}","2020-11-26 00:00:00.000"
"iot-device-03","1.594637158453183E9","52.2","71.06","false","false","0.0078","0.0051","0.0209","2020-11-26T17:18:47.589+0000","{defaultclientid=iot-device-03, thingname=iot-device-03, thingid=877352b9-a35d-45d3-9c98-162d89965a13, thingarn=arn:aws:iot:us-east-1:507441099951:thing/iot-device-03, thingtypename=null, attributes={installed=1592562234, latitude=37.4133144, longitude=-122.1513069}, version=1, billinggroupname=null}","2020-11-26 00:00:00.000"
"iot-device-02","1.594637077473258E9","59.8","74.48","true","false","0.0071","0.0045","0.0189","2020-11-26T17:18:32.917+0000","{defaultclientid=iot-device-02, thingname=iot-device-02, thingid=4ae4927a-aefb-4584-a45a-fc4839feffd6, thingarn=arn:aws:iot:us-east-1:507441099951:thing/iot-device-02, thingtypename=null, attributes={installed=1593361211, latitude=32.8205865, longitude=-96.871627}, version=1, billinggroupname=null}","2020-11-26 00:00:00.000"
"iot-device-01","1.594637078414632E9","76.5","67.64","false","false","0.0062","0.0037","0.0164","2020-11-26T17:18:33.218+0000","{defaultclientid=iot-device-01, thingname=iot-device-01, thingid=983c2b68-f9a3-4e83-b3c6-9f6f8ad5431b, thingarn=arn:aws:iot:us-east-1:507441099951:thing/iot-device-01, thingtypename=null, attributes={installed=1594665292, latitude=37.4133144, longitude=-122.1513069}, version=1, billinggroupname=null}","2020-11-26 00:00:00.000"
"iot-device-03","1.5946370810399694E9","52.1","70.88","false","false","0.0078","0.0051","0.0209","2020-11-26T17:18:33.527+0000","{defaultclientid=iot-device-03, thingname=iot-device-03, thingid=877352b9-a35d-45d3-9c98-162d89965a13, thingarn=arn:aws:iot:us-east-1:507441099951:thing/iot-device-03, thingtypename=null, attributes={installed=1592562234, latitude=37.4133144, longitude=-122.1513069}, version=1, billinggroupname=null}","2020-11-26 00:00:00.000"
"iot-device-01","1.5946370827654252E9","76.4","67.46","false","false","0.0062","0.0037","0.0164","2020-11-26T17:18:33.818+0000","{defaultclientid=iot-device-01, thingname=iot-device-01, thingid=983c2b68-f9a3-4e83-b3c6-9f6f8ad5431b, thingarn=arn:aws:iot:us-east-1:507441099951:thing/iot-device-01, thingtypename=null, attributes={installed=1594665292, latitude=37.4133144, longitude=-122.1513069}, version=1, billinggroupname=null}","2020-11-26 00:00:00.000"
"iot-device-02","1.5946370834244845E9","59.8","74.48","true","false","0.0071","0.0045","0.0189","2020-11-26T17:18:34.170+0000","{defaultclientid=iot-device-02, thingname=iot-device-02, thingid=4ae4927a-aefb-4584-a45a-fc4839feffd6, thingarn=arn:aws:iot:us-east-1:507441099951:thing/iot-device-02, thingtypename=null, attributes={installed=1593361211, latitude=32.8205865, longitude=-96.871627}, version=1, billinggroupname=null}","2020-11-26 00:00:00.000"
"iot-device-03","1.5946370847278204E9","52.1","71.06","false","false","0.0078","0.0051","0.0209","2020-11-26T17:18:34.463+0000","{defaultclientid=iot-device-03, thingname=iot-device-03, thingid=877352b9-a35d-45d3-9c98-162d89965a13, thingarn=arn:aws:iot:us-east-1:507441099951:thing/iot-device-03, thingtypename=null, attributes={installed=1592562234, latitude=37.4133144, longitude=-122.1513069}, version=1, billinggroupname=null}","2020-11-26 00:00:00.000"
"iot-device-01","1.5946370881921012E9","76.3","67.46","false","false","0.0062","0.0037","0.0164","2020-11-26T17:18:34.758+0000","{defaultclientid=iot-device-01, thingname=iot-device-01, thingid=983c2b68-f9a3-4e83-b3c6-9f6f8ad5431b, thingarn=arn:aws:iot:us-east-1:507441099951:thing/iot-device-01, thingtypename=null, attributes={installed=1594665292, latitude=37.4133144, longitude=-122.1513069}, version=1, billinggroupname=null}","2020-11-26 00:00:00.000"
"iot-device-03","1.5946370884156635E9","52.1","71.06","false","false","0.0078","0.0051","0.0208","2020-11-26T17:18:35.085+0000","{defaultclientid=iot-device-03, thingname=iot-device-03, thingid=877352b9-a35d-45d3-9c98-162d89965a13, thingarn=arn:aws:iot:us-east-1:507441099951:thing/iot-device-03, thingtypename=null, attributes={installed=1592562234, latitude=37.4133144, longitude=-122.1513069}, version=1, billinggroupname=null}","2020-11-26 00:00:00.000"
"iot-device-02","1.5946370909941704E9","59.8","74.48","true","false","0.0072","0.0045","0.0191","2020-11-26T17:18:35.369+0000","{defaultclientid=iot-device-02, thingname=iot-device-02, thingid=4ae4927a-aefb-4584-a45a-fc4839feffd6, thingarn=arn:aws:iot:us-east-1:507441099951:thing/iot-device-02, thingtypename=null, attributes={installed=1593361211, latitude=32.8205865, longitude=-96.871627}, version=1, billinggroupname=null}","2020-11-26 00:00:00.000"
"iot-device-03","1.5946370921024635E9","52.1","71.06","false","false","0.0078","0.0051","0.0209","2020-11-26T17:18:35.660+0000","{defaultclientid=iot-device-03, thingname=iot-device-03, thingid=877352b9-a35d-45d3-9c98-162d89965a13, thingarn=arn:aws:iot:us-east-1:507441099951:thing/iot-device-03, thingtypename=null, attributes={installed=1592562234, latitude=37.4133144, longitude=-122.1513069}, version=1, billinggroupname=null}","2020-11-26 00:00:00.000"
"iot-device-01","1.5946371587951505E9","76.5","67.46","false","false","0.0063","0.0038","0.0167","2020-11-26T17:18:47.880+0000","{defaultclientid=iot-device-01, thingname=iot-device-01, thingid=983c2b68-f9a3-4e83-b3c6-9f6f8ad5431b, thingarn=arn:aws:iot:us-east-1:507441099951:thing/iot-device-01, thingtypename=null, attributes={installed=1594665292, latitude=37.4133144, longitude=-122.1513069}, version=1, billinggroupname=null}","2020-11-26 00:00:00.000"
"iot-device-02","1.5946371599294078E9","59.8","74.48","true","false","0.0072","0.0046","0.0192","2020-11-26T17:18:48.180+0000","{defaultclientid=iot-device-02, thingname=iot-device-02, thingid=4ae4927a-aefb-4584-a45a-fc4839feffd6, thingarn=arn:aws:iot:us-east-1:507441099951:thing/iot-device-02, thingtypename=null, attributes={installed=1593361211, latitude=32.8205865, longitude=-96.871627}, version=1, billinggroupname=null}","2020-11-26 00:00:00.000"
"iot-device-03","1.5946371621389852E9","52.2","71.06","false","false","0.0078","0.0051","0.0208","2020-11-26T17:18:48.470+0000","{defaultclientid=iot-device-03, thingname=iot-device-03, thingid=877352b9-a35d-45d3-9c98-162d89965a13, thingarn=arn:aws:iot:us-east-1:507441099951:thing/iot-device-03, thingtypename=null, attributes={installed=1592562234, latitude=37.4133144, longitude=-122.1513069}, version=1, billinggroupname=null}","2020-11-26 00:00:00.000"
"iot-device-03","1.5946371658143759E9","52.2","71.06","false","false","0.0078","0.0051","0.0209","2020-11-26T17:18:48.759+0000","{defaultclientid=iot-device-03, thingname=iot-device-03, thingid=877352b9-a35d-45d3-9c98-162d89965a13, thingarn=arn:aws:iot:us-east-1:507441099951:thing/iot-device-03, thingtypename=null, attributes={installed=1592562234, latitude=37.4133144, longitude=-122.1513069}, version=1, billinggroupname=null}","2020-11-26 00:00:00.000"
"iot-device-01","1.594637167450361E9","76.4","67.46","false","false","0.0064","0.0038","0.0168","2020-11-26T17:18:49.050+0000","{defaultclientid=iot-device-01, thingname=iot-device-01, thingid=983c2b68-f9a3-4e83-b3c6-9f6f8ad5431b, thingarn=arn:aws:iot:us-east-1:507441099951:thing/iot-device-01, thingtypename=null, attributes={installed=1594665292, latitude=37.4133144, longitude=-122.1513069}, version=1, billinggroupname=null}","2020-11-26 00:00:00.000"
"iot-device-03","1.5946371695002198E9","52.1","70.88","false","false","0.0078","0.0051","0.0208","2020-11-26T17:18:49.340+0000","{defaultclientid=iot-device-03, thingname=iot-device-03, thingid=877352b9-a35d-45d3-9c98-162d89965a13, thingarn=arn:aws:iot:us-east-1:507441099951:thing/iot-device-03, thingtypename=null, attributes={installed=1592562234, latitude=37.4133144, longitude=-122.1513069}, version=1, billinggroupname=null}","2020-11-26 00:00:00.000"
"iot-device-01","1.5946371723837748E9","76.4","67.46","false","false","0.0062","0.0037","0.0164","2020-11-26T17:18:49.629+0000","{defaultclientid=iot-device-01, thingname=iot-device-01, thingid=983c2b68-f9a3-4e83-b3c6-9f6f8ad5431b, thingarn=arn:aws:iot:us-east-1:507441099951:thing/iot-device-01, thingtypename=null, attributes={installed=1594665292, latitude=37.4133144, longitude=-122.1513069}, version=1, billinggroupname=null}","2020-11-26 00:00:00.000"
"iot-device-02","1.5946371726114802E9","59.7","74.48","true","false","0.0071","0.0045","0.0188","2020-11-26T17:18:49.931+0000","{defaultclientid=iot-device-02, thingname=iot-device-02, thingid=4ae4927a-aefb-4584-a45a-fc4839feffd6, thingarn=arn:aws:iot:us-east-1:507441099951:thing/iot-device-02, thingtypename=null, attributes={installed=1593361211, latitude=32.8205865, longitude=-96.871627}, version=1, billinggroupname=null}","2020-11-26 00:00:00.000"
"iot-device-03","1.594637173185064E9","52.1","70.88","false","false","0.0078","0.0051","0.0209","2020-11-26T17:18:50.229+0000","{defaultclientid=iot-device-03, thingname=iot-device-03, thingid=877352b9-a35d-45d3-9c98-162d89965a13, thingarn=arn:aws:iot:us-east-1:507441099951:thing/iot-device-03, thingtypename=null, attributes={installed=1592562234, latitude=37.4133144, longitude=-122.1513069}, version=1, billinggroupname=null}","2020-11-26 00:00:00.000"
"iot-device-01","1.5946371762019806E9","76.4","67.46","false","false","0.0063","0.0038","0.0166","2020-11-26T17:18:50.534+0000","{defaultclientid=iot-device-01, thingname=iot-device-01, thingid=983c2b68-f9a3-4e83-b3c6-9f6f8ad5431b, thingarn=arn:aws:iot:us-east-1:507441099951:thing/iot-device-01, thingtypename=null, attributes={installed=1594665292, latitude=37.4133144, longitude=-122.1513069}, version=1, billinggroupname=null}","2020-11-26 00:00:00.000"
"iot-device-03","1.5946372100554402E9","52.2","71.06","false","false","0.0078","0.0051","0.0209","2020-11-26T17:18:56.691+0000","{defaultclientid=iot-device-03, thingname=iot-device-03, thingid=877352b9-a35d-45d3-9c98-162d89965a13, thingarn=arn:aws:iot:us-east-1:507441099951:thing/iot-device-03, thingtypename=null, attributes={installed=1592562234, latitude=37.4133144, longitude=-122.1513069}, version=1, billinggroupname=null}","2020-11-26 00:00:00.000"
"iot-device-01","1.5946372114631028E9","76.5","67.46","false","false","0.0062","0.0037","0.0164","2020-11-26T17:18:56.989+0000","{defaultclientid=iot-device-01, thingname=iot-device-01, thingid=983c2b68-f9a3-4e83-b3c6-9f6f8ad5431b, thingarn=arn:aws:iot:us-east-1:507441099951:thing/iot-device-01, thingtypename=null, attributes={installed=1594665292, latitude=37.4133144, longitude=-122.1513069}, version=1, billinggroupname=null}","2020-11-26 00:00:00.000"
"iot-device-02","1.5946372115763733E9","59.8","74.48","true","false","0.0072","0.0046","0.0192","2020-11-26T17:18:57.281+0000","{defaultclientid=iot-device-02, thingname=iot-device-02, thingid=4ae4927a-aefb-4584-a45a-fc4839feffd6, thingarn=arn:aws:iot:us-east-1:507441099951:thing/iot-device-02, thingtypename=null, attributes={installed=1593361211, latitude=32.8205865, longitude=-96.871627}, version=1, billinggroupname=null}","2020-11-26 00:00:00.000"
"iot-device-03","1.594637213743429E9","52.2","71.06","false","false","0.0078","0.0051","0.0208","2020-11-26T17:18:57.568+0000","{defaultclientid=iot-device-03, thingname=iot-device-03, thingid=877352b9-a35d-45d3-9c98-162d89965a13, thingarn=arn:aws:iot:us-east-1:507441099951:thing/iot-device-03, thingtypename=null, attributes={installed=1592562234, latitude=37.4133144, longitude=-122.1513069}, version=1, billinggroupname=null}","2020-11-26 00:00:00.000"
"iot-device-03","1.5946372174310567E9","52.2","71.06","false","false","0.0078","0.0051","0.0208","2020-11-26T17:18:57.869+0000","{defaultclientid=iot-device-03, thingname=iot-device-03, thingid=877352b9-a35d-45d3-9c98-162d89965a13, thingarn=arn:aws:iot:us-east-1:507441099951:thing/iot-device-03, thingtypename=null, attributes={installed=1592562234, latitude=37.4133144, longitude=-122.1513069}, version=1, billinggroupname=null}","2020-11-26 00:00:00.000"
"iot-device-03","1.594637221119361E9","52.2","71.06","false","false","0.0078","0.0051","0.0209","2020-11-26T17:18:58.160+0000","{defaultclientid=iot-device-03, thingname=iot-device-03, thingid=877352b9-a35d-45d3-9c98-162d89965a13, thingarn=arn:aws:iot:us-east-1:507441099951:thing/iot-device-03, thingtypename=null, attributes={installed=1592562234, latitude=37.4133144, longitude=-122.1513069}, version=1, billinggroupname=null}","2020-11-26 00:00:00.000"
"iot-device-02","1.5946372212855673E9","59.8","74.48","true","false","0.0072","0.0046","0.0192","2020-11-26T17:18:58.460+0000","{defaultclientid=iot-device-02, thingname=iot-device-02, thingid=4ae4927a-aefb-4584-a45a-fc4839feffd6, thingarn=arn:aws:iot:us-east-1:507441099951:thing/iot-device-02, thingtypename=null, attributes={installed=1593361211, latitude=32.8205865, longitude=-96.871627}, version=1, billinggroupname=null}","2020-11-26 00:00:00.000"
"iot-device-01","1.5946372228025215E9","76.4","67.46","false","false","0.0063","0.0038","0.0166","2020-11-26T17:18:58.765+0000","{defaultclientid=iot-device-01, thingname=iot-device-01, thingid=983c2b68-f9a3-4e83-b3c6-9f6f8ad5431b, thingarn=arn:aws:iot:us-east-1:507441099951:thing/iot-device-01, thingtypename=null, attributes={installed=1594665292, latitude=37.4133144, longitude=-122.1513069}, version=1, billinggroupname=null}","2020-11-26 00:00:00.000"
"iot-device-03","1.5946372248067868E9","52.2","71.06","false","false","0.0078","0.0051","0.0209","2020-11-26T17:18:59.050+0000","{defaultclientid=iot-device-03, thingname=iot-device-03, thingid=877352b9-a35d-45d3-9c98-162d89965a13, thingarn=arn:aws:iot:us-east-1:507441099951:thing/iot-device-03, thingtypename=null, attributes={installed=1592562234, latitude=37.4133144, longitude=-122.1513069}, version=1, billinggroupname=null}","2020-11-26 00:00:00.000"
"iot-device-03","1.5946372284943285E9","52.1","70.88","false","false","0.0078","0.0051","0.0208","2020-11-26T17:18:59.354+0000","{defaultclientid=iot-device-03, thingname=iot-device-03, thingid=877352b9-a35d-45d3-9c98-162d89965a13, thingarn=arn:aws:iot:us-east-1:507441099951:thing/iot-device-03, thingtypename=null, attributes={installed=1592562234, latitude=37.4133144, longitude=-122.1513069}, version=1, billinggroupname=null}","2020-11-26 00:00:00.000"
"iot-device-03","1.5946370625835598E9","52.1","71.06","false","false","0.0078","0.0051","0.0208","2020-11-26T17:18:29.999+0000","{defaultclientid=iot-device-03, thingname=iot-device-03, thingid=877352b9-a35d-45d3-9c98-162d89965a13, thingarn=arn:aws:iot:us-east-1:507441099951:thing/iot-device-03, thingtypename=null, attributes={installed=1592562234, latitude=37.4133144, longitude=-122.1513069}, version=1, billinggroupname=null}","2020-11-26 00:00:00.000"
"iot-device-01","1.5946370658956034E9","76.3","67.46","false","false","0.0062","0.0037","0.0164","2020-11-26T17:18:30.289+0000","{defaultclientid=iot-device-01, thingname=iot-device-01, thingid=983c2b68-f9a3-4e83-b3c6-9f6f8ad5431b, thingarn=arn:aws:iot:us-east-1:507441099951:thing/iot-device-01, thingtypename=null, attributes={installed=1594665292, latitude=37.4133144, longitude=-122.1513069}, version=1, billinggroupname=null}","2020-11-26 00:00:00.000"
"iot-device-03","1.5946370662725465E9","52.1","71.06","false","false","0.0078","0.0051","0.0209","2020-11-26T17:18:30.587+0000","{defaultclientid=iot-device-03, thingname=iot-device-03, thingid=877352b9-a35d-45d3-9c98-162d89965a13, thingarn=arn:aws:iot:us-east-1:507441099951:thing/iot-device-03, thingtypename=null, attributes={installed=1592562234, latitude=37.4133144, longitude=-122.1513069}, version=1, billinggroupname=null}","2020-11-26 00:00:00.000"
"iot-device-02","1.5946370687894428E9","59.8","74.48","true","false","0.0072","0.0045","0.019","2020-11-26T17:18:30.889+0000","{defaultclientid=iot-device-02, thingname=iot-device-02, thingid=4ae4927a-aefb-4584-a45a-fc4839feffd6, thingarn=arn:aws:iot:us-east-1:507441099951:thing/iot-device-02, thingtypename=null, attributes={installed=1593361211, latitude=32.8205865, longitude=-96.871627}, version=1, billinggroupname=null}","2020-11-26 00:00:00.000"
"iot-device-01","1.5946370697095811E9","76.4","67.64","false","false","0.0062","0.0037","0.0164","2020-11-26T17:18:31.177+0000","{defaultclientid=iot-device-01, thingname=iot-device-01, thingid=983c2b68-f9a3-4e83-b3c6-9f6f8ad5431b, thingarn=arn:aws:iot:us-east-1:507441099951:thing/iot-device-01, thingtypename=null, attributes={installed=1594665292, latitude=37.4133144, longitude=-122.1513069}, version=1, billinggroupname=null}","2020-11-26 00:00:00.000"
"iot-device-03","1.594637069977296E9","52.1","71.06","false","false","0.0078","0.0051","0.0209","2020-11-26T17:18:31.481+0000","{defaultclientid=iot-device-03, thingname=iot-device-03, thingid=877352b9-a35d-45d3-9c98-162d89965a13, thingarn=arn:aws:iot:us-east-1:507441099951:thing/iot-device-03, thingtypename=null, attributes={installed=1592562234, latitude=37.4133144, longitude=-122.1513069}, version=1, billinggroupname=null}","2020-11-26 00:00:00.000"
"iot-device-03","1.5946370736648226E9","52.1","71.06","false","false","0.0078","0.0051","0.021","2020-11-26T17:18:31.776+0000","{defaultclientid=iot-device-03, thingname=iot-device-03, thingid=877352b9-a35d-45d3-9c98-162d89965a13, thingarn=arn:aws:iot:us-east-1:507441099951:thing/iot-device-03, thingtypename=null, attributes={installed=1592562234, latitude=37.4133144, longitude=-122.1513069}, version=1, billinggroupname=null}","2020-11-26 00:00:00.000"
"iot-device-02","1.5946370736657305E9","59.8","74.48","true","false","0.0072","0.0045","0.019","2020-11-26T17:18:32.061+0000","{defaultclientid=iot-device-02, thingname=iot-device-02, thingid=4ae4927a-aefb-4584-a45a-fc4839feffd6, thingarn=arn:aws:iot:us-east-1:507441099951:thing/iot-device-02, thingtypename=null, attributes={installed=1593361211, latitude=32.8205865, longitude=-96.871627}, version=1, billinggroupname=null}","2020-11-26 00:00:00.000"
"iot-device-01","1.5946370740625515E9","76.5","67.64","false","false","0.0062","0.0037","0.0164","2020-11-26T17:18:32.341+0000","{defaultclientid=iot-device-01, thingname=iot-device-01, thingid=983c2b68-f9a3-4e83-b3c6-9f6f8ad5431b, thingarn=arn:aws:iot:us-east-1:507441099951:thing/iot-device-01, thingtypename=null, attributes={installed=1594665292, latitude=37.4133144, longitude=-122.1513069}, version=1, billinggroupname=null}","2020-11-26 00:00:00.000"
"iot-device-03","1.59463707735249E9","52.1","71.06","false","false","0.0078","0.0051","0.0209","2020-11-26T17:18:32.629+0000","{defaultclientid=iot-device-03, thingname=iot-device-03, thingid=877352b9-a35d-45d3-9c98-162d89965a13, thingarn=arn:aws:iot:us-east-1:507441099951:thing/iot-device-03, thingtypename=null, attributes={installed=1592562234, latitude=37.4133144, longitude=-122.1513069}, version=1, billinggroupname=null}","2020-11-26 00:00:00.000"
"iot-device-02","1.594637193203507E9","59.7","74.48","true","false","0.0071","0.0045","0.0189","2020-11-26T17:18:53.728+0000","{defaultclientid=iot-device-02, thingname=iot-device-02, thingid=4ae4927a-aefb-4584-a45a-fc4839feffd6, thingarn=arn:aws:iot:us-east-1:507441099951:thing/iot-device-02, thingtypename=null, attributes={installed=1593361211, latitude=32.8205865, longitude=-96.871627}, version=1, billinggroupname=null}","2020-11-26 00:00:00.000"
"iot-device-03","1.5946371952994952E9","52.1","70.88","false","false","0.0078","0.0051","0.0209","2020-11-26T17:18:54.020+0000","{defaultclientid=iot-device-03, thingname=iot-device-03, thingid=877352b9-a35d-45d3-9c98-162d89965a13, thingarn=arn:aws:iot:us-east-1:507441099951:thing/iot-device-03, thingtypename=null, attributes={installed=1592562234, latitude=37.4133144, longitude=-122.1513069}, version=1, billinggroupname=null}","2020-11-26 00:00:00.000"
"iot-device-01","1.5946371962412038E9","76.5","67.46","false","false","0.0063","0.0038","0.0166","2020-11-26T17:18:54.309+0000","{defaultclientid=iot-device-01, thingname=iot-device-01, thingid=983c2b68-f9a3-4e83-b3c6-9f6f8ad5431b, thingarn=arn:aws:iot:us-east-1:507441099951:thing/iot-device-01, thingtypename=null, attributes={installed=1594665292, latitude=37.4133144, longitude=-122.1513069}, version=1, billinggroupname=null}","2020-11-26 00:00:00.000"
"iot-device-03","1.5946371989834836E9","52.2","71.06","false","false","0.0078","0.0051","0.0209","2020-11-26T17:18:54.613+0000","{defaultclientid=iot-device-03, thingname=iot-device-03, thingid=877352b9-a35d-45d3-9c98-162d89965a13, thingarn=arn:aws:iot:us-east-1:507441099951:thing/iot-device-03, thingtypename=null, attributes={installed=1592562234, latitude=37.4133144, longitude=-122.1513069}, version=1, billinggroupname=null}","2020-11-26 00:00:00.000"
"iot-device-02","1.5946372007525911E9","59.4","74.48","true","false","0.0071","0.0045","0.0189","2020-11-26T17:18:54.899+0000","{defaultclientid=iot-device-02, thingname=iot-device-02, thingid=4ae4927a-aefb-4584-a45a-fc4839feffd6, thingarn=arn:aws:iot:us-east-1:507441099951:thing/iot-device-02, thingtypename=null, attributes={installed=1593361211, latitude=32.8205865, longitude=-96.871627}, version=1, billinggroupname=null}","2020-11-26 00:00:00.000"
"iot-device-01","1.5946372022110415E9","76.5","67.46","false","false","0.0063","0.0038","0.0167","2020-11-26T17:18:55.189+0000","{defaultclientid=iot-device-01, thingname=iot-device-01, thingid=983c2b68-f9a3-4e83-b3c6-9f6f8ad5431b, thingarn=arn:aws:iot:us-east-1:507441099951:thing/iot-device-01, thingtypename=null, attributes={installed=1594665292, latitude=37.4133144, longitude=-122.1513069}, version=1, billinggroupname=null}","2020-11-26 00:00:00.000"
"iot-device-03","1.5946372026673505E9","52.2","71.06","false","false","0.0078","0.0051","0.0209","2020-11-26T17:18:55.489+0000","{defaultclientid=iot-device-03, thingname=iot-device-03, thingid=877352b9-a35d-45d3-9c98-162d89965a13, thingarn=arn:aws:iot:us-east-1:507441099951:thing/iot-device-03, thingtypename=null, attributes={installed=1592562234, latitude=37.4133144, longitude=-122.1513069}, version=1, billinggroupname=null}","2020-11-26 00:00:00.000"
"iot-device-02","1.594637205630289E9","59.8","74.48","true","false","0.0072","0.0046","0.0191","2020-11-26T17:18:55.784+0000","{defaultclientid=iot-device-02, thingname=iot-device-02, thingid=4ae4927a-aefb-4584-a45a-fc4839feffd6, thingarn=arn:aws:iot:us-east-1:507441099951:thing/iot-device-02, thingtypename=null, attributes={installed=1593361211, latitude=32.8205865, longitude=-96.871627}, version=1, billinggroupname=null}","2020-11-26 00:00:00.000"
"iot-device-03","1.5946372063680625E9","52.2","71.06","false","false","0.0078","0.0051","0.0208","2020-11-26T17:18:56.080+0000","{defaultclientid=iot-device-03, thingname=iot-device-03, thingid=877352b9-a35d-45d3-9c98-162d89965a13, thingarn=arn:aws:iot:us-east-1:507441099951:thing/iot-device-03, thingtypename=null, attributes={installed=1592562234, latitude=37.4133144, longitude=-122.1513069}, version=1, billinggroupname=null}","2020-11-26 00:00:00.000"
"iot-device-01","1.5946372065706954E9","76.5","67.46","false","false","0.0062","0.0037","0.0164","2020-11-26T17:18:56.383+0000","{defaultclientid=iot-device-01, thingname=iot-device-01, thingid=983c2b68-f9a3-4e83-b3c6-9f6f8ad5431b, thingarn=arn:aws:iot:us-east-1:507441099951:thing/iot-device-01, thingtypename=null, attributes={installed=1594665292, latitude=37.4133144, longitude=-122.1513069}, version=1, billinggroupname=null}","2020-11-26 00:00:00.000"
"iot-device-03","1.5946371768710005E9","52.2","71.06","false","false","0.0078","0.0051","0.021","2020-11-26T17:18:50.817+0000","{defaultclientid=iot-device-03, thingname=iot-device-03, thingid=877352b9-a35d-45d3-9c98-162d89965a13, thingarn=arn:aws:iot:us-east-1:507441099951:thing/iot-device-03, thingtypename=null, attributes={installed=1592562234, latitude=37.4133144, longitude=-122.1513069}, version=1, billinggroupname=null}","2020-11-26 00:00:00.000"
"iot-device-02","1.594637178024993E9","59.7","74.48","true","false","0.0071","0.0045","0.0188","2020-11-26T17:18:51.110+0000","{defaultclientid=iot-device-02, thingname=iot-device-02, thingid=4ae4927a-aefb-4584-a45a-fc4839feffd6, thingarn=arn:aws:iot:us-east-1:507441099951:thing/iot-device-02, thingtypename=null, attributes={installed=1593361211, latitude=32.8205865, longitude=-96.871627}, version=1, billinggroupname=null}","2020-11-26 00:00:00.000"
"iot-device-03","1.594637180556702E9","52.2","71.06","false","false","0.0078","0.0051","0.0208","2020-11-26T17:18:51.398+0000","{defaultclientid=iot-device-03, thingname=iot-device-03, thingid=877352b9-a35d-45d3-9c98-162d89965a13, thingarn=arn:aws:iot:us-east-1:507441099951:thing/iot-device-03, thingtypename=null, attributes={installed=1592562234, latitude=37.4133144, longitude=-122.1513069}, version=1, billinggroupname=null}","2020-11-26 00:00:00.000"
"iot-device-02","1.5946371834402075E9","59.7","74.48","true","false","0.0071","0.0045","0.019","2020-11-26T17:18:51.685+0000","{defaultclientid=iot-device-02, thingname=iot-device-02, thingid=4ae4927a-aefb-4584-a45a-fc4839feffd6, thingarn=arn:aws:iot:us-east-1:507441099951:thing/iot-device-02, thingtypename=null, attributes={installed=1593361211, latitude=32.8205865, longitude=-96.871627}, version=1, billinggroupname=null}","2020-11-26 00:00:00.000"
"iot-device-03","1.5946371842426233E9","52.2","71.06","false","false","0.0078","0.0051","0.0209","2020-11-26T17:18:51.981+0000","{defaultclientid=iot-device-03, thingname=iot-device-03, thingid=877352b9-a35d-45d3-9c98-162d89965a13, thingarn=arn:aws:iot:us-east-1:507441099951:thing/iot-device-03, thingtypename=null, attributes={installed=1592562234, latitude=37.4133144, longitude=-122.1513069}, version=1, billinggroupname=null}","2020-11-26 00:00:00.000"
"iot-device-01","1.5946371843090491E9","76.5","67.46","false","false","0.0062","0.0037","0.0164","2020-11-26T17:18:52.269+0000","{defaultclientid=iot-device-01, thingname=iot-device-01, thingid=983c2b68-f9a3-4e83-b3c6-9f6f8ad5431b, thingarn=arn:aws:iot:us-east-1:507441099951:thing/iot-device-01, thingtypename=null, attributes={installed=1594665292, latitude=37.4133144, longitude=-122.1513069}, version=1, billinggroupname=null}","2020-11-26 00:00:00.000"
"iot-device-03","1.594637187928645E9","52.2","71.06","false","false","0.0078","0.0051","0.0209","2020-11-26T17:18:52.560+0000","{defaultclientid=iot-device-03, thingname=iot-device-03, thingid=877352b9-a35d-45d3-9c98-162d89965a13, thingarn=arn:aws:iot:us-east-1:507441099951:thing/iot-device-03, thingtypename=null, attributes={installed=1592562234, latitude=37.4133144, longitude=-122.1513069}, version=1, billinggroupname=null}","2020-11-26 00:00:00.000"
"iot-device-02","1.5946371888559713E9","59.7","74.48","true","false","0.0071","0.0044","0.0187","2020-11-26T17:18:52.851+0000","{defaultclientid=iot-device-02, thingname=iot-device-02, thingid=4ae4927a-aefb-4584-a45a-fc4839feffd6, thingarn=arn:aws:iot:us-east-1:507441099951:thing/iot-device-02, thingtypename=null, attributes={installed=1593361211, latitude=32.8205865, longitude=-96.871627}, version=1, billinggroupname=null}","2020-11-26 00:00:00.000"
"iot-device-01","1.5946371897315414E9","76.5","67.46","false","false","0.0063","0.0038","0.0166","2020-11-26T17:18:53.144+0000","{defaultclientid=iot-device-01, thingname=iot-device-01, thingid=983c2b68-f9a3-4e83-b3c6-9f6f8ad5431b, thingarn=arn:aws:iot:us-east-1:507441099951:thing/iot-device-01, thingtypename=null, attributes={installed=1594665292, latitude=37.4133144, longitude=-122.1513069}, version=1, billinggroupname=null}","2020-11-26 00:00:00.000"
"iot-device-03","1.594637191613375E9","52.2","71.06","false","false","0.0078","0.0051","0.0209","2020-11-26T17:18:53.439+0000","{defaultclientid=iot-device-03, thingname=iot-device-03, thingid=877352b9-a35d-45d3-9c98-162d89965a13, thingarn=arn:aws:iot:us-east-1:507441099951:thing/iot-device-03, thingtypename=null, attributes={installed=1592562234, latitude=37.4133144, longitude=-122.1513069}, version=1, billinggroupname=null}","2020-11-26 00:00:00.000"
"iot-device-02","1.59463711208564E9","59.7","74.48","true","false","0.0072","0.0045","0.019","2020-11-26T17:18:39.029+0000","{defaultclientid=iot-device-02, thingname=iot-device-02, thingid=4ae4927a-aefb-4584-a45a-fc4839feffd6, thingarn=arn:aws:iot:us-east-1:507441099951:thing/iot-device-02, thingtypename=null, attributes={installed=1593361211, latitude=32.8205865, longitude=-96.871627}, version=1, billinggroupname=null}","2020-11-26 00:00:00.000"
"iot-device-01","1.5946371137049994E9","75.8","67.46","false","false","0.0063","0.0038","0.0167","2020-11-26T17:18:39.319+0000","{defaultclientid=iot-device-01, thingname=iot-device-01, thingid=983c2b68-f9a3-4e83-b3c6-9f6f8ad5431b, thingarn=arn:aws:iot:us-east-1:507441099951:thing/iot-device-01, thingtypename=null, attributes={installed=1594665292, latitude=37.4133144, longitude=-122.1513069}, version=1, billinggroupname=null}","2020-11-26 00:00:00.000"
"iot-device-03","1.594637114226543E9","52.2","71.06","false","false","0.0078","0.0051","0.0209","2020-11-26T17:18:39.624+0000","{defaultclientid=iot-device-03, thingname=iot-device-03, thingid=877352b9-a35d-45d3-9c98-162d89965a13, thingarn=arn:aws:iot:us-east-1:507441099951:thing/iot-device-03, thingtypename=null, attributes={installed=1592562234, latitude=37.4133144, longitude=-122.1513069}, version=1, billinggroupname=null}","2020-11-26 00:00:00.000"
"iot-device-02","1.594637115895609E9","59.7","74.48","true","false","0.0071","0.0045","0.0189","2020-11-26T17:18:39.919+0000","{defaultclientid=iot-device-02, thingname=iot-device-02, thingid=4ae4927a-aefb-4584-a45a-fc4839feffd6, thingarn=arn:aws:iot:us-east-1:507441099951:thing/iot-device-02, thingtypename=null, attributes={installed=1593361211, latitude=32.8205865, longitude=-96.871627}, version=1, billinggroupname=null}","2020-11-26 00:00:00.000"
"iot-device-03","1.5946371179107034E9","52.1","71.06","false","false","0.0078","0.0051","0.0209","2020-11-26T17:18:40.216+0000","{defaultclientid=iot-device-03, thingname=iot-device-03, thingid=877352b9-a35d-45d3-9c98-162d89965a13, thingarn=arn:aws:iot:us-east-1:507441099951:thing/iot-device-03, thingtypename=null, attributes={installed=1592562234, latitude=37.4133144, longitude=-122.1513069}, version=1, billinggroupname=null}","2020-11-26 00:00:00.000"
"iot-device-01","1.5946371191259105E9","76.5","67.64","false","false","0.0063","0.0038","0.0167","2020-11-26T17:18:40.514+0000","{defaultclientid=iot-device-01, thingname=iot-device-01, thingid=983c2b68-f9a3-4e83-b3c6-9f6f8ad5431b, thingarn=arn:aws:iot:us-east-1:507441099951:thing/iot-device-01, thingtypename=null, attributes={installed=1594665292, latitude=37.4133144, longitude=-122.1513069}, version=1, billinggroupname=null}","2020-11-26 00:00:00.000"
"iot-device-02","1.5946371213076506E9","59.7","74.48","true","false","0.0072","0.0046","0.0191","2020-11-26T17:18:40.801+0000","{defaultclientid=iot-device-02, thingname=iot-device-02, thingid=4ae4927a-aefb-4584-a45a-fc4839feffd6, thingarn=arn:aws:iot:us-east-1:507441099951:thing/iot-device-02, thingtypename=null, attributes={installed=1593361211, latitude=32.8205865, longitude=-96.871627}, version=1, billinggroupname=null}","2020-11-26 00:00:00.000"
"iot-device-03","1.59463712159566E9","52.1","71.06","false","false","0.0078","0.0051","0.0208","2020-11-26T17:18:41.092+0000","{defaultclientid=iot-device-03, thingname=iot-device-03, thingid=877352b9-a35d-45d3-9c98-162d89965a13, thingarn=arn:aws:iot:us-east-1:507441099951:thing/iot-device-03, thingtypename=null, attributes={installed=1592562234, latitude=37.4133144, longitude=-122.1513069}, version=1, billinggroupname=null}","2020-11-26 00:00:00.000"
"iot-device-01","1.5946371240199838E9","76.5","67.46","false","false","0.0062","0.0037","0.0164","2020-11-26T17:18:41.391+0000","{defaultclientid=iot-device-01, thingname=iot-device-01, thingid=983c2b68-f9a3-4e83-b3c6-9f6f8ad5431b, thingarn=arn:aws:iot:us-east-1:507441099951:thing/iot-device-01, thingtypename=null, attributes={installed=1594665292, latitude=37.4133144, longitude=-122.1513069}, version=1, billinggroupname=null}","2020-11-26 00:00:00.000"
"iot-device-03","1.594637125282018E9","52.2","71.06","false","false","0.0078","0.0051","0.0208","2020-11-26T17:18:41.678+0000","{defaultclientid=iot-device-03, thingname=iot-device-03, thingid=877352b9-a35d-45d3-9c98-162d89965a13, thingarn=arn:aws:iot:us-east-1:507441099951:thing/iot-device-03, thingtypename=null, attributes={installed=1592562234, latitude=37.4133144, longitude=-122.1513069}, version=1, billinggroupname=null}","2020-11-26 00:00:00.000"
"iot-device-02","1.5946371256508687E9","59.8","74.48","true","false","0.0071","0.0045","0.0189","2020-11-26T17:18:41.970+0000","{defaultclientid=iot-device-02, thingname=iot-device-02, thingid=4ae4927a-aefb-4584-a45a-fc4839feffd6, thingarn=arn:aws:iot:us-east-1:507441099951:thing/iot-device-02, thingtypename=null, attributes={installed=1593361211, latitude=32.8205865, longitude=-96.871627}, version=1, billinggroupname=null}","2020-11-26 00:00:00.000"
"iot-device-01","1.5946371283715305E9","76.6","67.64","false","false","0.0063","0.0038","0.0166","2020-11-26T17:18:42.261+0000","{defaultclientid=iot-device-01, thingname=iot-device-01, thingid=983c2b68-f9a3-4e83-b3c6-9f6f8ad5431b, thingarn=arn:aws:iot:us-east-1:507441099951:thing/iot-device-01, thingtypename=null, attributes={installed=1594665292, latitude=37.4133144, longitude=-122.1513069}, version=1, billinggroupname=null}","2020-11-26 00:00:00.000"
"iot-device-03","1.5946371289680998E9","52.2","71.06","false","false","0.0078","0.0051","0.0209","2020-11-26T17:18:42.564+0000","{defaultclientid=iot-device-03, thingname=iot-device-03, thingid=877352b9-a35d-45d3-9c98-162d89965a13, thingarn=arn:aws:iot:us-east-1:507441099951:thing/iot-device-03, thingtypename=null, attributes={installed=1592562234, latitude=37.4133144, longitude=-122.1513069}, version=1, billinggroupname=null}","2020-11-26 00:00:00.000"
"iot-device-02","1.594637129458742E9","59.8","74.48","true","false","0.0072","0.0045","0.019","2020-11-26T17:18:42.860+0000","{defaultclientid=iot-device-02, thingname=iot-device-02, thingid=4ae4927a-aefb-4584-a45a-fc4839feffd6, thingarn=arn:aws:iot:us-east-1:507441099951:thing/iot-device-02, thingtypename=null, attributes={installed=1593361211, latitude=32.8205865, longitude=-96.871627}, version=1, billinggroupname=null}","2020-11-26 00:00:00.000"
"iot-device-01","1.5946371321871145E9","76.5","67.46","false","false","0.0062","0.0037","0.0164","2020-11-26T17:18:43.147+0000","{defaultclientid=iot-device-01, thingname=iot-device-01, thingid=983c2b68-f9a3-4e83-b3c6-9f6f8ad5431b, thingarn=arn:aws:iot:us-east-1:507441099951:thing/iot-device-01, thingtypename=null, attributes={installed=1594665292, latitude=37.4133144, longitude=-122.1513069}, version=1, billinggroupname=null}","2020-11-26 00:00:00.000"
"iot-device-03","1.5946371326525881E9","52.1","70.88","false","false","0.0078","0.0051","0.0209","2020-11-26T17:18:43.438+0000","{defaultclientid=iot-device-03, thingname=iot-device-03, thingid=877352b9-a35d-45d3-9c98-162d89965a13, thingarn=arn:aws:iot:us-east-1:507441099951:thing/iot-device-03, thingtypename=null, attributes={installed=1592562234, latitude=37.4133144, longitude=-122.1513069}, version=1, billinggroupname=null}","2020-11-26 00:00:00.000"
"iot-device-02","1.5946371343456814E9","59.8","74.48","true","false","0.0071","0.0045","0.0189","2020-11-26T17:18:43.728+0000","{defaultclientid=iot-device-02, thingname=iot-device-02, thingid=4ae4927a-aefb-4584-a45a-fc4839feffd6, thingarn=arn:aws:iot:us-east-1:507441099951:thing/iot-device-02, thingtypename=null, attributes={installed=1593361211, latitude=32.8205865, longitude=-96.871627}, version=1, billinggroupname=null}","2020-11-26 00:00:00.000"
"iot-device-01","1.5946371360048153E9","76.6","67.64","false","false","0.0063","0.0038","0.0166","2020-11-26T17:18:44.041+0000","{defaultclientid=iot-device-01, thingname=iot-device-01, thingid=983c2b68-f9a3-4e83-b3c6-9f6f8ad5431b, thingarn=arn:aws:iot:us-east-1:507441099951:thing/iot-device-01, thingtypename=null, attributes={installed=1594665292, latitude=37.4133144, longitude=-122.1513069}, version=1, billinggroupname=null}","2020-11-26 00:00:00.000"
"iot-device-03","1.5946371363371036E9","52.2","71.06","false","false","0.0078","0.0051","0.0209","2020-11-26T17:18:44.337+0000","{defaultclientid=iot-device-03, thingname=iot-device-03, thingid=877352b9-a35d-45d3-9c98-162d89965a13, thingarn=arn:aws:iot:us-east-1:507441099951:thing/iot-device-03, thingtypename=null, attributes={installed=1592562234, latitude=37.4133144, longitude=-122.1513069}, version=1, billinggroupname=null}","2020-11-26 00:00:00.000"
"iot-device-03","1.594637140022227E9","52.2","71.06","false","false","0.0078","0.0051","0.0208","2020-11-26T17:18:44.620+0000","{defaultclientid=iot-device-03, thingname=iot-device-03, thingid=877352b9-a35d-45d3-9c98-162d89965a13, thingarn=arn:aws:iot:us-east-1:507441099951:thing/iot-device-03, thingtypename=null, attributes={installed=1592562234, latitude=37.4133144, longitude=-122.1513069}, version=1, billinggroupname=null}","2020-11-26 00:00:00.000"
"iot-device-02","1.5946372288359227E9","59.8","74.48","true","false","0.0072","0.0046","0.0192","2020-11-26T17:18:59.643+0000","{defaultclientid=iot-device-02, thingname=iot-device-02, thingid=4ae4927a-aefb-4584-a45a-fc4839feffd6, thingarn=arn:aws:iot:us-east-1:507441099951:thing/iot-device-02, thingtypename=null, attributes={installed=1593361211, latitude=32.8205865, longitude=-96.871627}, version=1, billinggroupname=null}","2020-11-26 00:00:00.000"
"iot-device-01","1.5946370930779512E9","76.4","67.46","false","false","0.0062","0.0037","0.0163","2020-11-26T17:18:35.950+0000","{defaultclientid=iot-device-01, thingname=iot-device-01, thingid=983c2b68-f9a3-4e83-b3c6-9f6f8ad5431b, thingarn=arn:aws:iot:us-east-1:507441099951:thing/iot-device-01, thingtypename=null, attributes={installed=1594665292, latitude=37.4133144, longitude=-122.1513069}, version=1, billinggroupname=null}","2020-11-26 00:00:00.000"
"iot-device-03","1.5946370957900045E9","52.1","71.06","false","false","0.0078","0.0051","0.0209","2020-11-26T17:18:36.258+0000","{defaultclientid=iot-device-03, thingname=iot-device-03, thingid=877352b9-a35d-45d3-9c98-162d89965a13, thingarn=arn:aws:iot:us-east-1:507441099951:thing/iot-device-03, thingtypename=null, attributes={installed=1592562234, latitude=37.4133144, longitude=-122.1513069}, version=1, billinggroupname=null}","2020-11-26 00:00:00.000"
"iot-device-01","1.594637097971202E9","76.4","67.46","false","false","0.0062","0.0037","0.0164","2020-11-26T17:18:36.549+0000","{defaultclientid=iot-device-01, thingname=iot-device-01, thingid=983c2b68-f9a3-4e83-b3c6-9f6f8ad5431b, thingarn=arn:aws:iot:us-east-1:507441099951:thing/iot-device-01, thingtypename=null, attributes={installed=1594665292, latitude=37.4133144, longitude=-122.1513069}, version=1, billinggroupname=null}","2020-11-26 00:00:00.000"
"iot-device-03","1.5946370994759755E9","52.1","71.06","false","false","0.0078","0.0051","0.0209","2020-11-26T17:18:36.853+0000","{defaultclientid=iot-device-03, thingname=iot-device-03, thingid=877352b9-a35d-45d3-9c98-162d89965a13, thingarn=arn:aws:iot:us-east-1:507441099951:thing/iot-device-03, thingtypename=null, attributes={installed=1592562234, latitude=37.4133144, longitude=-122.1513069}, version=1, billinggroupname=null}","2020-11-26 00:00:00.000"
"iot-device-02","1.5946371006868367E9","59.7","74.48","true","false","0.0072","0.0046","0.0191","2020-11-26T17:18:37.142+0000","{defaultclientid=iot-device-02, thingname=iot-device-02, thingid=4ae4927a-aefb-4584-a45a-fc4839feffd6, thingarn=arn:aws:iot:us-east-1:507441099951:thing/iot-device-02, thingtypename=null, attributes={installed=1593361211, latitude=32.8205865, longitude=-96.871627}, version=1, billinggroupname=null}","2020-11-26 00:00:00.000"
"iot-device-03","1.5946371031623485E9","52.1","70.88","false","false","0.0078","0.0051","0.0209","2020-11-26T17:18:37.514+0000","{defaultclientid=iot-device-03, thingname=iot-device-03, thingid=877352b9-a35d-45d3-9c98-162d89965a13, thingarn=arn:aws:iot:us-east-1:507441099951:thing/iot-device-03, thingtypename=null, attributes={installed=1592562234, latitude=37.4133144, longitude=-122.1513069}, version=1, billinggroupname=null}","2020-11-26 00:00:00.000"
"iot-device-01","1.5946371060898392E9","76.4","67.46","false","false","0.0063","0.0038","0.0166","2020-11-26T17:18:37.847+0000","{defaultclientid=iot-device-01, thingname=iot-device-01, thingid=983c2b68-f9a3-4e83-b3c6-9f6f8ad5431b, thingarn=arn:aws:iot:us-east-1:507441099951:thing/iot-device-01, thingtypename=null, attributes={installed=1594665292, latitude=37.4133144, longitude=-122.1513069}, version=1, billinggroupname=null}","2020-11-26 00:00:00.000"
"iot-device-03","1.594637106855972E9","52.1","71.06","false","false","0.0078","0.0051","0.0208","2020-11-26T17:18:38.139+0000","{defaultclientid=iot-device-03, thingname=iot-device-03, thingid=877352b9-a35d-45d3-9c98-162d89965a13, thingarn=arn:aws:iot:us-east-1:507441099951:thing/iot-device-03, thingtypename=null, attributes={installed=1592562234, latitude=37.4133144, longitude=-122.1513069}, version=1, billinggroupname=null}","2020-11-26 00:00:00.000"
"iot-device-02","1.5946371082754471E9","59.7","74.48","true","false","0.0071","0.0045","0.0188","2020-11-26T17:18:38.436+0000","{defaultclientid=iot-device-02, thingname=iot-device-02, thingid=4ae4927a-aefb-4584-a45a-fc4839feffd6, thingarn=arn:aws:iot:us-east-1:507441099951:thing/iot-device-02, thingtypename=null, attributes={installed=1593361211, latitude=32.8205865, longitude=-96.871627}, version=1, billinggroupname=null}","2020-11-26 00:00:00.000"
"iot-device-03","1.5946371105398667E9","52.1","70.88","false","false","0.0079","0.0051","0.021","2020-11-26T17:18:38.730+0000","{defaultclientid=iot-device-03, thingname=iot-device-03, thingid=877352b9-a35d-45d3-9c98-162d89965a13, thingarn=arn:aws:iot:us-east-1:507441099951:thing/iot-device-03, thingtypename=null, attributes={installed=1592562234, latitude=37.4133144, longitude=-122.1513069}, version=1, billinggroupname=null}","2020-11-26 00:00:00.000"
"iot-device-02","1.5946358223408961E9","59.7","74.66","true","false","0.0072","0.0046","0.0192","2020-11-26T17:17:30.040+0000","{defaultclientid=iot-device-02, thingname=iot-device-02, thingid=4ae4927a-aefb-4584-a45a-fc4839feffd6, thingarn=arn:aws:iot:us-east-1:507441099951:thing/iot-device-02, thingtypename=null, attributes={installed=1593361211, latitude=32.8205865, longitude=-96.871627}, version=1, billinggroupname=null}","2020-11-26 00:00:00.000"
"iot-device-03","1.594635823257361E9","52.0","71.06","false","false","0.0078","0.0051","0.0208","2020-11-26T17:17:30.331+0000","{defaultclientid=iot-device-03, thingname=iot-device-03, thingid=877352b9-a35d-45d3-9c98-162d89965a13, thingarn=arn:aws:iot:us-east-1:507441099951:thing/iot-device-03, thingtypename=null, attributes={installed=1592562234, latitude=37.4133144, longitude=-122.1513069}, version=1, billinggroupname=null}","2020-11-26 00:00:00.000"
"iot-device-01","1.5946358250368893E9","76.0","67.46","false","false","0.0063","0.0038","0.0166","2020-11-26T17:17:30.620+0000","{defaultclientid=iot-device-01, thingname=iot-device-01, thingid=983c2b68-f9a3-4e83-b3c6-9f6f8ad5431b, thingarn=arn:aws:iot:us-east-1:507441099951:thing/iot-device-01, thingtypename=null, attributes={installed=1594665292, latitude=37.4133144, longitude=-122.1513069}, version=1, billinggroupname=null}","2020-11-26 00:00:00.000"
"iot-device-03","1.594635826943178E9","52.0","71.06","false","false","0.0078","0.0051","0.0208","2020-11-26T17:17:30.909+0000","{defaultclientid=iot-device-03, thingname=iot-device-03, thingid=877352b9-a35d-45d3-9c98-162d89965a13, thingarn=arn:aws:iot:us-east-1:507441099951:thing/iot-device-03, thingtypename=null, attributes={installed=1592562234, latitude=37.4133144, longitude=-122.1513069}, version=1, billinggroupname=null}","2020-11-26 00:00:00.000"
"iot-device-02","1.5946358277552814E9","59.7","74.48","true","false","0.0072","0.0046","0.0192","2020-11-26T17:17:31.208+0000","{defaultclientid=iot-device-02, thingname=iot-device-02, thingid=4ae4927a-aefb-4584-a45a-fc4839feffd6, thingarn=arn:aws:iot:us-east-1:507441099951:thing/iot-device-02, thingtypename=null, attributes={installed=1593361211, latitude=32.8205865, longitude=-96.871627}, version=1, billinggroupname=null}","2020-11-26 00:00:00.000"
"iot-device-01","1.5946358299304984E9","76.0","67.46","false","false","0.0062","0.0037","0.0164","2020-11-26T17:17:31.490+0000","{defaultclientid=iot-device-01, thingname=iot-device-01, thingid=983c2b68-f9a3-4e83-b3c6-9f6f8ad5431b, thingarn=arn:aws:iot:us-east-1:507441099951:thing/iot-device-01, thingtypename=null, attributes={installed=1594665292, latitude=37.4133144, longitude=-122.1513069}, version=1, billinggroupname=null}","2020-11-26 00:00:00.000"
"iot-device-03","1.5946358306293135E9","52.0","71.06","false","false","0.0078","0.0051","0.0209","2020-11-26T17:17:31.780+0000","{defaultclientid=iot-device-03, thingname=iot-device-03, thingid=877352b9-a35d-45d3-9c98-162d89965a13, thingarn=arn:aws:iot:us-east-1:507441099951:thing/iot-device-03, thingtypename=null, attributes={installed=1592562234, latitude=37.4133144, longitude=-122.1513069}, version=1, billinggroupname=null}","2020-11-26 00:00:00.000"
"iot-device-02","1.5946358337010155E9","59.7","74.48","true","false","0.0073","0.0046","0.0193","2020-11-26T17:17:32.070+0000","{defaultclientid=iot-device-02, thingname=iot-device-02, thingid=4ae4927a-aefb-4584-a45a-fc4839feffd6, thingarn=arn:aws:iot:us-east-1:507441099951:thing/iot-device-02, thingtypename=null, attributes={installed=1593361211, latitude=32.8205865, longitude=-96.871627}, version=1, billinggroupname=null}","2020-11-26 00:00:00.000"
"iot-device-03","1.594635834313719E9","52.0","71.06","false","false","0.0078","0.0051","0.0209","2020-11-26T17:17:32.375+0000","{defaultclientid=iot-device-03, thingname=iot-device-03, thingid=877352b9-a35d-45d3-9c98-162d89965a13, thingarn=arn:aws:iot:us-east-1:507441099951:thing/iot-device-03, thingtypename=null, attributes={installed=1592562234, latitude=37.4133144, longitude=-122.1513069}, version=1, billinggroupname=null}","2020-11-26 00:00:00.000"
"iot-device-01","1.594635835887694E9","76.0","67.46","false","false","0.0063","0.0038","0.0166","2020-11-26T17:17:32.659+0000","{defaultclientid=iot-device-01, thingname=iot-device-01, thingid=983c2b68-f9a3-4e83-b3c6-9f6f8ad5431b, thingarn=arn:aws:iot:us-east-1:507441099951:thing/iot-device-01, thingtypename=null, attributes={installed=1594665292, latitude=37.4133144, longitude=-122.1513069}, version=1, billinggroupname=null}","2020-11-26 00:00:00.000"
"iot-device-03","1.594635867732217E9","52.0","71.06","false","false","0.0078","0.0051","0.0208","2020-11-26T17:17:39.008+0000","{defaultclientid=iot-device-03, thingname=iot-device-03, thingid=877352b9-a35d-45d3-9c98-162d89965a13, thingarn=arn:aws:iot:us-east-1:507441099951:thing/iot-device-03, thingtypename=null, attributes={installed=1592562234, latitude=37.4133144, longitude=-122.1513069}, version=1, billinggroupname=null}","2020-11-26 00:00:00.000"
"iot-device-02","1.5946358684654727E9","59.8","74.48","true","false","0.0072","0.0045","0.0191","2020-11-26T17:17:39.299+0000","{defaultclientid=iot-device-02, thingname=iot-device-02, thingid=4ae4927a-aefb-4584-a45a-fc4839feffd6, thingarn=arn:aws:iot:us-east-1:507441099951:thing/iot-device-02, thingtypename=null, attributes={installed=1593361211, latitude=32.8205865, longitude=-96.871627}, version=1, billinggroupname=null}","2020-11-26 00:00:00.000"
"iot-device-03","1.5946358714220278E9","52.0","71.06","false","false","0.0078","0.0051","0.0209","2020-11-26T17:17:39.588+0000","{defaultclientid=iot-device-03, thingname=iot-device-03, thingid=877352b9-a35d-45d3-9c98-162d89965a13, thingarn=arn:aws:iot:us-east-1:507441099951:thing/iot-device-03, thingtypename=null, attributes={installed=1592562234, latitude=37.4133144, longitude=-122.1513069}, version=1, billinggroupname=null}","2020-11-26 00:00:00.000"
"iot-device-02","1.5946358722742946E9","59.8","74.48","true","false","0.0072","0.0045","0.019","2020-11-26T17:17:39.880+0000","{defaultclientid=iot-device-02, thingname=iot-device-02, thingid=4ae4927a-aefb-4584-a45a-fc4839feffd6, thingarn=arn:aws:iot:us-east-1:507441099951:thing/iot-device-02, thingtypename=null, attributes={installed=1593361211, latitude=32.8205865, longitude=-96.871627}, version=1, billinggroupname=null}","2020-11-26 00:00:00.000"
"iot-device-01","1.594635873297737E9","76.0","67.46","false","false","0.0063","0.0038","0.0167","2020-11-26T17:17:40.190+0000","{defaultclientid=iot-device-01, thingname=iot-device-01, thingid=983c2b68-f9a3-4e83-b3c6-9f6f8ad5431b, thingarn=arn:aws:iot:us-east-1:507441099951:thing/iot-device-01, thingtypename=null, attributes={installed=1594665292, latitude=37.4133144, longitude=-122.1513069}, version=1, billinggroupname=null}","2020-11-26 00:00:00.000"
"iot-device-03","1.594635875107916E9","52.0","71.06","false","false","0.0078","0.0051","0.0209","2020-11-26T17:17:40.482+0000","{defaultclientid=iot-device-03, thingname=iot-device-03, thingid=877352b9-a35d-45d3-9c98-162d89965a13, thingarn=arn:aws:iot:us-east-1:507441099951:thing/iot-device-03, thingtypename=null, attributes={installed=1592562234, latitude=37.4133144, longitude=-122.1513069}, version=1, billinggroupname=null}","2020-11-26 00:00:00.000"
"iot-device-02","1.5946358771506436E9","59.8","74.48","true","false","0.0072","0.0046","0.0192","2020-11-26T17:17:40.778+0000","{defaultclientid=iot-device-02, thingname=iot-device-02, thingid=4ae4927a-aefb-4584-a45a-fc4839feffd6, thingarn=arn:aws:iot:us-east-1:507441099951:thing/iot-device-02, thingtypename=null, attributes={installed=1593361211, latitude=32.8205865, longitude=-96.871627}, version=1, billinggroupname=null}","2020-11-26 00:00:00.000"
"iot-device-01","1.5946358781848462E9","76.0","67.46","false","false","0.0062","0.0037","0.0164","2020-11-26T17:17:41.071+0000","{defaultclientid=iot-device-01, thingname=iot-device-01, thingid=983c2b68-f9a3-4e83-b3c6-9f6f8ad5431b, thingarn=arn:aws:iot:us-east-1:507441099951:thing/iot-device-01, thingtypename=null, attributes={installed=1594665292, latitude=37.4133144, longitude=-122.1513069}, version=1, billinggroupname=null}","2020-11-26 00:00:00.000"
"iot-device-03","1.5946358787943795E9","52.0","71.06","false","false","0.0078","0.0051","0.0208","2020-11-26T17:17:41.365+0000","{defaultclientid=iot-device-03, thingname=iot-device-03, thingid=877352b9-a35d-45d3-9c98-162d89965a13, thingarn=arn:aws:iot:us-east-1:507441099951:thing/iot-device-03, thingtypename=null, attributes={installed=1592562234, latitude=37.4133144, longitude=-122.1513069}, version=1, billinggroupname=null}","2020-11-26 00:00:00.000"
"iot-device-03","1.5946367851635027E9","52.1","71.06","false","false","0.0078","0.0051","0.0208","2020-11-26T17:17:41.650+0000","{defaultclientid=iot-device-03, thingname=iot-device-03, thingid=877352b9-a35d-45d3-9c98-162d89965a13, thingarn=arn:aws:iot:us-east-1:507441099951:thing/iot-device-03, thingtypename=null, attributes={installed=1592562234, latitude=37.4133144, longitude=-122.1513069}, version=1, billinggroupname=null}","2020-11-26 00:00:00.000"
"iot-device-02","1.5946358527006302E9","59.8","74.48","true","false","0.0072","0.0046","0.0192","2020-11-26T17:17:35.998+0000","{defaultclientid=iot-device-02, thingname=iot-device-02, thingid=4ae4927a-aefb-4584-a45a-fc4839feffd6, thingarn=arn:aws:iot:us-east-1:507441099951:thing/iot-device-02, thingtypename=null, attributes={installed=1593361211, latitude=32.8205865, longitude=-96.871627}, version=1, billinggroupname=null}","2020-11-26 00:00:00.000"
"iot-device-03","1.5946358527425275E9","52.0","71.06","false","false","0.0078","0.0051","0.0209","2020-11-26T17:17:36.291+0000","{defaultclientid=iot-device-03, thingname=iot-device-03, thingid=877352b9-a35d-45d3-9c98-162d89965a13, thingarn=arn:aws:iot:us-east-1:507441099951:thing/iot-device-03, thingtypename=null, attributes={installed=1592562234, latitude=37.4133144, longitude=-122.1513069}, version=1, billinggroupname=null}","2020-11-26 00:00:00.000"
"iot-device-03","1.594635856428382E9","52.0","70.88","false","false","0.0078","0.0051","0.0209","2020-11-26T17:17:36.580+0000","{defaultclientid=iot-device-03, thingname=iot-device-03, thingid=877352b9-a35d-45d3-9c98-162d89965a13, thingarn=arn:aws:iot:us-east-1:507441099951:thing/iot-device-03, thingtypename=null, attributes={installed=1592562234, latitude=37.4133144, longitude=-122.1513069}, version=1, billinggroupname=null}","2020-11-26 00:00:00.000"
"iot-device-02","1.5946358565108118E9","59.7","74.48","true","false","0.0073","0.0046","0.0193","2020-11-26T17:17:36.891+0000","{defaultclientid=iot-device-02, thingname=iot-device-02, thingid=4ae4927a-aefb-4584-a45a-fc4839feffd6, thingarn=arn:aws:iot:us-east-1:507441099951:thing/iot-device-02, thingtypename=null, attributes={installed=1593361211, latitude=32.8205865, longitude=-96.871627}, version=1, billinggroupname=null}","2020-11-26 00:00:00.000"
"iot-device-01","1.5946358565341284E9","76.1","67.46","false","false","0.0062","0.0037","0.0164","2020-11-26T17:17:37.189+0000","{defaultclientid=iot-device-01, thingname=iot-device-01, thingid=983c2b68-f9a3-4e83-b3c6-9f6f8ad5431b, thingarn=arn:aws:iot:us-east-1:507441099951:thing/iot-device-01, thingtypename=null, attributes={installed=1594665292, latitude=37.4133144, longitude=-122.1513069}, version=1, billinggroupname=null}","2020-11-26 00:00:00.000"
"iot-device-02","1.594635860318085E9","59.8","74.48","true","false","0.0072","0.0046","0.0192","2020-11-26T17:17:37.483+0000","{defaultclientid=iot-device-02, thingname=iot-device-02, thingid=4ae4927a-aefb-4584-a45a-fc4839feffd6, thingarn=arn:aws:iot:us-east-1:507441099951:thing/iot-device-02, thingtypename=null, attributes={installed=1593361211, latitude=32.8205865, longitude=-96.871627}, version=1, billinggroupname=null}","2020-11-26 00:00:00.000"
"iot-device-03","1.5946358603598506E9","52.0","70.88","false","false","0.0078","0.0051","0.021","2020-11-26T17:17:37.779+0000","{defaultclientid=iot-device-03, thingname=iot-device-03, thingid=877352b9-a35d-45d3-9c98-162d89965a13, thingarn=arn:aws:iot:us-east-1:507441099951:thing/iot-device-03, thingtypename=null, attributes={installed=1592562234, latitude=37.4133144, longitude=-122.1513069}, version=1, billinggroupname=null}","2020-11-26 00:00:00.000"
"iot-device-03","1.594635864046308E9","52.0","71.06","false","false","0.0078","0.0051","0.0208","2020-11-26T17:17:38.092+0000","{defaultclientid=iot-device-03, thingname=iot-device-03, thingid=877352b9-a35d-45d3-9c98-162d89965a13, thingarn=arn:aws:iot:us-east-1:507441099951:thing/iot-device-03, thingtypename=null, attributes={installed=1592562234, latitude=37.4133144, longitude=-122.1513069}, version=1, billinggroupname=null}","2020-11-26 00:00:00.000"
"iot-device-02","1.5946358641258788E9","59.8","74.48","true","false","0.0072","0.0046","0.0192","2020-11-26T17:17:38.380+0000","{defaultclientid=iot-device-02, thingname=iot-device-02, thingid=4ae4927a-aefb-4584-a45a-fc4839feffd6, thingarn=arn:aws:iot:us-east-1:507441099951:thing/iot-device-02, thingtypename=null, attributes={installed=1593361211, latitude=32.8205865, longitude=-96.871627}, version=1, billinggroupname=null}","2020-11-26 00:00:00.000"
"iot-device-01","1.5946358657222967E9","76.1","67.46","false","false","0.0063","0.0038","0.0166","2020-11-26T17:17:38.707+0000","{defaultclientid=iot-device-01, thingname=iot-device-01, thingid=983c2b68-f9a3-4e83-b3c6-9f6f8ad5431b, thingarn=arn:aws:iot:us-east-1:507441099951:thing/iot-device-01, thingtypename=null, attributes={installed=1594665292, latitude=37.4133144, longitude=-122.1513069}, version=1, billinggroupname=null}","2020-11-26 00:00:00.000"
"iot-device-02","1.5946358375114062E9","59.7","74.48","true","false","0.0073","0.0046","0.0193","2020-11-26T17:17:32.951+0000","{defaultclientid=iot-device-02, thingname=iot-device-02, thingid=4ae4927a-aefb-4584-a45a-fc4839feffd6, thingarn=arn:aws:iot:us-east-1:507441099951:thing/iot-device-02, thingtypename=null, attributes={installed=1593361211, latitude=32.8205865, longitude=-96.871627}, version=1, billinggroupname=null}","2020-11-26 00:00:00.000"
"iot-device-03","1.5946358379984488E9","52.0","70.88","false","false","0.0078","0.0051","0.0208","2020-11-26T17:17:33.238+0000","{defaultclientid=iot-device-03, thingname=iot-device-03, thingid=877352b9-a35d-45d3-9c98-162d89965a13, thingarn=arn:aws:iot:us-east-1:507441099951:thing/iot-device-03, thingtypename=null, attributes={installed=1592562234, latitude=37.4133144, longitude=-122.1513069}, version=1, billinggroupname=null}","2020-11-26 00:00:00.000"
"iot-device-03","1.5946358416846905E9","52.0","71.06","false","false","0.0078","0.0051","0.0209","2020-11-26T17:17:33.530+0000","{defaultclientid=iot-device-03, thingname=iot-device-03, thingid=877352b9-a35d-45d3-9c98-162d89965a13, thingarn=arn:aws:iot:us-east-1:507441099951:thing/iot-device-03, thingtypename=null, attributes={installed=1592562234, latitude=37.4133144, longitude=-122.1513069}, version=1, billinggroupname=null}","2020-11-26 00:00:00.000"
"iot-device-01","1.5946358434756708E9","76.2","67.46","false","false","0.0063","0.0038","0.0166","2020-11-26T17:17:33.819+0000","{defaultclientid=iot-device-01, thingname=iot-device-01, thingid=983c2b68-f9a3-4e83-b3c6-9f6f8ad5431b, thingarn=arn:aws:iot:us-east-1:507441099951:thing/iot-device-01, thingtypename=null, attributes={installed=1594665292, latitude=37.4133144, longitude=-122.1513069}, version=1, billinggroupname=null}","2020-11-26 00:00:00.000"
"iot-device-02","1.5946358440173733E9","59.8","74.48","true","false","0.0073","0.0046","0.0194","2020-11-26T17:17:34.152+0000","{defaultclientid=iot-device-02, thingname=iot-device-02, thingid=4ae4927a-aefb-4584-a45a-fc4839feffd6, thingarn=arn:aws:iot:us-east-1:507441099951:thing/iot-device-02, thingtypename=null, attributes={installed=1593361211, latitude=32.8205865, longitude=-96.871627}, version=1, billinggroupname=null}","2020-11-26 00:00:00.000"
"iot-device-03","1.5946358453706448E9","52.0","71.06","false","false","0.0078","0.0051","0.0208","2020-11-26T17:17:34.446+0000","{defaultclientid=iot-device-03, thingname=iot-device-03, thingid=877352b9-a35d-45d3-9c98-162d89965a13, thingarn=arn:aws:iot:us-east-1:507441099951:thing/iot-device-03, thingtypename=null, attributes={installed=1592562234, latitude=37.4133144, longitude=-122.1513069}, version=1, billinggroupname=null}","2020-11-26 00:00:00.000"
"iot-device-01","1.5946358478288774E9","76.0","67.46","false","false","0.0062","0.0037","0.0164","2020-11-26T17:17:34.740+0000","{defaultclientid=iot-device-01, thingname=iot-device-01, thingid=983c2b68-f9a3-4e83-b3c6-9f6f8ad5431b, thingarn=arn:aws:iot:us-east-1:507441099951:thing/iot-device-01, thingtypename=null, attributes={installed=1594665292, latitude=37.4133144, longitude=-122.1513069}, version=1, billinggroupname=null}","2020-11-26 00:00:00.000"
"iot-device-02","1.5946358483574805E9","59.8","74.48","true","false","0.0073","0.0046","0.0194","2020-11-26T17:17:35.115+0000","{defaultclientid=iot-device-02, thingname=iot-device-02, thingid=4ae4927a-aefb-4584-a45a-fc4839feffd6, thingarn=arn:aws:iot:us-east-1:507441099951:thing/iot-device-02, thingtypename=null, attributes={installed=1593361211, latitude=32.8205865, longitude=-96.871627}, version=1, billinggroupname=null}","2020-11-26 00:00:00.000"
"iot-device-03","1.5946358490565743E9","52.0","71.06","false","false","0.0078","0.0051","0.0208","2020-11-26T17:17:35.418+0000","{defaultclientid=iot-device-03, thingname=iot-device-03, thingid=877352b9-a35d-45d3-9c98-162d89965a13, thingarn=arn:aws:iot:us-east-1:507441099951:thing/iot-device-03, thingtypename=null, attributes={installed=1592562234, latitude=37.4133144, longitude=-122.1513069}, version=1, billinggroupname=null}","2020-11-26 00:00:00.000"
"iot-device-01","1.594635851646384E9","76.0","67.46","false","false","0.0062","0.0037","0.0164","2020-11-26T17:17:35.710+0000","{defaultclientid=iot-device-01, thingname=iot-device-01, thingid=983c2b68-f9a3-4e83-b3c6-9f6f8ad5431b, thingarn=arn:aws:iot:us-east-1:507441099951:thing/iot-device-01, thingtypename=null, attributes={installed=1594665292, latitude=37.4133144, longitude=-122.1513069}, version=1, billinggroupname=null}","2020-11-26 00:00:00.000"
"iot-device-02","1.5946368556696773E9","59.7","74.3","true","false","0.0071","0.0045","0.0189","2020-11-26T17:17:53.712+0000","{defaultclientid=iot-device-02, thingname=iot-device-02, thingid=4ae4927a-aefb-4584-a45a-fc4839feffd6, thingarn=arn:aws:iot:us-east-1:507441099951:thing/iot-device-02, thingtypename=null, attributes={installed=1593361211, latitude=32.8205865, longitude=-96.871627}, version=1, billinggroupname=null}","2020-11-26 00:00:00.000"
"iot-device-03","1.5946368588339245E9","52.1","71.06","false","false","0.0078","0.0051","0.0209","2020-11-26T17:17:54.001+0000","{defaultclientid=iot-device-03, thingname=iot-device-03, thingid=877352b9-a35d-45d3-9c98-162d89965a13, thingarn=arn:aws:iot:us-east-1:507441099951:thing/iot-device-03, thingtypename=null, attributes={installed=1592562234, latitude=37.4133144, longitude=-122.1513069}, version=1, billinggroupname=null}","2020-11-26 00:00:00.000"
"iot-device-01","1.594636859620893E9","76.5","67.64","false","false","0.0063","0.0038","0.0166","2020-11-26T17:17:54.290+0000","{defaultclientid=iot-device-01, thingname=iot-device-01, thingid=983c2b68-f9a3-4e83-b3c6-9f6f8ad5431b, thingarn=arn:aws:iot:us-east-1:507441099951:thing/iot-device-01, thingtypename=null, attributes={installed=1594665292, latitude=37.4133144, longitude=-122.1513069}, version=1, billinggroupname=null}","2020-11-26 00:00:00.000"
"iot-device-02","1.594636860011671E9","59.8","74.48","true","false","0.0071","0.0045","0.0189","2020-11-26T17:17:54.582+0000","{defaultclientid=iot-device-02, thingname=iot-device-02, thingid=4ae4927a-aefb-4584-a45a-fc4839feffd6, thingarn=arn:aws:iot:us-east-1:507441099951:thing/iot-device-02, thingtypename=null, attributes={installed=1593361211, latitude=32.8205865, longitude=-96.871627}, version=1, billinggroupname=null}","2020-11-26 00:00:00.000"
"iot-device-03","1.5946368625201929E9","52.1","71.06","false","false","0.0078","0.0051","0.0208","2020-11-26T17:17:54.875+0000","{defaultclientid=iot-device-03, thingname=iot-device-03, thingid=877352b9-a35d-45d3-9c98-162d89965a13, thingarn=arn:aws:iot:us-east-1:507441099951:thing/iot-device-03, thingtypename=null, attributes={installed=1592562234, latitude=37.4133144, longitude=-122.1513069}, version=1, billinggroupname=null}","2020-11-26 00:00:00.000"
"iot-device-02","1.5946368643824193E9","59.8","74.48","true","false","0.0071","0.0045","0.0189","2020-11-26T17:17:55.170+0000","{defaultclientid=iot-device-02, thingname=iot-device-02, thingid=4ae4927a-aefb-4584-a45a-fc4839feffd6, thingarn=arn:aws:iot:us-east-1:507441099951:thing/iot-device-02, thingtypename=null, attributes={installed=1593361211, latitude=32.8205865, longitude=-96.871627}, version=1, billinggroupname=null}","2020-11-26 00:00:00.000"
"iot-device-01","1.5946368661203706E9","76.3","67.46","false","false","0.0063","0.0038","0.0167","2020-11-26T17:17:55.461+0000","{defaultclientid=iot-device-01, thingname=iot-device-01, thingid=983c2b68-f9a3-4e83-b3c6-9f6f8ad5431b, thingarn=arn:aws:iot:us-east-1:507441099951:thing/iot-device-01, thingtypename=null, attributes={installed=1594665292, latitude=37.4133144, longitude=-122.1513069}, version=1, billinggroupname=null}","2020-11-26 00:00:00.000"
"iot-device-03","1.5946368662033234E9","52.1","71.06","false","false","0.0078","0.0051","0.0209","2020-11-26T17:17:55.760+0000","{defaultclientid=iot-device-03, thingname=iot-device-03, thingid=877352b9-a35d-45d3-9c98-162d89965a13, thingarn=arn:aws:iot:us-east-1:507441099951:thing/iot-device-03, thingtypename=null, attributes={installed=1592562234, latitude=37.4133144, longitude=-122.1513069}, version=1, billinggroupname=null}","2020-11-26 00:00:00.000"
"iot-device-02","1.5946368692582116E9","59.8","74.48","true","false","0.0071","0.0045","0.019","2020-11-26T17:17:56.057+0000","{defaultclientid=iot-device-02, thingname=iot-device-02, thingid=4ae4927a-aefb-4584-a45a-fc4839feffd6, thingarn=arn:aws:iot:us-east-1:507441099951:thing/iot-device-02, thingtypename=null, attributes={installed=1593361211, latitude=32.8205865, longitude=-96.871627}, version=1, billinggroupname=null}","2020-11-26 00:00:00.000"
"iot-device-03","1.5946368698879087E9","52.1","71.06","false","false","0.0078","0.0051","0.0209","2020-11-26T17:17:56.349+0000","{defaultclientid=iot-device-03, thingname=iot-device-03, thingid=877352b9-a35d-45d3-9c98-162d89965a13, thingarn=arn:aws:iot:us-east-1:507441099951:thing/iot-device-03, thingtypename=null, attributes={installed=1592562234, latitude=37.4133144, longitude=-122.1513069}, version=1, billinggroupname=null}","2020-11-26 00:00:00.000"
"iot-device-03","1.594636888325842E9","52.1","70.88","false","false","0.0078","0.0051","0.0209","2020-11-26T17:17:59.649+0000","{defaultclientid=iot-device-03, thingname=iot-device-03, thingid=877352b9-a35d-45d3-9c98-162d89965a13, thingarn=arn:aws:iot:us-east-1:507441099951:thing/iot-device-03, thingtypename=null, attributes={installed=1592562234, latitude=37.4133144, longitude=-122.1513069}, version=1, billinggroupname=null}","2020-11-26 00:00:00.000"
"iot-device-03","1.5946368035875242E9","52.1","71.06","false","false","0.0078","0.0051","0.0208","2020-11-26T17:17:44.883+0000","{defaultclientid=iot-device-03, thingname=iot-device-03, thingid=877352b9-a35d-45d3-9c98-162d89965a13, thingarn=arn:aws:iot:us-east-1:507441099951:thing/iot-device-03, thingtypename=null, attributes={installed=1592562234, latitude=37.4133144, longitude=-122.1513069}, version=1, billinggroupname=null}","2020-11-26 00:00:00.000"
"iot-device-03","1.5946368072722704E9","52.1","71.06","false","false","0.0078","0.0051","0.0209","2020-11-26T17:17:45.191+0000","{defaultclientid=iot-device-03, thingname=iot-device-03, thingid=877352b9-a35d-45d3-9c98-162d89965a13, thingarn=arn:aws:iot:us-east-1:507441099951:thing/iot-device-03, thingtypename=null, attributes={installed=1592562234, latitude=37.4133144, longitude=-122.1513069}, version=1, billinggroupname=null}","2020-11-26 00:00:00.000"
"iot-device-02","1.5946368086262007E9","59.8","74.48","true","false","0.0071","0.0045","0.019","2020-11-26T17:17:45.483+0000","{defaultclientid=iot-device-02, thingname=iot-device-02, thingid=4ae4927a-aefb-4584-a45a-fc4839feffd6, thingarn=arn:aws:iot:us-east-1:507441099951:thing/iot-device-02, thingtypename=null, attributes={installed=1593361211, latitude=32.8205865, longitude=-96.871627}, version=1, billinggroupname=null}","2020-11-26 00:00:00.000"
"iot-device-01","1.5946368106265118E9","77.1","67.46","false","false","0.0063","0.0038","0.0166","2020-11-26T17:17:45.772+0000","{defaultclientid=iot-device-01, thingname=iot-device-01, thingid=983c2b68-f9a3-4e83-b3c6-9f6f8ad5431b, thingarn=arn:aws:iot:us-east-1:507441099951:thing/iot-device-01, thingtypename=null, attributes={installed=1594665292, latitude=37.4133144, longitude=-122.1513069}, version=1, billinggroupname=null}","2020-11-26 00:00:00.000"
"iot-device-03","1.5946368109584212E9","52.1","71.06","false","false","0.0078","0.0051","0.0209","2020-11-26T17:17:46.060+0000","{defaultclientid=iot-device-03, thingname=iot-device-03, thingid=877352b9-a35d-45d3-9c98-162d89965a13, thingarn=arn:aws:iot:us-east-1:507441099951:thing/iot-device-03, thingtypename=null, attributes={installed=1592562234, latitude=37.4133144, longitude=-122.1513069}, version=1, billinggroupname=null}","2020-11-26 00:00:00.000"
"iot-device-02","1.594636812967107E9","59.8","74.48","true","false","0.0072","0.0045","0.019","2020-11-26T17:17:46.349+0000","{defaultclientid=iot-device-02, thingname=iot-device-02, thingid=4ae4927a-aefb-4584-a45a-fc4839feffd6, thingarn=arn:aws:iot:us-east-1:507441099951:thing/iot-device-02, thingtypename=null, attributes={installed=1593361211, latitude=32.8205865, longitude=-96.871627}, version=1, billinggroupname=null}","2020-11-26 00:00:00.000"
"iot-device-03","1.5946368146418734E9","52.1","71.06","false","false","0.0078","0.0051","0.0209","2020-11-26T17:17:46.640+0000","{defaultclientid=iot-device-03, thingname=iot-device-03, thingid=877352b9-a35d-45d3-9c98-162d89965a13, thingarn=arn:aws:iot:us-east-1:507441099951:thing/iot-device-03, thingtypename=null, attributes={installed=1592562234, latitude=37.4133144, longitude=-122.1513069}, version=1, billinggroupname=null}","2020-11-26 00:00:00.000"
"iot-device-01","1.5946368165861855E9","76.4","67.64","false","false","0.0063","0.0038","0.0166","2020-11-26T17:17:46.931+0000","{defaultclientid=iot-device-01, thingname=iot-device-01, thingid=983c2b68-f9a3-4e83-b3c6-9f6f8ad5431b, thingarn=arn:aws:iot:us-east-1:507441099951:thing/iot-device-01, thingtypename=null, attributes={installed=1594665292, latitude=37.4133144, longitude=-122.1513069}, version=1, billinggroupname=null}","2020-11-26 00:00:00.000"
"iot-device-03","1.594636818326172E9","52.1","71.06","false","false","0.0078","0.0051","0.0209","2020-11-26T17:17:47.231+0000","{defaultclientid=iot-device-03, thingname=iot-device-03, thingid=877352b9-a35d-45d3-9c98-162d89965a13, thingarn=arn:aws:iot:us-east-1:507441099951:thing/iot-device-03, thingtypename=null, attributes={installed=1592562234, latitude=37.4133144, longitude=-122.1513069}, version=1, billinggroupname=null}","2020-11-26 00:00:00.000"
"iot-device-02","1.5946368189112768E9","59.8","74.48","true","false","0.0071","0.0045","0.0189","2020-11-26T17:17:47.517+0000","{defaultclientid=iot-device-02, thingname=iot-device-02, thingid=4ae4927a-aefb-4584-a45a-fc4839feffd6, thingarn=arn:aws:iot:us-east-1:507441099951:thing/iot-device-02, thingtypename=null, attributes={installed=1593361211, latitude=32.8205865, longitude=-96.871627}, version=1, billinggroupname=null}","2020-11-26 00:00:00.000"
"iot-device-01","1.5946368204015574E9","76.3","67.46","false","false","0.0062","0.0037","0.0164","2020-11-26T17:17:47.810+0000","{defaultclientid=iot-device-01, thingname=iot-device-01, thingid=983c2b68-f9a3-4e83-b3c6-9f6f8ad5431b, thingarn=arn:aws:iot:us-east-1:507441099951:thing/iot-device-01, thingtypename=null, attributes={installed=1594665292, latitude=37.4133144, longitude=-122.1513069}, version=1, billinggroupname=null}","2020-11-26 00:00:00.000"
"iot-device-03","1.5946368220098515E9","52.1","70.88","false","false","0.0078","0.0051","0.0209","2020-11-26T17:17:48.101+0000","{defaultclientid=iot-device-03, thingname=iot-device-03, thingid=877352b9-a35d-45d3-9c98-162d89965a13, thingarn=arn:aws:iot:us-east-1:507441099951:thing/iot-device-03, thingtypename=null, attributes={installed=1592562234, latitude=37.4133144, longitude=-122.1513069}, version=1, billinggroupname=null}","2020-11-26 00:00:00.000"
"iot-device-03","1.5946368256717994E9","52.1","71.06","false","false","0.0078","0.0051","0.0209","2020-11-26T17:17:48.386+0000","{defaultclientid=iot-device-03, thingname=iot-device-03, thingid=877352b9-a35d-45d3-9c98-162d89965a13, thingarn=arn:aws:iot:us-east-1:507441099951:thing/iot-device-03, thingtypename=null, attributes={installed=1592562234, latitude=37.4133144, longitude=-122.1513069}, version=1, billinggroupname=null}","2020-11-26 00:00:00.000"
"iot-device-02","1.5946368269962547E9","59.8","74.48","true","false","0.0071","0.0045","0.0189","2020-11-26T17:17:48.683+0000","{defaultclientid=iot-device-02, thingname=iot-device-02, thingid=4ae4927a-aefb-4584-a45a-fc4839feffd6, thingarn=arn:aws:iot:us-east-1:507441099951:thing/iot-device-02, thingtypename=null, attributes={installed=1593361211, latitude=32.8205865, longitude=-96.871627}, version=1, billinggroupname=null}","2020-11-26 00:00:00.000"
"iot-device-01","1.59463682744957E9","76.3","67.46","false","false","0.0062","0.0037","0.0164","2020-11-26T17:17:48.993+0000","{defaultclientid=iot-device-01, thingname=iot-device-01, thingid=983c2b68-f9a3-4e83-b3c6-9f6f8ad5431b, thingarn=arn:aws:iot:us-east-1:507441099951:thing/iot-device-01, thingtypename=null, attributes={installed=1594665292, latitude=37.4133144, longitude=-122.1513069}, version=1, billinggroupname=null}","2020-11-26 00:00:00.000"
"iot-device-03","1.594636829357795E9","52.1","70.88","false","false","0.0078","0.0051","0.0209","2020-11-26T17:17:49.285+0000","{defaultclientid=iot-device-03, thingname=iot-device-03, thingid=877352b9-a35d-45d3-9c98-162d89965a13, thingarn=arn:aws:iot:us-east-1:507441099951:thing/iot-device-03, thingtypename=null, attributes={installed=1592562234, latitude=37.4133144, longitude=-122.1513069}, version=1, billinggroupname=null}","2020-11-26 00:00:00.000"
"iot-device-03","1.5946368330411804E9","52.1","71.06","false","false","0.0078","0.0051","0.0208","2020-11-26T17:17:49.570+0000","{defaultclientid=iot-device-03, thingname=iot-device-03, thingid=877352b9-a35d-45d3-9c98-162d89965a13, thingarn=arn:aws:iot:us-east-1:507441099951:thing/iot-device-03, thingtypename=null, attributes={installed=1592562234, latitude=37.4133144, longitude=-122.1513069}, version=1, billinggroupname=null}","2020-11-26 00:00:00.000"
"iot-device-02","1.5946368334793975E9","59.8","74.48","true","false","0.0071","0.0045","0.0189","2020-11-26T17:17:49.923+0000","{defaultclientid=iot-device-02, thingname=iot-device-02, thingid=4ae4927a-aefb-4584-a45a-fc4839feffd6, thingarn=arn:aws:iot:us-east-1:507441099951:thing/iot-device-02, thingtypename=null, attributes={installed=1593361211, latitude=32.8205865, longitude=-96.871627}, version=1, billinggroupname=null}","2020-11-26 00:00:00.000"
"iot-device-03","1.5946368367239509E9","52.1","71.06","false","false","0.0078","0.0051","0.0208","2020-11-26T17:17:50.209+0000","{defaultclientid=iot-device-03, thingname=iot-device-03, thingid=877352b9-a35d-45d3-9c98-162d89965a13, thingarn=arn:aws:iot:us-east-1:507441099951:thing/iot-device-03, thingtypename=null, attributes={installed=1592562234, latitude=37.4133144, longitude=-122.1513069}, version=1, billinggroupname=null}","2020-11-26 00:00:00.000"
"iot-device-02","1.5946368394300985E9","59.8","74.48","true","false","0.0071","0.0045","0.0189","2020-11-26T17:17:50.500+0000","{defaultclientid=iot-device-02, thingname=iot-device-02, thingid=4ae4927a-aefb-4584-a45a-fc4839feffd6, thingarn=arn:aws:iot:us-east-1:507441099951:thing/iot-device-02, thingtypename=null, attributes={installed=1593361211, latitude=32.8205865, longitude=-96.871627}, version=1, billinggroupname=null}","2020-11-26 00:00:00.000"
"iot-device-01","1.5946367856620307E9","76.3","67.46","false","false","0.0062","0.0037","0.0164","2020-11-26T17:17:41.938+0000","{defaultclientid=iot-device-01, thingname=iot-device-01, thingid=983c2b68-f9a3-4e83-b3c6-9f6f8ad5431b, thingarn=arn:aws:iot:us-east-1:507441099951:thing/iot-device-01, thingtypename=null, attributes={installed=1594665292, latitude=37.4133144, longitude=-122.1513069}, version=1, billinggroupname=null}","2020-11-26 00:00:00.000"
"iot-device-03","1.5946367888484032E9","52.1","71.06","false","false","0.0078","0.0051","0.0208","2020-11-26T17:17:42.232+0000","{defaultclientid=iot-device-03, thingname=iot-device-03, thingid=877352b9-a35d-45d3-9c98-162d89965a13, thingarn=arn:aws:iot:us-east-1:507441099951:thing/iot-device-03, thingtypename=null, attributes={installed=1592562234, latitude=37.4133144, longitude=-122.1513069}, version=1, billinggroupname=null}","2020-11-26 00:00:00.000"
"iot-device-02","1.594636789739786E9","59.8","74.48","true","false","0.0071","0.0045","0.0189","2020-11-26T17:17:42.518+0000","{defaultclientid=iot-device-02, thingname=iot-device-02, thingid=4ae4927a-aefb-4584-a45a-fc4839feffd6, thingarn=arn:aws:iot:us-east-1:507441099951:thing/iot-device-02, thingtypename=null, attributes={installed=1593361211, latitude=32.8205865, longitude=-96.871627}, version=1, billinggroupname=null}","2020-11-26 00:00:00.000"
"iot-device-03","1.594636792535411E9","52.1","70.88","false","false","0.0078","0.0051","0.0209","2020-11-26T17:17:42.818+0000","{defaultclientid=iot-device-03, thingname=iot-device-03, thingid=877352b9-a35d-45d3-9c98-162d89965a13, thingarn=arn:aws:iot:us-east-1:507441099951:thing/iot-device-03, thingtypename=null, attributes={installed=1592562234, latitude=37.4133144, longitude=-122.1513069}, version=1, billinggroupname=null}","2020-11-26 00:00:00.000"
"iot-device-01","1.5946367926970124E9","76.3","67.46","false","false","0.0063","0.0038","0.0166","2020-11-26T17:17:43.112+0000","{defaultclientid=iot-device-01, thingname=iot-device-01, thingid=983c2b68-f9a3-4e83-b3c6-9f6f8ad5431b, thingarn=arn:aws:iot:us-east-1:507441099951:thing/iot-device-01, thingtypename=null, attributes={installed=1594665292, latitude=37.4133144, longitude=-122.1513069}, version=1, billinggroupname=null}","2020-11-26 00:00:00.000"
"iot-device-03","1.5946367962206404E9","52.1","71.06","false","false","0.0078","0.0051","0.0208","2020-11-26T17:17:43.401+0000","{defaultclientid=iot-device-03, thingname=iot-device-03, thingid=877352b9-a35d-45d3-9c98-162d89965a13, thingarn=arn:aws:iot:us-east-1:507441099951:thing/iot-device-03, thingtypename=null, attributes={installed=1592562234, latitude=37.4133144, longitude=-122.1513069}, version=1, billinggroupname=null}","2020-11-26 00:00:00.000"
"iot-device-02","1.5946367972989595E9","59.8","74.48","true","false","0.0072","0.0045","0.0191","2020-11-26T17:17:43.690+0000","{defaultclientid=iot-device-02, thingname=iot-device-02, thingid=4ae4927a-aefb-4584-a45a-fc4839feffd6, thingarn=arn:aws:iot:us-east-1:507441099951:thing/iot-device-02, thingtypename=null, attributes={installed=1593361211, latitude=32.8205865, longitude=-96.871627}, version=1, billinggroupname=null}","2020-11-26 00:00:00.000"
"iot-device-01","1.5946367981231751E9","76.3","67.46","false","false","0.0063","0.0038","0.0166","2020-11-26T17:17:43.986+0000","{defaultclientid=iot-device-01, thingname=iot-device-01, thingid=983c2b68-f9a3-4e83-b3c6-9f6f8ad5431b, thingarn=arn:aws:iot:us-east-1:507441099951:thing/iot-device-01, thingtypename=null, attributes={installed=1594665292, latitude=37.4133144, longitude=-122.1513069}, version=1, billinggroupname=null}","2020-11-26 00:00:00.000"
"iot-device-03","1.5946367999039655E9","52.1","70.88","false","false","0.0078","0.0051","0.0208","2020-11-26T17:17:44.298+0000","{defaultclientid=iot-device-03, thingname=iot-device-03, thingid=877352b9-a35d-45d3-9c98-162d89965a13, thingarn=arn:aws:iot:us-east-1:507441099951:thing/iot-device-03, thingtypename=null, attributes={installed=1592562234, latitude=37.4133144, longitude=-122.1513069}, version=1, billinggroupname=null}","2020-11-26 00:00:00.000"
"iot-device-01","1.594636802482505E9","76.3","67.46","false","false","0.0062","0.0037","0.0164","2020-11-26T17:17:44.590+0000","{defaultclientid=iot-device-01, thingname=iot-device-01, thingid=983c2b68-f9a3-4e83-b3c6-9f6f8ad5431b, thingarn=arn:aws:iot:us-east-1:507441099951:thing/iot-device-01, thingtypename=null, attributes={installed=1594665292, latitude=37.4133144, longitude=-122.1513069}, version=1, billinggroupname=null}","2020-11-26 00:00:00.000"
"iot-device-02","1.5946368730651846E9","59.8","74.48","true","false","0.0071","0.0045","0.0189","2020-11-26T17:17:56.652+0000","{defaultclientid=iot-device-02, thingname=iot-device-02, thingid=4ae4927a-aefb-4584-a45a-fc4839feffd6, thingarn=arn:aws:iot:us-east-1:507441099951:thing/iot-device-02, thingtypename=null, attributes={installed=1593361211, latitude=32.8205865, longitude=-96.871627}, version=1, billinggroupname=null}","2020-11-26 00:00:00.000"
"iot-device-03","1.594636873575156E9","52.1","71.06","false","false","0.0078","0.0051","0.0209","2020-11-26T17:17:56.938+0000","{defaultclientid=iot-device-03, thingname=iot-device-03, thingid=877352b9-a35d-45d3-9c98-162d89965a13, thingarn=arn:aws:iot:us-east-1:507441099951:thing/iot-device-03, thingtypename=null, attributes={installed=1592562234, latitude=37.4133144, longitude=-122.1513069}, version=1, billinggroupname=null}","2020-11-26 00:00:00.000"
"iot-device-01","1.5946368743267555E9","76.3","67.64","false","false","0.0063","0.0038","0.0166","2020-11-26T17:17:57.233+0000","{defaultclientid=iot-device-01, thingname=iot-device-01, thingid=983c2b68-f9a3-4e83-b3c6-9f6f8ad5431b, thingarn=arn:aws:iot:us-east-1:507441099951:thing/iot-device-01, thingtypename=null, attributes={installed=1594665292, latitude=37.4133144, longitude=-122.1513069}, version=1, billinggroupname=null}","2020-11-26 00:00:00.000"
"iot-device-03","1.5946368772629035E9","52.2","71.06","false","false","0.0078","0.0051","0.0208","2020-11-26T17:17:57.521+0000","{defaultclientid=iot-device-03, thingname=iot-device-03, thingid=877352b9-a35d-45d3-9c98-162d89965a13, thingarn=arn:aws:iot:us-east-1:507441099951:thing/iot-device-03, thingtypename=null, attributes={installed=1592562234, latitude=37.4133144, longitude=-122.1513069}, version=1, billinggroupname=null}","2020-11-26 00:00:00.000"
"iot-device-02","1.5946368795477138E9","59.8","74.48","true","false","0.0071","0.0045","0.0189","2020-11-26T17:17:57.831+0000","{defaultclientid=iot-device-02, thingname=iot-device-02, thingid=4ae4927a-aefb-4584-a45a-fc4839feffd6, thingarn=arn:aws:iot:us-east-1:507441099951:thing/iot-device-02, thingtypename=null, attributes={installed=1593361211, latitude=32.8205865, longitude=-96.871627}, version=1, billinggroupname=null}","2020-11-26 00:00:00.000"
"iot-device-01","1.594636879764326E9","76.3","67.46","false","false","0.0062","0.0037","0.0164","2020-11-26T17:17:58.127+0000","{defaultclientid=iot-device-01, thingname=iot-device-01, thingid=983c2b68-f9a3-4e83-b3c6-9f6f8ad5431b, thingarn=arn:aws:iot:us-east-1:507441099951:thing/iot-device-01, thingtypename=null, attributes={installed=1594665292, latitude=37.4133144, longitude=-122.1513069}, version=1, billinggroupname=null}","2020-11-26 00:00:00.000"
"iot-device-03","1.5946368809506588E9","52.1","70.88","false","false","0.0078","0.0051","0.0208","2020-11-26T17:17:58.420+0000","{defaultclientid=iot-device-03, thingname=iot-device-03, thingid=877352b9-a35d-45d3-9c98-162d89965a13, thingarn=arn:aws:iot:us-east-1:507441099951:thing/iot-device-03, thingtypename=null, attributes={installed=1592562234, latitude=37.4133144, longitude=-122.1513069}, version=1, billinggroupname=null}","2020-11-26 00:00:00.000"
"iot-device-02","1.5946368833584194E9","60.1","74.48","true","false","0.0071","0.0045","0.0189","2020-11-26T17:17:58.710+0000","{defaultclientid=iot-device-02, thingname=iot-device-02, thingid=4ae4927a-aefb-4584-a45a-fc4839feffd6, thingarn=arn:aws:iot:us-east-1:507441099951:thing/iot-device-02, thingtypename=null, attributes={installed=1593361211, latitude=32.8205865, longitude=-96.871627}, version=1, billinggroupname=null}","2020-11-26 00:00:00.000"
"iot-device-01","1.5946368841200936E9","76.4","67.64","false","false","0.0062","0.0037","0.0164","2020-11-26T17:17:59.068+0000","{defaultclientid=iot-device-01, thingname=iot-device-01, thingid=983c2b68-f9a3-4e83-b3c6-9f6f8ad5431b, thingarn=arn:aws:iot:us-east-1:507441099951:thing/iot-device-01, thingtypename=null, attributes={installed=1594665292, latitude=37.4133144, longitude=-122.1513069}, version=1, billinggroupname=null}","2020-11-26 00:00:00.000"
"iot-device-03","1.5946368846381032E9","52.1","70.88","false","false","0.0078","0.0051","0.0209","2020-11-26T17:17:59.351+0000","{defaultclientid=iot-device-03, thingname=iot-device-03, thingid=877352b9-a35d-45d3-9c98-162d89965a13, thingarn=arn:aws:iot:us-east-1:507441099951:thing/iot-device-03, thingtypename=null, attributes={installed=1592562234, latitude=37.4133144, longitude=-122.1513069}, version=1, billinggroupname=null}","2020-11-26 00:00:00.000"
"iot-device-03","1.594636840410215E9","52.1","71.06","false","false","0.0078","0.0051","0.0208","2020-11-26T17:17:50.788+0000","{defaultclientid=iot-device-03, thingname=iot-device-03, thingid=877352b9-a35d-45d3-9c98-162d89965a13, thingarn=arn:aws:iot:us-east-1:507441099951:thing/iot-device-03, thingtypename=null, attributes={installed=1592562234, latitude=37.4133144, longitude=-122.1513069}, version=1, billinggroupname=null}","2020-11-26 00:00:00.000"
"iot-device-01","1.5946368417292714E9","76.2","67.46","false","false","0.0064","0.0039","0.0169","2020-11-26T17:17:51.081+0000","{defaultclientid=iot-device-01, thingname=iot-device-01, thingid=983c2b68-f9a3-4e83-b3c6-9f6f8ad5431b, thingarn=arn:aws:iot:us-east-1:507441099951:thing/iot-device-01, thingtypename=null, attributes={installed=1594665292, latitude=37.4133144, longitude=-122.1513069}, version=1, billinggroupname=null}","2020-11-26 00:00:00.000"
"iot-device-03","1.5946368440963235E9","52.1","71.06","false","false","0.0078","0.0051","0.0209","2020-11-26T17:17:51.372+0000","{defaultclientid=iot-device-03, thingname=iot-device-03, thingid=877352b9-a35d-45d3-9c98-162d89965a13, thingarn=arn:aws:iot:us-east-1:507441099951:thing/iot-device-03, thingtypename=null, attributes={installed=1592562234, latitude=37.4133144, longitude=-122.1513069}, version=1, billinggroupname=null}","2020-11-26 00:00:00.000"
"iot-device-02","1.594636845381781E9","59.8","74.48","true","false","0.0071","0.0045","0.0189","2020-11-26T17:17:51.670+0000","{defaultclientid=iot-device-02, thingname=iot-device-02, thingid=4ae4927a-aefb-4584-a45a-fc4839feffd6, thingarn=arn:aws:iot:us-east-1:507441099951:thing/iot-device-02, thingtypename=null, attributes={installed=1593361211, latitude=32.8205865, longitude=-96.871627}, version=1, billinggroupname=null}","2020-11-26 00:00:00.000"
"iot-device-03","1.59463684778023E9","52.1","71.06","false","false","0.0078","0.0051","0.0209","2020-11-26T17:17:51.958+0000","{defaultclientid=iot-device-03, thingname=iot-device-03, thingid=877352b9-a35d-45d3-9c98-162d89965a13, thingarn=arn:aws:iot:us-east-1:507441099951:thing/iot-device-03, thingtypename=null, attributes={installed=1592562234, latitude=37.4133144, longitude=-122.1513069}, version=1, billinggroupname=null}","2020-11-26 00:00:00.000"
"iot-device-02","1.5946368491862473E9","59.9","74.48","true","false","0.0071","0.0045","0.0188","2020-11-26T17:17:52.254+0000","{defaultclientid=iot-device-02, thingname=iot-device-02, thingid=4ae4927a-aefb-4584-a45a-fc4839feffd6, thingarn=arn:aws:iot:us-east-1:507441099951:thing/iot-device-02, thingtypename=null, attributes={installed=1593361211, latitude=32.8205865, longitude=-96.871627}, version=1, billinggroupname=null}","2020-11-26 00:00:00.000"
"iot-device-01","1.5946368503766446E9","76.3","67.46","false","false","0.0063","0.0038","0.0167","2020-11-26T17:17:52.549+0000","{defaultclientid=iot-device-01, thingname=iot-device-01, thingid=983c2b68-f9a3-4e83-b3c6-9f6f8ad5431b, thingarn=arn:aws:iot:us-east-1:507441099951:thing/iot-device-01, thingtypename=null, attributes={installed=1594665292, latitude=37.4133144, longitude=-122.1513069}, version=1, billinggroupname=null}","2020-11-26 00:00:00.000"
"iot-device-03","1.594636851466549E9","52.1","71.06","false","false","0.0078","0.0051","0.0209","2020-11-26T17:17:52.838+0000","{defaultclientid=iot-device-03, thingname=iot-device-03, thingid=877352b9-a35d-45d3-9c98-162d89965a13, thingarn=arn:aws:iot:us-east-1:507441099951:thing/iot-device-03, thingtypename=null, attributes={installed=1592562234, latitude=37.4133144, longitude=-122.1513069}, version=1, billinggroupname=null}","2020-11-26 00:00:00.000"
"iot-device-03","1.594636855151791E9","52.1","71.06","false","false","0.0078","0.0051","0.0209","2020-11-26T17:17:53.127+0000","{defaultclientid=iot-device-03, thingname=iot-device-03, thingid=877352b9-a35d-45d3-9c98-162d89965a13, thingarn=arn:aws:iot:us-east-1:507441099951:thing/iot-device-03, thingtypename=null, attributes={installed=1592562234, latitude=37.4133144, longitude=-122.1513069}, version=1, billinggroupname=null}","2020-11-26 00:00:00.000"
"iot-device-01","1.5946368552693665E9","76.3","67.46","false","false","0.0062","0.0037","0.0164","2020-11-26T17:17:53.424+0000","{defaultclientid=iot-device-01, thingname=iot-device-01, thingid=983c2b68-f9a3-4e83-b3c6-9f6f8ad5431b, thingarn=arn:aws:iot:us-east-1:507441099951:thing/iot-device-01, thingtypename=null, attributes={installed=1594665292, latitude=37.4133144, longitude=-122.1513069}, version=1, billinggroupname=null}","2020-11-26 00:00:00.000"
"iot-device-01","1.5946616757969408E9","75.4","66.56","false","false","0.0076","0.0049","0.0204","2020-11-26T17:32:12.320+0000","{defaultclientid=iot-device-01, thingname=iot-device-01, thingid=983c2b68-f9a3-4e83-b3c6-9f6f8ad5431b, thingarn=arn:aws:iot:us-east-1:507441099951:thing/iot-device-01, thingtypename=null, attributes={installed=1594665292, latitude=37.4133144, longitude=-122.1513069}, version=1, billinggroupname=null}","2020-11-26 00:00:00.000"
"iot-device-03","1.5946616777807548E9","51.7","71.78","false","false","0.0078","0.0051","0.021","2020-11-26T17:32:12.627+0000","{defaultclientid=iot-device-03, thingname=iot-device-03, thingid=877352b9-a35d-45d3-9c98-162d89965a13, thingarn=arn:aws:iot:us-east-1:507441099951:thing/iot-device-03, thingtypename=null, attributes={installed=1592562234, latitude=37.4133144, longitude=-122.1513069}, version=1, billinggroupname=null}","2020-11-26 00:00:00.000"
"iot-device-03","1.5946616814666345E9","51.7","71.96","false","false","0.0079","0.0051","0.021","2020-11-26T17:32:12.921+0000","{defaultclientid=iot-device-03, thingname=iot-device-03, thingid=877352b9-a35d-45d3-9c98-162d89965a13, thingarn=arn:aws:iot:us-east-1:507441099951:thing/iot-device-03, thingtypename=null, attributes={installed=1592562234, latitude=37.4133144, longitude=-122.1513069}, version=1, billinggroupname=null}","2020-11-26 00:00:00.000"
"iot-device-02","1.594661684179331E9","61.8","76.82","true","false","0.0068","0.0042","0.018","2020-11-26T17:32:13.210+0000","{defaultclientid=iot-device-02, thingname=iot-device-02, thingid=4ae4927a-aefb-4584-a45a-fc4839feffd6, thingarn=arn:aws:iot:us-east-1:507441099951:thing/iot-device-02, thingtypename=null, attributes={installed=1593361211, latitude=32.8205865, longitude=-96.871627}, version=1, billinggroupname=null}","2020-11-26 00:00:00.000"
"iot-device-03","1.5946616851526616E9","51.7","71.96","false","false","0.0079","0.0052","0.021","2020-11-26T17:32:13.510+0000","{defaultclientid=iot-device-03, thingname=iot-device-03, thingid=877352b9-a35d-45d3-9c98-162d89965a13, thingarn=arn:aws:iot:us-east-1:507441099951:thing/iot-device-03, thingtypename=null, attributes={installed=1592562234, latitude=37.4133144, longitude=-122.1513069}, version=1, billinggroupname=null}","2020-11-26 00:00:00.000"
"iot-device-01","1.5946616855189946E9","75.4","66.38","false","false","0.0077","0.005","0.0204","2020-11-26T17:32:13.811+0000","{defaultclientid=iot-device-01, thingname=iot-device-01, thingid=983c2b68-f9a3-4e83-b3c6-9f6f8ad5431b, thingarn=arn:aws:iot:us-east-1:507441099951:thing/iot-device-01, thingtypename=null, attributes={installed=1594665292, latitude=37.4133144, longitude=-122.1513069}, version=1, billinggroupname=null}","2020-11-26 00:00:00.000"
"iot-device-02","1.5946616879876955E9","61.8","76.82","true","false","0.0068","0.0042","0.018","2020-11-26T17:32:14.112+0000","{defaultclientid=iot-device-02, thingname=iot-device-02, thingid=4ae4927a-aefb-4584-a45a-fc4839feffd6, thingarn=arn:aws:iot:us-east-1:507441099951:thing/iot-device-02, thingtypename=null, attributes={installed=1593361211, latitude=32.8205865, longitude=-96.871627}, version=1, billinggroupname=null}","2020-11-26 00:00:00.000"
"iot-device-03","1.5946616888340142E9","51.7","71.96","false","false","0.0079","0.0052","0.0211","2020-11-26T17:32:14.401+0000","{defaultclientid=iot-device-03, thingname=iot-device-03, thingid=877352b9-a35d-45d3-9c98-162d89965a13, thingarn=arn:aws:iot:us-east-1:507441099951:thing/iot-device-03, thingtypename=null, attributes={installed=1592562234, latitude=37.4133144, longitude=-122.1513069}, version=1, billinggroupname=null}","2020-11-26 00:00:00.000"
"iot-device-01","1.5946616904156375E9","75.3","66.38","false","false","0.0077","0.005","0.0204","2020-11-26T17:32:14.693+0000","{defaultclientid=iot-device-01, thingname=iot-device-01, thingid=983c2b68-f9a3-4e83-b3c6-9f6f8ad5431b, thingarn=arn:aws:iot:us-east-1:507441099951:thing/iot-device-01, thingtypename=null, attributes={installed=1594665292, latitude=37.4133144, longitude=-122.1513069}, version=1, billinggroupname=null}","2020-11-26 00:00:00.000"
"iot-device-03","1.5946616925179062E9","51.7","71.96","false","false","0.0078","0.0051","0.0209","2020-11-26T17:32:14.983+0000","{defaultclientid=iot-device-03, thingname=iot-device-03, thingid=877352b9-a35d-45d3-9c98-162d89965a13, thingarn=arn:aws:iot:us-east-1:507441099951:thing/iot-device-03, thingtypename=null, attributes={installed=1592562234, latitude=37.4133144, longitude=-122.1513069}, version=1, billinggroupname=null}","2020-11-26 00:00:00.000"
"iot-device-01","1.5946616584318993E9","75.2","66.38","false","false","0.0077","0.005","0.0204","2020-11-26T17:32:09.322+0000","{defaultclientid=iot-device-01, thingname=iot-device-01, thingid=983c2b68-f9a3-4e83-b3c6-9f6f8ad5431b, thingarn=arn:aws:iot:us-east-1:507441099951:thing/iot-device-01, thingtypename=null, attributes={installed=1594665292, latitude=37.4133144, longitude=-122.1513069}, version=1, billinggroupname=null}","2020-11-26 00:00:00.000"
"iot-device-03","1.5946616593452964E9","51.8","71.78","false","false","0.0078","0.0051","0.0209","2020-11-26T17:32:09.621+0000","{defaultclientid=iot-device-03, thingname=iot-device-03, thingid=877352b9-a35d-45d3-9c98-162d89965a13, thingarn=arn:aws:iot:us-east-1:507441099951:thing/iot-device-03, thingtypename=null, attributes={installed=1592562234, latitude=37.4133144, longitude=-122.1513069}, version=1, billinggroupname=null}","2020-11-26 00:00:00.000"
"iot-device-02","1.5946616613313036E9","61.8","76.82","true","false","0.0068","0.0042","0.018","2020-11-26T17:32:09.911+0000","{defaultclientid=iot-device-02, thingname=iot-device-02, thingid=4ae4927a-aefb-4584-a45a-fc4839feffd6, thingarn=arn:aws:iot:us-east-1:507441099951:thing/iot-device-02, thingtypename=null, attributes={installed=1593361211, latitude=32.8205865, longitude=-96.871627}, version=1, billinggroupname=null}","2020-11-26 00:00:00.000"
"iot-device-03","1.594661663032994E9","51.8","71.78","false","false","0.0079","0.0051","0.021","2020-11-26T17:32:10.211+0000","{defaultclientid=iot-device-03, thingname=iot-device-03, thingid=877352b9-a35d-45d3-9c98-162d89965a13, thingarn=arn:aws:iot:us-east-1:507441099951:thing/iot-device-03, thingtypename=null, attributes={installed=1592562234, latitude=37.4133144, longitude=-122.1513069}, version=1, billinggroupname=null}","2020-11-26 00:00:00.000"
"iot-device-03","1.594661666720501E9","51.7","71.78","false","false","0.0079","0.0052","0.0211","2020-11-26T17:32:10.513+0000","{defaultclientid=iot-device-03, thingname=iot-device-03, thingid=877352b9-a35d-45d3-9c98-162d89965a13, thingarn=arn:aws:iot:us-east-1:507441099951:thing/iot-device-03, thingtypename=null, attributes={installed=1592562234, latitude=37.4133144, longitude=-122.1513069}, version=1, billinggroupname=null}","2020-11-26 00:00:00.000"
"iot-device-01","1.5946616670875225E9","75.2","66.38","false","false","0.0077","0.005","0.0204","2020-11-26T17:32:10.809+0000","{defaultclientid=iot-device-01, thingname=iot-device-01, thingid=983c2b68-f9a3-4e83-b3c6-9f6f8ad5431b, thingarn=arn:aws:iot:us-east-1:507441099951:thing/iot-device-01, thingtypename=null, attributes={installed=1594665292, latitude=37.4133144, longitude=-122.1513069}, version=1, billinggroupname=null}","2020-11-26 00:00:00.000"
"iot-device-03","1.5946616704079545E9","51.7","71.78","false","false","0.0079","0.0051","0.021","2020-11-26T17:32:11.112+0000","{defaultclientid=iot-device-03, thingname=iot-device-03, thingid=877352b9-a35d-45d3-9c98-162d89965a13, thingarn=arn:aws:iot:us-east-1:507441099951:thing/iot-device-03, thingtypename=null, attributes={installed=1592562234, latitude=37.4133144, longitude=-122.1513069}, version=1, billinggroupname=null}","2020-11-26 00:00:00.000"
"iot-device-01","1.594661671444546E9","75.3","66.38","false","false","0.0076","0.0049","0.0204","2020-11-26T17:32:11.414+0000","{defaultclientid=iot-device-01, thingname=iot-device-01, thingid=983c2b68-f9a3-4e83-b3c6-9f6f8ad5431b, thingarn=arn:aws:iot:us-east-1:507441099951:thing/iot-device-01, thingtypename=null, attributes={installed=1594665292, latitude=37.4133144, longitude=-122.1513069}, version=1, billinggroupname=null}","2020-11-26 00:00:00.000"
"iot-device-02","1.5946616734204774E9","61.8","76.64","true","false","0.0068","0.0042","0.018","2020-11-26T17:32:11.727+0000","{defaultclientid=iot-device-02, thingname=iot-device-02, thingid=4ae4927a-aefb-4584-a45a-fc4839feffd6, thingarn=arn:aws:iot:us-east-1:507441099951:thing/iot-device-02, thingtypename=null, attributes={installed=1593361211, latitude=32.8205865, longitude=-96.871627}, version=1, billinggroupname=null}","2020-11-26 00:00:00.000"
"iot-device-03","1.594661674095079E9","51.7","71.78","false","false","0.0079","0.0051","0.021","2020-11-26T17:32:12.021+0000","{defaultclientid=iot-device-03, thingname=iot-device-03, thingid=877352b9-a35d-45d3-9c98-162d89965a13, thingarn=arn:aws:iot:us-east-1:507441099951:thing/iot-device-03, thingtypename=null, attributes={installed=1592562234, latitude=37.4133144, longitude=-122.1513069}, version=1, billinggroupname=null}","2020-11-26 00:00:00.000"
"iot-device-02","1.5946616391058881E9","61.7","76.64","true","false","0.0068","0.0042","0.018","2020-11-26T17:32:06.370+0000","{defaultclientid=iot-device-02, thingname=iot-device-02, thingid=4ae4927a-aefb-4584-a45a-fc4839feffd6, thingarn=arn:aws:iot:us-east-1:507441099951:thing/iot-device-02, thingtypename=null, attributes={installed=1593361211, latitude=32.8205865, longitude=-96.871627}, version=1, billinggroupname=null}","2020-11-26 00:00:00.000"
"iot-device-03","1.5946616409079864E9","51.8","71.78","false","false","0.0079","0.0052","0.0211","2020-11-26T17:32:06.669+0000","{defaultclientid=iot-device-03, thingname=iot-device-03, thingid=877352b9-a35d-45d3-9c98-162d89965a13, thingarn=arn:aws:iot:us-east-1:507441099951:thing/iot-device-03, thingtypename=null, attributes={installed=1592562234, latitude=37.4133144, longitude=-122.1513069}, version=1, billinggroupname=null}","2020-11-26 00:00:00.000"
"iot-device-03","1.5946616445957785E9","51.8","71.78","false","false","0.0079","0.0051","0.021","2020-11-26T17:32:06.960+0000","{defaultclientid=iot-device-03, thingname=iot-device-03, thingid=877352b9-a35d-45d3-9c98-162d89965a13, thingarn=arn:aws:iot:us-east-1:507441099951:thing/iot-device-03, thingtypename=null, attributes={installed=1592562234, latitude=37.4133144, longitude=-122.1513069}, version=1, billinggroupname=null}","2020-11-26 00:00:00.000"
"iot-device-02","1.594661645086347E9","61.7","76.64","true","false","0.0068","0.0042","0.0179","2020-11-26T17:32:07.264+0000","{defaultclientid=iot-device-02, thingname=iot-device-02, thingid=4ae4927a-aefb-4584-a45a-fc4839feffd6, thingarn=arn:aws:iot:us-east-1:507441099951:thing/iot-device-02, thingtypename=null, attributes={installed=1593361211, latitude=32.8205865, longitude=-96.871627}, version=1, billinggroupname=null}","2020-11-26 00:00:00.000"
"iot-device-03","1.5946616482830856E9","51.8","71.78","false","false","0.0079","0.0052","0.021","2020-11-26T17:32:07.562+0000","{defaultclientid=iot-device-03, thingname=iot-device-03, thingid=877352b9-a35d-45d3-9c98-162d89965a13, thingarn=arn:aws:iot:us-east-1:507441099951:thing/iot-device-03, thingtypename=null, attributes={installed=1592562234, latitude=37.4133144, longitude=-122.1513069}, version=1, billinggroupname=null}","2020-11-26 00:00:00.000"
"iot-device-02","1.5946616515767012E9","61.7","76.64","true","false","0.0068","0.0042","0.0179","2020-11-26T17:32:07.850+0000","{defaultclientid=iot-device-02, thingname=iot-device-02, thingid=4ae4927a-aefb-4584-a45a-fc4839feffd6, thingarn=arn:aws:iot:us-east-1:507441099951:thing/iot-device-02, thingtypename=null, attributes={installed=1593361211, latitude=32.8205865, longitude=-96.871627}, version=1, billinggroupname=null}","2020-11-26 00:00:00.000"
"iot-device-03","1.5946616519705262E9","51.8","71.78","false","false","0.0079","0.0051","0.021","2020-11-26T17:32:08.142+0000","{defaultclientid=iot-device-03, thingname=iot-device-03, thingid=877352b9-a35d-45d3-9c98-162d89965a13, thingarn=arn:aws:iot:us-east-1:507441099951:thing/iot-device-03, thingtypename=null, attributes={installed=1592562234, latitude=37.4133144, longitude=-122.1513069}, version=1, billinggroupname=null}","2020-11-26 00:00:00.000"
"iot-device-01","1.5946616529999332E9","75.5","66.38","false","false","0.0077","0.005","0.0204","2020-11-26T17:32:08.440+0000","{defaultclientid=iot-device-01, thingname=iot-device-01, thingid=983c2b68-f9a3-4e83-b3c6-9f6f8ad5431b, thingarn=arn:aws:iot:us-east-1:507441099951:thing/iot-device-01, thingtypename=null, attributes={installed=1594665292, latitude=37.4133144, longitude=-122.1513069}, version=1, billinggroupname=null}","2020-11-26 00:00:00.000"
"iot-device-03","1.5946616556578074E9","51.8","71.78","false","false","0.0079","0.0051","0.021","2020-11-26T17:32:08.731+0000","{defaultclientid=iot-device-03, thingname=iot-device-03, thingid=877352b9-a35d-45d3-9c98-162d89965a13, thingarn=arn:aws:iot:us-east-1:507441099951:thing/iot-device-03, thingtypename=null, attributes={installed=1592562234, latitude=37.4133144, longitude=-122.1513069}, version=1, billinggroupname=null}","2020-11-26 00:00:00.000"
"iot-device-02","1.5946616575199304E9","61.8","76.64","true","false","0.0068","0.0042","0.0179","2020-11-26T17:32:09.030+0000","{defaultclientid=iot-device-02, thingname=iot-device-02, thingid=4ae4927a-aefb-4584-a45a-fc4839feffd6, thingarn=arn:aws:iot:us-east-1:507441099951:thing/iot-device-02, thingtypename=null, attributes={installed=1593361211, latitude=32.8205865, longitude=-96.871627}, version=1, billinggroupname=null}","2020-11-26 00:00:00.000"
"iot-device-03","1.5946617514347887E9","51.6","71.96","false","false","0.0078","0.0051","0.021","2020-11-26T17:32:24.261+0000","{defaultclientid=iot-device-03, thingname=iot-device-03, thingid=877352b9-a35d-45d3-9c98-162d89965a13, thingarn=arn:aws:iot:us-east-1:507441099951:thing/iot-device-03, thingtypename=null, attributes={installed=1592562234, latitude=37.4133144, longitude=-122.1513069}, version=1, billinggroupname=null}","2020-11-26 00:00:00.000"
"iot-device-02","1.5946617536813712E9","61.8","76.64","true","false","0.0068","0.0042","0.0181","2020-11-26T17:32:24.553+0000","{defaultclientid=iot-device-02, thingname=iot-device-02, thingid=4ae4927a-aefb-4584-a45a-fc4839feffd6, thingarn=arn:aws:iot:us-east-1:507441099951:thing/iot-device-02, thingtypename=null, attributes={installed=1593361211, latitude=32.8205865, longitude=-96.871627}, version=1, billinggroupname=null}","2020-11-26 00:00:00.000"
"iot-device-03","1.5946617551219769E9","51.6","71.96","false","false","0.0078","0.0051","0.0209","2020-11-26T17:32:24.851+0000","{defaultclientid=iot-device-03, thingname=iot-device-03, thingid=877352b9-a35d-45d3-9c98-162d89965a13, thingarn=arn:aws:iot:us-east-1:507441099951:thing/iot-device-03, thingtypename=null, attributes={installed=1592562234, latitude=37.4133144, longitude=-122.1513069}, version=1, billinggroupname=null}","2020-11-26 00:00:00.000"
"iot-device-01","1.5946617573661106E9","75.4","66.38","false","false","0.0077","0.005","0.0204","2020-11-26T17:32:25.143+0000","{defaultclientid=iot-device-01, thingname=iot-device-01, thingid=983c2b68-f9a3-4e83-b3c6-9f6f8ad5431b, thingarn=arn:aws:iot:us-east-1:507441099951:thing/iot-device-01, thingtypename=null, attributes={installed=1594665292, latitude=37.4133144, longitude=-122.1513069}, version=1, billinggroupname=null}","2020-11-26 00:00:00.000"
"iot-device-03","1.5946617588076847E9","51.6","71.96","false","false","0.0079","0.0052","0.0211","2020-11-26T17:32:25.471+0000","{defaultclientid=iot-device-03, thingname=iot-device-03, thingid=877352b9-a35d-45d3-9c98-162d89965a13, thingarn=arn:aws:iot:us-east-1:507441099951:thing/iot-device-03, thingtypename=null, attributes={installed=1592562234, latitude=37.4133144, longitude=-122.1513069}, version=1, billinggroupname=null}","2020-11-26 00:00:00.000"
"iot-device-03","1.594661762493418E9","51.6","71.96","false","false","0.0078","0.0051","0.021","2020-11-26T17:32:25.771+0000","{defaultclientid=iot-device-03, thingname=iot-device-03, thingid=877352b9-a35d-45d3-9c98-162d89965a13, thingarn=arn:aws:iot:us-east-1:507441099951:thing/iot-device-03, thingtypename=null, attributes={installed=1592562234, latitude=37.4133144, longitude=-122.1513069}, version=1, billinggroupname=null}","2020-11-26 00:00:00.000"
"iot-device-03","1.594661766171071E9","51.6","71.96","false","false","0.0078","0.0051","0.021","2020-11-26T17:32:26.071+0000","{defaultclientid=iot-device-03, thingname=iot-device-03, thingid=877352b9-a35d-45d3-9c98-162d89965a13, thingarn=arn:aws:iot:us-east-1:507441099951:thing/iot-device-03, thingtypename=null, attributes={installed=1592562234, latitude=37.4133144, longitude=-122.1513069}, version=1, billinggroupname=null}","2020-11-26 00:00:00.000"
"iot-device-02","1.594661767413309E9","61.9","76.82","true","false","0.0068","0.0042","0.0181","2020-11-26T17:32:26.370+0000","{defaultclientid=iot-device-02, thingname=iot-device-02, thingid=4ae4927a-aefb-4584-a45a-fc4839feffd6, thingarn=arn:aws:iot:us-east-1:507441099951:thing/iot-device-02, thingtypename=null, attributes={installed=1593361211, latitude=32.8205865, longitude=-96.871627}, version=1, billinggroupname=null}","2020-11-26 00:00:00.000"
"iot-device-03","1.5946617698625815E9","51.5","71.96","false","false","0.0078","0.0051","0.0209","2020-11-26T17:32:26.659+0000","{defaultclientid=iot-device-03, thingname=iot-device-03, thingid=877352b9-a35d-45d3-9c98-162d89965a13, thingarn=arn:aws:iot:us-east-1:507441099951:thing/iot-device-03, thingtypename=null, attributes={installed=1592562234, latitude=37.4133144, longitude=-122.1513069}, version=1, billinggroupname=null}","2020-11-26 00:00:00.000"
"iot-device-02","1.5946617722870498E9","61.8","76.64","true","false","0.0068","0.0042","0.018","2020-11-26T17:32:26.951+0000","{defaultclientid=iot-device-02, thingname=iot-device-02, thingid=4ae4927a-aefb-4584-a45a-fc4839feffd6, thingarn=arn:aws:iot:us-east-1:507441099951:thing/iot-device-02, thingtypename=null, attributes={installed=1593361211, latitude=32.8205865, longitude=-96.871627}, version=1, billinggroupname=null}","2020-11-26 00:00:00.000"
"iot-device-03","1.594661600435224E9","51.8","71.6","false","false","0.0079","0.0051","0.021","2020-11-26T17:32:00.199+0000","{defaultclientid=iot-device-03, thingname=iot-device-03, thingid=877352b9-a35d-45d3-9c98-162d89965a13, thingarn=arn:aws:iot:us-east-1:507441099951:thing/iot-device-03, thingtypename=null, attributes={installed=1592562234, latitude=37.4133144, longitude=-122.1513069}, version=1, billinggroupname=null}","2020-11-26 00:00:00.000"
"iot-device-01","1.5946616037978823E9","75.3","66.38","false","false","0.0077","0.005","0.0204","2020-11-26T17:32:00.491+0000","{defaultclientid=iot-device-01, thingname=iot-device-01, thingid=983c2b68-f9a3-4e83-b3c6-9f6f8ad5431b, thingarn=arn:aws:iot:us-east-1:507441099951:thing/iot-device-01, thingtypename=null, attributes={installed=1594665292, latitude=37.4133144, longitude=-122.1513069}, version=1, billinggroupname=null}","2020-11-26 00:00:00.000"
"iot-device-03","1.594661604121731E9","51.8","71.6","false","false","0.0079","0.0052","0.0211","2020-11-26T17:32:00.804+0000","{defaultclientid=iot-device-03, thingname=iot-device-03, thingid=877352b9-a35d-45d3-9c98-162d89965a13, thingarn=arn:aws:iot:us-east-1:507441099951:thing/iot-device-03, thingtypename=null, attributes={installed=1592562234, latitude=37.4133144, longitude=-122.1513069}, version=1, billinggroupname=null}","2020-11-26 00:00:00.000"
"iot-device-02","1.5946616059699366E9","61.7","76.64","true","false","0.0068","0.0042","0.018","2020-11-26T17:32:01.105+0000","{defaultclientid=iot-device-02, thingname=iot-device-02, thingid=4ae4927a-aefb-4584-a45a-fc4839feffd6, thingarn=arn:aws:iot:us-east-1:507441099951:thing/iot-device-02, thingtypename=null, attributes={installed=1593361211, latitude=32.8205865, longitude=-96.871627}, version=1, billinggroupname=null}","2020-11-26 00:00:00.000"
"iot-device-03","1.594661607805373E9","51.8","71.6","false","false","0.0079","0.0051","0.021","2020-11-26T17:32:01.393+0000","{defaultclientid=iot-device-03, thingname=iot-device-03, thingid=877352b9-a35d-45d3-9c98-162d89965a13, thingarn=arn:aws:iot:us-east-1:507441099951:thing/iot-device-03, thingtypename=null, attributes={installed=1592562234, latitude=37.4133144, longitude=-122.1513069}, version=1, billinggroupname=null}","2020-11-26 00:00:00.000"
"iot-device-01","1.594661608150775E9","75.4","66.38","false","false","0.0077","0.005","0.0204","2020-11-26T17:32:01.692+0000","{defaultclientid=iot-device-01, thingname=iot-device-01, thingid=983c2b68-f9a3-4e83-b3c6-9f6f8ad5431b, thingarn=arn:aws:iot:us-east-1:507441099951:thing/iot-device-01, thingtypename=null, attributes={installed=1594665292, latitude=37.4133144, longitude=-122.1513069}, version=1, billinggroupname=null}","2020-11-26 00:00:00.000"
"iot-device-02","1.5946616108520012E9","61.7","76.64","true","false","0.0068","0.0042","0.0181","2020-11-26T17:32:01.992+0000","{defaultclientid=iot-device-02, thingname=iot-device-02, thingid=4ae4927a-aefb-4584-a45a-fc4839feffd6, thingarn=arn:aws:iot:us-east-1:507441099951:thing/iot-device-02, thingtypename=null, attributes={installed=1593361211, latitude=32.8205865, longitude=-96.871627}, version=1, billinggroupname=null}","2020-11-26 00:00:00.000"
"iot-device-03","1.5946616114894938E9","51.9","71.78","false","false","0.0079","0.0052","0.0211","2020-11-26T17:32:02.290+0000","{defaultclientid=iot-device-03, thingname=iot-device-03, thingid=877352b9-a35d-45d3-9c98-162d89965a13, thingarn=arn:aws:iot:us-east-1:507441099951:thing/iot-device-03, thingtypename=null, attributes={installed=1592562234, latitude=37.4133144, longitude=-122.1513069}, version=1, billinggroupname=null}","2020-11-26 00:00:00.000"
"iot-device-01","1.5946616125024068E9","75.5","66.38","false","false","0.0077","0.005","0.0204","2020-11-26T17:32:02.590+0000","{defaultclientid=iot-device-01, thingname=iot-device-01, thingid=983c2b68-f9a3-4e83-b3c6-9f6f8ad5431b, thingarn=arn:aws:iot:us-east-1:507441099951:thing/iot-device-01, thingtypename=null, attributes={installed=1594665292, latitude=37.4133144, longitude=-122.1513069}, version=1, billinggroupname=null}","2020-11-26 00:00:00.000"
"iot-device-03","1.5946616151755786E9","51.9","71.78","false","false","0.0079","0.0052","0.021","2020-11-26T17:32:02.880+0000","{defaultclientid=iot-device-03, thingname=iot-device-03, thingid=877352b9-a35d-45d3-9c98-162d89965a13, thingarn=arn:aws:iot:us-east-1:507441099951:thing/iot-device-03, thingtypename=null, attributes={installed=1592562234, latitude=37.4133144, longitude=-122.1513069}, version=1, billinggroupname=null}","2020-11-26 00:00:00.000"
"iot-device-01","1.5946617308290632E9","75.3","66.38","false","false","0.0077","0.005","0.0204","2020-11-26T17:32:21.242+0000","{defaultclientid=iot-device-01, thingname=iot-device-01, thingid=983c2b68-f9a3-4e83-b3c6-9f6f8ad5431b, thingarn=arn:aws:iot:us-east-1:507441099951:thing/iot-device-01, thingtypename=null, attributes={installed=1594665292, latitude=37.4133144, longitude=-122.1513069}, version=1, billinggroupname=null}","2020-11-26 00:00:00.000"
"iot-device-03","1.5946617330497491E9","51.6","71.96","false","false","0.0079","0.0051","0.021","2020-11-26T17:32:21.546+0000","{defaultclientid=iot-device-03, thingname=iot-device-03, thingid=877352b9-a35d-45d3-9c98-162d89965a13, thingarn=arn:aws:iot:us-east-1:507441099951:thing/iot-device-03, thingtypename=null, attributes={installed=1592562234, latitude=37.4133144, longitude=-122.1513069}, version=1, billinggroupname=null}","2020-11-26 00:00:00.000"
"iot-device-01","1.5946617357211087E9","75.6","66.38","false","false","0.0077","0.005","0.0204","2020-11-26T17:32:21.873+0000","{defaultclientid=iot-device-01, thingname=iot-device-01, thingid=983c2b68-f9a3-4e83-b3c6-9f6f8ad5431b, thingarn=arn:aws:iot:us-east-1:507441099951:thing/iot-device-01, thingtypename=null, attributes={installed=1594665292, latitude=37.4133144, longitude=-122.1513069}, version=1, billinggroupname=null}","2020-11-26 00:00:00.000"
"iot-device-03","1.594661736736183E9","51.6","71.96","false","false","0.0079","0.0052","0.0211","2020-11-26T17:32:22.171+0000","{defaultclientid=iot-device-03, thingname=iot-device-03, thingid=877352b9-a35d-45d3-9c98-162d89965a13, thingarn=arn:aws:iot:us-east-1:507441099951:thing/iot-device-03, thingtypename=null, attributes={installed=1592562234, latitude=37.4133144, longitude=-122.1513069}, version=1, billinggroupname=null}","2020-11-26 00:00:00.000"
"iot-device-02","1.594661737849187E9","61.8","76.64","true","false","0.0068","0.0042","0.0181","2020-11-26T17:32:22.461+0000","{defaultclientid=iot-device-02, thingname=iot-device-02, thingid=4ae4927a-aefb-4584-a45a-fc4839feffd6, thingarn=arn:aws:iot:us-east-1:507441099951:thing/iot-device-02, thingtypename=null, attributes={installed=1593361211, latitude=32.8205865, longitude=-96.871627}, version=1, billinggroupname=null}","2020-11-26 00:00:00.000"
"iot-device-03","1.5946617403576586E9","51.6","71.96","false","false","0.0079","0.0052","0.021","2020-11-26T17:32:22.763+0000","{defaultclientid=iot-device-03, thingname=iot-device-03, thingid=877352b9-a35d-45d3-9c98-162d89965a13, thingarn=arn:aws:iot:us-east-1:507441099951:thing/iot-device-03, thingtypename=null, attributes={installed=1592562234, latitude=37.4133144, longitude=-122.1513069}, version=1, billinggroupname=null}","2020-11-26 00:00:00.000"
"iot-device-01","1.5946617416858528E9","75.4","66.38","false","false","0.0077","0.005","0.0204","2020-11-26T17:32:23.062+0000","{defaultclientid=iot-device-01, thingname=iot-device-01, thingid=983c2b68-f9a3-4e83-b3c6-9f6f8ad5431b, thingarn=arn:aws:iot:us-east-1:507441099951:thing/iot-device-01, thingtypename=null, attributes={installed=1594665292, latitude=37.4133144, longitude=-122.1513069}, version=1, billinggroupname=null}","2020-11-26 00:00:00.000"
"iot-device-03","1.5946617440579994E9","51.6","71.96","false","false","0.0079","0.0052","0.0211","2020-11-26T17:32:23.377+0000","{defaultclientid=iot-device-03, thingname=iot-device-03, thingid=877352b9-a35d-45d3-9c98-162d89965a13, thingarn=arn:aws:iot:us-east-1:507441099951:thing/iot-device-03, thingtypename=null, attributes={installed=1592562234, latitude=37.4133144, longitude=-122.1513069}, version=1, billinggroupname=null}","2020-11-26 00:00:00.000"
"iot-device-03","1.594661747746092E9","51.6","71.96","false","false","0.0079","0.0052","0.021","2020-11-26T17:32:23.673+0000","{defaultclientid=iot-device-03, thingname=iot-device-03, thingid=877352b9-a35d-45d3-9c98-162d89965a13, thingarn=arn:aws:iot:us-east-1:507441099951:thing/iot-device-03, thingtypename=null, attributes={installed=1592562234, latitude=37.4133144, longitude=-122.1513069}, version=1, billinggroupname=null}","2020-11-26 00:00:00.000"
"iot-device-01","1.5946617487203665E9","75.4","66.38","false","false","0.0077","0.005","0.0204","2020-11-26T17:32:23.971+0000","{defaultclientid=iot-device-01, thingname=iot-device-01, thingid=983c2b68-f9a3-4e83-b3c6-9f6f8ad5431b, thingarn=arn:aws:iot:us-east-1:507441099951:thing/iot-device-01, thingtypename=null, attributes={installed=1594665292, latitude=37.4133144, longitude=-122.1513069}, version=1, billinggroupname=null}","2020-11-26 00:00:00.000"
"iot-device-03","1.5946616188617394E9","51.9","71.78","false","false","0.0079","0.0052","0.0211","2020-11-26T17:32:03.180+0000","{defaultclientid=iot-device-03, thingname=iot-device-03, thingid=877352b9-a35d-45d3-9c98-162d89965a13, thingarn=arn:aws:iot:us-east-1:507441099951:thing/iot-device-03, thingtypename=null, attributes={installed=1592562234, latitude=37.4133144, longitude=-122.1513069}, version=1, billinggroupname=null}","2020-11-26 00:00:00.000"
"iot-device-01","1.5946616211687026E9","75.5","66.38","false","false","0.0077","0.005","0.0204","2020-11-26T17:32:03.484+0000","{defaultclientid=iot-device-01, thingname=iot-device-01, thingid=983c2b68-f9a3-4e83-b3c6-9f6f8ad5431b, thingarn=arn:aws:iot:us-east-1:507441099951:thing/iot-device-01, thingtypename=null, attributes={installed=1594665292, latitude=37.4133144, longitude=-122.1513069}, version=1, billinggroupname=null}","2020-11-26 00:00:00.000"
"iot-device-03","1.5946616225470364E9","51.9","71.78","false","false","0.0079","0.0051","0.021","2020-11-26T17:32:03.782+0000","{defaultclientid=iot-device-03, thingname=iot-device-03, thingid=877352b9-a35d-45d3-9c98-162d89965a13, thingarn=arn:aws:iot:us-east-1:507441099951:thing/iot-device-03, thingtypename=null, attributes={installed=1592562234, latitude=37.4133144, longitude=-122.1513069}, version=1, billinggroupname=null}","2020-11-26 00:00:00.000"
"iot-device-03","1.5946616262330506E9","51.8","71.78","false","false","0.0079","0.0052","0.0211","2020-11-26T17:32:04.072+0000","{defaultclientid=iot-device-03, thingname=iot-device-03, thingid=877352b9-a35d-45d3-9c98-162d89965a13, thingarn=arn:aws:iot:us-east-1:507441099951:thing/iot-device-03, thingtypename=null, attributes={installed=1592562234, latitude=37.4133144, longitude=-122.1513069}, version=1, billinggroupname=null}","2020-11-26 00:00:00.000"
"iot-device-01","1.5946616271278186E9","75.6","66.38","false","false","0.0076","0.0049","0.0203","2020-11-26T17:32:04.370+0000","{defaultclientid=iot-device-01, thingname=iot-device-01, thingid=983c2b68-f9a3-4e83-b3c6-9f6f8ad5431b, thingarn=arn:aws:iot:us-east-1:507441099951:thing/iot-device-01, thingtypename=null, attributes={installed=1594665292, latitude=37.4133144, longitude=-122.1513069}, version=1, billinggroupname=null}","2020-11-26 00:00:00.000"
"iot-device-02","1.5946616298871171E9","61.7","76.64","true","false","0.0068","0.0042","0.0181","2020-11-26T17:32:04.662+0000","{defaultclientid=iot-device-02, thingname=iot-device-02, thingid=4ae4927a-aefb-4584-a45a-fc4839feffd6, thingarn=arn:aws:iot:us-east-1:507441099951:thing/iot-device-02, thingtypename=null, attributes={installed=1593361211, latitude=32.8205865, longitude=-96.871627}, version=1, billinggroupname=null}","2020-11-26 00:00:00.000"
"iot-device-03","1.5946616299192665E9","51.8","71.78","false","false","0.0079","0.0051","0.021","2020-11-26T17:32:04.961+0000","{defaultclientid=iot-device-03, thingname=iot-device-03, thingid=877352b9-a35d-45d3-9c98-162d89965a13, thingarn=arn:aws:iot:us-east-1:507441099951:thing/iot-device-03, thingtypename=null, attributes={installed=1592562234, latitude=37.4133144, longitude=-122.1513069}, version=1, billinggroupname=null}","2020-11-26 00:00:00.000"
"iot-device-03","1.594661633605677E9","51.9","71.78","false","false","0.0079","0.0052","0.0211","2020-11-26T17:32:05.261+0000","{defaultclientid=iot-device-03, thingname=iot-device-03, thingid=877352b9-a35d-45d3-9c98-162d89965a13, thingarn=arn:aws:iot:us-east-1:507441099951:thing/iot-device-03, thingtypename=null, attributes={installed=1592562234, latitude=37.4133144, longitude=-122.1513069}, version=1, billinggroupname=null}","2020-11-26 00:00:00.000"
"iot-device-02","1.5946616342308204E9","61.8","76.82","true","false","0.0068","0.0042","0.018","2020-11-26T17:32:05.593+0000","{defaultclientid=iot-device-02, thingname=iot-device-02, thingid=4ae4927a-aefb-4584-a45a-fc4839feffd6, thingarn=arn:aws:iot:us-east-1:507441099951:thing/iot-device-02, thingtypename=null, attributes={installed=1593361211, latitude=32.8205865, longitude=-96.871627}, version=1, billinggroupname=null}","2020-11-26 00:00:00.000"
"iot-device-03","1.5946616372042935E9","51.8","71.78","false","false","0.0079","0.0052","0.021","2020-11-26T17:32:06.073+0000","{defaultclientid=iot-device-03, thingname=iot-device-03, thingid=877352b9-a35d-45d3-9c98-162d89965a13, thingarn=arn:aws:iot:us-east-1:507441099951:thing/iot-device-03, thingtypename=null, attributes={installed=1592562234, latitude=37.4133144, longitude=-122.1513069}, version=1, billinggroupname=null}","2020-11-26 00:00:00.000"
"iot-device-01","1.5946616947669284E9","75.4","66.56","false","false","0.0077","0.005","0.0204","2020-11-26T17:32:15.280+0000","{defaultclientid=iot-device-01, thingname=iot-device-01, thingid=983c2b68-f9a3-4e83-b3c6-9f6f8ad5431b, thingarn=arn:aws:iot:us-east-1:507441099951:thing/iot-device-01, thingtypename=null, attributes={installed=1594665292, latitude=37.4133144, longitude=-122.1513069}, version=1, billinggroupname=null}","2020-11-26 00:00:00.000"
"iot-device-02","1.5946616960795386E9","61.7","76.64","true","false","0.0068","0.0042","0.018","2020-11-26T17:32:15.570+0000","{defaultclientid=iot-device-02, thingname=iot-device-02, thingid=4ae4927a-aefb-4584-a45a-fc4839feffd6, thingarn=arn:aws:iot:us-east-1:507441099951:thing/iot-device-02, thingtypename=null, attributes={installed=1593361211, latitude=32.8205865, longitude=-96.871627}, version=1, billinggroupname=null}","2020-11-26 00:00:00.000"
"iot-device-03","1.594661696204291E9","51.7","71.96","false","false","0.0079","0.0051","0.021","2020-11-26T17:32:15.878+0000","{defaultclientid=iot-device-03, thingname=iot-device-03, thingid=877352b9-a35d-45d3-9c98-162d89965a13, thingarn=arn:aws:iot:us-east-1:507441099951:thing/iot-device-03, thingtypename=null, attributes={installed=1592562234, latitude=37.4133144, longitude=-122.1513069}, version=1, billinggroupname=null}","2020-11-26 00:00:00.000"
"iot-device-01","1.5946616991180494E9","75.4","66.56","false","false","0.0077","0.005","0.0204","2020-11-26T17:32:16.180+0000","{defaultclientid=iot-device-01, thingname=iot-device-01, thingid=983c2b68-f9a3-4e83-b3c6-9f6f8ad5431b, thingarn=arn:aws:iot:us-east-1:507441099951:thing/iot-device-01, thingtypename=null, attributes={installed=1594665292, latitude=37.4133144, longitude=-122.1513069}, version=1, billinggroupname=null}","2020-11-26 00:00:00.000"
"iot-device-03","1.594661699889893E9","51.6","71.78","false","false","0.0079","0.0051","0.021","2020-11-26T17:32:16.473+0000","{defaultclientid=iot-device-03, thingname=iot-device-03, thingid=877352b9-a35d-45d3-9c98-162d89965a13, thingarn=arn:aws:iot:us-east-1:507441099951:thing/iot-device-03, thingtypename=null, attributes={installed=1592562234, latitude=37.4133144, longitude=-122.1513069}, version=1, billinggroupname=null}","2020-11-26 00:00:00.000"
"iot-device-02","1.5946617020256512E9","61.8","76.82","true","false","0.0068","0.0042","0.018","2020-11-26T17:32:16.776+0000","{defaultclientid=iot-device-02, thingname=iot-device-02, thingid=4ae4927a-aefb-4584-a45a-fc4839feffd6, thingarn=arn:aws:iot:us-east-1:507441099951:thing/iot-device-02, thingtypename=null, attributes={installed=1593361211, latitude=32.8205865, longitude=-96.871627}, version=1, billinggroupname=null}","2020-11-26 00:00:00.000"
"iot-device-03","1.5946617035761676E9","51.7","71.96","false","false","0.0078","0.0051","0.0209","2020-11-26T17:32:17.072+0000","{defaultclientid=iot-device-03, thingname=iot-device-03, thingid=877352b9-a35d-45d3-9c98-162d89965a13, thingarn=arn:aws:iot:us-east-1:507441099951:thing/iot-device-03, thingtypename=null, attributes={installed=1592562234, latitude=37.4133144, longitude=-122.1513069}, version=1, billinggroupname=null}","2020-11-26 00:00:00.000"
"iot-device-01","1.5946617045471563E9","75.4","66.56","false","false","0.0077","0.005","0.0204","2020-11-26T17:32:17.361+0000","{defaultclientid=iot-device-01, thingname=iot-device-01, thingid=983c2b68-f9a3-4e83-b3c6-9f6f8ad5431b, thingarn=arn:aws:iot:us-east-1:507441099951:thing/iot-device-01, thingtypename=null, attributes={installed=1594665292, latitude=37.4133144, longitude=-122.1513069}, version=1, billinggroupname=null}","2020-11-26 00:00:00.000"
"iot-device-03","1.5946617072598386E9","51.7","71.96","false","false","0.0079","0.0052","0.0211","2020-11-26T17:32:17.666+0000","{defaultclientid=iot-device-03, thingname=iot-device-03, thingid=877352b9-a35d-45d3-9c98-162d89965a13, thingarn=arn:aws:iot:us-east-1:507441099951:thing/iot-device-03, thingtypename=null, attributes={installed=1592562234, latitude=37.4133144, longitude=-122.1513069}, version=1, billinggroupname=null}","2020-11-26 00:00:00.000"
"iot-device-01","1.594661708899583E9","75.5","66.56","false","false","0.0077","0.005","0.0204","2020-11-26T17:32:17.961+0000","{defaultclientid=iot-device-01, thingname=iot-device-01, thingid=983c2b68-f9a3-4e83-b3c6-9f6f8ad5431b, thingarn=arn:aws:iot:us-east-1:507441099951:thing/iot-device-01, thingtypename=null, attributes={installed=1594665292, latitude=37.4133144, longitude=-122.1513069}, version=1, billinggroupname=null}","2020-11-26 00:00:00.000"
"iot-device-02","1.5946617101205168E9","61.7","76.64","true","false","0.0068","0.0042","0.018","2020-11-26T17:32:18.250+0000","{defaultclientid=iot-device-02, thingname=iot-device-02, thingid=4ae4927a-aefb-4584-a45a-fc4839feffd6, thingarn=arn:aws:iot:us-east-1:507441099951:thing/iot-device-02, thingtypename=null, attributes={installed=1593361211, latitude=32.8205865, longitude=-96.871627}, version=1, billinggroupname=null}","2020-11-26 00:00:00.000"
"iot-device-03","1.5946617109415154E9","51.7","71.96","false","false","0.0079","0.0051","0.021","2020-11-26T17:32:18.559+0000","{defaultclientid=iot-device-03, thingname=iot-device-03, thingid=877352b9-a35d-45d3-9c98-162d89965a13, thingarn=arn:aws:iot:us-east-1:507441099951:thing/iot-device-03, thingtypename=null, attributes={installed=1592562234, latitude=37.4133144, longitude=-122.1513069}, version=1, billinggroupname=null}","2020-11-26 00:00:00.000"
"iot-device-03","1.5946617146264045E9","51.7","71.96","false","false","0.0078","0.0051","0.021","2020-11-26T17:32:18.851+0000","{defaultclientid=iot-device-03, thingname=iot-device-03, thingid=877352b9-a35d-45d3-9c98-162d89965a13, thingarn=arn:aws:iot:us-east-1:507441099951:thing/iot-device-03, thingtypename=null, attributes={installed=1592562234, latitude=37.4133144, longitude=-122.1513069}, version=1, billinggroupname=null}","2020-11-26 00:00:00.000"
"iot-device-03","1.594661718312559E9","51.7","71.96","false","false","0.0079","0.0051","0.021","2020-11-26T17:32:19.152+0000","{defaultclientid=iot-device-03, thingname=iot-device-03, thingid=877352b9-a35d-45d3-9c98-162d89965a13, thingarn=arn:aws:iot:us-east-1:507441099951:thing/iot-device-03, thingtypename=null, attributes={installed=1592562234, latitude=37.4133144, longitude=-122.1513069}, version=1, billinggroupname=null}","2020-11-26 00:00:00.000"
"iot-device-03","1.5946617219962227E9","51.6","71.96","false","false","0.0078","0.0051","0.021","2020-11-26T17:32:19.452+0000","{defaultclientid=iot-device-03, thingname=iot-device-03, thingid=877352b9-a35d-45d3-9c98-162d89965a13, thingarn=arn:aws:iot:us-east-1:507441099951:thing/iot-device-03, thingtypename=null, attributes={installed=1592562234, latitude=37.4133144, longitude=-122.1513069}, version=1, billinggroupname=null}","2020-11-26 00:00:00.000"
"iot-device-02","1.594661722740731E9","61.9","76.82","true","false","0.0068","0.0042","0.018","2020-11-26T17:32:19.740+0000","{defaultclientid=iot-device-02, thingname=iot-device-02, thingid=4ae4927a-aefb-4584-a45a-fc4839feffd6, thingarn=arn:aws:iot:us-east-1:507441099951:thing/iot-device-02, thingtypename=null, attributes={installed=1593361211, latitude=32.8205865, longitude=-96.871627}, version=1, billinggroupname=null}","2020-11-26 00:00:00.000"
"iot-device-01","1.5946617253901162E9","75.8","66.38","false","false","0.0077","0.005","0.0204","2020-11-26T17:32:20.049+0000","{defaultclientid=iot-device-01, thingname=iot-device-01, thingid=983c2b68-f9a3-4e83-b3c6-9f6f8ad5431b, thingarn=arn:aws:iot:us-east-1:507441099951:thing/iot-device-01, thingtypename=null, attributes={installed=1594665292, latitude=37.4133144, longitude=-122.1513069}, version=1, billinggroupname=null}","2020-11-26 00:00:00.000"
"iot-device-03","1.5946617256807582E9","51.6","71.96","false","false","0.0079","0.0052","0.0211","2020-11-26T17:32:20.342+0000","{defaultclientid=iot-device-03, thingname=iot-device-03, thingid=877352b9-a35d-45d3-9c98-162d89965a13, thingarn=arn:aws:iot:us-east-1:507441099951:thing/iot-device-03, thingtypename=null, attributes={installed=1592562234, latitude=37.4133144, longitude=-122.1513069}, version=1, billinggroupname=null}","2020-11-26 00:00:00.000"
"iot-device-02","1.5946617276198664E9","61.9","76.82","true","false","0.0068","0.0042","0.018","2020-11-26T17:32:20.652+0000","{defaultclientid=iot-device-02, thingname=iot-device-02, thingid=4ae4927a-aefb-4584-a45a-fc4839feffd6, thingarn=arn:aws:iot:us-east-1:507441099951:thing/iot-device-02, thingtypename=null, attributes={installed=1593361211, latitude=32.8205865, longitude=-96.871627}, version=1, billinggroupname=null}","2020-11-26 00:00:00.000"
"iot-device-03","1.5946617293648741E9","51.6","71.96","false","false","0.0078","0.0051","0.021","2020-11-26T17:32:20.951+0000","{defaultclientid=iot-device-03, thingname=iot-device-03, thingid=877352b9-a35d-45d3-9c98-162d89965a13, thingarn=arn:aws:iot:us-east-1:507441099951:thing/iot-device-03, thingtypename=null, attributes={installed=1592562234, latitude=37.4133144, longitude=-122.1513069}, version=1, billinggroupname=null}","2020-11-26 00:00:00.000"
"iot-device-03","1.5946617735485532E9","51.5","71.96","false","false","0.0078","0.0051","0.0209","2020-11-26T17:32:27.249+0000","{defaultclientid=iot-device-03, thingname=iot-device-03, thingid=877352b9-a35d-45d3-9c98-162d89965a13, thingarn=arn:aws:iot:us-east-1:507441099951:thing/iot-device-03, thingtypename=null, attributes={installed=1592562234, latitude=37.4133144, longitude=-122.1513069}, version=1, billinggroupname=null}","2020-11-26 00:00:00.000"
"iot-device-01","1.5946617743855093E9","75.4","66.56","false","false","0.0077","0.005","0.0204","2020-11-26T17:32:27.552+0000","{defaultclientid=iot-device-01, thingname=iot-device-01, thingid=983c2b68-f9a3-4e83-b3c6-9f6f8ad5431b, thingarn=arn:aws:iot:us-east-1:507441099951:thing/iot-device-01, thingtypename=null, attributes={installed=1594665292, latitude=37.4133144, longitude=-122.1513069}, version=1, billinggroupname=null}","2020-11-26 00:00:00.000"
"iot-device-03","1.594661777234596E9","51.6","72.14","false","false","0.0079","0.0051","0.021","2020-11-26T17:32:27.850+0000","{defaultclientid=iot-device-03, thingname=iot-device-03, thingid=877352b9-a35d-45d3-9c98-162d89965a13, thingarn=arn:aws:iot:us-east-1:507441099951:thing/iot-device-03, thingtypename=null, attributes={installed=1592562234, latitude=37.4133144, longitude=-122.1513069}, version=1, billinggroupname=null}","2020-11-26 00:00:00.000"
"iot-device-02","1.5946617782408185E9","61.9","76.82","true","false","0.0068","0.0042","0.018","2020-11-26T17:32:28.141+0000","{defaultclientid=iot-device-02, thingname=iot-device-02, thingid=4ae4927a-aefb-4584-a45a-fc4839feffd6, thingarn=arn:aws:iot:us-east-1:507441099951:thing/iot-device-02, thingtypename=null, attributes={installed=1593361211, latitude=32.8205865, longitude=-96.871627}, version=1, billinggroupname=null}","2020-11-26 00:00:00.000"
"iot-device-01","1.5946617803576891E9","75.4","66.56","false","false","0.0077","0.005","0.0204","2020-11-26T17:32:28.446+0000","{defaultclientid=iot-device-01, thingname=iot-device-01, thingid=983c2b68-f9a3-4e83-b3c6-9f6f8ad5431b, thingarn=arn:aws:iot:us-east-1:507441099951:thing/iot-device-01, thingtypename=null, attributes={installed=1594665292, latitude=37.4133144, longitude=-122.1513069}, version=1, billinggroupname=null}","2020-11-26 00:00:00.000"
"iot-device-03","1.5946617809207165E9","51.6","71.96","false","false","0.0078","0.0051","0.021","2020-11-26T17:32:28.738+0000","{defaultclientid=iot-device-03, thingname=iot-device-03, thingid=877352b9-a35d-45d3-9c98-162d89965a13, thingarn=arn:aws:iot:us-east-1:507441099951:thing/iot-device-03, thingtypename=null, attributes={installed=1592562234, latitude=37.4133144, longitude=-122.1513069}, version=1, billinggroupname=null}","2020-11-26 00:00:00.000"
"iot-device-01","1.594661784175843E9","75.3","66.56","false","false","0.0077","0.005","0.0204","2020-11-26T17:32:29.038+0000","{defaultclientid=iot-device-01, thingname=iot-device-01, thingid=983c2b68-f9a3-4e83-b3c6-9f6f8ad5431b, thingarn=arn:aws:iot:us-east-1:507441099951:thing/iot-device-01, thingtypename=null, attributes={installed=1594665292, latitude=37.4133144, longitude=-122.1513069}, version=1, billinggroupname=null}","2020-11-26 00:00:00.000"
"iot-device-02","1.5946617841994312E9","61.9","76.82","true","false","0.0068","0.0042","0.018","2020-11-26T17:32:29.341+0000","{defaultclientid=iot-device-02, thingname=iot-device-02, thingid=4ae4927a-aefb-4584-a45a-fc4839feffd6, thingarn=arn:aws:iot:us-east-1:507441099951:thing/iot-device-02, thingtypename=null, attributes={installed=1593361211, latitude=32.8205865, longitude=-96.871627}, version=1, billinggroupname=null}","2020-11-26 00:00:00.000"
"iot-device-03","1.5946617846059265E9","51.6","72.14","false","false","0.0078","0.0051","0.0209","2020-11-26T17:32:29.642+0000","{defaultclientid=iot-device-03, thingname=iot-device-03, thingid=877352b9-a35d-45d3-9c98-162d89965a13, thingarn=arn:aws:iot:us-east-1:507441099951:thing/iot-device-03, thingtypename=null, attributes={installed=1592562234, latitude=37.4133144, longitude=-122.1513069}, version=1, billinggroupname=null}","2020-11-26 00:00:00.000"
"iot-device-02","1.5946356797322025E9","59.8","74.48","true","false","0.0071","0.0045","0.019","2020-11-26T17:17:06.140+0000","{defaultclientid=iot-device-02, thingname=iot-device-02, thingid=4ae4927a-aefb-4584-a45a-fc4839feffd6, thingarn=arn:aws:iot:us-east-1:507441099951:thing/iot-device-02, thingtypename=null, attributes={installed=1593361211, latitude=32.8205865, longitude=-96.871627}, version=1, billinggroupname=null}","2020-11-26 00:00:00.000"
"iot-device-01","1.5946356828089352E9","76.1","67.46","false","false","0.0063","0.0038","0.0167","2020-11-26T17:17:06.474+0000","{defaultclientid=iot-device-01, thingname=iot-device-01, thingid=983c2b68-f9a3-4e83-b3c6-9f6f8ad5431b, thingarn=arn:aws:iot:us-east-1:507441099951:thing/iot-device-01, thingtypename=null, attributes={installed=1594665292, latitude=37.4133144, longitude=-122.1513069}, version=1, billinggroupname=null}","2020-11-26 00:00:00.000"
"iot-device-03","1.5946356831562731E9","52.0","71.06","false","false","0.0078","0.0051","0.0209","2020-11-26T17:17:06.769+0000","{defaultclientid=iot-device-03, thingname=iot-device-03, thingid=877352b9-a35d-45d3-9c98-162d89965a13, thingarn=arn:aws:iot:us-east-1:507441099951:thing/iot-device-03, thingtypename=null, attributes={installed=1592562234, latitude=37.4133144, longitude=-122.1513069}, version=1, billinggroupname=null}","2020-11-26 00:00:00.000"
"iot-device-02","1.594635683540977E9","59.8","74.48","true","false","0.0072","0.0046","0.0192","2020-11-26T17:17:07.093+0000","{defaultclientid=iot-device-02, thingname=iot-device-02, thingid=4ae4927a-aefb-4584-a45a-fc4839feffd6, thingarn=arn:aws:iot:us-east-1:507441099951:thing/iot-device-02, thingtypename=null, attributes={installed=1593361211, latitude=32.8205865, longitude=-96.871627}, version=1, billinggroupname=null}","2020-11-26 00:00:00.000"
"iot-device-03","1.5946356868438265E9","52.0","71.06","false","false","0.0078","0.0051","0.0209","2020-11-26T17:17:07.425+0000","{defaultclientid=iot-device-03, thingname=iot-device-03, thingid=877352b9-a35d-45d3-9c98-162d89965a13, thingarn=arn:aws:iot:us-east-1:507441099951:thing/iot-device-03, thingtypename=null, attributes={installed=1592562234, latitude=37.4133144, longitude=-122.1513069}, version=1, billinggroupname=null}","2020-11-26 00:00:00.000"
"iot-device-03","1.5946356905314019E9","52.0","71.06","false","false","0.0078","0.0051","0.0209","2020-11-26T17:17:07.809+0000","{defaultclientid=iot-device-03, thingname=iot-device-03, thingid=877352b9-a35d-45d3-9c98-162d89965a13, thingarn=arn:aws:iot:us-east-1:507441099951:thing/iot-device-03, thingtypename=null, attributes={installed=1592562234, latitude=37.4133144, longitude=-122.1513069}, version=1, billinggroupname=null}","2020-11-26 00:00:00.000"
"iot-device-02","1.5946356927060962E9","59.7","74.48","true","false","0.0072","0.0046","0.0192","2020-11-26T17:17:08.109+0000","{defaultclientid=iot-device-02, thingname=iot-device-02, thingid=4ae4927a-aefb-4584-a45a-fc4839feffd6, thingarn=arn:aws:iot:us-east-1:507441099951:thing/iot-device-02, thingtypename=null, attributes={installed=1593361211, latitude=32.8205865, longitude=-96.871627}, version=1, billinggroupname=null}","2020-11-26 00:00:00.000"
"iot-device-03","1.5946356942194614E9","52.0","71.06","false","false","0.0078","0.0051","0.0209","2020-11-26T17:17:08.399+0000","{defaultclientid=iot-device-03, thingname=iot-device-03, thingid=877352b9-a35d-45d3-9c98-162d89965a13, thingarn=arn:aws:iot:us-east-1:507441099951:thing/iot-device-03, thingtypename=null, attributes={installed=1592562234, latitude=37.4133144, longitude=-122.1513069}, version=1, billinggroupname=null}","2020-11-26 00:00:00.000"
"iot-device-01","1.5946356949509284E9","76.0","67.46","false","false","0.0064","0.0038","0.0168","2020-11-26T17:17:08.699+0000","{defaultclientid=iot-device-01, thingname=iot-device-01, thingid=983c2b68-f9a3-4e83-b3c6-9f6f8ad5431b, thingarn=arn:aws:iot:us-east-1:507441099951:thing/iot-device-01, thingtypename=null, attributes={installed=1594665292, latitude=37.4133144, longitude=-122.1513069}, version=1, billinggroupname=null}","2020-11-26 00:00:00.000"
"iot-device-02","1.5946356965156837E9","59.7","74.48","true","false","0.0072","0.0046","0.0192","2020-11-26T17:17:08.988+0000","{defaultclientid=iot-device-02, thingname=iot-device-02, thingid=4ae4927a-aefb-4584-a45a-fc4839feffd6, thingarn=arn:aws:iot:us-east-1:507441099951:thing/iot-device-02, thingtypename=null, attributes={installed=1593361211, latitude=32.8205865, longitude=-96.871627}, version=1, billinggroupname=null}","2020-11-26 00:00:00.000"
"iot-device-03","1.5946357384727652E9","52.0","71.06","false","false","0.0078","0.0051","0.0209","2020-11-26T17:17:15.441+0000","{defaultclientid=iot-device-03, thingname=iot-device-03, thingid=877352b9-a35d-45d3-9c98-162d89965a13, thingarn=arn:aws:iot:us-east-1:507441099951:thing/iot-device-03, thingtypename=null, attributes={installed=1592562234, latitude=37.4133144, longitude=-122.1513069}, version=1, billinggroupname=null}","2020-11-26 00:00:00.000"
"iot-device-01","1.5946357388774824E9","76.0","67.46","false","false","0.0062","0.0037","0.0164","2020-11-26T17:17:15.743+0000","{defaultclientid=iot-device-01, thingname=iot-device-01, thingid=983c2b68-f9a3-4e83-b3c6-9f6f8ad5431b, thingarn=arn:aws:iot:us-east-1:507441099951:thing/iot-device-01, thingtypename=null, attributes={installed=1594665292, latitude=37.4133144, longitude=-122.1513069}, version=1, billinggroupname=null}","2020-11-26 00:00:00.000"
"iot-device-02","1.594635739074725E9","59.6","74.48","true","false","0.0073","0.0047","0.0195","2020-11-26T17:17:16.043+0000","{defaultclientid=iot-device-02, thingname=iot-device-02, thingid=4ae4927a-aefb-4584-a45a-fc4839feffd6, thingarn=arn:aws:iot:us-east-1:507441099951:thing/iot-device-02, thingtypename=null, attributes={installed=1593361211, latitude=32.8205865, longitude=-96.871627}, version=1, billinggroupname=null}","2020-11-26 00:00:00.000"
"iot-device-03","1.5946357421601677E9","51.9","70.88","false","false","0.0078","0.0051","0.0209","2020-11-26T17:17:16.342+0000","{defaultclientid=iot-device-03, thingname=iot-device-03, thingid=877352b9-a35d-45d3-9c98-162d89965a13, thingarn=arn:aws:iot:us-east-1:507441099951:thing/iot-device-03, thingtypename=null, attributes={installed=1592562234, latitude=37.4133144, longitude=-122.1513069}, version=1, billinggroupname=null}","2020-11-26 00:00:00.000"
"iot-device-03","1.5946357458451412E9","52.0","71.06","false","false","0.0078","0.0051","0.0208","2020-11-26T17:17:16.640+0000","{defaultclientid=iot-device-03, thingname=iot-device-03, thingid=877352b9-a35d-45d3-9c98-162d89965a13, thingarn=arn:aws:iot:us-east-1:507441099951:thing/iot-device-03, thingtypename=null, attributes={installed=1592562234, latitude=37.4133144, longitude=-122.1513069}, version=1, billinggroupname=null}","2020-11-26 00:00:00.000"
"iot-device-02","1.5946357460993242E9","59.6","74.48","true","false","0.0073","0.0047","0.0195","2020-11-26T17:17:16.941+0000","{defaultclientid=iot-device-02, thingname=iot-device-02, thingid=4ae4927a-aefb-4584-a45a-fc4839feffd6, thingarn=arn:aws:iot:us-east-1:507441099951:thing/iot-device-02, thingtypename=null, attributes={installed=1593361211, latitude=32.8205865, longitude=-96.871627}, version=1, billinggroupname=null}","2020-11-26 00:00:00.000"
"iot-device-01","1.5946357470009215E9","76.0","67.46","false","false","0.0062","0.0037","0.0164","2020-11-26T17:17:17.249+0000","{defaultclientid=iot-device-01, thingname=iot-device-01, thingid=983c2b68-f9a3-4e83-b3c6-9f6f8ad5431b, thingarn=arn:aws:iot:us-east-1:507441099951:thing/iot-device-01, thingtypename=null, attributes={installed=1594665292, latitude=37.4133144, longitude=-122.1513069}, version=1, billinggroupname=null}","2020-11-26 00:00:00.000"
"iot-device-03","1.5946357495354733E9","52.0","71.06","false","false","0.0078","0.0051","0.0208","2020-11-26T17:17:17.540+0000","{defaultclientid=iot-device-03, thingname=iot-device-03, thingid=877352b9-a35d-45d3-9c98-162d89965a13, thingarn=arn:aws:iot:us-east-1:507441099951:thing/iot-device-03, thingtypename=null, attributes={installed=1592562234, latitude=37.4133144, longitude=-122.1513069}, version=1, billinggroupname=null}","2020-11-26 00:00:00.000"
"iot-device-02","1.5946357499083538E9","59.8","74.66","true","false","0.0073","0.0047","0.0195","2020-11-26T17:17:17.840+0000","{defaultclientid=iot-device-02, thingname=iot-device-02, thingid=4ae4927a-aefb-4584-a45a-fc4839feffd6, thingarn=arn:aws:iot:us-east-1:507441099951:thing/iot-device-02, thingtypename=null, attributes={installed=1593361211, latitude=32.8205865, longitude=-96.871627}, version=1, billinggroupname=null}","2020-11-26 00:00:00.000"
"iot-device-01","1.5946357524286757E9","76.0","67.46","false","false","0.0063","0.0038","0.0166","2020-11-26T17:17:18.136+0000","{defaultclientid=iot-device-01, thingname=iot-device-01, thingid=983c2b68-f9a3-4e83-b3c6-9f6f8ad5431b, thingarn=arn:aws:iot:us-east-1:507441099951:thing/iot-device-01, thingtypename=null, attributes={installed=1594665292, latitude=37.4133144, longitude=-122.1513069}, version=1, billinggroupname=null}","2020-11-26 00:00:00.000"
"iot-device-01","1.5946357692542222E9","76.0","67.46","false","false","0.0062","0.0037","0.0164","2020-11-26T17:17:21.420+0000","{defaultclientid=iot-device-01, thingname=iot-device-01, thingid=983c2b68-f9a3-4e83-b3c6-9f6f8ad5431b, thingarn=arn:aws:iot:us-east-1:507441099951:thing/iot-device-01, thingtypename=null, attributes={installed=1594665292, latitude=37.4133144, longitude=-122.1513069}, version=1, billinggroupname=null}","2020-11-26 00:00:00.000"
"iot-device-03","1.594635771651275E9","52.0","71.06","false","false","0.0078","0.0051","0.0209","2020-11-26T17:17:21.708+0000","{defaultclientid=iot-device-03, thingname=iot-device-03, thingid=877352b9-a35d-45d3-9c98-162d89965a13, thingarn=arn:aws:iot:us-east-1:507441099951:thing/iot-device-03, thingtypename=null, attributes={installed=1592562234, latitude=37.4133144, longitude=-122.1513069}, version=1, billinggroupname=null}","2020-11-26 00:00:00.000"
"iot-device-02","1.5946357752984073E9","59.7","74.48","true","false","0.0073","0.0046","0.0194","2020-11-26T17:17:22.000+0000","{defaultclientid=iot-device-02, thingname=iot-device-02, thingid=4ae4927a-aefb-4584-a45a-fc4839feffd6, thingarn=arn:aws:iot:us-east-1:507441099951:thing/iot-device-02, thingtypename=null, attributes={installed=1593361211, latitude=32.8205865, longitude=-96.871627}, version=1, billinggroupname=null}","2020-11-26 00:00:00.000"
"iot-device-03","1.5946357753400302E9","52.0","71.06","false","false","0.0078","0.0051","0.0209","2020-11-26T17:17:22.296+0000","{defaultclientid=iot-device-03, thingname=iot-device-03, thingid=877352b9-a35d-45d3-9c98-162d89965a13, thingarn=arn:aws:iot:us-east-1:507441099951:thing/iot-device-03, thingtypename=null, attributes={installed=1592562234, latitude=37.4133144, longitude=-122.1513069}, version=1, billinggroupname=null}","2020-11-26 00:00:00.000"
"iot-device-01","1.594635776292251E9","76.1","67.46","false","false","0.0063","0.0038","0.0166","2020-11-26T17:17:22.588+0000","{defaultclientid=iot-device-01, thingname=iot-device-01, thingid=983c2b68-f9a3-4e83-b3c6-9f6f8ad5431b, thingarn=arn:aws:iot:us-east-1:507441099951:thing/iot-device-01, thingtypename=null, attributes={installed=1594665292, latitude=37.4133144, longitude=-122.1513069}, version=1, billinggroupname=null}","2020-11-26 00:00:00.000"
"iot-device-03","1.594635779025835E9","52.0","70.88","false","false","0.0078","0.0051","0.0209","2020-11-26T17:17:22.879+0000","{defaultclientid=iot-device-03, thingname=iot-device-03, thingid=877352b9-a35d-45d3-9c98-162d89965a13, thingarn=arn:aws:iot:us-east-1:507441099951:thing/iot-device-03, thingtypename=null, attributes={installed=1592562234, latitude=37.4133144, longitude=-122.1513069}, version=1, billinggroupname=null}","2020-11-26 00:00:00.000"
"iot-device-02","1.59463578017655E9","59.7","74.48","true","false","0.0073","0.0046","0.0194","2020-11-26T17:17:23.171+0000","{defaultclientid=iot-device-02, thingname=iot-device-02, thingid=4ae4927a-aefb-4584-a45a-fc4839feffd6, thingarn=arn:aws:iot:us-east-1:507441099951:thing/iot-device-02, thingtypename=null, attributes={installed=1593361211, latitude=32.8205865, longitude=-96.871627}, version=1, billinggroupname=null}","2020-11-26 00:00:00.000"
"iot-device-01","1.5946357822591865E9","76.1","67.46","false","false","0.0063","0.0038","0.0166","2020-11-26T17:17:23.462+0000","{defaultclientid=iot-device-01, thingname=iot-device-01, thingid=983c2b68-f9a3-4e83-b3c6-9f6f8ad5431b, thingarn=arn:aws:iot:us-east-1:507441099951:thing/iot-device-01, thingtypename=null, attributes={installed=1594665292, latitude=37.4133144, longitude=-122.1513069}, version=1, billinggroupname=null}","2020-11-26 00:00:00.000"
"iot-device-03","1.5946357827120492E9","52.0","71.06","false","false","0.0078","0.0051","0.0209","2020-11-26T17:17:23.809+0000","{defaultclientid=iot-device-03, thingname=iot-device-03, thingid=877352b9-a35d-45d3-9c98-162d89965a13, thingarn=arn:aws:iot:us-east-1:507441099951:thing/iot-device-03, thingtypename=null, attributes={installed=1592562234, latitude=37.4133144, longitude=-122.1513069}, version=1, billinggroupname=null}","2020-11-26 00:00:00.000"
"iot-device-03","1.5946357863979936E9","52.0","71.06","false","false","0.0078","0.0051","0.0208","2020-11-26T17:17:24.111+0000","{defaultclientid=iot-device-03, thingname=iot-device-03, thingid=877352b9-a35d-45d3-9c98-162d89965a13, thingarn=arn:aws:iot:us-east-1:507441099951:thing/iot-device-03, thingtypename=null, attributes={installed=1592562234, latitude=37.4133144, longitude=-122.1513069}, version=1, billinggroupname=null}","2020-11-26 00:00:00.000"
"iot-device-02","1.5946358050317554E9","59.7","74.48","true","false","0.0072","0.0046","0.0192","2020-11-26T17:17:27.329+0000","{defaultclientid=iot-device-02, thingname=iot-device-02, thingid=4ae4927a-aefb-4584-a45a-fc4839feffd6, thingarn=arn:aws:iot:us-east-1:507441099951:thing/iot-device-02, thingtypename=null, attributes={installed=1593361211, latitude=32.8205865, longitude=-96.871627}, version=1, billinggroupname=null}","2020-11-26 00:00:00.000"
"iot-device-03","1.594635808513443E9","52.0","71.06","false","false","0.0078","0.0051","0.0209","2020-11-26T17:17:27.618+0000","{defaultclientid=iot-device-03, thingname=iot-device-03, thingid=877352b9-a35d-45d3-9c98-162d89965a13, thingarn=arn:aws:iot:us-east-1:507441099951:thing/iot-device-03, thingtypename=null, attributes={installed=1592562234, latitude=37.4133144, longitude=-122.1513069}, version=1, billinggroupname=null}","2020-11-26 00:00:00.000"
"iot-device-01","1.5946358090770519E9","76.0","67.46","false","false","0.0063","0.0038","0.0167","2020-11-26T17:17:27.928+0000","{defaultclientid=iot-device-01, thingname=iot-device-01, thingid=983c2b68-f9a3-4e83-b3c6-9f6f8ad5431b, thingarn=arn:aws:iot:us-east-1:507441099951:thing/iot-device-01, thingtypename=null, attributes={installed=1594665292, latitude=37.4133144, longitude=-122.1513069}, version=1, billinggroupname=null}","2020-11-26 00:00:00.000"
"iot-device-02","1.5946358109795942E9","59.7","74.48","true","false","0.0072","0.0046","0.0192","2020-11-26T17:17:28.222+0000","{defaultclientid=iot-device-02, thingname=iot-device-02, thingid=4ae4927a-aefb-4584-a45a-fc4839feffd6, thingarn=arn:aws:iot:us-east-1:507441099951:thing/iot-device-02, thingtypename=null, attributes={installed=1593361211, latitude=32.8205865, longitude=-96.871627}, version=1, billinggroupname=null}","2020-11-26 00:00:00.000"
"iot-device-03","1.5946358121996017E9","52.1","71.06","false","false","0.0078","0.0051","0.0208","2020-11-26T17:17:28.509+0000","{defaultclientid=iot-device-03, thingname=iot-device-03, thingid=877352b9-a35d-45d3-9c98-162d89965a13, thingarn=arn:aws:iot:us-east-1:507441099951:thing/iot-device-03, thingtypename=null, attributes={installed=1592562234, latitude=37.4133144, longitude=-122.1513069}, version=1, billinggroupname=null}","2020-11-26 00:00:00.000"
"iot-device-03","1.5946358158854058E9","52.0","70.88","false","false","0.0078","0.0051","0.0209","2020-11-26T17:17:28.799+0000","{defaultclientid=iot-device-03, thingname=iot-device-03, thingid=877352b9-a35d-45d3-9c98-162d89965a13, thingarn=arn:aws:iot:us-east-1:507441099951:thing/iot-device-03, thingtypename=null, attributes={installed=1592562234, latitude=37.4133144, longitude=-122.1513069}, version=1, billinggroupname=null}","2020-11-26 00:00:00.000"
"iot-device-02","1.5946358179985766E9","59.7","74.48","true","false","0.0073","0.0046","0.0193","2020-11-26T17:17:29.087+0000","{defaultclientid=iot-device-02, thingname=iot-device-02, thingid=4ae4927a-aefb-4584-a45a-fc4839feffd6, thingarn=arn:aws:iot:us-east-1:507441099951:thing/iot-device-02, thingtypename=null, attributes={installed=1593361211, latitude=32.8205865, longitude=-96.871627}, version=1, billinggroupname=null}","2020-11-26 00:00:00.000"
"iot-device-03","1.594635819571192E9","52.0","71.06","false","false","0.0078","0.0051","0.0209","2020-11-26T17:17:29.448+0000","{defaultclientid=iot-device-03, thingname=iot-device-03, thingid=877352b9-a35d-45d3-9c98-162d89965a13, thingarn=arn:aws:iot:us-east-1:507441099951:thing/iot-device-03, thingtypename=null, attributes={installed=1592562234, latitude=37.4133144, longitude=-122.1513069}, version=1, billinggroupname=null}","2020-11-26 00:00:00.000"
"iot-device-01","1.594635821223909E9","76.0","67.46","false","false","0.0063","0.0038","0.0166","2020-11-26T17:17:29.747+0000","{defaultclientid=iot-device-01, thingname=iot-device-01, thingid=983c2b68-f9a3-4e83-b3c6-9f6f8ad5431b, thingarn=arn:aws:iot:us-east-1:507441099951:thing/iot-device-01, thingtypename=null, attributes={installed=1594665292, latitude=37.4133144, longitude=-122.1513069}, version=1, billinggroupname=null}","2020-11-26 00:00:00.000"
"iot-device-03","1.5946357532213886E9","51.9","70.88","false","false","0.0078","0.0051","0.0209","2020-11-26T17:17:18.428+0000","{defaultclientid=iot-device-03, thingname=iot-device-03, thingid=877352b9-a35d-45d3-9c98-162d89965a13, thingarn=arn:aws:iot:us-east-1:507441099951:thing/iot-device-03, thingtypename=null, attributes={installed=1592562234, latitude=37.4133144, longitude=-122.1513069}, version=1, billinggroupname=null}","2020-11-26 00:00:00.000"
"iot-device-02","1.5946357553210726E9","59.6","74.48","true","false","0.0073","0.0046","0.0193","2020-11-26T17:17:18.721+0000","{defaultclientid=iot-device-02, thingname=iot-device-02, thingid=4ae4927a-aefb-4584-a45a-fc4839feffd6, thingarn=arn:aws:iot:us-east-1:507441099951:thing/iot-device-02, thingtypename=null, attributes={installed=1593361211, latitude=32.8205865, longitude=-96.871627}, version=1, billinggroupname=null}","2020-11-26 00:00:00.000"
"iot-device-03","1.5946357569074972E9","52.0","71.06","false","false","0.0078","0.0051","0.0209","2020-11-26T17:17:19.009+0000","{defaultclientid=iot-device-03, thingname=iot-device-03, thingid=877352b9-a35d-45d3-9c98-162d89965a13, thingarn=arn:aws:iot:us-east-1:507441099951:thing/iot-device-03, thingtypename=null, attributes={installed=1592562234, latitude=37.4133144, longitude=-122.1513069}, version=1, billinggroupname=null}","2020-11-26 00:00:00.000"
"iot-device-03","1.5946357605932612E9","52.0","71.06","false","false","0.0078","0.0051","0.0209","2020-11-26T17:17:19.350+0000","{defaultclientid=iot-device-03, thingname=iot-device-03, thingid=877352b9-a35d-45d3-9c98-162d89965a13, thingarn=arn:aws:iot:us-east-1:507441099951:thing/iot-device-03, thingtypename=null, attributes={installed=1592562234, latitude=37.4133144, longitude=-122.1513069}, version=1, billinggroupname=null}","2020-11-26 00:00:00.000"
"iot-device-02","1.594635760732424E9","59.6","74.48","true","false","0.0072","0.0046","0.0192","2020-11-26T17:17:19.638+0000","{defaultclientid=iot-device-02, thingname=iot-device-02, thingid=4ae4927a-aefb-4584-a45a-fc4839feffd6, thingarn=arn:aws:iot:us-east-1:507441099951:thing/iot-device-02, thingtypename=null, attributes={installed=1593361211, latitude=32.8205865, longitude=-96.871627}, version=1, billinggroupname=null}","2020-11-26 00:00:00.000"
"iot-device-01","1.5946357610886302E9","76.0","67.46","false","false","0.0063","0.0038","0.0166","2020-11-26T17:17:19.936+0000","{defaultclientid=iot-device-01, thingname=iot-device-01, thingid=983c2b68-f9a3-4e83-b3c6-9f6f8ad5431b, thingarn=arn:aws:iot:us-east-1:507441099951:thing/iot-device-01, thingtypename=null, attributes={installed=1594665292, latitude=37.4133144, longitude=-122.1513069}, version=1, billinggroupname=null}","2020-11-26 00:00:00.000"
"iot-device-03","1.594635764279507E9","52.0","71.06","false","false","0.0078","0.0051","0.0209","2020-11-26T17:17:20.228+0000","{defaultclientid=iot-device-03, thingname=iot-device-03, thingid=877352b9-a35d-45d3-9c98-162d89965a13, thingarn=arn:aws:iot:us-east-1:507441099951:thing/iot-device-03, thingtypename=null, attributes={installed=1592562234, latitude=37.4133144, longitude=-122.1513069}, version=1, billinggroupname=null}","2020-11-26 00:00:00.000"
"iot-device-02","1.5946357650808687E9","59.7","74.48","true","false","0.0073","0.0047","0.0195","2020-11-26T17:17:20.520+0000","{defaultclientid=iot-device-02, thingname=iot-device-02, thingid=4ae4927a-aefb-4584-a45a-fc4839feffd6, thingarn=arn:aws:iot:us-east-1:507441099951:thing/iot-device-02, thingtypename=null, attributes={installed=1593361211, latitude=32.8205865, longitude=-96.871627}, version=1, billinggroupname=null}","2020-11-26 00:00:00.000"
"iot-device-01","1.5946357654403274E9","76.1","67.46","false","false","0.0062","0.0037","0.0164","2020-11-26T17:17:20.819+0000","{defaultclientid=iot-device-01, thingname=iot-device-01, thingid=983c2b68-f9a3-4e83-b3c6-9f6f8ad5431b, thingarn=arn:aws:iot:us-east-1:507441099951:thing/iot-device-01, thingtypename=null, attributes={installed=1594665292, latitude=37.4133144, longitude=-122.1513069}, version=1, billinggroupname=null}","2020-11-26 00:00:00.000"
"iot-device-03","1.5946357679654696E9","52.0","71.06","false","false","0.0078","0.0051","0.0209","2020-11-26T17:17:21.121+0000","{defaultclientid=iot-device-03, thingname=iot-device-03, thingid=877352b9-a35d-45d3-9c98-162d89965a13, thingarn=arn:aws:iot:us-east-1:507441099951:thing/iot-device-03, thingtypename=null, attributes={installed=1592562234, latitude=37.4133144, longitude=-122.1513069}, version=1, billinggroupname=null}","2020-11-26 00:00:00.000"
"iot-device-01","1.594635645728299E9","76.2","67.46","false","false","0.0063","0.0038","0.0166","2020-11-26T17:17:00.189+0000","{defaultclientid=iot-device-01, thingname=iot-device-01, thingid=983c2b68-f9a3-4e83-b3c6-9f6f8ad5431b, thingarn=arn:aws:iot:us-east-1:507441099951:thing/iot-device-01, thingtypename=null, attributes={installed=1594665292, latitude=37.4133144, longitude=-122.1513069}, version=1, billinggroupname=null}","2020-11-26 00:00:00.000"
"iot-device-03","1.5946356462820885E9","52.0","71.06","false","false","0.0078","0.0051","0.0209","2020-11-26T17:17:00.490+0000","{defaultclientid=iot-device-03, thingname=iot-device-03, thingid=877352b9-a35d-45d3-9c98-162d89965a13, thingarn=arn:aws:iot:us-east-1:507441099951:thing/iot-device-03, thingtypename=null, attributes={installed=1592562234, latitude=37.4133144, longitude=-122.1513069}, version=1, billinggroupname=null}","2020-11-26 00:00:00.000"
"iot-device-03","1.5946356499685345E9","52.0","71.06","false","false","0.0078","0.0051","0.0209","2020-11-26T17:17:00.785+0000","{defaultclientid=iot-device-03, thingname=iot-device-03, thingid=877352b9-a35d-45d3-9c98-162d89965a13, thingarn=arn:aws:iot:us-east-1:507441099951:thing/iot-device-03, thingtypename=null, attributes={installed=1592562234, latitude=37.4133144, longitude=-122.1513069}, version=1, billinggroupname=null}","2020-11-26 00:00:00.000"
"iot-device-01","1.5946356500764143E9","76.4","67.46","false","false","0.0063","0.0038","0.0166","2020-11-26T17:17:01.080+0000","{defaultclientid=iot-device-01, thingname=iot-device-01, thingid=983c2b68-f9a3-4e83-b3c6-9f6f8ad5431b, thingarn=arn:aws:iot:us-east-1:507441099951:thing/iot-device-01, thingtypename=null, attributes={installed=1594665292, latitude=37.4133144, longitude=-122.1513069}, version=1, billinggroupname=null}","2020-11-26 00:00:00.000"
"iot-device-03","1.5946356536565087E9","51.9","70.88","false","false","0.0078","0.0051","0.0208","2020-11-26T17:17:01.368+0000","{defaultclientid=iot-device-03, thingname=iot-device-03, thingid=877352b9-a35d-45d3-9c98-162d89965a13, thingarn=arn:aws:iot:us-east-1:507441099951:thing/iot-device-03, thingtypename=null, attributes={installed=1592562234, latitude=37.4133144, longitude=-122.1513069}, version=1, billinggroupname=null}","2020-11-26 00:00:00.000"
"iot-device-02","1.594635654242552E9","59.7","74.48","true","false","0.0072","0.0045","0.019","2020-11-26T17:17:01.658+0000","{defaultclientid=iot-device-02, thingname=iot-device-02, thingid=4ae4927a-aefb-4584-a45a-fc4839feffd6, thingarn=arn:aws:iot:us-east-1:507441099951:thing/iot-device-02, thingtypename=null, attributes={installed=1593361211, latitude=32.8205865, longitude=-96.871627}, version=1, billinggroupname=null}","2020-11-26 00:00:00.000"
"iot-device-01","1.5946356549673517E9","76.2","67.46","false","false","0.0063","0.0038","0.0166","2020-11-26T17:17:01.950+0000","{defaultclientid=iot-device-01, thingname=iot-device-01, thingid=983c2b68-f9a3-4e83-b3c6-9f6f8ad5431b, thingarn=arn:aws:iot:us-east-1:507441099951:thing/iot-device-01, thingtypename=null, attributes={installed=1594665292, latitude=37.4133144, longitude=-122.1513069}, version=1, billinggroupname=null}","2020-11-26 00:00:00.000"
"iot-device-03","1.5946356573441026E9","52.0","71.06","false","false","0.0078","0.0051","0.0209","2020-11-26T17:17:02.250+0000","{defaultclientid=iot-device-03, thingname=iot-device-03, thingid=877352b9-a35d-45d3-9c98-162d89965a13, thingarn=arn:aws:iot:us-east-1:507441099951:thing/iot-device-03, thingtypename=null, attributes={installed=1592562234, latitude=37.4133144, longitude=-122.1513069}, version=1, billinggroupname=null}","2020-11-26 00:00:00.000"
"iot-device-03","1.594635661031911E9","51.9","70.88","false","false","0.0078","0.0051","0.0209","2020-11-26T17:17:02.537+0000","{defaultclientid=iot-device-03, thingname=iot-device-03, thingid=877352b9-a35d-45d3-9c98-162d89965a13, thingarn=arn:aws:iot:us-east-1:507441099951:thing/iot-device-03, thingtypename=null, attributes={installed=1592562234, latitude=37.4133144, longitude=-122.1513069}, version=1, billinggroupname=null}","2020-11-26 00:00:00.000"
"iot-device-02","1.5946356612728214E9","59.9","74.48","true","false","0.0072","0.0046","0.0192","2020-11-26T17:17:02.830+0000","{defaultclientid=iot-device-02, thingname=iot-device-02, thingid=4ae4927a-aefb-4584-a45a-fc4839feffd6, thingarn=arn:aws:iot:us-east-1:507441099951:thing/iot-device-02, thingtypename=null, attributes={installed=1593361211, latitude=32.8205865, longitude=-96.871627}, version=1, billinggroupname=null}","2020-11-26 00:00:00.000"
"iot-device-03","1.594635697907617E9","51.9","70.88","false","false","0.0078","0.0051","0.0209","2020-11-26T17:17:09.281+0000","{defaultclientid=iot-device-03, thingname=iot-device-03, thingid=877352b9-a35d-45d3-9c98-162d89965a13, thingarn=arn:aws:iot:us-east-1:507441099951:thing/iot-device-03, thingtypename=null, attributes={installed=1592562234, latitude=37.4133144, longitude=-122.1513069}, version=1, billinggroupname=null}","2020-11-26 00:00:00.000"
"iot-device-01","1.5946357009107275E9","76.0","67.46","false","false","0.0063","0.0038","0.0167","2020-11-26T17:17:09.591+0000","{defaultclientid=iot-device-01, thingname=iot-device-01, thingid=983c2b68-f9a3-4e83-b3c6-9f6f8ad5431b, thingarn=arn:aws:iot:us-east-1:507441099951:thing/iot-device-01, thingtypename=null, attributes={installed=1594665292, latitude=37.4133144, longitude=-122.1513069}, version=1, billinggroupname=null}","2020-11-26 00:00:00.000"
"iot-device-03","1.5946357015954359E9","52.0","71.06","false","false","0.0078","0.0051","0.0209","2020-11-26T17:17:09.879+0000","{defaultclientid=iot-device-03, thingname=iot-device-03, thingid=877352b9-a35d-45d3-9c98-162d89965a13, thingarn=arn:aws:iot:us-east-1:507441099951:thing/iot-device-03, thingtypename=null, attributes={installed=1592562234, latitude=37.4133144, longitude=-122.1513069}, version=1, billinggroupname=null}","2020-11-26 00:00:00.000"
"iot-device-02","1.5946357029968648E9","59.7","74.48","true","false","0.0072","0.0046","0.0192","2020-11-26T17:17:10.169+0000","{defaultclientid=iot-device-02, thingname=iot-device-02, thingid=4ae4927a-aefb-4584-a45a-fc4839feffd6, thingarn=arn:aws:iot:us-east-1:507441099951:thing/iot-device-02, thingtypename=null, attributes={installed=1593361211, latitude=32.8205865, longitude=-96.871627}, version=1, billinggroupname=null}","2020-11-26 00:00:00.000"
"iot-device-01","1.5946357047269824E9","76.0","67.46","false","false","0.0062","0.0037","0.0164","2020-11-26T17:17:10.492+0000","{defaultclientid=iot-device-01, thingname=iot-device-01, thingid=983c2b68-f9a3-4e83-b3c6-9f6f8ad5431b, thingarn=arn:aws:iot:us-east-1:507441099951:thing/iot-device-01, thingtypename=null, attributes={installed=1594665292, latitude=37.4133144, longitude=-122.1513069}, version=1, billinggroupname=null}","2020-11-26 00:00:00.000"
"iot-device-03","1.5946357052827885E9","52.0","71.06","false","false","0.0078","0.0051","0.0209","2020-11-26T17:17:10.883+0000","{defaultclientid=iot-device-03, thingname=iot-device-03, thingid=877352b9-a35d-45d3-9c98-162d89965a13, thingarn=arn:aws:iot:us-east-1:507441099951:thing/iot-device-03, thingtypename=null, attributes={installed=1592562234, latitude=37.4133144, longitude=-122.1513069}, version=1, billinggroupname=null}","2020-11-26 00:00:00.000"
"iot-device-03","1.5946357089705794E9","51.9","70.88","false","false","0.0078","0.0051","0.0208","2020-11-26T17:17:11.183+0000","{defaultclientid=iot-device-03, thingname=iot-device-03, thingid=877352b9-a35d-45d3-9c98-162d89965a13, thingarn=arn:aws:iot:us-east-1:507441099951:thing/iot-device-03, thingtypename=null, attributes={installed=1592562234, latitude=37.4133144, longitude=-122.1513069}, version=1, billinggroupname=null}","2020-11-26 00:00:00.000"
"iot-device-02","1.594635712158824E9","59.7","74.48","true","false","0.0072","0.0046","0.0191","2020-11-26T17:17:11.469+0000","{defaultclientid=iot-device-02, thingname=iot-device-02, thingid=4ae4927a-aefb-4584-a45a-fc4839feffd6, thingarn=arn:aws:iot:us-east-1:507441099951:thing/iot-device-02, thingtypename=null, attributes={installed=1593361211, latitude=32.8205865, longitude=-96.871627}, version=1, billinggroupname=null}","2020-11-26 00:00:00.000"
"iot-device-03","1.5946357126588259E9","52.0","71.06","false","false","0.0078","0.0051","0.0209","2020-11-26T17:17:11.763+0000","{defaultclientid=iot-device-03, thingname=iot-device-03, thingid=877352b9-a35d-45d3-9c98-162d89965a13, thingarn=arn:aws:iot:us-east-1:507441099951:thing/iot-device-03, thingtypename=null, attributes={installed=1592562234, latitude=37.4133144, longitude=-122.1513069}, version=1, billinggroupname=null}","2020-11-26 00:00:00.000"
"iot-device-01","1.5946357160499089E9","76.1","67.46","false","false","0.0064","0.0038","0.0168","2020-11-26T17:17:12.075+0000","{defaultclientid=iot-device-01, thingname=iot-device-01, thingid=983c2b68-f9a3-4e83-b3c6-9f6f8ad5431b, thingarn=arn:aws:iot:us-east-1:507441099951:thing/iot-device-01, thingtypename=null, attributes={installed=1594665292, latitude=37.4133144, longitude=-122.1513069}, version=1, billinggroupname=null}","2020-11-26 00:00:00.000"
"iot-device-02","1.5946357893263693E9","59.7","74.48","true","false","0.0071","0.0045","0.019","2020-11-26T17:17:24.410+0000","{defaultclientid=iot-device-02, thingname=iot-device-02, thingid=4ae4927a-aefb-4584-a45a-fc4839feffd6, thingarn=arn:aws:iot:us-east-1:507441099951:thing/iot-device-02, thingtypename=null, attributes={installed=1593361211, latitude=32.8205865, longitude=-96.871627}, version=1, billinggroupname=null}","2020-11-26 00:00:00.000"
"iot-device-03","1.5946357900839484E9","52.0","70.88","false","false","0.0078","0.0051","0.0209","2020-11-26T17:17:24.699+0000","{defaultclientid=iot-device-03, thingname=iot-device-03, thingid=877352b9-a35d-45d3-9c98-162d89965a13, thingarn=arn:aws:iot:us-east-1:507441099951:thing/iot-device-03, thingtypename=null, attributes={installed=1592562234, latitude=37.4133144, longitude=-122.1513069}, version=1, billinggroupname=null}","2020-11-26 00:00:00.000"
"iot-device-03","1.5946357937699542E9","52.0","71.06","false","false","0.0078","0.0051","0.0209","2020-11-26T17:17:24.991+0000","{defaultclientid=iot-device-03, thingname=iot-device-03, thingid=877352b9-a35d-45d3-9c98-162d89965a13, thingarn=arn:aws:iot:us-east-1:507441099951:thing/iot-device-03, thingtypename=null, attributes={installed=1592562234, latitude=37.4133144, longitude=-122.1513069}, version=1, billinggroupname=null}","2020-11-26 00:00:00.000"
"iot-device-01","1.5946357949995437E9","76.1","67.46","false","false","0.0063","0.0038","0.0166","2020-11-26T17:17:25.278+0000","{defaultclientid=iot-device-01, thingname=iot-device-01, thingid=983c2b68-f9a3-4e83-b3c6-9f6f8ad5431b, thingarn=arn:aws:iot:us-east-1:507441099951:thing/iot-device-01, thingtypename=null, attributes={installed=1594665292, latitude=37.4133144, longitude=-122.1513069}, version=1, billinggroupname=null}","2020-11-26 00:00:00.000"
"iot-device-02","1.594635795811899E9","59.7","74.48","true","false","0.0072","0.0045","0.0191","2020-11-26T17:17:25.571+0000","{defaultclientid=iot-device-02, thingname=iot-device-02, thingid=4ae4927a-aefb-4584-a45a-fc4839feffd6, thingarn=arn:aws:iot:us-east-1:507441099951:thing/iot-device-02, thingtypename=null, attributes={installed=1593361211, latitude=32.8205865, longitude=-96.871627}, version=1, billinggroupname=null}","2020-11-26 00:00:00.000"
"iot-device-03","1.5946357974559212E9","52.0","71.06","false","false","0.0078","0.0051","0.0208","2020-11-26T17:17:25.857+0000","{defaultclientid=iot-device-03, thingname=iot-device-03, thingid=877352b9-a35d-45d3-9c98-162d89965a13, thingarn=arn:aws:iot:us-east-1:507441099951:thing/iot-device-03, thingtypename=null, attributes={installed=1592562234, latitude=37.4133144, longitude=-122.1513069}, version=1, billinggroupname=null}","2020-11-26 00:00:00.000"
"iot-device-02","1.5946357996171508E9","59.7","74.48","true","false","0.0072","0.0046","0.0192","2020-11-26T17:17:26.163+0000","{defaultclientid=iot-device-02, thingname=iot-device-02, thingid=4ae4927a-aefb-4584-a45a-fc4839feffd6, thingarn=arn:aws:iot:us-east-1:507441099951:thing/iot-device-02, thingtypename=null, attributes={installed=1593361211, latitude=32.8205865, longitude=-96.871627}, version=1, billinggroupname=null}","2020-11-26 00:00:00.000"
"iot-device-03","1.5946358011417954E9","52.0","71.06","false","false","0.0078","0.0051","0.0209","2020-11-26T17:17:26.459+0000","{defaultclientid=iot-device-03, thingname=iot-device-03, thingid=877352b9-a35d-45d3-9c98-162d89965a13, thingarn=arn:aws:iot:us-east-1:507441099951:thing/iot-device-03, thingtypename=null, attributes={installed=1592562234, latitude=37.4133144, longitude=-122.1513069}, version=1, billinggroupname=null}","2020-11-26 00:00:00.000"
"iot-device-01","1.5946358020357788E9","76.0","67.46","false","false","0.0063","0.0038","0.0166","2020-11-26T17:17:26.744+0000","{defaultclientid=iot-device-01, thingname=iot-device-01, thingid=983c2b68-f9a3-4e83-b3c6-9f6f8ad5431b, thingarn=arn:aws:iot:us-east-1:507441099951:thing/iot-device-01, thingtypename=null, attributes={installed=1594665292, latitude=37.4133144, longitude=-122.1513069}, version=1, billinggroupname=null}","2020-11-26 00:00:00.000"
"iot-device-03","1.5946358048275635E9","52.0","71.06","false","false","0.0078","0.0051","0.0209","2020-11-26T17:17:27.028+0000","{defaultclientid=iot-device-03, thingname=iot-device-03, thingid=877352b9-a35d-45d3-9c98-162d89965a13, thingarn=arn:aws:iot:us-east-1:507441099951:thing/iot-device-03, thingtypename=null, attributes={installed=1592562234, latitude=37.4133144, longitude=-122.1513069}, version=1, billinggroupname=null}","2020-11-26 00:00:00.000"
"iot-device-03","1.5946356647196755E9","52.0","71.06","false","false","0.0078","0.0051","0.0209","2020-11-26T17:17:03.122+0000","{defaultclientid=iot-device-03, thingname=iot-device-03, thingid=877352b9-a35d-45d3-9c98-162d89965a13, thingarn=arn:aws:iot:us-east-1:507441099951:thing/iot-device-03, thingtypename=null, attributes={installed=1592562234, latitude=37.4133144, longitude=-122.1513069}, version=1, billinggroupname=null}","2020-11-26 00:00:00.000"
"iot-device-02","1.5946356650969007E9","59.9","74.48","true","false","0.0072","0.0046","0.0192","2020-11-26T17:17:03.420+0000","{defaultclientid=iot-device-02, thingname=iot-device-02, thingid=4ae4927a-aefb-4584-a45a-fc4839feffd6, thingarn=arn:aws:iot:us-east-1:507441099951:thing/iot-device-02, thingtypename=null, attributes={installed=1593361211, latitude=32.8205865, longitude=-96.871627}, version=1, billinggroupname=null}","2020-11-26 00:00:00.000"
"iot-device-01","1.5946356652230794E9","76.2","67.46","false","false","0.0064","0.0038","0.0168","2020-11-26T17:17:03.726+0000","{defaultclientid=iot-device-01, thingname=iot-device-01, thingid=983c2b68-f9a3-4e83-b3c6-9f6f8ad5431b, thingarn=arn:aws:iot:us-east-1:507441099951:thing/iot-device-01, thingtypename=null, attributes={installed=1594665292, latitude=37.4133144, longitude=-122.1513069}, version=1, billinggroupname=null}","2020-11-26 00:00:00.000"
"iot-device-03","1.594635668407198E9","52.0","71.06","false","false","0.0078","0.0051","0.0209","2020-11-26T17:17:04.030+0000","{defaultclientid=iot-device-03, thingname=iot-device-03, thingid=877352b9-a35d-45d3-9c98-162d89965a13, thingarn=arn:aws:iot:us-east-1:507441099951:thing/iot-device-03, thingtypename=null, attributes={installed=1592562234, latitude=37.4133144, longitude=-122.1513069}, version=1, billinggroupname=null}","2020-11-26 00:00:00.000"
"iot-device-02","1.5946356689027722E9","59.8","74.66","true","false","0.0072","0.0046","0.0192","2020-11-26T17:17:04.329+0000","{defaultclientid=iot-device-02, thingname=iot-device-02, thingid=4ae4927a-aefb-4584-a45a-fc4839feffd6, thingarn=arn:aws:iot:us-east-1:507441099951:thing/iot-device-02, thingtypename=null, attributes={installed=1593361211, latitude=32.8205865, longitude=-96.871627}, version=1, billinggroupname=null}","2020-11-26 00:00:00.000"
"iot-device-03","1.5946356720948145E9","52.0","71.06","false","false","0.0078","0.0051","0.0209","2020-11-26T17:17:04.620+0000","{defaultclientid=iot-device-03, thingname=iot-device-03, thingid=877352b9-a35d-45d3-9c98-162d89965a13, thingarn=arn:aws:iot:us-east-1:507441099951:thing/iot-device-03, thingtypename=null, attributes={installed=1592562234, latitude=37.4133144, longitude=-122.1513069}, version=1, billinggroupname=null}","2020-11-26 00:00:00.000"
"iot-device-02","1.5946356732443106E9","59.8","74.48","true","false","0.0072","0.0046","0.0192","2020-11-26T17:17:04.910+0000","{defaultclientid=iot-device-02, thingname=iot-device-02, thingid=4ae4927a-aefb-4584-a45a-fc4839feffd6, thingarn=arn:aws:iot:us-east-1:507441099951:thing/iot-device-02, thingtypename=null, attributes={installed=1593361211, latitude=32.8205865, longitude=-96.871627}, version=1, billinggroupname=null}","2020-11-26 00:00:00.000"
"iot-device-03","1.5946356757825274E9","52.0","71.06","false","false","0.0078","0.0051","0.0209","2020-11-26T17:17:05.202+0000","{defaultclientid=iot-device-03, thingname=iot-device-03, thingid=877352b9-a35d-45d3-9c98-162d89965a13, thingarn=arn:aws:iot:us-east-1:507441099951:thing/iot-device-03, thingtypename=null, attributes={installed=1592562234, latitude=37.4133144, longitude=-122.1513069}, version=1, billinggroupname=null}","2020-11-26 00:00:00.000"
"iot-device-01","1.594635677922873E9","76.1","67.46","false","false","0.0064","0.0038","0.0168","2020-11-26T17:17:05.530+0000","{defaultclientid=iot-device-01, thingname=iot-device-01, thingid=983c2b68-f9a3-4e83-b3c6-9f6f8ad5431b, thingarn=arn:aws:iot:us-east-1:507441099951:thing/iot-device-01, thingtypename=null, attributes={installed=1594665292, latitude=37.4133144, longitude=-122.1513069}, version=1, billinggroupname=null}","2020-11-26 00:00:00.000"
"iot-device-03","1.594635679468577E9","52.0","71.06","false","false","0.0078","0.0051","0.0209","2020-11-26T17:17:05.850+0000","{defaultclientid=iot-device-03, thingname=iot-device-03, thingid=877352b9-a35d-45d3-9c98-162d89965a13, thingarn=arn:aws:iot:us-east-1:507441099951:thing/iot-device-03, thingtypename=null, attributes={installed=1592562234, latitude=37.4133144, longitude=-122.1513069}, version=1, billinggroupname=null}","2020-11-26 00:00:00.000"
"iot-device-03","1.5946357163463304E9","52.0","71.06","false","false","0.0078","0.0051","0.0208","2020-11-26T17:17:12.379+0000","{defaultclientid=iot-device-03, thingname=iot-device-03, thingid=877352b9-a35d-45d3-9c98-162d89965a13, thingarn=arn:aws:iot:us-east-1:507441099951:thing/iot-device-03, thingtypename=null, attributes={installed=1592562234, latitude=37.4133144, longitude=-122.1513069}, version=1, billinggroupname=null}","2020-11-26 00:00:00.000"
"iot-device-03","1.594635720033796E9","51.9","70.88","false","false","0.0078","0.0051","0.0209","2020-11-26T17:17:12.680+0000","{defaultclientid=iot-device-03, thingname=iot-device-03, thingid=877352b9-a35d-45d3-9c98-162d89965a13, thingarn=arn:aws:iot:us-east-1:507441099951:thing/iot-device-03, thingtypename=null, attributes={installed=1592562234, latitude=37.4133144, longitude=-122.1513069}, version=1, billinggroupname=null}","2020-11-26 00:00:00.000"
"iot-device-01","1.5946357209406755E9","76.0","67.46","false","false","0.0062","0.0037","0.0164","2020-11-26T17:17:12.958+0000","{defaultclientid=iot-device-01, thingname=iot-device-01, thingid=983c2b68-f9a3-4e83-b3c6-9f6f8ad5431b, thingarn=arn:aws:iot:us-east-1:507441099951:thing/iot-device-01, thingtypename=null, attributes={installed=1594665292, latitude=37.4133144, longitude=-122.1513069}, version=1, billinggroupname=null}","2020-11-26 00:00:00.000"
"iot-device-03","1.5946357237217894E9","52.0","71.06","false","false","0.0078","0.0051","0.0209","2020-11-26T17:17:13.256+0000","{defaultclientid=iot-device-03, thingname=iot-device-03, thingid=877352b9-a35d-45d3-9c98-162d89965a13, thingarn=arn:aws:iot:us-east-1:507441099951:thing/iot-device-03, thingtypename=null, attributes={installed=1592562234, latitude=37.4133144, longitude=-122.1513069}, version=1, billinggroupname=null}","2020-11-26 00:00:00.000"
"iot-device-01","1.594635726368654E9","76.1","67.46","false","false","0.0063","0.0038","0.0167","2020-11-26T17:17:13.549+0000","{defaultclientid=iot-device-01, thingname=iot-device-01, thingid=983c2b68-f9a3-4e83-b3c6-9f6f8ad5431b, thingarn=arn:aws:iot:us-east-1:507441099951:thing/iot-device-01, thingtypename=null, attributes={installed=1594665292, latitude=37.4133144, longitude=-122.1513069}, version=1, billinggroupname=null}","2020-11-26 00:00:00.000"
"iot-device-03","1.5946357274095678E9","51.9","70.88","false","false","0.0078","0.0051","0.0209","2020-11-26T17:17:13.840+0000","{defaultclientid=iot-device-03, thingname=iot-device-03, thingid=877352b9-a35d-45d3-9c98-162d89965a13, thingarn=arn:aws:iot:us-east-1:507441099951:thing/iot-device-03, thingtypename=null, attributes={installed=1592562234, latitude=37.4133144, longitude=-122.1513069}, version=1, billinggroupname=null}","2020-11-26 00:00:00.000"
"iot-device-03","1.594635731097118E9","52.0","71.06","false","false","0.0078","0.0051","0.0208","2020-11-26T17:17:14.129+0000","{defaultclientid=iot-device-03, thingname=iot-device-03, thingid=877352b9-a35d-45d3-9c98-162d89965a13, thingarn=arn:aws:iot:us-east-1:507441099951:thing/iot-device-03, thingtypename=null, attributes={installed=1592562234, latitude=37.4133144, longitude=-122.1513069}, version=1, billinggroupname=null}","2020-11-26 00:00:00.000"
"iot-device-02","1.5946357336642685E9","59.6","74.48","true","false","0.0072","0.0046","0.0192","2020-11-26T17:17:14.492+0000","{defaultclientid=iot-device-02, thingname=iot-device-02, thingid=4ae4927a-aefb-4584-a45a-fc4839feffd6, thingarn=arn:aws:iot:us-east-1:507441099951:thing/iot-device-02, thingtypename=null, attributes={installed=1593361211, latitude=32.8205865, longitude=-96.871627}, version=1, billinggroupname=null}","2020-11-26 00:00:00.000"
"iot-device-01","1.594635734528947E9","76.0","67.46","false","false","0.0063","0.0038","0.0166","2020-11-26T17:17:14.790+0000","{defaultclientid=iot-device-01, thingname=iot-device-01, thingid=983c2b68-f9a3-4e83-b3c6-9f6f8ad5431b, thingarn=arn:aws:iot:us-east-1:507441099951:thing/iot-device-01, thingtypename=null, attributes={installed=1594665292, latitude=37.4133144, longitude=-122.1513069}, version=1, billinggroupname=null}","2020-11-26 00:00:00.000"
"iot-device-03","1.5946357347851741E9","52.0","71.06","false","false","0.0078","0.0051","0.0209","2020-11-26T17:17:15.138+0000","{defaultclientid=iot-device-03, thingname=iot-device-03, thingid=877352b9-a35d-45d3-9c98-162d89965a13, thingarn=arn:aws:iot:us-east-1:507441099951:thing/iot-device-03, thingtypename=null, attributes={installed=1592562234, latitude=37.4133144, longitude=-122.1513069}, version=1, billinggroupname=null}","2020-11-26 00:00:00.000"
"iot-device-02","1.5945987357727768E9","58.2","80.6","true","false","0.0072","0.0045","0.019","2020-11-26T16:54:21.768+0000","{defaultclientid=iot-device-02, thingname=iot-device-02, thingid=4ae4927a-aefb-4584-a45a-fc4839feffd6, thingarn=arn:aws:iot:us-east-1:507441099951:thing/iot-device-02, thingtypename=null, attributes={installed=1593361211, latitude=32.8205865, longitude=-96.871627}, version=1, billinggroupname=null}","2020-11-26 00:00:00.000"
"iot-device-01","1.5945987363254542E9","74.7","66.02","false","false","0.0143","0.0117","0.0397","2020-11-26T16:54:22.088+0000","{defaultclientid=iot-device-01, thingname=iot-device-01, thingid=983c2b68-f9a3-4e83-b3c6-9f6f8ad5431b, thingarn=arn:aws:iot:us-east-1:507441099951:thing/iot-device-01, thingtypename=null, attributes={installed=1594665292, latitude=37.4133144, longitude=-122.1513069}, version=1, billinggroupname=null}","2020-11-26 00:00:00.000"
"iot-device-03","1.5945987381332095E9","51.9","71.24","false","false","0.0084","0.0056","0.0224","2020-11-26T16:54:22.400+0000","{defaultclientid=iot-device-03, thingname=iot-device-03, thingid=877352b9-a35d-45d3-9c98-162d89965a13, thingarn=arn:aws:iot:us-east-1:507441099951:thing/iot-device-03, thingtypename=null, attributes={installed=1592562234, latitude=37.4133144, longitude=-122.1513069}, version=1, billinggroupname=null}","2020-11-26 00:00:00.000"
"iot-device-02","1.594598740645807E9","58.2","80.6","true","false","0.0072","0.0046","0.0192","2020-11-26T16:54:22.776+0000","{defaultclientid=iot-device-02, thingname=iot-device-02, thingid=4ae4927a-aefb-4584-a45a-fc4839feffd6, thingarn=arn:aws:iot:us-east-1:507441099951:thing/iot-device-02, thingtypename=null, attributes={installed=1593361211, latitude=32.8205865, longitude=-96.871627}, version=1, billinggroupname=null}","2020-11-26 00:00:00.000"
"iot-device-01","1.5945987417519968E9","74.7","66.02","false","false","0.0144","0.0119","0.0401","2020-11-26T16:54:23.103+0000","{defaultclientid=iot-device-01, thingname=iot-device-01, thingid=983c2b68-f9a3-4e83-b3c6-9f6f8ad5431b, thingarn=arn:aws:iot:us-east-1:507441099951:thing/iot-device-01, thingtypename=null, attributes={installed=1594665292, latitude=37.4133144, longitude=-122.1513069}, version=1, billinggroupname=null}","2020-11-26 00:00:00.000"
"iot-device-03","1.5945987418210335E9","51.9","71.24","false","false","0.0084","0.0057","0.0226","2020-11-26T16:54:23.420+0000","{defaultclientid=iot-device-03, thingname=iot-device-03, thingid=877352b9-a35d-45d3-9c98-162d89965a13, thingarn=arn:aws:iot:us-east-1:507441099951:thing/iot-device-03, thingtypename=null, attributes={installed=1592562234, latitude=37.4133144, longitude=-122.1513069}, version=1, billinggroupname=null}","2020-11-26 00:00:00.000"
"iot-device-03","1.5945987455088742E9","51.8","71.24","false","false","0.0084","0.0056","0.0226","2020-11-26T16:54:23.741+0000","{defaultclientid=iot-device-03, thingname=iot-device-03, thingid=877352b9-a35d-45d3-9c98-162d89965a13, thingarn=arn:aws:iot:us-east-1:507441099951:thing/iot-device-03, thingtypename=null, attributes={installed=1592562234, latitude=37.4133144, longitude=-122.1513069}, version=1, billinggroupname=null}","2020-11-26 00:00:00.000"
"iot-device-01","1.594598745571733E9","74.6","66.02","false","false","0.0144","0.0119","0.0401","2020-11-26T16:54:24.062+0000","{defaultclientid=iot-device-01, thingname=iot-device-01, thingid=983c2b68-f9a3-4e83-b3c6-9f6f8ad5431b, thingarn=arn:aws:iot:us-east-1:507441099951:thing/iot-device-01, thingtypename=null, attributes={installed=1594665292, latitude=37.4133144, longitude=-122.1513069}, version=1, billinggroupname=null}","2020-11-26 00:00:00.000"
"iot-device-02","1.594598748729574E9","58.2","80.6","true","false","0.0072","0.0045","0.019","2020-11-26T16:54:24.382+0000","{defaultclientid=iot-device-02, thingname=iot-device-02, thingid=4ae4927a-aefb-4584-a45a-fc4839feffd6, thingarn=arn:aws:iot:us-east-1:507441099951:thing/iot-device-02, thingtypename=null, attributes={installed=1593361211, latitude=32.8205865, longitude=-96.871627}, version=1, billinggroupname=null}","2020-11-26 00:00:00.000"
"iot-device-03","1.5945987491960738E9","51.8","71.24","false","false","0.0084","0.0057","0.0226","2020-11-26T16:54:24.692+0000","{defaultclientid=iot-device-03, thingname=iot-device-03, thingid=877352b9-a35d-45d3-9c98-162d89965a13, thingarn=arn:aws:iot:us-east-1:507441099951:thing/iot-device-03, thingtypename=null, attributes={installed=1592562234, latitude=37.4133144, longitude=-122.1513069}, version=1, billinggroupname=null}","2020-11-26 00:00:00.000"
"iot-device-01","1.5945987515391474E9","74.7","66.02","false","false","0.0144","0.0119","0.0401","2020-11-26T16:54:25.009+0000","{defaultclientid=iot-device-01, thingname=iot-device-01, thingid=983c2b68-f9a3-4e83-b3c6-9f6f8ad5431b, thingarn=arn:aws:iot:us-east-1:507441099951:thing/iot-device-01, thingtypename=null, attributes={installed=1594665292, latitude=37.4133144, longitude=-122.1513069}, version=1, billinggroupname=null}","2020-11-26 00:00:00.000"
"iot-device-03","1.5945987528820875E9","51.7","71.24","false","false","0.0084","0.0056","0.0225","2020-11-26T16:54:25.331+0000","{defaultclientid=iot-device-03, thingname=iot-device-03, thingid=877352b9-a35d-45d3-9c98-162d89965a13, thingarn=arn:aws:iot:us-east-1:507441099951:thing/iot-device-03, thingtypename=null, attributes={installed=1592562234, latitude=37.4133144, longitude=-122.1513069}, version=1, billinggroupname=null}","2020-11-26 00:00:00.000"
"iot-device-01","1.5945987558875172E9","74.7","66.02","false","false","0.0143","0.0117","0.0397","2020-11-26T16:54:25.644+0000","{defaultclientid=iot-device-01, thingname=iot-device-01, thingid=983c2b68-f9a3-4e83-b3c6-9f6f8ad5431b, thingarn=arn:aws:iot:us-east-1:507441099951:thing/iot-device-01, thingtypename=null, attributes={installed=1594665292, latitude=37.4133144, longitude=-122.1513069}, version=1, billinggroupname=null}","2020-11-26 00:00:00.000"
"iot-device-02","1.5945987562797296E9","58.2","80.6","true","false","0.0072","0.0046","0.0192","2020-11-26T16:54:25.960+0000","{defaultclientid=iot-device-02, thingname=iot-device-02, thingid=4ae4927a-aefb-4584-a45a-fc4839feffd6, thingarn=arn:aws:iot:us-east-1:507441099951:thing/iot-device-02, thingtypename=null, attributes={installed=1593361211, latitude=32.8205865, longitude=-96.871627}, version=1, billinggroupname=null}","2020-11-26 00:00:00.000"
"iot-device-03","1.5945987564553337E9","51.7","71.24","false","false","0.0084","0.0056","0.0225","2020-11-26T16:54:26.271+0000","{defaultclientid=iot-device-03, thingname=iot-device-03, thingid=877352b9-a35d-45d3-9c98-162d89965a13, thingarn=arn:aws:iot:us-east-1:507441099951:thing/iot-device-03, thingtypename=null, attributes={installed=1592562234, latitude=37.4133144, longitude=-122.1513069}, version=1, billinggroupname=null}","2020-11-26 00:00:00.000"
"iot-device-03","1.5945987601581507E9","51.7","71.24","false","false","0.0084","0.0056","0.0224","2020-11-26T16:54:26.583+0000","{defaultclientid=iot-device-03, thingname=iot-device-03, thingid=877352b9-a35d-45d3-9c98-162d89965a13, thingarn=arn:aws:iot:us-east-1:507441099951:thing/iot-device-03, thingtypename=null, attributes={installed=1592562234, latitude=37.4133144, longitude=-122.1513069}, version=1, billinggroupname=null}","2020-11-26 00:00:00.000"
"iot-device-02","1.5945987622437847E9","58.1","80.6","true","false","0.0072","0.0045","0.0191","2020-11-26T16:54:26.894+0000","{defaultclientid=iot-device-02, thingname=iot-device-02, thingid=4ae4927a-aefb-4584-a45a-fc4839feffd6, thingarn=arn:aws:iot:us-east-1:507441099951:thing/iot-device-02, thingtypename=null, attributes={installed=1593361211, latitude=32.8205865, longitude=-96.871627}, version=1, billinggroupname=null}","2020-11-26 00:00:00.000"
"iot-device-01","1.5945987634769404E9","74.7","66.02","false","false","0.0142","0.0116","0.0394","2020-11-26T16:54:27.215+0000","{defaultclientid=iot-device-01, thingname=iot-device-01, thingid=983c2b68-f9a3-4e83-b3c6-9f6f8ad5431b, thingarn=arn:aws:iot:us-east-1:507441099951:thing/iot-device-01, thingtypename=null, attributes={installed=1594665292, latitude=37.4133144, longitude=-122.1513069}, version=1, billinggroupname=null}","2020-11-26 00:00:00.000"
"iot-device-03","1.5945987638459105E9","51.7","71.24","false","false","0.0084","0.0056","0.0225","2020-11-26T16:54:27.540+0000","{defaultclientid=iot-device-03, thingname=iot-device-03, thingid=877352b9-a35d-45d3-9c98-162d89965a13, thingarn=arn:aws:iot:us-east-1:507441099951:thing/iot-device-03, thingtypename=null, attributes={installed=1592562234, latitude=37.4133144, longitude=-122.1513069}, version=1, billinggroupname=null}","2020-11-26 00:00:00.000"
"iot-device-03","1.5945987675337946E9","51.7","71.42","false","false","0.0084","0.0056","0.0225","2020-11-26T16:54:27.860+0000","{defaultclientid=iot-device-03, thingname=iot-device-03, thingid=877352b9-a35d-45d3-9c98-162d89965a13, thingarn=arn:aws:iot:us-east-1:507441099951:thing/iot-device-03, thingtypename=null, attributes={installed=1592562234, latitude=37.4133144, longitude=-122.1513069}, version=1, billinggroupname=null}","2020-11-26 00:00:00.000"
"iot-device-02","1.5945987692804544E9","58.1","80.6","true","false","0.0072","0.0046","0.0192","2020-11-26T16:54:28.198+0000","{defaultclientid=iot-device-02, thingname=iot-device-02, thingid=4ae4927a-aefb-4584-a45a-fc4839feffd6, thingarn=arn:aws:iot:us-east-1:507441099951:thing/iot-device-02, thingtypename=null, attributes={installed=1593361211, latitude=32.8205865, longitude=-96.871627}, version=1, billinggroupname=null}","2020-11-26 00:00:00.000"
"iot-device-01","1.5945987705356116E9","74.7","66.02","false","false","0.0139","0.0113","0.0387","2020-11-26T16:54:28.512+0000","{defaultclientid=iot-device-01, thingname=iot-device-01, thingid=983c2b68-f9a3-4e83-b3c6-9f6f8ad5431b, thingarn=arn:aws:iot:us-east-1:507441099951:thing/iot-device-01, thingtypename=null, attributes={installed=1594665292, latitude=37.4133144, longitude=-122.1513069}, version=1, billinggroupname=null}","2020-11-26 00:00:00.000"
"iot-device-03","1.5945987712168307E9","51.7","71.24","false","false","0.0084","0.0056","0.0225","2020-11-26T16:54:28.867+0000","{defaultclientid=iot-device-03, thingname=iot-device-03, thingid=877352b9-a35d-45d3-9c98-162d89965a13, thingarn=arn:aws:iot:us-east-1:507441099951:thing/iot-device-03, thingtypename=null, attributes={installed=1592562234, latitude=37.4133144, longitude=-122.1513069}, version=1, billinggroupname=null}","2020-11-26 00:00:00.000"
"iot-device-02","1.5945987746903234E9","58.1","80.6","true","false","0.0072","0.0046","0.0191","2020-11-26T16:54:29.176+0000","{defaultclientid=iot-device-02, thingname=iot-device-02, thingid=4ae4927a-aefb-4584-a45a-fc4839feffd6, thingarn=arn:aws:iot:us-east-1:507441099951:thing/iot-device-02, thingtypename=null, attributes={installed=1593361211, latitude=32.8205865, longitude=-96.871627}, version=1, billinggroupname=null}","2020-11-26 00:00:00.000"
"iot-device-03","1.5945987749020448E9","51.7","71.24","false","false","0.0084","0.0056","0.0225","2020-11-26T16:54:29.496+0000","{defaultclientid=iot-device-03, thingname=iot-device-03, thingid=877352b9-a35d-45d3-9c98-162d89965a13, thingarn=arn:aws:iot:us-east-1:507441099951:thing/iot-device-03, thingtypename=null, attributes={installed=1592562234, latitude=37.4133144, longitude=-122.1513069}, version=1, billinggroupname=null}","2020-11-26 00:00:00.000"
"iot-device-03","1.5945987785984676E9","51.8","71.42","false","false","0.0084","0.0056","0.0224","2020-11-26T16:54:29.822+0000","{defaultclientid=iot-device-03, thingname=iot-device-03, thingid=877352b9-a35d-45d3-9c98-162d89965a13, thingarn=arn:aws:iot:us-east-1:507441099951:thing/iot-device-03, thingtypename=null, attributes={installed=1592562234, latitude=37.4133144, longitude=-122.1513069}, version=1, billinggroupname=null}","2020-11-26 00:00:00.000"
"iot-device-03","1.5946398829489467E9","52.2","70.88","false","false","0.0078","0.0051","0.0209","2020-11-26T17:20:33.140+0000","{defaultclientid=iot-device-03, thingname=iot-device-03, thingid=877352b9-a35d-45d3-9c98-162d89965a13, thingarn=arn:aws:iot:us-east-1:507441099951:thing/iot-device-03, thingtypename=null, attributes={installed=1592562234, latitude=37.4133144, longitude=-122.1513069}, version=1, billinggroupname=null}","2020-11-26 00:00:00.000"
"iot-device-01","1.594639884498862E9","76.3","67.28","false","false","0.0062","0.0037","0.0164","2020-11-26T17:20:33.447+0000","{defaultclientid=iot-device-01, thingname=iot-device-01, thingid=983c2b68-f9a3-4e83-b3c6-9f6f8ad5431b, thingarn=arn:aws:iot:us-east-1:507441099951:thing/iot-device-01, thingtypename=null, attributes={installed=1594665292, latitude=37.4133144, longitude=-122.1513069}, version=1, billinggroupname=null}","2020-11-26 00:00:00.000"
"iot-device-03","1.5946398866371734E9","52.2","70.88","false","false","0.0078","0.0051","0.0209","2020-11-26T17:20:33.745+0000","{defaultclientid=iot-device-03, thingname=iot-device-03, thingid=877352b9-a35d-45d3-9c98-162d89965a13, thingarn=arn:aws:iot:us-east-1:507441099951:thing/iot-device-03, thingtypename=null, attributes={installed=1592562234, latitude=37.4133144, longitude=-122.1513069}, version=1, billinggroupname=null}","2020-11-26 00:00:00.000"
"iot-device-02","1.5946398868407655E9","59.8","74.48","true","false","0.0072","0.0046","0.0193","2020-11-26T17:20:34.029+0000","{defaultclientid=iot-device-02, thingname=iot-device-02, thingid=4ae4927a-aefb-4584-a45a-fc4839feffd6, thingarn=arn:aws:iot:us-east-1:507441099951:thing/iot-device-02, thingtypename=null, attributes={installed=1593361211, latitude=32.8205865, longitude=-96.871627}, version=1, billinggroupname=null}","2020-11-26 00:00:00.000"
"iot-device-01","1.5946398888490975E9","76.3","67.46","false","false","0.0062","0.0037","0.0164","2020-11-26T17:20:34.322+0000","{defaultclientid=iot-device-01, thingname=iot-device-01, thingid=983c2b68-f9a3-4e83-b3c6-9f6f8ad5431b, thingarn=arn:aws:iot:us-east-1:507441099951:thing/iot-device-01, thingtypename=null, attributes={installed=1594665292, latitude=37.4133144, longitude=-122.1513069}, version=1, billinggroupname=null}","2020-11-26 00:00:00.000"
"iot-device-03","1.5946398903224127E9","52.2","70.88","false","false","0.0078","0.0051","0.0209","2020-11-26T17:20:34.611+0000","{defaultclientid=iot-device-03, thingname=iot-device-03, thingid=877352b9-a35d-45d3-9c98-162d89965a13, thingarn=arn:aws:iot:us-east-1:507441099951:thing/iot-device-03, thingtypename=null, attributes={installed=1592562234, latitude=37.4133144, longitude=-122.1513069}, version=1, billinggroupname=null}","2020-11-26 00:00:00.000"
"iot-device-02","1.594639890646237E9","59.8","74.48","true","false","0.0073","0.0047","0.0195","2020-11-26T17:20:34.901+0000","{defaultclientid=iot-device-02, thingname=iot-device-02, thingid=4ae4927a-aefb-4584-a45a-fc4839feffd6, thingarn=arn:aws:iot:us-east-1:507441099951:thing/iot-device-02, thingtypename=null, attributes={installed=1593361211, latitude=32.8205865, longitude=-96.871627}, version=1, billinggroupname=null}","2020-11-26 00:00:00.000"
"iot-device-03","1.5946398940087426E9","52.2","70.88","false","false","0.0078","0.0051","0.0208","2020-11-26T17:20:35.187+0000","{defaultclientid=iot-device-03, thingname=iot-device-03, thingid=877352b9-a35d-45d3-9c98-162d89965a13, thingarn=arn:aws:iot:us-east-1:507441099951:thing/iot-device-03, thingtypename=null, attributes={installed=1592562234, latitude=37.4133144, longitude=-122.1513069}, version=1, billinggroupname=null}","2020-11-26 00:00:00.000"
"iot-device-01","1.5946398942735898E9","76.3","67.46","false","false","0.0062","0.0037","0.0164","2020-11-26T17:20:35.481+0000","{defaultclientid=iot-device-01, thingname=iot-device-01, thingid=983c2b68-f9a3-4e83-b3c6-9f6f8ad5431b, thingarn=arn:aws:iot:us-east-1:507441099951:thing/iot-device-01, thingtypename=null, attributes={installed=1594665292, latitude=37.4133144, longitude=-122.1513069}, version=1, billinggroupname=null}","2020-11-26 00:00:00.000"
"iot-device-02","1.5946398944550805E9","59.8","74.48","true","false","0.0073","0.0047","0.0195","2020-11-26T17:20:35.771+0000","{defaultclientid=iot-device-02, thingname=iot-device-02, thingid=4ae4927a-aefb-4584-a45a-fc4839feffd6, thingarn=arn:aws:iot:us-east-1:507441099951:thing/iot-device-02, thingtypename=null, attributes={installed=1593361211, latitude=32.8205865, longitude=-96.871627}, version=1, billinggroupname=null}","2020-11-26 00:00:00.000"
"iot-device-02","1.5946400011730492E9","59.8","74.48","true","false","0.0072","0.0045","0.019","2020-11-26T17:20:53.882+0000","{defaultclientid=iot-device-02, thingname=iot-device-02, thingid=4ae4927a-aefb-4584-a45a-fc4839feffd6, thingarn=arn:aws:iot:us-east-1:507441099951:thing/iot-device-02, thingtypename=null, attributes={installed=1593361211, latitude=32.8205865, longitude=-96.871627}, version=1, billinggroupname=null}","2020-11-26 00:00:00.000"
"iot-device-03","1.5946400045777495E9","52.2","70.88","false","false","0.0078","0.0051","0.0208","2020-11-26T17:20:54.169+0000","{defaultclientid=iot-device-03, thingname=iot-device-03, thingid=877352b9-a35d-45d3-9c98-162d89965a13, thingarn=arn:aws:iot:us-east-1:507441099951:thing/iot-device-03, thingtypename=null, attributes={installed=1592562234, latitude=37.4133144, longitude=-122.1513069}, version=1, billinggroupname=null}","2020-11-26 00:00:00.000"
"iot-device-02","1.5946400049806626E9","59.8","74.48","true","false","0.0073","0.0046","0.0193","2020-11-26T17:20:54.458+0000","{defaultclientid=iot-device-02, thingname=iot-device-02, thingid=4ae4927a-aefb-4584-a45a-fc4839feffd6, thingarn=arn:aws:iot:us-east-1:507441099951:thing/iot-device-02, thingtypename=null, attributes={installed=1593361211, latitude=32.8205865, longitude=-96.871627}, version=1, billinggroupname=null}","2020-11-26 00:00:00.000"
"iot-device-01","1.5946400054602199E9","76.2","67.46","false","false","0.0063","0.0038","0.0166","2020-11-26T17:20:54.780+0000","{defaultclientid=iot-device-01, thingname=iot-device-01, thingid=983c2b68-f9a3-4e83-b3c6-9f6f8ad5431b, thingarn=arn:aws:iot:us-east-1:507441099951:thing/iot-device-01, thingtypename=null, attributes={installed=1594665292, latitude=37.4133144, longitude=-122.1513069}, version=1, billinggroupname=null}","2020-11-26 00:00:00.000"
"iot-device-03","1.594640008261598E9","52.2","71.06","false","false","0.0078","0.0051","0.0208","2020-11-26T17:20:55.079+0000","{defaultclientid=iot-device-03, thingname=iot-device-03, thingid=877352b9-a35d-45d3-9c98-162d89965a13, thingarn=arn:aws:iot:us-east-1:507441099951:thing/iot-device-03, thingtypename=null, attributes={installed=1592562234, latitude=37.4133144, longitude=-122.1513069}, version=1, billinggroupname=null}","2020-11-26 00:00:00.000"
"iot-device-03","1.5946400119476745E9","52.2","70.88","false","false","0.0078","0.0051","0.0208","2020-11-26T17:20:55.373+0000","{defaultclientid=iot-device-03, thingname=iot-device-03, thingid=877352b9-a35d-45d3-9c98-162d89965a13, thingarn=arn:aws:iot:us-east-1:507441099951:thing/iot-device-03, thingtypename=null, attributes={installed=1592562234, latitude=37.4133144, longitude=-122.1513069}, version=1, billinggroupname=null}","2020-11-26 00:00:00.000"
"iot-device-01","1.5946400146460578E9","76.2","67.46","false","false","0.0062","0.0037","0.0164","2020-11-26T17:20:55.673+0000","{defaultclientid=iot-device-01, thingname=iot-device-01, thingid=983c2b68-f9a3-4e83-b3c6-9f6f8ad5431b, thingarn=arn:aws:iot:us-east-1:507441099951:thing/iot-device-01, thingtypename=null, attributes={installed=1594665292, latitude=37.4133144, longitude=-122.1513069}, version=1, billinggroupname=null}","2020-11-26 00:00:00.000"
"iot-device-03","1.594640015633534E9","52.2","70.88","false","false","0.0078","0.0051","0.0208","2020-11-26T17:20:55.959+0000","{defaultclientid=iot-device-03, thingname=iot-device-03, thingid=877352b9-a35d-45d3-9c98-162d89965a13, thingarn=arn:aws:iot:us-east-1:507441099951:thing/iot-device-03, thingtypename=null, attributes={installed=1592562234, latitude=37.4133144, longitude=-122.1513069}, version=1, billinggroupname=null}","2020-11-26 00:00:00.000"
"iot-device-03","1.5946400193197553E9","52.2","70.88","false","false","0.0078","0.0051","0.0209","2020-11-26T17:20:56.247+0000","{defaultclientid=iot-device-03, thingname=iot-device-03, thingid=877352b9-a35d-45d3-9c98-162d89965a13, thingarn=arn:aws:iot:us-east-1:507441099951:thing/iot-device-03, thingtypename=null, attributes={installed=1592562234, latitude=37.4133144, longitude=-122.1513069}, version=1, billinggroupname=null}","2020-11-26 00:00:00.000"
"iot-device-01","1.5946400195355625E9","76.2","67.46","false","false","0.0062","0.0037","0.0164","2020-11-26T17:20:56.528+0000","{defaultclientid=iot-device-01, thingname=iot-device-01, thingid=983c2b68-f9a3-4e83-b3c6-9f6f8ad5431b, thingarn=arn:aws:iot:us-east-1:507441099951:thing/iot-device-01, thingtypename=null, attributes={installed=1594665292, latitude=37.4133144, longitude=-122.1513069}, version=1, billinggroupname=null}","2020-11-26 00:00:00.000"
"iot-device-03","1.5946399529573312E9","52.3","70.88","false","false","0.0078","0.0051","0.0208","2020-11-26T17:20:44.904+0000","{defaultclientid=iot-device-03, thingname=iot-device-03, thingid=877352b9-a35d-45d3-9c98-162d89965a13, thingarn=arn:aws:iot:us-east-1:507441099951:thing/iot-device-03, thingtypename=null, attributes={installed=1592562234, latitude=37.4133144, longitude=-122.1513069}, version=1, billinggroupname=null}","2020-11-26 00:00:00.000"
"iot-device-01","1.594639953339817E9","76.1","67.28","false","false","0.0062","0.0037","0.0164","2020-11-26T17:20:45.199+0000","{defaultclientid=iot-device-01, thingname=iot-device-01, thingid=983c2b68-f9a3-4e83-b3c6-9f6f8ad5431b, thingarn=arn:aws:iot:us-east-1:507441099951:thing/iot-device-01, thingtypename=null, attributes={installed=1594665292, latitude=37.4133144, longitude=-122.1513069}, version=1, billinggroupname=null}","2020-11-26 00:00:00.000"
"iot-device-03","1.5946399566448908E9","52.3","70.88","false","false","0.0078","0.0051","0.0209","2020-11-26T17:20:45.491+0000","{defaultclientid=iot-device-03, thingname=iot-device-03, thingid=877352b9-a35d-45d3-9c98-162d89965a13, thingarn=arn:aws:iot:us-east-1:507441099951:thing/iot-device-03, thingtypename=null, attributes={installed=1592562234, latitude=37.4133144, longitude=-122.1513069}, version=1, billinggroupname=null}","2020-11-26 00:00:00.000"
"iot-device-02","1.5946399579321918E9","59.8","74.48","true","false","0.0072","0.0046","0.0192","2020-11-26T17:20:45.790+0000","{defaultclientid=iot-device-02, thingname=iot-device-02, thingid=4ae4927a-aefb-4584-a45a-fc4839feffd6, thingarn=arn:aws:iot:us-east-1:507441099951:thing/iot-device-02, thingtypename=null, attributes={installed=1593361211, latitude=32.8205865, longitude=-96.871627}, version=1, billinggroupname=null}","2020-11-26 00:00:00.000"
"iot-device-01","1.5946399582263386E9","76.2","67.46","false","false","0.0062","0.0037","0.0164","2020-11-26T17:20:46.101+0000","{defaultclientid=iot-device-01, thingname=iot-device-01, thingid=983c2b68-f9a3-4e83-b3c6-9f6f8ad5431b, thingarn=arn:aws:iot:us-east-1:507441099951:thing/iot-device-01, thingtypename=null, attributes={installed=1594665292, latitude=37.4133144, longitude=-122.1513069}, version=1, billinggroupname=null}","2020-11-26 00:00:00.000"
"iot-device-03","1.5946399603324525E9","52.3","70.88","false","false","0.0078","0.0051","0.0209","2020-11-26T17:20:46.400+0000","{defaultclientid=iot-device-03, thingname=iot-device-03, thingid=877352b9-a35d-45d3-9c98-162d89965a13, thingarn=arn:aws:iot:us-east-1:507441099951:thing/iot-device-03, thingtypename=null, attributes={installed=1592562234, latitude=37.4133144, longitude=-122.1513069}, version=1, billinggroupname=null}","2020-11-26 00:00:00.000"
"iot-device-01","1.5946399620414655E9","76.2","67.46","false","false","0.0062","0.0037","0.0164","2020-11-26T17:20:46.687+0000","{defaultclientid=iot-device-01, thingname=iot-device-01, thingid=983c2b68-f9a3-4e83-b3c6-9f6f8ad5431b, thingarn=arn:aws:iot:us-east-1:507441099951:thing/iot-device-01, thingtypename=null, attributes={installed=1594665292, latitude=37.4133144, longitude=-122.1513069}, version=1, billinggroupname=null}","2020-11-26 00:00:00.000"
"iot-device-02","1.5946399633445663E9","59.8","74.48","true","false","0.0072","0.0045","0.019","2020-11-26T17:20:46.975+0000","{defaultclientid=iot-device-02, thingname=iot-device-02, thingid=4ae4927a-aefb-4584-a45a-fc4839feffd6, thingarn=arn:aws:iot:us-east-1:507441099951:thing/iot-device-02, thingtypename=null, attributes={installed=1593361211, latitude=32.8205865, longitude=-96.871627}, version=1, billinggroupname=null}","2020-11-26 00:00:00.000"
"iot-device-03","1.5946399640200536E9","52.2","70.88","false","false","0.0078","0.0051","0.0208","2020-11-26T17:20:47.262+0000","{defaultclientid=iot-device-03, thingname=iot-device-03, thingid=877352b9-a35d-45d3-9c98-162d89965a13, thingarn=arn:aws:iot:us-east-1:507441099951:thing/iot-device-03, thingtypename=null, attributes={installed=1592562234, latitude=37.4133144, longitude=-122.1513069}, version=1, billinggroupname=null}","2020-11-26 00:00:00.000"
"iot-device-01","1.5946399669316213E9","76.2","67.46","false","false","0.0062","0.0037","0.0164","2020-11-26T17:20:47.559+0000","{defaultclientid=iot-device-01, thingname=iot-device-01, thingid=983c2b68-f9a3-4e83-b3c6-9f6f8ad5431b, thingarn=arn:aws:iot:us-east-1:507441099951:thing/iot-device-01, thingtypename=null, attributes={installed=1594665292, latitude=37.4133144, longitude=-122.1513069}, version=1, billinggroupname=null}","2020-11-26 00:00:00.000"
"iot-device-03","1.5946400230058243E9","52.2","70.88","false","false","0.0078","0.0051","0.0209","2020-11-26T17:20:56.819+0000","{defaultclientid=iot-device-03, thingname=iot-device-03, thingid=877352b9-a35d-45d3-9c98-162d89965a13, thingarn=arn:aws:iot:us-east-1:507441099951:thing/iot-device-03, thingtypename=null, attributes={installed=1592562234, latitude=37.4133144, longitude=-122.1513069}, version=1, billinggroupname=null}","2020-11-26 00:00:00.000"
"iot-device-01","1.594640023887742E9","76.2","67.46","false","false","0.0062","0.0037","0.0164","2020-11-26T17:20:57.109+0000","{defaultclientid=iot-device-01, thingname=iot-device-01, thingid=983c2b68-f9a3-4e83-b3c6-9f6f8ad5431b, thingarn=arn:aws:iot:us-east-1:507441099951:thing/iot-device-01, thingtypename=null, attributes={installed=1594665292, latitude=37.4133144, longitude=-122.1513069}, version=1, billinggroupname=null}","2020-11-26 00:00:00.000"
"iot-device-03","1.5946400266919286E9","52.2","70.88","false","false","0.0078","0.0051","0.0209","2020-11-26T17:20:57.399+0000","{defaultclientid=iot-device-03, thingname=iot-device-03, thingid=877352b9-a35d-45d3-9c98-162d89965a13, thingarn=arn:aws:iot:us-east-1:507441099951:thing/iot-device-03, thingtypename=null, attributes={installed=1592562234, latitude=37.4133144, longitude=-122.1513069}, version=1, billinggroupname=null}","2020-11-26 00:00:00.000"
"iot-device-01","1.5946400287754738E9","76.2","67.46","false","false","0.0062","0.0037","0.0163","2020-11-26T17:20:57.694+0000","{defaultclientid=iot-device-01, thingname=iot-device-01, thingid=983c2b68-f9a3-4e83-b3c6-9f6f8ad5431b, thingarn=arn:aws:iot:us-east-1:507441099951:thing/iot-device-01, thingtypename=null, attributes={installed=1594665292, latitude=37.4133144, longitude=-122.1513069}, version=1, billinggroupname=null}","2020-11-26 00:00:00.000"
"iot-device-03","1.5946400303761976E9","52.2","70.88","false","false","0.0078","0.0051","0.0208","2020-11-26T17:20:57.978+0000","{defaultclientid=iot-device-03, thingname=iot-device-03, thingid=877352b9-a35d-45d3-9c98-162d89965a13, thingarn=arn:aws:iot:us-east-1:507441099951:thing/iot-device-03, thingtypename=null, attributes={installed=1592562234, latitude=37.4133144, longitude=-122.1513069}, version=1, billinggroupname=null}","2020-11-26 00:00:00.000"
"iot-device-03","1.594640034062569E9","52.2","70.88","false","false","0.0078","0.0051","0.0208","2020-11-26T17:20:58.280+0000","{defaultclientid=iot-device-03, thingname=iot-device-03, thingid=877352b9-a35d-45d3-9c98-162d89965a13, thingarn=arn:aws:iot:us-east-1:507441099951:thing/iot-device-03, thingtypename=null, attributes={installed=1592562234, latitude=37.4133144, longitude=-122.1513069}, version=1, billinggroupname=null}","2020-11-26 00:00:00.000"
"iot-device-02","1.5946400341768966E9","59.6","74.48","true","false","0.0074","0.0047","0.0196","2020-11-26T17:20:58.583+0000","{defaultclientid=iot-device-02, thingname=iot-device-02, thingid=4ae4927a-aefb-4584-a45a-fc4839feffd6, thingarn=arn:aws:iot:us-east-1:507441099951:thing/iot-device-02, thingtypename=null, attributes={installed=1593361211, latitude=32.8205865, longitude=-96.871627}, version=1, billinggroupname=null}","2020-11-26 00:00:00.000"
"iot-device-01","1.5946400347387755E9","76.3","67.46","false","false","0.0062","0.0037","0.0164","2020-11-26T17:20:58.869+0000","{defaultclientid=iot-device-01, thingname=iot-device-01, thingid=983c2b68-f9a3-4e83-b3c6-9f6f8ad5431b, thingarn=arn:aws:iot:us-east-1:507441099951:thing/iot-device-01, thingtypename=null, attributes={installed=1594665292, latitude=37.4133144, longitude=-122.1513069}, version=1, billinggroupname=null}","2020-11-26 00:00:00.000"
"iot-device-03","1.5946400377468848E9","52.2","70.88","false","false","0.0078","0.0051","0.0209","2020-11-26T17:20:59.156+0000","{defaultclientid=iot-device-03, thingname=iot-device-03, thingid=877352b9-a35d-45d3-9c98-162d89965a13, thingarn=arn:aws:iot:us-east-1:507441099951:thing/iot-device-03, thingtypename=null, attributes={installed=1592562234, latitude=37.4133144, longitude=-122.1513069}, version=1, billinggroupname=null}","2020-11-26 00:00:00.000"
"iot-device-01","1.5946400385591068E9","76.3","67.46","false","false","0.0062","0.0037","0.0164","2020-11-26T17:20:59.518+0000","{defaultclientid=iot-device-01, thingname=iot-device-01, thingid=983c2b68-f9a3-4e83-b3c6-9f6f8ad5431b, thingarn=arn:aws:iot:us-east-1:507441099951:thing/iot-device-01, thingtypename=null, attributes={installed=1594665292, latitude=37.4133144, longitude=-122.1513069}, version=1, billinggroupname=null}","2020-11-26 00:00:00.000"
"iot-device-02","1.594640041194672E9","59.6","74.48","true","false","0.007","0.0044","0.0186","2020-11-26T17:20:59.814+0000","{defaultclientid=iot-device-02, thingname=iot-device-02, thingid=4ae4927a-aefb-4584-a45a-fc4839feffd6, thingarn=arn:aws:iot:us-east-1:507441099951:thing/iot-device-02, thingtypename=null, attributes={installed=1593361211, latitude=32.8205865, longitude=-96.871627}, version=1, billinggroupname=null}","2020-11-26 00:00:00.000"
"iot-device-03","1.594639897694339E9","52.2","70.88","false","false","0.0078","0.0051","0.0209","2020-11-26T17:20:36.065+0000","{defaultclientid=iot-device-03, thingname=iot-device-03, thingid=877352b9-a35d-45d3-9c98-162d89965a13, thingarn=arn:aws:iot:us-east-1:507441099951:thing/iot-device-03, thingtypename=null, attributes={installed=1592562234, latitude=37.4133144, longitude=-122.1513069}, version=1, billinggroupname=null}","2020-11-26 00:00:00.000"
"iot-device-01","1.5946398980868778E9","76.7","67.46","false","false","0.0062","0.0037","0.0163","2020-11-26T17:20:36.356+0000","{defaultclientid=iot-device-01, thingname=iot-device-01, thingid=983c2b68-f9a3-4e83-b3c6-9f6f8ad5431b, thingarn=arn:aws:iot:us-east-1:507441099951:thing/iot-device-01, thingtypename=null, attributes={installed=1594665292, latitude=37.4133144, longitude=-122.1513069}, version=1, billinggroupname=null}","2020-11-26 00:00:00.000"
"iot-device-02","1.5946398988005948E9","59.9","74.48","true","false","0.0073","0.0046","0.0194","2020-11-26T17:20:36.651+0000","{defaultclientid=iot-device-02, thingname=iot-device-02, thingid=4ae4927a-aefb-4584-a45a-fc4839feffd6, thingarn=arn:aws:iot:us-east-1:507441099951:thing/iot-device-02, thingtypename=null, attributes={installed=1593361211, latitude=32.8205865, longitude=-96.871627}, version=1, billinggroupname=null}","2020-11-26 00:00:00.000"
"iot-device-03","1.5946399013157642E9","52.2","70.88","false","false","0.0078","0.0051","0.0208","2020-11-26T17:20:36.969+0000","{defaultclientid=iot-device-03, thingname=iot-device-03, thingid=877352b9-a35d-45d3-9c98-162d89965a13, thingarn=arn:aws:iot:us-east-1:507441099951:thing/iot-device-03, thingtypename=null, attributes={installed=1592562234, latitude=37.4133144, longitude=-122.1513069}, version=1, billinggroupname=null}","2020-11-26 00:00:00.000"
"iot-device-01","1.5946399024352648E9","76.3","67.28","false","false","0.0062","0.0037","0.0164","2020-11-26T17:20:37.263+0000","{defaultclientid=iot-device-01, thingname=iot-device-01, thingid=983c2b68-f9a3-4e83-b3c6-9f6f8ad5431b, thingarn=arn:aws:iot:us-east-1:507441099951:thing/iot-device-01, thingtypename=null, attributes={installed=1594665292, latitude=37.4133144, longitude=-122.1513069}, version=1, billinggroupname=null}","2020-11-26 00:00:00.000"
"iot-device-03","1.5946399050181935E9","52.2","70.88","false","false","0.0078","0.0051","0.0209","2020-11-26T17:20:37.560+0000","{defaultclientid=iot-device-03, thingname=iot-device-03, thingid=877352b9-a35d-45d3-9c98-162d89965a13, thingarn=arn:aws:iot:us-east-1:507441099951:thing/iot-device-03, thingtypename=null, attributes={installed=1592562234, latitude=37.4133144, longitude=-122.1513069}, version=1, billinggroupname=null}","2020-11-26 00:00:00.000"
"iot-device-02","1.5946399058172064E9","59.9","74.48","true","false","0.0073","0.0047","0.0195","2020-11-26T17:20:37.859+0000","{defaultclientid=iot-device-02, thingname=iot-device-02, thingid=4ae4927a-aefb-4584-a45a-fc4839feffd6, thingarn=arn:aws:iot:us-east-1:507441099951:thing/iot-device-02, thingtypename=null, attributes={installed=1593361211, latitude=32.8205865, longitude=-96.871627}, version=1, billinggroupname=null}","2020-11-26 00:00:00.000"
"iot-device-01","1.5946399067868626E9","76.3","67.46","false","false","0.0062","0.0037","0.0164","2020-11-26T17:20:38.149+0000","{defaultclientid=iot-device-01, thingname=iot-device-01, thingid=983c2b68-f9a3-4e83-b3c6-9f6f8ad5431b, thingarn=arn:aws:iot:us-east-1:507441099951:thing/iot-device-01, thingtypename=null, attributes={installed=1594665292, latitude=37.4133144, longitude=-122.1513069}, version=1, billinggroupname=null}","2020-11-26 00:00:00.000"
"iot-device-03","1.5946399086870108E9","52.2","70.88","false","false","0.0078","0.0051","0.0209","2020-11-26T17:20:38.441+0000","{defaultclientid=iot-device-03, thingname=iot-device-03, thingid=877352b9-a35d-45d3-9c98-162d89965a13, thingarn=arn:aws:iot:us-east-1:507441099951:thing/iot-device-03, thingtypename=null, attributes={installed=1592562234, latitude=37.4133144, longitude=-122.1513069}, version=1, billinggroupname=null}","2020-11-26 00:00:00.000"
"iot-device-02","1.5946399101601262E9","59.9","74.48","true","false","0.0073","0.0046","0.0194","2020-11-26T17:20:38.738+0000","{defaultclientid=iot-device-02, thingname=iot-device-02, thingid=4ae4927a-aefb-4584-a45a-fc4839feffd6, thingarn=arn:aws:iot:us-east-1:507441099951:thing/iot-device-02, thingtypename=null, attributes={installed=1593361211, latitude=32.8205865, longitude=-96.871627}, version=1, billinggroupname=null}","2020-11-26 00:00:00.000"
"iot-device-02","1.5946399671565006E9","59.9","74.48","true","false","0.0072","0.0045","0.0191","2020-11-26T17:20:47.849+0000","{defaultclientid=iot-device-02, thingname=iot-device-02, thingid=4ae4927a-aefb-4584-a45a-fc4839feffd6, thingarn=arn:aws:iot:us-east-1:507441099951:thing/iot-device-02, thingtypename=null, attributes={installed=1593361211, latitude=32.8205865, longitude=-96.871627}, version=1, billinggroupname=null}","2020-11-26 00:00:00.000"
"iot-device-03","1.5946399677081053E9","52.2","70.88","false","false","0.0078","0.0051","0.0209","2020-11-26T17:20:48.139+0000","{defaultclientid=iot-device-03, thingname=iot-device-03, thingid=877352b9-a35d-45d3-9c98-162d89965a13, thingarn=arn:aws:iot:us-east-1:507441099951:thing/iot-device-03, thingtypename=null, attributes={installed=1592562234, latitude=37.4133144, longitude=-122.1513069}, version=1, billinggroupname=null}","2020-11-26 00:00:00.000"
"iot-device-03","1.5946399713953714E9","52.2","70.88","false","false","0.0078","0.0051","0.0208","2020-11-26T17:20:48.429+0000","{defaultclientid=iot-device-03, thingname=iot-device-03, thingid=877352b9-a35d-45d3-9c98-162d89965a13, thingarn=arn:aws:iot:us-east-1:507441099951:thing/iot-device-03, thingtypename=null, attributes={installed=1592562234, latitude=37.4133144, longitude=-122.1513069}, version=1, billinggroupname=null}","2020-11-26 00:00:00.000"
"iot-device-01","1.5946399718280382E9","76.2","67.46","false","false","0.0062","0.0037","0.0164","2020-11-26T17:20:48.719+0000","{defaultclientid=iot-device-01, thingname=iot-device-01, thingid=983c2b68-f9a3-4e83-b3c6-9f6f8ad5431b, thingarn=arn:aws:iot:us-east-1:507441099951:thing/iot-device-01, thingtypename=null, attributes={installed=1594665292, latitude=37.4133144, longitude=-122.1513069}, version=1, billinggroupname=null}","2020-11-26 00:00:00.000"
"iot-device-03","1.5946399750815911E9","52.2","70.88","false","false","0.0078","0.0051","0.0209","2020-11-26T17:20:49.009+0000","{defaultclientid=iot-device-03, thingname=iot-device-03, thingid=877352b9-a35d-45d3-9c98-162d89965a13, thingarn=arn:aws:iot:us-east-1:507441099951:thing/iot-device-03, thingtypename=null, attributes={installed=1592562234, latitude=37.4133144, longitude=-122.1513069}, version=1, billinggroupname=null}","2020-11-26 00:00:00.000"
"iot-device-02","1.5946399763058074E9","59.3","74.48","true","false","0.0071","0.0045","0.0189","2020-11-26T17:20:49.411+0000","{defaultclientid=iot-device-02, thingname=iot-device-02, thingid=4ae4927a-aefb-4584-a45a-fc4839feffd6, thingarn=arn:aws:iot:us-east-1:507441099951:thing/iot-device-02, thingtypename=null, attributes={installed=1593361211, latitude=32.8205865, longitude=-96.871627}, version=1, billinggroupname=null}","2020-11-26 00:00:00.000"
"iot-device-03","1.594639978775713E9","52.2","70.88","false","false","0.0078","0.0051","0.0209","2020-11-26T17:20:49.708+0000","{defaultclientid=iot-device-03, thingname=iot-device-03, thingid=877352b9-a35d-45d3-9c98-162d89965a13, thingarn=arn:aws:iot:us-east-1:507441099951:thing/iot-device-03, thingtypename=null, attributes={installed=1592562234, latitude=37.4133144, longitude=-122.1513069}, version=1, billinggroupname=null}","2020-11-26 00:00:00.000"
"iot-device-01","1.5946399804658089E9","76.2","67.46","false","false","0.0062","0.0037","0.0164","2020-11-26T17:20:50.043+0000","{defaultclientid=iot-device-01, thingname=iot-device-01, thingid=983c2b68-f9a3-4e83-b3c6-9f6f8ad5431b, thingarn=arn:aws:iot:us-east-1:507441099951:thing/iot-device-01, thingtypename=null, attributes={installed=1594665292, latitude=37.4133144, longitude=-122.1513069}, version=1, billinggroupname=null}","2020-11-26 00:00:00.000"
"iot-device-02","1.5946399822500436E9","59.8","74.48","true","false","0.0071","0.0045","0.0189","2020-11-26T17:20:50.329+0000","{defaultclientid=iot-device-02, thingname=iot-device-02, thingid=4ae4927a-aefb-4584-a45a-fc4839feffd6, thingarn=arn:aws:iot:us-east-1:507441099951:thing/iot-device-02, thingtypename=null, attributes={installed=1593361211, latitude=32.8205865, longitude=-96.871627}, version=1, billinggroupname=null}","2020-11-26 00:00:00.000"
"iot-device-03","1.5946399824618142E9","52.2","70.88","false","false","0.0078","0.0051","0.0209","2020-11-26T17:20:50.629+0000","{defaultclientid=iot-device-03, thingname=iot-device-03, thingid=877352b9-a35d-45d3-9c98-162d89965a13, thingarn=arn:aws:iot:us-east-1:507441099951:thing/iot-device-03, thingtypename=null, attributes={installed=1592562234, latitude=37.4133144, longitude=-122.1513069}, version=1, billinggroupname=null}","2020-11-26 00:00:00.000"
"iot-device-03","1.5946399344963155E9","52.3","70.88","false","false","0.0078","0.0051","0.0208","2020-11-26T17:20:41.956+0000","{defaultclientid=iot-device-03, thingname=iot-device-03, thingid=877352b9-a35d-45d3-9c98-162d89965a13, thingarn=arn:aws:iot:us-east-1:507441099951:thing/iot-device-03, thingtypename=null, attributes={installed=1592562234, latitude=37.4133144, longitude=-122.1513069}, version=1, billinggroupname=null}","2020-11-26 00:00:00.000"
"iot-device-01","1.5946399357752779E9","76.2","67.46","false","false","0.0062","0.0037","0.0164","2020-11-26T17:20:42.249+0000","{defaultclientid=iot-device-01, thingname=iot-device-01, thingid=983c2b68-f9a3-4e83-b3c6-9f6f8ad5431b, thingarn=arn:aws:iot:us-east-1:507441099951:thing/iot-device-01, thingtypename=null, attributes={installed=1594665292, latitude=37.4133144, longitude=-122.1513069}, version=1, billinggroupname=null}","2020-11-26 00:00:00.000"
"iot-device-02","1.5946399358230922E9","59.4","74.48","true","false","0.0073","0.0047","0.0195","2020-11-26T17:20:42.542+0000","{defaultclientid=iot-device-02, thingname=iot-device-02, thingid=4ae4927a-aefb-4584-a45a-fc4839feffd6, thingarn=arn:aws:iot:us-east-1:507441099951:thing/iot-device-02, thingtypename=null, attributes={installed=1593361211, latitude=32.8205865, longitude=-96.871627}, version=1, billinggroupname=null}","2020-11-26 00:00:00.000"
"iot-device-03","1.5946399381846485E9","52.3","70.88","false","false","0.0078","0.0051","0.021","2020-11-26T17:20:42.847+0000","{defaultclientid=iot-device-03, thingname=iot-device-03, thingid=877352b9-a35d-45d3-9c98-162d89965a13, thingarn=arn:aws:iot:us-east-1:507441099951:thing/iot-device-03, thingtypename=null, attributes={installed=1592562234, latitude=37.4133144, longitude=-122.1513069}, version=1, billinggroupname=null}","2020-11-26 00:00:00.000"
"iot-device-01","1.5946399401302698E9","76.2","67.46","false","false","0.0062","0.0037","0.0164","2020-11-26T17:20:43.132+0000","{defaultclientid=iot-device-01, thingname=iot-device-01, thingid=983c2b68-f9a3-4e83-b3c6-9f6f8ad5431b, thingarn=arn:aws:iot:us-east-1:507441099951:thing/iot-device-01, thingtypename=null, attributes={installed=1594665292, latitude=37.4133144, longitude=-122.1513069}, version=1, billinggroupname=null}","2020-11-26 00:00:00.000"
"iot-device-02","1.5946399407009432E9","59.8","74.48","true","false","0.0073","0.0047","0.0195","2020-11-26T17:20:43.422+0000","{defaultclientid=iot-device-02, thingname=iot-device-02, thingid=4ae4927a-aefb-4584-a45a-fc4839feffd6, thingarn=arn:aws:iot:us-east-1:507441099951:thing/iot-device-02, thingtypename=null, attributes={installed=1593361211, latitude=32.8205865, longitude=-96.871627}, version=1, billinggroupname=null}","2020-11-26 00:00:00.000"
"iot-device-03","1.594639941872202E9","52.4","71.06","false","false","0.0078","0.0051","0.0208","2020-11-26T17:20:43.713+0000","{defaultclientid=iot-device-03, thingname=iot-device-03, thingid=877352b9-a35d-45d3-9c98-162d89965a13, thingarn=arn:aws:iot:us-east-1:507441099951:thing/iot-device-03, thingtypename=null, attributes={installed=1592562234, latitude=37.4133144, longitude=-122.1513069}, version=1, billinggroupname=null}","2020-11-26 00:00:00.000"
"iot-device-03","1.594639945559997E9","52.3","70.88","false","false","0.0078","0.0051","0.0209","2020-11-26T17:20:44.014+0000","{defaultclientid=iot-device-03, thingname=iot-device-03, thingid=877352b9-a35d-45d3-9c98-162d89965a13, thingarn=arn:aws:iot:us-east-1:507441099951:thing/iot-device-03, thingtypename=null, attributes={installed=1592562234, latitude=37.4133144, longitude=-122.1513069}, version=1, billinggroupname=null}","2020-11-26 00:00:00.000"
"iot-device-02","1.5946399482490046E9","59.8","74.48","true","false","0.0073","0.0047","0.0195","2020-11-26T17:20:44.306+0000","{defaultclientid=iot-device-02, thingname=iot-device-02, thingid=4ae4927a-aefb-4584-a45a-fc4839feffd6, thingarn=arn:aws:iot:us-east-1:507441099951:thing/iot-device-02, thingtypename=null, attributes={installed=1593361211, latitude=32.8205865, longitude=-96.871627}, version=1, billinggroupname=null}","2020-11-26 00:00:00.000"
"iot-device-03","1.594639949253587E9","52.3","70.88","false","false","0.0078","0.0051","0.0209","2020-11-26T17:20:44.615+0000","{defaultclientid=iot-device-03, thingname=iot-device-03, thingid=877352b9-a35d-45d3-9c98-162d89965a13, thingarn=arn:aws:iot:us-east-1:507441099951:thing/iot-device-03, thingtypename=null, attributes={installed=1592562234, latitude=37.4133144, longitude=-122.1513069}, version=1, billinggroupname=null}","2020-11-26 00:00:00.000"
"iot-device-01","1.5946398671022065E9","76.2","67.28","false","false","0.0062","0.0037","0.0164","2020-11-26T17:20:30.200+0000","{defaultclientid=iot-device-01, thingname=iot-device-01, thingid=983c2b68-f9a3-4e83-b3c6-9f6f8ad5431b, thingarn=arn:aws:iot:us-east-1:507441099951:thing/iot-device-01, thingtypename=null, attributes={installed=1594665292, latitude=37.4133144, longitude=-122.1513069}, version=1, billinggroupname=null}","2020-11-26 00:00:00.000"
"iot-device-03","1.5946398682032187E9","52.2","70.88","false","false","0.0078","0.0051","0.0208","2020-11-26T17:20:30.488+0000","{defaultclientid=iot-device-03, thingname=iot-device-03, thingid=877352b9-a35d-45d3-9c98-162d89965a13, thingarn=arn:aws:iot:us-east-1:507441099951:thing/iot-device-03, thingtypename=null, attributes={installed=1592562234, latitude=37.4133144, longitude=-122.1513069}, version=1, billinggroupname=null}","2020-11-26 00:00:00.000"
"iot-device-02","1.5946398711396134E9","59.8","74.48","true","false","0.0073","0.0046","0.0194","2020-11-26T17:20:30.781+0000","{defaultclientid=iot-device-02, thingname=iot-device-02, thingid=4ae4927a-aefb-4584-a45a-fc4839feffd6, thingarn=arn:aws:iot:us-east-1:507441099951:thing/iot-device-02, thingtypename=null, attributes={installed=1593361211, latitude=32.8205865, longitude=-96.871627}, version=1, billinggroupname=null}","2020-11-26 00:00:00.000"
"iot-device-03","1.5946398718886273E9","52.2","70.88","false","false","0.0078","0.0051","0.0209","2020-11-26T17:20:31.072+0000","{defaultclientid=iot-device-03, thingname=iot-device-03, thingid=877352b9-a35d-45d3-9c98-162d89965a13, thingarn=arn:aws:iot:us-east-1:507441099951:thing/iot-device-03, thingtypename=null, attributes={installed=1592562234, latitude=37.4133144, longitude=-122.1513069}, version=1, billinggroupname=null}","2020-11-26 00:00:00.000"
"iot-device-01","1.5946398736453874E9","76.2","67.28","false","false","0.0062","0.0037","0.0164","2020-11-26T17:20:31.364+0000","{defaultclientid=iot-device-01, thingname=iot-device-01, thingid=983c2b68-f9a3-4e83-b3c6-9f6f8ad5431b, thingarn=arn:aws:iot:us-east-1:507441099951:thing/iot-device-01, thingtypename=null, attributes={installed=1594665292, latitude=37.4133144, longitude=-122.1513069}, version=1, billinggroupname=null}","2020-11-26 00:00:00.000"
"iot-device-02","1.594639874948872E9","59.9","74.48","true","false","0.0073","0.0047","0.0195","2020-11-26T17:20:31.660+0000","{defaultclientid=iot-device-02, thingname=iot-device-02, thingid=4ae4927a-aefb-4584-a45a-fc4839feffd6, thingarn=arn:aws:iot:us-east-1:507441099951:thing/iot-device-02, thingtypename=null, attributes={installed=1593361211, latitude=32.8205865, longitude=-96.871627}, version=1, billinggroupname=null}","2020-11-26 00:00:00.000"
"iot-device-03","1.5946398755736046E9","52.2","70.88","false","false","0.0078","0.0051","0.0209","2020-11-26T17:20:31.939+0000","{defaultclientid=iot-device-03, thingname=iot-device-03, thingid=877352b9-a35d-45d3-9c98-162d89965a13, thingarn=arn:aws:iot:us-east-1:507441099951:thing/iot-device-03, thingtypename=null, attributes={installed=1592562234, latitude=37.4133144, longitude=-122.1513069}, version=1, billinggroupname=null}","2020-11-26 00:00:00.000"
"iot-device-03","1.59463987926034E9","52.2","70.88","false","false","0.0078","0.0051","0.0209","2020-11-26T17:20:32.260+0000","{defaultclientid=iot-device-03, thingname=iot-device-03, thingid=877352b9-a35d-45d3-9c98-162d89965a13, thingarn=arn:aws:iot:us-east-1:507441099951:thing/iot-device-03, thingtypename=null, attributes={installed=1592562234, latitude=37.4133144, longitude=-122.1513069}, version=1, billinggroupname=null}","2020-11-26 00:00:00.000"
"iot-device-01","1.594639879608845E9","76.3","67.46","false","false","0.0062","0.0037","0.0164","2020-11-26T17:20:32.560+0000","{defaultclientid=iot-device-01, thingname=iot-device-01, thingid=983c2b68-f9a3-4e83-b3c6-9f6f8ad5431b, thingarn=arn:aws:iot:us-east-1:507441099951:thing/iot-device-01, thingtypename=null, attributes={installed=1594665292, latitude=37.4133144, longitude=-122.1513069}, version=1, billinggroupname=null}","2020-11-26 00:00:00.000"
"iot-device-02","1.5946398819661446E9","59.8","74.48","true","false","0.0073","0.0047","0.0195","2020-11-26T17:20:32.858+0000","{defaultclientid=iot-device-02, thingname=iot-device-02, thingid=4ae4927a-aefb-4584-a45a-fc4839feffd6, thingarn=arn:aws:iot:us-east-1:507441099951:thing/iot-device-02, thingtypename=null, attributes={installed=1593361211, latitude=32.8205865, longitude=-96.871627}, version=1, billinggroupname=null}","2020-11-26 00:00:00.000"
"iot-device-01","1.5946399853619494E9","76.2","67.46","false","false","0.0062","0.0037","0.0164","2020-11-26T17:20:50.939+0000","{defaultclientid=iot-device-01, thingname=iot-device-01, thingid=983c2b68-f9a3-4e83-b3c6-9f6f8ad5431b, thingarn=arn:aws:iot:us-east-1:507441099951:thing/iot-device-01, thingtypename=null, attributes={installed=1594665292, latitude=37.4133144, longitude=-122.1513069}, version=1, billinggroupname=null}","2020-11-26 00:00:00.000"
"iot-device-03","1.5946399861476865E9","52.2","70.88","false","false","0.0078","0.0051","0.0208","2020-11-26T17:20:51.230+0000","{defaultclientid=iot-device-03, thingname=iot-device-03, thingid=877352b9-a35d-45d3-9c98-162d89965a13, thingarn=arn:aws:iot:us-east-1:507441099951:thing/iot-device-03, thingtypename=null, attributes={installed=1592562234, latitude=37.4133144, longitude=-122.1513069}, version=1, billinggroupname=null}","2020-11-26 00:00:00.000"
"iot-device-02","1.5946399887407787E9","59.8","74.48","true","false","0.0072","0.0045","0.019","2020-11-26T17:20:51.519+0000","{defaultclientid=iot-device-02, thingname=iot-device-02, thingid=4ae4927a-aefb-4584-a45a-fc4839feffd6, thingarn=arn:aws:iot:us-east-1:507441099951:thing/iot-device-02, thingtypename=null, attributes={installed=1593361211, latitude=32.8205865, longitude=-96.871627}, version=1, billinggroupname=null}","2020-11-26 00:00:00.000"
"iot-device-03","1.594639989833517E9","52.2","70.88","false","false","0.0078","0.0051","0.0209","2020-11-26T17:20:51.809+0000","{defaultclientid=iot-device-03, thingname=iot-device-03, thingid=877352b9-a35d-45d3-9c98-162d89965a13, thingarn=arn:aws:iot:us-east-1:507441099951:thing/iot-device-03, thingtypename=null, attributes={installed=1592562234, latitude=37.4133144, longitude=-122.1513069}, version=1, billinggroupname=null}","2020-11-26 00:00:00.000"
"iot-device-03","1.5946399935195732E9","52.2","70.88","false","false","0.0078","0.0051","0.0209","2020-11-26T17:20:52.098+0000","{defaultclientid=iot-device-03, thingname=iot-device-03, thingid=877352b9-a35d-45d3-9c98-162d89965a13, thingarn=arn:aws:iot:us-east-1:507441099951:thing/iot-device-03, thingtypename=null, attributes={installed=1592562234, latitude=37.4133144, longitude=-122.1513069}, version=1, billinggroupname=null}","2020-11-26 00:00:00.000"
"iot-device-02","1.5946399936177046E9","59.8","74.48","true","false","0.0072","0.0045","0.019","2020-11-26T17:20:52.428+0000","{defaultclientid=iot-device-02, thingname=iot-device-02, thingid=4ae4927a-aefb-4584-a45a-fc4839feffd6, thingarn=arn:aws:iot:us-east-1:507441099951:thing/iot-device-02, thingtypename=null, attributes={installed=1593361211, latitude=32.8205865, longitude=-96.871627}, version=1, billinggroupname=null}","2020-11-26 00:00:00.000"
"iot-device-01","1.594639994061444E9","76.2","67.46","false","false","0.0062","0.0037","0.0164","2020-11-26T17:20:52.721+0000","{defaultclientid=iot-device-01, thingname=iot-device-01, thingid=983c2b68-f9a3-4e83-b3c6-9f6f8ad5431b, thingarn=arn:aws:iot:us-east-1:507441099951:thing/iot-device-01, thingtypename=null, attributes={installed=1594665292, latitude=37.4133144, longitude=-122.1513069}, version=1, billinggroupname=null}","2020-11-26 00:00:00.000"
"iot-device-03","1.5946399972057884E9","52.2","70.88","false","false","0.0078","0.0051","0.0208","2020-11-26T17:20:53.013+0000","{defaultclientid=iot-device-03, thingname=iot-device-03, thingid=877352b9-a35d-45d3-9c98-162d89965a13, thingarn=arn:aws:iot:us-east-1:507441099951:thing/iot-device-03, thingtypename=null, attributes={installed=1592562234, latitude=37.4133144, longitude=-122.1513069}, version=1, billinggroupname=null}","2020-11-26 00:00:00.000"
"iot-device-01","1.5946400000278573E9","76.2","67.46","false","false","0.0062","0.0037","0.0164","2020-11-26T17:20:53.299+0000","{defaultclientid=iot-device-01, thingname=iot-device-01, thingid=983c2b68-f9a3-4e83-b3c6-9f6f8ad5431b, thingarn=arn:aws:iot:us-east-1:507441099951:thing/iot-device-01, thingtypename=null, attributes={installed=1594665292, latitude=37.4133144, longitude=-122.1513069}, version=1, billinggroupname=null}","2020-11-26 00:00:00.000"
"iot-device-03","1.594640000891884E9","52.2","70.88","false","false","0.0078","0.0051","0.0209","2020-11-26T17:20:53.589+0000","{defaultclientid=iot-device-03, thingname=iot-device-03, thingid=877352b9-a35d-45d3-9c98-162d89965a13, thingarn=arn:aws:iot:us-east-1:507441099951:thing/iot-device-03, thingtypename=null, attributes={installed=1592562234, latitude=37.4133144, longitude=-122.1513069}, version=1, billinggroupname=null}","2020-11-26 00:00:00.000"
"iot-device-03","1.594639912384896E9","52.2","70.88","false","false","0.0078","0.0051","0.0209","2020-11-26T17:20:39.033+0000","{defaultclientid=iot-device-03, thingname=iot-device-03, thingid=877352b9-a35d-45d3-9c98-162d89965a13, thingarn=arn:aws:iot:us-east-1:507441099951:thing/iot-device-03, thingtypename=null, attributes={installed=1592562234, latitude=37.4133144, longitude=-122.1513069}, version=1, billinggroupname=null}","2020-11-26 00:00:00.000"
"iot-device-01","1.59463991328802E9","76.3","67.46","false","false","0.0062","0.0037","0.0164","2020-11-26T17:20:39.339+0000","{defaultclientid=iot-device-01, thingname=iot-device-01, thingid=983c2b68-f9a3-4e83-b3c6-9f6f8ad5431b, thingarn=arn:aws:iot:us-east-1:507441099951:thing/iot-device-01, thingtypename=null, attributes={installed=1594665292, latitude=37.4133144, longitude=-122.1513069}, version=1, billinggroupname=null}","2020-11-26 00:00:00.000"
"iot-device-02","1.5946399150365102E9","59.9","74.48","true","false","0.0072","0.0046","0.0192","2020-11-26T17:20:39.631+0000","{defaultclientid=iot-device-02, thingname=iot-device-02, thingid=4ae4927a-aefb-4584-a45a-fc4839feffd6, thingarn=arn:aws:iot:us-east-1:507441099951:thing/iot-device-02, thingtypename=null, attributes={installed=1593361211, latitude=32.8205865, longitude=-96.871627}, version=1, billinggroupname=null}","2020-11-26 00:00:00.000"
"iot-device-03","1.5946399160552065E9","52.3","70.88","false","false","0.0078","0.0051","0.0208","2020-11-26T17:20:39.919+0000","{defaultclientid=iot-device-03, thingname=iot-device-03, thingid=877352b9-a35d-45d3-9c98-162d89965a13, thingarn=arn:aws:iot:us-east-1:507441099951:thing/iot-device-03, thingtypename=null, attributes={installed=1592562234, latitude=37.4133144, longitude=-122.1513069}, version=1, billinggroupname=null}","2020-11-26 00:00:00.000"
"iot-device-01","1.5946399192580767E9","76.2","67.28","false","false","0.0062","0.0037","0.0164","2020-11-26T17:20:40.210+0000","{defaultclientid=iot-device-01, thingname=iot-device-01, thingid=983c2b68-f9a3-4e83-b3c6-9f6f8ad5431b, thingarn=arn:aws:iot:us-east-1:507441099951:thing/iot-device-01, thingtypename=null, attributes={installed=1594665292, latitude=37.4133144, longitude=-122.1513069}, version=1, billinggroupname=null}","2020-11-26 00:00:00.000"
"iot-device-03","1.5946399197483525E9","52.3","70.88","false","false","0.0078","0.0051","0.0208","2020-11-26T17:20:40.509+0000","{defaultclientid=iot-device-03, thingname=iot-device-03, thingid=877352b9-a35d-45d3-9c98-162d89965a13, thingarn=arn:aws:iot:us-east-1:507441099951:thing/iot-device-03, thingtypename=null, attributes={installed=1592562234, latitude=37.4133144, longitude=-122.1513069}, version=1, billinggroupname=null}","2020-11-26 00:00:00.000"
"iot-device-03","1.5946399234361675E9","52.3","70.88","false","false","0.0078","0.0051","0.0209","2020-11-26T17:20:40.800+0000","{defaultclientid=iot-device-03, thingname=iot-device-03, thingid=877352b9-a35d-45d3-9c98-162d89965a13, thingarn=arn:aws:iot:us-east-1:507441099951:thing/iot-device-03, thingtypename=null, attributes={installed=1592562234, latitude=37.4133144, longitude=-122.1513069}, version=1, billinggroupname=null}","2020-11-26 00:00:00.000"
"iot-device-03","1.5946399271238036E9","52.3","70.88","false","false","0.0078","0.0051","0.0208","2020-11-26T17:20:41.090+0000","{defaultclientid=iot-device-03, thingname=iot-device-03, thingid=877352b9-a35d-45d3-9c98-162d89965a13, thingarn=arn:aws:iot:us-east-1:507441099951:thing/iot-device-03, thingtypename=null, attributes={installed=1592562234, latitude=37.4133144, longitude=-122.1513069}, version=1, billinggroupname=null}","2020-11-26 00:00:00.000"
"iot-device-02","1.5946399298762765E9","59.8","74.48","true","false","0.0072","0.0046","0.0192","2020-11-26T17:20:41.380+0000","{defaultclientid=iot-device-02, thingname=iot-device-02, thingid=4ae4927a-aefb-4584-a45a-fc4839feffd6, thingarn=arn:aws:iot:us-east-1:507441099951:thing/iot-device-02, thingtypename=null, attributes={installed=1593361211, latitude=32.8205865, longitude=-96.871627}, version=1, billinggroupname=null}","2020-11-26 00:00:00.000"
"iot-device-03","1.5946399308100886E9","52.3","70.88","false","false","0.0078","0.0051","0.0209","2020-11-26T17:20:41.670+0000","{defaultclientid=iot-device-03, thingname=iot-device-03, thingid=877352b9-a35d-45d3-9c98-162d89965a13, thingarn=arn:aws:iot:us-east-1:507441099951:thing/iot-device-03, thingtypename=null, attributes={installed=1592562234, latitude=37.4133144, longitude=-122.1513069}, version=1, billinggroupname=null}","2020-11-26 00:00:00.000"
"iot-device-01","1.5946106419068098E9","73.8","66.56","false","false","0.0085","0.0057","0.0228","2020-11-26T17:04:03.171+0000","{defaultclientid=iot-device-01, thingname=iot-device-01, thingid=983c2b68-f9a3-4e83-b3c6-9f6f8ad5431b, thingarn=arn:aws:iot:us-east-1:507441099951:thing/iot-device-01, thingtypename=null, attributes={installed=1594665292, latitude=37.4133144, longitude=-122.1513069}, version=1, billinggroupname=null}","2020-11-26 00:00:00.000"
"iot-device-02","1.5946106435490453E9","59.6","78.08","true","false","0.0072","0.0045","0.019","2020-11-26T17:04:03.463+0000","{defaultclientid=iot-device-02, thingname=iot-device-02, thingid=4ae4927a-aefb-4584-a45a-fc4839feffd6, thingarn=arn:aws:iot:us-east-1:507441099951:thing/iot-device-02, thingtypename=null, attributes={installed=1593361211, latitude=32.8205865, longitude=-96.871627}, version=1, billinggroupname=null}","2020-11-26 00:00:00.000"
"iot-device-03","1.5946106439261606E9","48.5","71.78","false","false","0.0077","0.005","0.0207","2020-11-26T17:04:03.755+0000","{defaultclientid=iot-device-03, thingname=iot-device-03, thingid=877352b9-a35d-45d3-9c98-162d89965a13, thingarn=arn:aws:iot:us-east-1:507441099951:thing/iot-device-03, thingtypename=null, attributes={installed=1592562234, latitude=37.4133144, longitude=-122.1513069}, version=1, billinggroupname=null}","2020-11-26 00:00:00.000"
"iot-device-01","1.5946106473369489E9","73.9","66.56","false","false","0.0085","0.0057","0.0228","2020-11-26T17:04:04.038+0000","{defaultclientid=iot-device-01, thingname=iot-device-01, thingid=983c2b68-f9a3-4e83-b3c6-9f6f8ad5431b, thingarn=arn:aws:iot:us-east-1:507441099951:thing/iot-device-01, thingtypename=null, attributes={installed=1594665292, latitude=37.4133144, longitude=-122.1513069}, version=1, billinggroupname=null}","2020-11-26 00:00:00.000"
"iot-device-03","1.5946106476100602E9","48.4","71.78","false","false","0.0078","0.0051","0.0208","2020-11-26T17:04:04.325+0000","{defaultclientid=iot-device-03, thingname=iot-device-03, thingid=877352b9-a35d-45d3-9c98-162d89965a13, thingarn=arn:aws:iot:us-east-1:507441099951:thing/iot-device-03, thingtypename=null, attributes={installed=1592562234, latitude=37.4133144, longitude=-122.1513069}, version=1, billinggroupname=null}","2020-11-26 00:00:00.000"
"iot-device-02","1.594610650566169E9","59.6","78.08","true","false","0.0071","0.0045","0.0189","2020-11-26T17:04:04.619+0000","{defaultclientid=iot-device-02, thingname=iot-device-02, thingid=4ae4927a-aefb-4584-a45a-fc4839feffd6, thingarn=arn:aws:iot:us-east-1:507441099951:thing/iot-device-02, thingtypename=null, attributes={installed=1593361211, latitude=32.8205865, longitude=-96.871627}, version=1, billinggroupname=null}","2020-11-26 00:00:00.000"
"iot-device-03","1.5946106512707126E9","48.3","71.78","false","false","0.0078","0.0051","0.0208","2020-11-26T17:04:04.907+0000","{defaultclientid=iot-device-03, thingname=iot-device-03, thingid=877352b9-a35d-45d3-9c98-162d89965a13, thingarn=arn:aws:iot:us-east-1:507441099951:thing/iot-device-03, thingtypename=null, attributes={installed=1592562234, latitude=37.4133144, longitude=-122.1513069}, version=1, billinggroupname=null}","2020-11-26 00:00:00.000"
"iot-device-03","1.5946106549790454E9","48.2","71.78","false","false","0.0077","0.005","0.0206","2020-11-26T17:04:05.204+0000","{defaultclientid=iot-device-03, thingname=iot-device-03, thingid=877352b9-a35d-45d3-9c98-162d89965a13, thingarn=arn:aws:iot:us-east-1:507441099951:thing/iot-device-03, thingtypename=null, attributes={installed=1592562234, latitude=37.4133144, longitude=-122.1513069}, version=1, billinggroupname=null}","2020-11-26 00:00:00.000"
"iot-device-02","1.5946106554473605E9","59.6","78.08","true","false","0.0072","0.0045","0.019","2020-11-26T17:04:05.520+0000","{defaultclientid=iot-device-02, thingname=iot-device-02, thingid=4ae4927a-aefb-4584-a45a-fc4839feffd6, thingarn=arn:aws:iot:us-east-1:507441099951:thing/iot-device-02, thingtypename=null, attributes={installed=1593361211, latitude=32.8205865, longitude=-96.871627}, version=1, billinggroupname=null}","2020-11-26 00:00:00.000"
"iot-device-01","1.5946106559879346E9","73.9","66.56","false","false","0.0086","0.0058","0.0232","2020-11-26T17:04:05.814+0000","{defaultclientid=iot-device-01, thingname=iot-device-01, thingid=983c2b68-f9a3-4e83-b3c6-9f6f8ad5431b, thingarn=arn:aws:iot:us-east-1:507441099951:thing/iot-device-01, thingtypename=null, attributes={installed=1594665292, latitude=37.4133144, longitude=-122.1513069}, version=1, billinggroupname=null}","2020-11-26 00:00:00.000"
"iot-device-03","1.5946107581958551E9","48.2","71.42","false","false","0.0077","0.005","0.0206","2020-11-26T17:04:23.960+0000","{defaultclientid=iot-device-03, thingname=iot-device-03, thingid=877352b9-a35d-45d3-9c98-162d89965a13, thingarn=arn:aws:iot:us-east-1:507441099951:thing/iot-device-03, thingtypename=null, attributes={installed=1592562234, latitude=37.4133144, longitude=-122.1513069}, version=1, billinggroupname=null}","2020-11-26 00:00:00.000"
"iot-device-01","1.5946107586880696E9","73.7","66.38","false","false","0.0086","0.0058","0.0232","2020-11-26T17:04:24.265+0000","{defaultclientid=iot-device-01, thingname=iot-device-01, thingid=983c2b68-f9a3-4e83-b3c6-9f6f8ad5431b, thingarn=arn:aws:iot:us-east-1:507441099951:thing/iot-device-01, thingtypename=null, attributes={installed=1594665292, latitude=37.4133144, longitude=-122.1513069}, version=1, billinggroupname=null}","2020-11-26 00:00:00.000"
"iot-device-02","1.594610761217418E9","59.6","78.08","true","false","0.0072","0.0045","0.019","2020-11-26T17:04:24.556+0000","{defaultclientid=iot-device-02, thingname=iot-device-02, thingid=4ae4927a-aefb-4584-a45a-fc4839feffd6, thingarn=arn:aws:iot:us-east-1:507441099951:thing/iot-device-02, thingtypename=null, attributes={installed=1593361211, latitude=32.8205865, longitude=-96.871627}, version=1, billinggroupname=null}","2020-11-26 00:00:00.000"
"iot-device-03","1.5946107618817961E9","48.1","71.42","false","false","0.0078","0.005","0.0207","2020-11-26T17:04:24.850+0000","{defaultclientid=iot-device-03, thingname=iot-device-03, thingid=877352b9-a35d-45d3-9c98-162d89965a13, thingarn=arn:aws:iot:us-east-1:507441099951:thing/iot-device-03, thingtypename=null, attributes={installed=1592562234, latitude=37.4133144, longitude=-122.1513069}, version=1, billinggroupname=null}","2020-11-26 00:00:00.000"
"iot-device-01","1.5946107641168506E9","73.7","66.38","false","false","0.0085","0.0057","0.0228","2020-11-26T17:04:25.127+0000","{defaultclientid=iot-device-01, thingname=iot-device-01, thingid=983c2b68-f9a3-4e83-b3c6-9f6f8ad5431b, thingarn=arn:aws:iot:us-east-1:507441099951:thing/iot-device-01, thingtypename=null, attributes={installed=1594665292, latitude=37.4133144, longitude=-122.1513069}, version=1, billinggroupname=null}","2020-11-26 00:00:00.000"
"iot-device-02","1.5946107650385766E9","59.6","78.08","true","false","0.0071","0.0045","0.0189","2020-11-26T17:04:25.420+0000","{defaultclientid=iot-device-02, thingname=iot-device-02, thingid=4ae4927a-aefb-4584-a45a-fc4839feffd6, thingarn=arn:aws:iot:us-east-1:507441099951:thing/iot-device-02, thingtypename=null, attributes={installed=1593361211, latitude=32.8205865, longitude=-96.871627}, version=1, billinggroupname=null}","2020-11-26 00:00:00.000"
"iot-device-03","1.5946107655678892E9","48.0","71.42","false","false","0.0077","0.005","0.0207","2020-11-26T17:04:25.716+0000","{defaultclientid=iot-device-03, thingname=iot-device-03, thingid=877352b9-a35d-45d3-9c98-162d89965a13, thingarn=arn:aws:iot:us-east-1:507441099951:thing/iot-device-03, thingtypename=null, attributes={installed=1592562234, latitude=37.4133144, longitude=-122.1513069}, version=1, billinggroupname=null}","2020-11-26 00:00:00.000"
"iot-device-01","1.5946107679403567E9","73.7","66.38","false","false","0.0086","0.0058","0.0232","2020-11-26T17:04:26.009+0000","{defaultclientid=iot-device-01, thingname=iot-device-01, thingid=983c2b68-f9a3-4e83-b3c6-9f6f8ad5431b, thingarn=arn:aws:iot:us-east-1:507441099951:thing/iot-device-01, thingtypename=null, attributes={installed=1594665292, latitude=37.4133144, longitude=-122.1513069}, version=1, billinggroupname=null}","2020-11-26 00:00:00.000"
"iot-device-02","1.594610768851356E9","59.7","78.08","true","false","0.0072","0.0045","0.019","2020-11-26T17:04:26.299+0000","{defaultclientid=iot-device-02, thingname=iot-device-02, thingid=4ae4927a-aefb-4584-a45a-fc4839feffd6, thingarn=arn:aws:iot:us-east-1:507441099951:thing/iot-device-02, thingtypename=null, attributes={installed=1593361211, latitude=32.8205865, longitude=-96.871627}, version=1, billinggroupname=null}","2020-11-26 00:00:00.000"
"iot-device-03","1.594610769251292E9","48.0","71.42","false","false","0.0078","0.0051","0.0208","2020-11-26T17:04:26.592+0000","{defaultclientid=iot-device-03, thingname=iot-device-03, thingid=877352b9-a35d-45d3-9c98-162d89965a13, thingarn=arn:aws:iot:us-east-1:507441099951:thing/iot-device-03, thingtypename=null, attributes={installed=1592562234, latitude=37.4133144, longitude=-122.1513069}, version=1, billinggroupname=null}","2020-11-26 00:00:00.000"
"iot-device-03","1.5946106955253415E9","48.4","71.6","false","false","0.0077","0.005","0.0207","2020-11-26T17:04:12.086+0000","{defaultclientid=iot-device-03, thingname=iot-device-03, thingid=877352b9-a35d-45d3-9c98-162d89965a13, thingarn=arn:aws:iot:us-east-1:507441099951:thing/iot-device-03, thingtypename=null, attributes={installed=1592562234, latitude=37.4133144, longitude=-122.1513069}, version=1, billinggroupname=null}","2020-11-26 00:00:00.000"
"iot-device-02","1.5946106983178766E9","59.6","78.26","true","false","0.0072","0.0045","0.0191","2020-11-26T17:04:12.376+0000","{defaultclientid=iot-device-02, thingname=iot-device-02, thingid=4ae4927a-aefb-4584-a45a-fc4839feffd6, thingarn=arn:aws:iot:us-east-1:507441099951:thing/iot-device-02, thingtypename=null, attributes={installed=1593361211, latitude=32.8205865, longitude=-96.871627}, version=1, billinggroupname=null}","2020-11-26 00:00:00.000"
"iot-device-03","1.594610699211227E9","48.3","71.6","false","false","0.0078","0.0051","0.0208","2020-11-26T17:04:12.679+0000","{defaultclientid=iot-device-03, thingname=iot-device-03, thingid=877352b9-a35d-45d3-9c98-162d89965a13, thingarn=arn:aws:iot:us-east-1:507441099951:thing/iot-device-03, thingtypename=null, attributes={installed=1592562234, latitude=37.4133144, longitude=-122.1513069}, version=1, billinggroupname=null}","2020-11-26 00:00:00.000"
"iot-device-01","1.5946107000858376E9","73.7","66.38","false","false","0.0086","0.0058","0.0232","2020-11-26T17:04:12.981+0000","{defaultclientid=iot-device-01, thingname=iot-device-01, thingid=983c2b68-f9a3-4e83-b3c6-9f6f8ad5431b, thingarn=arn:aws:iot:us-east-1:507441099951:thing/iot-device-01, thingtypename=null, attributes={installed=1594665292, latitude=37.4133144, longitude=-122.1513069}, version=1, billinggroupname=null}","2020-11-26 00:00:00.000"
"iot-device-03","1.5946107028963606E9","48.4","71.6","false","false","0.0078","0.005","0.0207","2020-11-26T17:04:13.274+0000","{defaultclientid=iot-device-03, thingname=iot-device-03, thingid=877352b9-a35d-45d3-9c98-162d89965a13, thingarn=arn:aws:iot:us-east-1:507441099951:thing/iot-device-03, thingtypename=null, attributes={installed=1592562234, latitude=37.4133144, longitude=-122.1513069}, version=1, billinggroupname=null}","2020-11-26 00:00:00.000"
"iot-device-02","1.5946107042860644E9","59.6","78.08","true","false","0.0071","0.0045","0.0189","2020-11-26T17:04:13.562+0000","{defaultclientid=iot-device-02, thingname=iot-device-02, thingid=4ae4927a-aefb-4584-a45a-fc4839feffd6, thingarn=arn:aws:iot:us-east-1:507441099951:thing/iot-device-02, thingtypename=null, attributes={installed=1593361211, latitude=32.8205865, longitude=-96.871627}, version=1, billinggroupname=null}","2020-11-26 00:00:00.000"
"iot-device-01","1.594610704438507E9","73.7","66.38","false","false","0.0086","0.0058","0.0232","2020-11-26T17:04:13.859+0000","{defaultclientid=iot-device-01, thingname=iot-device-01, thingid=983c2b68-f9a3-4e83-b3c6-9f6f8ad5431b, thingarn=arn:aws:iot:us-east-1:507441099951:thing/iot-device-01, thingtypename=null, attributes={installed=1594665292, latitude=37.4133144, longitude=-122.1513069}, version=1, billinggroupname=null}","2020-11-26 00:00:00.000"
"iot-device-03","1.594610706582692E9","48.4","71.6","false","false","0.0078","0.005","0.0207","2020-11-26T17:04:14.163+0000","{defaultclientid=iot-device-03, thingname=iot-device-03, thingid=877352b9-a35d-45d3-9c98-162d89965a13, thingarn=arn:aws:iot:us-east-1:507441099951:thing/iot-device-03, thingtypename=null, attributes={installed=1592562234, latitude=37.4133144, longitude=-122.1513069}, version=1, billinggroupname=null}","2020-11-26 00:00:00.000"
"iot-device-01","1.594610708252066E9","73.7","66.38","false","false","0.0086","0.0058","0.0232","2020-11-26T17:04:14.478+0000","{defaultclientid=iot-device-01, thingname=iot-device-01, thingid=983c2b68-f9a3-4e83-b3c6-9f6f8ad5431b, thingarn=arn:aws:iot:us-east-1:507441099951:thing/iot-device-01, thingtypename=null, attributes={installed=1594665292, latitude=37.4133144, longitude=-122.1513069}, version=1, billinggroupname=null}","2020-11-26 00:00:00.000"
"iot-device-02","1.5946107091594725E9","59.6","78.08","true","false","0.0071","0.0045","0.019","2020-11-26T17:04:14.786+0000","{defaultclientid=iot-device-02, thingname=iot-device-02, thingid=4ae4927a-aefb-4584-a45a-fc4839feffd6, thingarn=arn:aws:iot:us-east-1:507441099951:thing/iot-device-02, thingtypename=null, attributes={installed=1593361211, latitude=32.8205865, longitude=-96.871627}, version=1, billinggroupname=null}","2020-11-26 00:00:00.000"
"iot-device-01","1.5946106771031249E9","73.8","66.56","false","false","0.0085","0.0057","0.0228","2020-11-26T17:04:09.092+0000","{defaultclientid=iot-device-01, thingname=iot-device-01, thingid=983c2b68-f9a3-4e83-b3c6-9f6f8ad5431b, thingarn=arn:aws:iot:us-east-1:507441099951:thing/iot-device-01, thingtypename=null, attributes={installed=1594665292, latitude=37.4133144, longitude=-122.1513069}, version=1, billinggroupname=null}","2020-11-26 00:00:00.000"
"iot-device-02","1.5946106783440695E9","59.8","78.08","true","false","0.0071","0.0045","0.019","2020-11-26T17:04:09.458+0000","{defaultclientid=iot-device-02, thingname=iot-device-02, thingid=4ae4927a-aefb-4584-a45a-fc4839feffd6, thingarn=arn:aws:iot:us-east-1:507441099951:thing/iot-device-02, thingtypename=null, attributes={installed=1593361211, latitude=32.8205865, longitude=-96.871627}, version=1, billinggroupname=null}","2020-11-26 00:00:00.000"
"iot-device-03","1.5946106807811143E9","48.3","71.6","false","false","0.0078","0.0051","0.0207","2020-11-26T17:04:09.751+0000","{defaultclientid=iot-device-03, thingname=iot-device-03, thingid=877352b9-a35d-45d3-9c98-162d89965a13, thingarn=arn:aws:iot:us-east-1:507441099951:thing/iot-device-03, thingtypename=null, attributes={installed=1592562234, latitude=37.4133144, longitude=-122.1513069}, version=1, billinggroupname=null}","2020-11-26 00:00:00.000"
"iot-device-01","1.5946106830627859E9","73.8","66.56","false","false","0.0085","0.0057","0.0228","2020-11-26T17:04:10.033+0000","{defaultclientid=iot-device-01, thingname=iot-device-01, thingid=983c2b68-f9a3-4e83-b3c6-9f6f8ad5431b, thingarn=arn:aws:iot:us-east-1:507441099951:thing/iot-device-01, thingtypename=null, attributes={installed=1594665292, latitude=37.4133144, longitude=-122.1513069}, version=1, billinggroupname=null}","2020-11-26 00:00:00.000"
"iot-device-03","1.5946106844670446E9","48.4","71.6","false","false","0.0078","0.0051","0.0207","2020-11-26T17:04:10.325+0000","{defaultclientid=iot-device-03, thingname=iot-device-03, thingid=877352b9-a35d-45d3-9c98-162d89965a13, thingarn=arn:aws:iot:us-east-1:507441099951:thing/iot-device-03, thingtypename=null, attributes={installed=1592562234, latitude=37.4133144, longitude=-122.1513069}, version=1, billinggroupname=null}","2020-11-26 00:00:00.000"
"iot-device-01","1.5946106879525268E9","73.7","66.38","false","false","0.0083","0.0055","0.0221","2020-11-26T17:04:10.611+0000","{defaultclientid=iot-device-01, thingname=iot-device-01, thingid=983c2b68-f9a3-4e83-b3c6-9f6f8ad5431b, thingarn=arn:aws:iot:us-east-1:507441099951:thing/iot-device-01, thingtypename=null, attributes={installed=1594665292, latitude=37.4133144, longitude=-122.1513069}, version=1, billinggroupname=null}","2020-11-26 00:00:00.000"
"iot-device-02","1.5946106880296338E9","59.6","78.26","true","false","0.0072","0.0045","0.019","2020-11-26T17:04:10.906+0000","{defaultclientid=iot-device-02, thingname=iot-device-02, thingid=4ae4927a-aefb-4584-a45a-fc4839feffd6, thingarn=arn:aws:iot:us-east-1:507441099951:thing/iot-device-02, thingtypename=null, attributes={installed=1593361211, latitude=32.8205865, longitude=-96.871627}, version=1, billinggroupname=null}","2020-11-26 00:00:00.000"
"iot-device-03","1.5946106881531687E9","48.4","71.6","false","false","0.0078","0.0051","0.0207","2020-11-26T17:04:11.200+0000","{defaultclientid=iot-device-03, thingname=iot-device-03, thingid=877352b9-a35d-45d3-9c98-162d89965a13, thingarn=arn:aws:iot:us-east-1:507441099951:thing/iot-device-03, thingtypename=null, attributes={installed=1592562234, latitude=37.4133144, longitude=-122.1513069}, version=1, billinggroupname=null}","2020-11-26 00:00:00.000"
"iot-device-03","1.5946106918392036E9","48.4","71.6","false","false","0.0078","0.005","0.0207","2020-11-26T17:04:11.486+0000","{defaultclientid=iot-device-03, thingname=iot-device-03, thingid=877352b9-a35d-45d3-9c98-162d89965a13, thingarn=arn:aws:iot:us-east-1:507441099951:thing/iot-device-03, thingtypename=null, attributes={installed=1592562234, latitude=37.4133144, longitude=-122.1513069}, version=1, billinggroupname=null}","2020-11-26 00:00:00.000"
"iot-device-02","1.5946106939758782E9","59.6","78.08","true","false","0.0072","0.0045","0.019","2020-11-26T17:04:11.782+0000","{defaultclientid=iot-device-02, thingname=iot-device-02, thingid=4ae4927a-aefb-4584-a45a-fc4839feffd6, thingarn=arn:aws:iot:us-east-1:507441099951:thing/iot-device-02, thingtypename=null, attributes={installed=1593361211, latitude=32.8205865, longitude=-96.871627}, version=1, billinggroupname=null}","2020-11-26 00:00:00.000"
"iot-device-03","1.5946107434496481E9","48.2","71.42","false","false","0.0078","0.0051","0.0208","2020-11-26T17:04:20.987+0000","{defaultclientid=iot-device-03, thingname=iot-device-03, thingid=877352b9-a35d-45d3-9c98-162d89965a13, thingarn=arn:aws:iot:us-east-1:507441099951:thing/iot-device-03, thingtypename=null, attributes={installed=1592562234, latitude=37.4133144, longitude=-122.1513069}, version=1, billinggroupname=null}","2020-11-26 00:00:00.000"
"iot-device-01","1.594610745160691E9","73.8","66.38","false","false","0.0086","0.0058","0.0232","2020-11-26T17:04:21.281+0000","{defaultclientid=iot-device-01, thingname=iot-device-01, thingid=983c2b68-f9a3-4e83-b3c6-9f6f8ad5431b, thingarn=arn:aws:iot:us-east-1:507441099951:thing/iot-device-01, thingtypename=null, attributes={installed=1594665292, latitude=37.4133144, longitude=-122.1513069}, version=1, billinggroupname=null}","2020-11-26 00:00:00.000"
"iot-device-02","1.5946107454483476E9","59.7","78.08","true","false","0.0071","0.0045","0.019","2020-11-26T17:04:21.560+0000","{defaultclientid=iot-device-02, thingname=iot-device-02, thingid=4ae4927a-aefb-4584-a45a-fc4839feffd6, thingarn=arn:aws:iot:us-east-1:507441099951:thing/iot-device-02, thingtypename=null, attributes={installed=1593361211, latitude=32.8205865, longitude=-96.871627}, version=1, billinggroupname=null}","2020-11-26 00:00:00.000"
"iot-device-03","1.5946107471372108E9","48.2","71.42","false","false","0.0078","0.0051","0.0208","2020-11-26T17:04:21.865+0000","{defaultclientid=iot-device-03, thingname=iot-device-03, thingid=877352b9-a35d-45d3-9c98-162d89965a13, thingarn=arn:aws:iot:us-east-1:507441099951:thing/iot-device-03, thingtypename=null, attributes={installed=1592562234, latitude=37.4133144, longitude=-122.1513069}, version=1, billinggroupname=null}","2020-11-26 00:00:00.000"
"iot-device-02","1.594610749256709E9","59.7","78.08","true","false","0.0072","0.0045","0.019","2020-11-26T17:04:22.157+0000","{defaultclientid=iot-device-02, thingname=iot-device-02, thingid=4ae4927a-aefb-4584-a45a-fc4839feffd6, thingarn=arn:aws:iot:us-east-1:507441099951:thing/iot-device-02, thingtypename=null, attributes={installed=1593361211, latitude=32.8205865, longitude=-96.871627}, version=1, billinggroupname=null}","2020-11-26 00:00:00.000"
"iot-device-01","1.5946107495119042E9","73.9","66.56","false","false","0.0083","0.0055","0.0222","2020-11-26T17:04:22.460+0000","{defaultclientid=iot-device-01, thingname=iot-device-01, thingid=983c2b68-f9a3-4e83-b3c6-9f6f8ad5431b, thingarn=arn:aws:iot:us-east-1:507441099951:thing/iot-device-01, thingtypename=null, attributes={installed=1594665292, latitude=37.4133144, longitude=-122.1513069}, version=1, billinggroupname=null}","2020-11-26 00:00:00.000"
"iot-device-03","1.5946107508247292E9","48.2","71.42","false","false","0.0077","0.005","0.0207","2020-11-26T17:04:22.759+0000","{defaultclientid=iot-device-03, thingname=iot-device-03, thingid=877352b9-a35d-45d3-9c98-162d89965a13, thingarn=arn:aws:iot:us-east-1:507441099951:thing/iot-device-03, thingtypename=null, attributes={installed=1592562234, latitude=37.4133144, longitude=-122.1513069}, version=1, billinggroupname=null}","2020-11-26 00:00:00.000"
"iot-device-02","1.5946107536007838E9","59.7","78.08","true","false","0.0071","0.0045","0.0189","2020-11-26T17:04:23.071+0000","{defaultclientid=iot-device-02, thingname=iot-device-02, thingid=4ae4927a-aefb-4584-a45a-fc4839feffd6, thingarn=arn:aws:iot:us-east-1:507441099951:thing/iot-device-02, thingtypename=null, attributes={installed=1593361211, latitude=32.8205865, longitude=-96.871627}, version=1, billinggroupname=null}","2020-11-26 00:00:00.000"
"iot-device-03","1.5946107545098982E9","48.2","71.42","false","false","0.0078","0.005","0.0207","2020-11-26T17:04:23.370+0000","{defaultclientid=iot-device-03, thingname=iot-device-03, thingid=877352b9-a35d-45d3-9c98-162d89965a13, thingarn=arn:aws:iot:us-east-1:507441099951:thing/iot-device-03, thingtypename=null, attributes={installed=1592562234, latitude=37.4133144, longitude=-122.1513069}, version=1, billinggroupname=null}","2020-11-26 00:00:00.000"
"iot-device-02","1.5946107574097662E9","59.8","78.08","true","false","0.0071","0.0045","0.019","2020-11-26T17:04:23.667+0000","{defaultclientid=iot-device-02, thingname=iot-device-02, thingid=4ae4927a-aefb-4584-a45a-fc4839feffd6, thingarn=arn:aws:iot:us-east-1:507441099951:thing/iot-device-02, thingtypename=null, attributes={installed=1593361211, latitude=32.8205865, longitude=-96.871627}, version=1, billinggroupname=null}","2020-11-26 00:00:00.000"
"iot-device-03","1.5946107729376686E9","48.1","71.42","false","false","0.0078","0.0051","0.0207","2020-11-26T17:04:26.879+0000","{defaultclientid=iot-device-03, thingname=iot-device-03, thingid=877352b9-a35d-45d3-9c98-162d89965a13, thingarn=arn:aws:iot:us-east-1:507441099951:thing/iot-device-03, thingtypename=null, attributes={installed=1592562234, latitude=37.4133144, longitude=-122.1513069}, version=1, billinggroupname=null}","2020-11-26 00:00:00.000"
"iot-device-03","1.5946107766215096E9","48.1","71.42","false","false","0.0078","0.0051","0.0208","2020-11-26T17:04:27.177+0000","{defaultclientid=iot-device-03, thingname=iot-device-03, thingid=877352b9-a35d-45d3-9c98-162d89965a13, thingarn=arn:aws:iot:us-east-1:507441099951:thing/iot-device-03, thingtypename=null, attributes={installed=1592562234, latitude=37.4133144, longitude=-122.1513069}, version=1, billinggroupname=null}","2020-11-26 00:00:00.000"
"iot-device-02","1.5946107769352546E9","59.6","78.08","true","false","0.0072","0.0045","0.019","2020-11-26T17:04:27.459+0000","{defaultclientid=iot-device-02, thingname=iot-device-02, thingid=4ae4927a-aefb-4584-a45a-fc4839feffd6, thingarn=arn:aws:iot:us-east-1:507441099951:thing/iot-device-02, thingtypename=null, attributes={installed=1593361211, latitude=32.8205865, longitude=-96.871627}, version=1, billinggroupname=null}","2020-11-26 00:00:00.000"
"iot-device-01","1.5946107800940814E9","73.7","66.38","false","false","0.0085","0.0057","0.0228","2020-11-26T17:04:27.753+0000","{defaultclientid=iot-device-01, thingname=iot-device-01, thingid=983c2b68-f9a3-4e83-b3c6-9f6f8ad5431b, thingarn=arn:aws:iot:us-east-1:507441099951:thing/iot-device-01, thingtypename=null, attributes={installed=1594665292, latitude=37.4133144, longitude=-122.1513069}, version=1, billinggroupname=null}","2020-11-26 00:00:00.000"
"iot-device-03","1.5946107803060415E9","48.1","71.42","false","false","0.0078","0.0051","0.0208","2020-11-26T17:04:28.045+0000","{defaultclientid=iot-device-03, thingname=iot-device-03, thingid=877352b9-a35d-45d3-9c98-162d89965a13, thingarn=arn:aws:iot:us-east-1:507441099951:thing/iot-device-03, thingtypename=null, attributes={installed=1592562234, latitude=37.4133144, longitude=-122.1513069}, version=1, billinggroupname=null}","2020-11-26 00:00:00.000"
"iot-device-02","1.5946107812769787E9","59.7","78.08","true","false","0.0072","0.0045","0.019","2020-11-26T17:04:28.353+0000","{defaultclientid=iot-device-02, thingname=iot-device-02, thingid=4ae4927a-aefb-4584-a45a-fc4839feffd6, thingarn=arn:aws:iot:us-east-1:507441099951:thing/iot-device-02, thingtypename=null, attributes={installed=1593361211, latitude=32.8205865, longitude=-96.871627}, version=1, billinggroupname=null}","2020-11-26 00:00:00.000"
"iot-device-03","1.594610783990488E9","48.1","71.42","false","false","0.0078","0.0051","0.0207","2020-11-26T17:04:28.644+0000","{defaultclientid=iot-device-03, thingname=iot-device-03, thingid=877352b9-a35d-45d3-9c98-162d89965a13, thingarn=arn:aws:iot:us-east-1:507441099951:thing/iot-device-03, thingtypename=null, attributes={installed=1592562234, latitude=37.4133144, longitude=-122.1513069}, version=1, billinggroupname=null}","2020-11-26 00:00:00.000"
"iot-device-01","1.5946107865990825E9","73.8","66.38","false","false","0.0085","0.0057","0.0228","2020-11-26T17:04:28.934+0000","{defaultclientid=iot-device-01, thingname=iot-device-01, thingid=983c2b68-f9a3-4e83-b3c6-9f6f8ad5431b, thingarn=arn:aws:iot:us-east-1:507441099951:thing/iot-device-01, thingtypename=null, attributes={installed=1594665292, latitude=37.4133144, longitude=-122.1513069}, version=1, billinggroupname=null}","2020-11-26 00:00:00.000"
"iot-device-02","1.5946107866849215E9","59.6","78.08","true","false","0.0072","0.0045","0.019","2020-11-26T17:04:29.230+0000","{defaultclientid=iot-device-02, thingname=iot-device-02, thingid=4ae4927a-aefb-4584-a45a-fc4839feffd6, thingarn=arn:aws:iot:us-east-1:507441099951:thing/iot-device-02, thingtypename=null, attributes={installed=1593361211, latitude=32.8205865, longitude=-96.871627}, version=1, billinggroupname=null}","2020-11-26 00:00:00.000"
"iot-device-03","1.5946107875896175E9","48.1","71.42","false","false","0.0078","0.0051","0.0208","2020-11-26T17:04:29.539+0000","{defaultclientid=iot-device-03, thingname=iot-device-03, thingid=877352b9-a35d-45d3-9c98-162d89965a13, thingarn=arn:aws:iot:us-east-1:507441099951:thing/iot-device-03, thingtypename=null, attributes={installed=1592562234, latitude=37.4133144, longitude=-122.1513069}, version=1, billinggroupname=null}","2020-11-26 00:00:00.000"
"iot-device-03","1.5946107102684875E9","48.4","71.6","false","false","0.0077","0.005","0.0207","2020-11-26T17:04:15.097+0000","{defaultclientid=iot-device-03, thingname=iot-device-03, thingid=877352b9-a35d-45d3-9c98-162d89965a13, thingarn=arn:aws:iot:us-east-1:507441099951:thing/iot-device-03, thingtypename=null, attributes={installed=1592562234, latitude=37.4133144, longitude=-122.1513069}, version=1, billinggroupname=null}","2020-11-26 00:00:00.000"
"iot-device-02","1.594610712966595E9","59.6","78.08","true","false","0.0071","0.0045","0.0189","2020-11-26T17:04:15.401+0000","{defaultclientid=iot-device-02, thingname=iot-device-02, thingid=4ae4927a-aefb-4584-a45a-fc4839feffd6, thingarn=arn:aws:iot:us-east-1:507441099951:thing/iot-device-02, thingtypename=null, attributes={installed=1593361211, latitude=32.8205865, longitude=-96.871627}, version=1, billinggroupname=null}","2020-11-26 00:00:00.000"
"iot-device-03","1.5946107139545784E9","48.4","71.6","false","false","0.0078","0.0051","0.0208","2020-11-26T17:04:15.685+0000","{defaultclientid=iot-device-03, thingname=iot-device-03, thingid=877352b9-a35d-45d3-9c98-162d89965a13, thingarn=arn:aws:iot:us-east-1:507441099951:thing/iot-device-03, thingtypename=null, attributes={installed=1592562234, latitude=37.4133144, longitude=-122.1513069}, version=1, billinggroupname=null}","2020-11-26 00:00:00.000"
"iot-device-01","1.5946107153249207E9","73.8","66.38","false","false","0.0087","0.0059","0.0234","2020-11-26T17:04:15.970+0000","{defaultclientid=iot-device-01, thingname=iot-device-01, thingid=983c2b68-f9a3-4e83-b3c6-9f6f8ad5431b, thingarn=arn:aws:iot:us-east-1:507441099951:thing/iot-device-01, thingtypename=null, attributes={installed=1594665292, latitude=37.4133144, longitude=-122.1513069}, version=1, billinggroupname=null}","2020-11-26 00:00:00.000"
"iot-device-03","1.5946107176395984E9","48.4","71.6","false","false","0.0078","0.0051","0.0207","2020-11-26T17:04:16.270+0000","{defaultclientid=iot-device-03, thingname=iot-device-03, thingid=877352b9-a35d-45d3-9c98-162d89965a13, thingarn=arn:aws:iot:us-east-1:507441099951:thing/iot-device-03, thingtypename=null, attributes={installed=1592562234, latitude=37.4133144, longitude=-122.1513069}, version=1, billinggroupname=null}","2020-11-26 00:00:00.000"
"iot-device-02","1.5946107178567452E9","59.6","78.08","true","false","0.0072","0.0045","0.019","2020-11-26T17:04:16.569+0000","{defaultclientid=iot-device-02, thingname=iot-device-02, thingid=4ae4927a-aefb-4584-a45a-fc4839feffd6, thingarn=arn:aws:iot:us-east-1:507441099951:thing/iot-device-02, thingtypename=null, attributes={installed=1593361211, latitude=32.8205865, longitude=-96.871627}, version=1, billinggroupname=null}","2020-11-26 00:00:00.000"
"iot-device-01","1.5946107212884064E9","73.6","66.38","false","false","0.0086","0.0058","0.0232","2020-11-26T17:04:16.863+0000","{defaultclientid=iot-device-01, thingname=iot-device-01, thingid=983c2b68-f9a3-4e83-b3c6-9f6f8ad5431b, thingarn=arn:aws:iot:us-east-1:507441099951:thing/iot-device-01, thingtypename=null, attributes={installed=1594665292, latitude=37.4133144, longitude=-122.1513069}, version=1, billinggroupname=null}","2020-11-26 00:00:00.000"
"iot-device-03","1.5946107213255365E9","48.3","71.42","false","false","0.0077","0.005","0.0207","2020-11-26T17:04:17.163+0000","{defaultclientid=iot-device-03, thingname=iot-device-03, thingid=877352b9-a35d-45d3-9c98-162d89965a13, thingarn=arn:aws:iot:us-east-1:507441099951:thing/iot-device-03, thingtypename=null, attributes={installed=1592562234, latitude=37.4133144, longitude=-122.1513069}, version=1, billinggroupname=null}","2020-11-26 00:00:00.000"
"iot-device-02","1.5946107232685914E9","59.6","78.08","true","false","0.0071","0.0045","0.0189","2020-11-26T17:04:17.459+0000","{defaultclientid=iot-device-02, thingname=iot-device-02, thingid=4ae4927a-aefb-4584-a45a-fc4839feffd6, thingarn=arn:aws:iot:us-east-1:507441099951:thing/iot-device-02, thingtypename=null, attributes={installed=1593361211, latitude=32.8205865, longitude=-96.871627}, version=1, billinggroupname=null}","2020-11-26 00:00:00.000"
"iot-device-03","1.5946107250113378E9","48.3","71.42","false","false","0.0078","0.0051","0.0207","2020-11-26T17:04:17.749+0000","{defaultclientid=iot-device-03, thingname=iot-device-03, thingid=877352b9-a35d-45d3-9c98-162d89965a13, thingarn=arn:aws:iot:us-east-1:507441099951:thing/iot-device-03, thingtypename=null, attributes={installed=1592562234, latitude=37.4133144, longitude=-122.1513069}, version=1, billinggroupname=null}","2020-11-26 00:00:00.000"
"iot-device-03","1.5946106586654227E9","48.3","71.78","false","false","0.0077","0.005","0.0207","2020-11-26T17:04:06.097+0000","{defaultclientid=iot-device-03, thingname=iot-device-03, thingid=877352b9-a35d-45d3-9c98-162d89965a13, thingarn=arn:aws:iot:us-east-1:507441099951:thing/iot-device-03, thingtypename=null, attributes={installed=1592562234, latitude=37.4133144, longitude=-122.1513069}, version=1, billinggroupname=null}","2020-11-26 00:00:00.000"
"iot-device-02","1.5946106619264278E9","59.6","78.08","true","false","0.0072","0.0045","0.019","2020-11-26T17:04:06.395+0000","{defaultclientid=iot-device-02, thingname=iot-device-02, thingid=4ae4927a-aefb-4584-a45a-fc4839feffd6, thingarn=arn:aws:iot:us-east-1:507441099951:thing/iot-device-02, thingtypename=null, attributes={installed=1593361211, latitude=32.8205865, longitude=-96.871627}, version=1, billinggroupname=null}","2020-11-26 00:00:00.000"
"iot-device-03","1.5946106623507981E9","48.3","71.6","false","false","0.0078","0.0051","0.0207","2020-11-26T17:04:06.732+0000","{defaultclientid=iot-device-03, thingname=iot-device-03, thingid=877352b9-a35d-45d3-9c98-162d89965a13, thingarn=arn:aws:iot:us-east-1:507441099951:thing/iot-device-03, thingtypename=null, attributes={installed=1592562234, latitude=37.4133144, longitude=-122.1513069}, version=1, billinggroupname=null}","2020-11-26 00:00:00.000"
"iot-device-01","1.5946106640963562E9","73.8","66.56","false","false","0.0086","0.0058","0.0232","2020-11-26T17:04:07.025+0000","{defaultclientid=iot-device-01, thingname=iot-device-01, thingid=983c2b68-f9a3-4e83-b3c6-9f6f8ad5431b, thingarn=arn:aws:iot:us-east-1:507441099951:thing/iot-device-01, thingtypename=null, attributes={installed=1594665292, latitude=37.4133144, longitude=-122.1513069}, version=1, billinggroupname=null}","2020-11-26 00:00:00.000"
"iot-device-03","1.594610666036645E9","48.3","71.6","false","false","0.0078","0.0051","0.0207","2020-11-26T17:04:07.311+0000","{defaultclientid=iot-device-03, thingname=iot-device-03, thingid=877352b9-a35d-45d3-9c98-162d89965a13, thingarn=arn:aws:iot:us-east-1:507441099951:thing/iot-device-03, thingtypename=null, attributes={installed=1592562234, latitude=37.4133144, longitude=-122.1513069}, version=1, billinggroupname=null}","2020-11-26 00:00:00.000"
"iot-device-03","1.5946106697229097E9","48.2","71.78","false","false","0.0078","0.0051","0.0207","2020-11-26T17:04:07.613+0000","{defaultclientid=iot-device-03, thingname=iot-device-03, thingid=877352b9-a35d-45d3-9c98-162d89965a13, thingarn=arn:aws:iot:us-east-1:507441099951:thing/iot-device-03, thingtypename=null, attributes={installed=1592562234, latitude=37.4133144, longitude=-122.1513069}, version=1, billinggroupname=null}","2020-11-26 00:00:00.000"
"iot-device-01","1.5946106727487972E9","73.7","66.56","false","false","0.0086","0.0058","0.0232","2020-11-26T17:04:07.919+0000","{defaultclientid=iot-device-01, thingname=iot-device-01, thingid=983c2b68-f9a3-4e83-b3c6-9f6f8ad5431b, thingarn=arn:aws:iot:us-east-1:507441099951:thing/iot-device-01, thingtypename=null, attributes={installed=1594665292, latitude=37.4133144, longitude=-122.1513069}, version=1, billinggroupname=null}","2020-11-26 00:00:00.000"
"iot-device-03","1.5946106734089699E9","48.1","71.6","false","false","0.0077","0.005","0.0206","2020-11-26T17:04:08.209+0000","{defaultclientid=iot-device-03, thingname=iot-device-03, thingid=877352b9-a35d-45d3-9c98-162d89965a13, thingarn=arn:aws:iot:us-east-1:507441099951:thing/iot-device-03, thingtypename=null, attributes={installed=1592562234, latitude=37.4133144, longitude=-122.1513069}, version=1, billinggroupname=null}","2020-11-26 00:00:00.000"
"iot-device-02","1.5946106745389464E9","59.6","78.08","true","false","0.0071","0.0045","0.0189","2020-11-26T17:04:08.498+0000","{defaultclientid=iot-device-02, thingname=iot-device-02, thingid=4ae4927a-aefb-4584-a45a-fc4839feffd6, thingarn=arn:aws:iot:us-east-1:507441099951:thing/iot-device-02, thingtypename=null, attributes={installed=1593361211, latitude=32.8205865, longitude=-96.871627}, version=1, billinggroupname=null}","2020-11-26 00:00:00.000"
"iot-device-03","1.5946106770951533E9","48.2","71.6","false","false","0.0077","0.005","0.0207","2020-11-26T17:04:08.786+0000","{defaultclientid=iot-device-03, thingname=iot-device-03, thingid=877352b9-a35d-45d3-9c98-162d89965a13, thingarn=arn:aws:iot:us-east-1:507441099951:thing/iot-device-03, thingtypename=null, attributes={installed=1592562234, latitude=37.4133144, longitude=-122.1513069}, version=1, billinggroupname=null}","2020-11-26 00:00:00.000"
"iot-device-01","1.5946107267161705E9","73.7","66.38","false","false","0.0084","0.0056","0.0225","2020-11-26T17:04:18.050+0000","{defaultclientid=iot-device-01, thingname=iot-device-01, thingid=983c2b68-f9a3-4e83-b3c6-9f6f8ad5431b, thingarn=arn:aws:iot:us-east-1:507441099951:thing/iot-device-01, thingtypename=null, attributes={installed=1594665292, latitude=37.4133144, longitude=-122.1513069}, version=1, billinggroupname=null}","2020-11-26 00:00:00.000"
"iot-device-02","1.594610727075625E9","59.7","78.08","true","false","0.0071","0.0045","0.0189","2020-11-26T17:04:18.335+0000","{defaultclientid=iot-device-02, thingname=iot-device-02, thingid=4ae4927a-aefb-4584-a45a-fc4839feffd6, thingarn=arn:aws:iot:us-east-1:507441099951:thing/iot-device-02, thingtypename=null, attributes={installed=1593361211, latitude=32.8205865, longitude=-96.871627}, version=1, billinggroupname=null}","2020-11-26 00:00:00.000"
"iot-device-03","1.594610728699105E9","48.3","71.42","false","false","0.0078","0.0051","0.0207","2020-11-26T17:04:18.615+0000","{defaultclientid=iot-device-03, thingname=iot-device-03, thingid=877352b9-a35d-45d3-9c98-162d89965a13, thingarn=arn:aws:iot:us-east-1:507441099951:thing/iot-device-03, thingtypename=null, attributes={installed=1592562234, latitude=37.4133144, longitude=-122.1513069}, version=1, billinggroupname=null}","2020-11-26 00:00:00.000"
"iot-device-02","1.5946107314176257E9","59.8","78.08","true","false","0.0072","0.0045","0.019","2020-11-26T17:04:18.931+0000","{defaultclientid=iot-device-02, thingname=iot-device-02, thingid=4ae4927a-aefb-4584-a45a-fc4839feffd6, thingarn=arn:aws:iot:us-east-1:507441099951:thing/iot-device-02, thingtypename=null, attributes={installed=1593361211, latitude=32.8205865, longitude=-96.871627}, version=1, billinggroupname=null}","2020-11-26 00:00:00.000"
"iot-device-01","1.594610731614595E9","73.7","66.38","false","false","0.0086","0.0058","0.0232","2020-11-26T17:04:19.254+0000","{defaultclientid=iot-device-01, thingname=iot-device-01, thingid=983c2b68-f9a3-4e83-b3c6-9f6f8ad5431b, thingarn=arn:aws:iot:us-east-1:507441099951:thing/iot-device-01, thingtypename=null, attributes={installed=1594665292, latitude=37.4133144, longitude=-122.1513069}, version=1, billinggroupname=null}","2020-11-26 00:00:00.000"
"iot-device-03","1.5946107323868196E9","48.3","71.42","false","false","0.0077","0.005","0.0206","2020-11-26T17:04:19.539+0000","{defaultclientid=iot-device-03, thingname=iot-device-03, thingid=877352b9-a35d-45d3-9c98-162d89965a13, thingarn=arn:aws:iot:us-east-1:507441099951:thing/iot-device-03, thingtypename=null, attributes={installed=1592562234, latitude=37.4133144, longitude=-122.1513069}, version=1, billinggroupname=null}","2020-11-26 00:00:00.000"
"iot-device-03","1.594610736074539E9","48.3","71.42","false","false","0.0078","0.0051","0.0208","2020-11-26T17:04:19.820+0000","{defaultclientid=iot-device-03, thingname=iot-device-03, thingid=877352b9-a35d-45d3-9c98-162d89965a13, thingarn=arn:aws:iot:us-east-1:507441099951:thing/iot-device-03, thingtypename=null, attributes={installed=1592562234, latitude=37.4133144, longitude=-122.1513069}, version=1, billinggroupname=null}","2020-11-26 00:00:00.000"
"iot-device-01","1.5946107370509837E9","73.7","66.38","false","false","0.0084","0.0056","0.0225","2020-11-26T17:04:20.105+0000","{defaultclientid=iot-device-01, thingname=iot-device-01, thingid=983c2b68-f9a3-4e83-b3c6-9f6f8ad5431b, thingarn=arn:aws:iot:us-east-1:507441099951:thing/iot-device-01, thingtypename=null, attributes={installed=1594665292, latitude=37.4133144, longitude=-122.1513069}, version=1, billinggroupname=null}","2020-11-26 00:00:00.000"
"iot-device-02","1.5946107384340124E9","59.7","78.08","true","false","0.0072","0.0045","0.019","2020-11-26T17:04:20.384+0000","{defaultclientid=iot-device-02, thingname=iot-device-02, thingid=4ae4927a-aefb-4584-a45a-fc4839feffd6, thingarn=arn:aws:iot:us-east-1:507441099951:thing/iot-device-02, thingtypename=null, attributes={installed=1593361211, latitude=32.8205865, longitude=-96.871627}, version=1, billinggroupname=null}","2020-11-26 00:00:00.000"
"iot-device-03","1.594610739762173E9","48.2","71.42","false","false","0.0078","0.0051","0.0208","2020-11-26T17:04:20.681+0000","{defaultclientid=iot-device-03, thingname=iot-device-03, thingid=877352b9-a35d-45d3-9c98-162d89965a13, thingarn=arn:aws:iot:us-east-1:507441099951:thing/iot-device-03, thingtypename=null, attributes={installed=1592562234, latitude=37.4133144, longitude=-122.1513069}, version=1, billinggroupname=null}","2020-11-26 00:00:00.000"
"iot-device-03","1.5946106254980936E9","48.9","71.96","false","false","0.0078","0.005","0.0207","2020-11-26T17:04:00.227+0000","{defaultclientid=iot-device-03, thingname=iot-device-03, thingid=877352b9-a35d-45d3-9c98-162d89965a13, thingarn=arn:aws:iot:us-east-1:507441099951:thing/iot-device-03, thingtypename=null, attributes={installed=1592562234, latitude=37.4133144, longitude=-122.1513069}, version=1, billinggroupname=null}","2020-11-26 00:00:00.000"
"iot-device-01","1.5946106256225393E9","74.1","66.56","false","false","0.0083","0.0055","0.0221","2020-11-26T17:04:00.528+0000","{defaultclientid=iot-device-01, thingname=iot-device-01, thingid=983c2b68-f9a3-4e83-b3c6-9f6f8ad5431b, thingarn=arn:aws:iot:us-east-1:507441099951:thing/iot-device-01, thingtypename=null, attributes={installed=1594665292, latitude=37.4133144, longitude=-122.1513069}, version=1, billinggroupname=null}","2020-11-26 00:00:00.000"
"iot-device-03","1.5946106291839685E9","48.8","71.78","false","false","0.0077","0.005","0.0207","2020-11-26T17:04:00.818+0000","{defaultclientid=iot-device-03, thingname=iot-device-03, thingid=877352b9-a35d-45d3-9c98-162d89965a13, thingarn=arn:aws:iot:us-east-1:507441099951:thing/iot-device-03, thingtypename=null, attributes={installed=1592562234, latitude=37.4133144, longitude=-122.1513069}, version=1, billinggroupname=null}","2020-11-26 00:00:00.000"
"iot-device-01","1.5946106305087788E9","73.9","66.56","false","false","0.0085","0.0057","0.0228","2020-11-26T17:04:01.100+0000","{defaultclientid=iot-device-01, thingname=iot-device-01, thingid=983c2b68-f9a3-4e83-b3c6-9f6f8ad5431b, thingarn=arn:aws:iot:us-east-1:507441099951:thing/iot-device-01, thingtypename=null, attributes={installed=1594665292, latitude=37.4133144, longitude=-122.1513069}, version=1, billinggroupname=null}","2020-11-26 00:00:00.000"
"iot-device-02","1.5946106305821462E9","59.6","78.08","true","false","0.0071","0.0045","0.0189","2020-11-26T17:04:01.400+0000","{defaultclientid=iot-device-02, thingname=iot-device-02, thingid=4ae4927a-aefb-4584-a45a-fc4839feffd6, thingarn=arn:aws:iot:us-east-1:507441099951:thing/iot-device-02, thingtypename=null, attributes={installed=1593361211, latitude=32.8205865, longitude=-96.871627}, version=1, billinggroupname=null}","2020-11-26 00:00:00.000"
"iot-device-03","1.594610632870024E9","48.8","71.78","false","false","0.0078","0.0051","0.0207","2020-11-26T17:04:01.709+0000","{defaultclientid=iot-device-03, thingname=iot-device-03, thingid=877352b9-a35d-45d3-9c98-162d89965a13, thingarn=arn:aws:iot:us-east-1:507441099951:thing/iot-device-03, thingtypename=null, attributes={installed=1592562234, latitude=37.4133144, longitude=-122.1513069}, version=1, billinggroupname=null}","2020-11-26 00:00:00.000"
"iot-device-02","1.5946106343906288E9","59.6","78.08","true","false","0.0071","0.0045","0.019","2020-11-26T17:04:01.995+0000","{defaultclientid=iot-device-02, thingname=iot-device-02, thingid=4ae4927a-aefb-4584-a45a-fc4839feffd6, thingarn=arn:aws:iot:us-east-1:507441099951:thing/iot-device-02, thingtypename=null, attributes={installed=1593361211, latitude=32.8205865, longitude=-96.871627}, version=1, billinggroupname=null}","2020-11-26 00:00:00.000"
"iot-device-01","1.59461063647307E9","73.9","66.56","false","false","0.0084","0.0056","0.0225","2020-11-26T17:04:02.305+0000","{defaultclientid=iot-device-01, thingname=iot-device-01, thingid=983c2b68-f9a3-4e83-b3c6-9f6f8ad5431b, thingarn=arn:aws:iot:us-east-1:507441099951:thing/iot-device-01, thingtypename=null, attributes={installed=1594665292, latitude=37.4133144, longitude=-122.1513069}, version=1, billinggroupname=null}","2020-11-26 00:00:00.000"
"iot-device-03","1.5946106365560005E9","48.8","71.78","false","false","0.0078","0.0051","0.0207","2020-11-26T17:04:02.595+0000","{defaultclientid=iot-device-03, thingname=iot-device-03, thingid=877352b9-a35d-45d3-9c98-162d89965a13, thingarn=arn:aws:iot:us-east-1:507441099951:thing/iot-device-03, thingtypename=null, attributes={installed=1592562234, latitude=37.4133144, longitude=-122.1513069}, version=1, billinggroupname=null}","2020-11-26 00:00:00.000"
"iot-device-03","1.5946106402420444E9","48.7","71.78","false","false","0.0078","0.0051","0.0208","2020-11-26T17:04:02.889+0000","{defaultclientid=iot-device-03, thingname=iot-device-03, thingid=877352b9-a35d-45d3-9c98-162d89965a13, thingarn=arn:aws:iot:us-east-1:507441099951:thing/iot-device-03, thingtypename=null, attributes={installed=1592562234, latitude=37.4133144, longitude=-122.1513069}, version=1, billinggroupname=null}","2020-11-26 00:00:00.000"
"iot-device-03","1.5946301503524892E9","51.5","71.24","false","false","0.0078","0.0051","0.0209","2020-11-26T17:10:44.967+0000","{defaultclientid=iot-device-03, thingname=iot-device-03, thingid=877352b9-a35d-45d3-9c98-162d89965a13, thingarn=arn:aws:iot:us-east-1:507441099951:thing/iot-device-03, thingtypename=null, attributes={installed=1592562234, latitude=37.4133144, longitude=-122.1513069}, version=1, billinggroupname=null}","2020-11-26 00:00:00.000"
"iot-device-03","1.594630154035923E9","51.5","71.24","false","false","0.0078","0.0051","0.0209","2020-11-26T17:10:45.265+0000","{defaultclientid=iot-device-03, thingname=iot-device-03, thingid=877352b9-a35d-45d3-9c98-162d89965a13, thingarn=arn:aws:iot:us-east-1:507441099951:thing/iot-device-03, thingtypename=null, attributes={installed=1592562234, latitude=37.4133144, longitude=-122.1513069}, version=1, billinggroupname=null}","2020-11-26 00:00:00.000"
"iot-device-01","1.5946301542275074E9","75.7","67.1","false","false","0.0065","0.0039","0.017","2020-11-26T17:10:45.557+0000","{defaultclientid=iot-device-01, thingname=iot-device-01, thingid=983c2b68-f9a3-4e83-b3c6-9f6f8ad5431b, thingarn=arn:aws:iot:us-east-1:507441099951:thing/iot-device-01, thingtypename=null, attributes={installed=1594665292, latitude=37.4133144, longitude=-122.1513069}, version=1, billinggroupname=null}","2020-11-26 00:00:00.000"
"iot-device-03","1.594630157718875E9","51.5","71.24","false","false","0.0078","0.0051","0.0209","2020-11-26T17:10:45.860+0000","{defaultclientid=iot-device-03, thingname=iot-device-03, thingid=877352b9-a35d-45d3-9c98-162d89965a13, thingarn=arn:aws:iot:us-east-1:507441099951:thing/iot-device-03, thingtypename=null, attributes={installed=1592562234, latitude=37.4133144, longitude=-122.1513069}, version=1, billinggroupname=null}","2020-11-26 00:00:00.000"
"iot-device-02","1.5946301584150875E9","59.5","75.02","true","false","0.0074","0.0047","0.0197","2020-11-26T17:10:46.162+0000","{defaultclientid=iot-device-02, thingname=iot-device-02, thingid=4ae4927a-aefb-4584-a45a-fc4839feffd6, thingarn=arn:aws:iot:us-east-1:507441099951:thing/iot-device-02, thingtypename=null, attributes={installed=1593361211, latitude=32.8205865, longitude=-96.871627}, version=1, billinggroupname=null}","2020-11-26 00:00:00.000"
"iot-device-01","1.5946301596568115E9","75.7","67.1","false","false","0.0065","0.0039","0.017","2020-11-26T17:10:46.450+0000","{defaultclientid=iot-device-01, thingname=iot-device-01, thingid=983c2b68-f9a3-4e83-b3c6-9f6f8ad5431b, thingarn=arn:aws:iot:us-east-1:507441099951:thing/iot-device-01, thingtypename=null, attributes={installed=1594665292, latitude=37.4133144, longitude=-122.1513069}, version=1, billinggroupname=null}","2020-11-26 00:00:00.000"
"iot-device-03","1.5946301613867252E9","51.4","71.06","false","false","0.0078","0.0051","0.0209","2020-11-26T17:10:46.729+0000","{defaultclientid=iot-device-03, thingname=iot-device-03, thingid=877352b9-a35d-45d3-9c98-162d89965a13, thingarn=arn:aws:iot:us-east-1:507441099951:thing/iot-device-03, thingtypename=null, attributes={installed=1592562234, latitude=37.4133144, longitude=-122.1513069}, version=1, billinggroupname=null}","2020-11-26 00:00:00.000"
"iot-device-03","1.5946301650883708E9","51.5","71.24","false","false","0.0078","0.0051","0.0209","2020-11-26T17:10:47.028+0000","{defaultclientid=iot-device-03, thingname=iot-device-03, thingid=877352b9-a35d-45d3-9c98-162d89965a13, thingarn=arn:aws:iot:us-east-1:507441099951:thing/iot-device-03, thingtypename=null, attributes={installed=1592562234, latitude=37.4133144, longitude=-122.1513069}, version=1, billinggroupname=null}","2020-11-26 00:00:00.000"
"iot-device-01","1.594630165633232E9","75.7","67.1","false","false","0.0065","0.0039","0.017","2020-11-26T17:10:47.325+0000","{defaultclientid=iot-device-01, thingname=iot-device-01, thingid=983c2b68-f9a3-4e83-b3c6-9f6f8ad5431b, thingarn=arn:aws:iot:us-east-1:507441099951:thing/iot-device-01, thingtypename=null, attributes={installed=1594665292, latitude=37.4133144, longitude=-122.1513069}, version=1, billinggroupname=null}","2020-11-26 00:00:00.000"
"iot-device-02","1.5946301686366992E9","59.5","75.02","true","false","0.0073","0.0047","0.0195","2020-11-26T17:10:47.618+0000","{defaultclientid=iot-device-02, thingname=iot-device-02, thingid=4ae4927a-aefb-4584-a45a-fc4839feffd6, thingarn=arn:aws:iot:us-east-1:507441099951:thing/iot-device-02, thingtypename=null, attributes={installed=1593361211, latitude=32.8205865, longitude=-96.871627}, version=1, billinggroupname=null}","2020-11-26 00:00:00.000"
"iot-device-01","1.594628896036736E9","74.7","66.92","false","false","0.0065","0.004","0.0172","2020-11-26T17:10:36.025+0000","{defaultclientid=iot-device-01, thingname=iot-device-01, thingid=983c2b68-f9a3-4e83-b3c6-9f6f8ad5431b, thingarn=arn:aws:iot:us-east-1:507441099951:thing/iot-device-01, thingtypename=null, attributes={installed=1594665292, latitude=37.4133144, longitude=-122.1513069}, version=1, billinggroupname=null}","2020-11-26 00:00:00.000"
"iot-device-02","1.594628897550431E9","59.4","75.2","true","false","0.0074","0.0048","0.0198","2020-11-26T17:10:36.313+0000","{defaultclientid=iot-device-02, thingname=iot-device-02, thingid=4ae4927a-aefb-4584-a45a-fc4839feffd6, thingarn=arn:aws:iot:us-east-1:507441099951:thing/iot-device-02, thingtypename=null, attributes={installed=1593361211, latitude=32.8205865, longitude=-96.871627}, version=1, billinggroupname=null}","2020-11-26 00:00:00.000"
"iot-device-03","1.5946288990323493E9","49.9","70.52","false","false","0.0078","0.0051","0.0209","2020-11-26T17:10:36.599+0000","{defaultclientid=iot-device-03, thingname=iot-device-03, thingid=877352b9-a35d-45d3-9c98-162d89965a13, thingarn=arn:aws:iot:us-east-1:507441099951:thing/iot-device-03, thingtypename=null, attributes={installed=1592562234, latitude=37.4133144, longitude=-122.1513069}, version=1, billinggroupname=null}","2020-11-26 00:00:00.000"
"iot-device-03","1.5946289027203214E9","50.1","70.52","false","false","0.0079","0.0051","0.021","2020-11-26T17:10:36.893+0000","{defaultclientid=iot-device-03, thingname=iot-device-03, thingid=877352b9-a35d-45d3-9c98-162d89965a13, thingarn=arn:aws:iot:us-east-1:507441099951:thing/iot-device-03, thingtypename=null, attributes={installed=1592562234, latitude=37.4133144, longitude=-122.1513069}, version=1, billinggroupname=null}","2020-11-26 00:00:00.000"
"iot-device-02","1.5946289050992384E9","59.4","75.2","true","false","0.0074","0.0048","0.0198","2020-11-26T17:10:37.184+0000","{defaultclientid=iot-device-02, thingname=iot-device-02, thingid=4ae4927a-aefb-4584-a45a-fc4839feffd6, thingarn=arn:aws:iot:us-east-1:507441099951:thing/iot-device-02, thingtypename=null, attributes={installed=1593361211, latitude=32.8205865, longitude=-96.871627}, version=1, billinggroupname=null}","2020-11-26 00:00:00.000"
"iot-device-03","1.5946289064062698E9","50.4","70.52","false","false","0.0078","0.0051","0.0209","2020-11-26T17:10:37.540+0000","{defaultclientid=iot-device-03, thingname=iot-device-03, thingid=877352b9-a35d-45d3-9c98-162d89965a13, thingarn=arn:aws:iot:us-east-1:507441099951:thing/iot-device-03, thingtypename=null, attributes={installed=1592562234, latitude=37.4133144, longitude=-122.1513069}, version=1, billinggroupname=null}","2020-11-26 00:00:00.000"
"iot-device-01","1.5946289081754284E9","74.7","66.92","false","false","0.0065","0.004","0.0172","2020-11-26T17:10:37.855+0000","{defaultclientid=iot-device-01, thingname=iot-device-01, thingid=983c2b68-f9a3-4e83-b3c6-9f6f8ad5431b, thingarn=arn:aws:iot:us-east-1:507441099951:thing/iot-device-01, thingtypename=null, attributes={installed=1594665292, latitude=37.4133144, longitude=-122.1513069}, version=1, billinggroupname=null}","2020-11-26 00:00:00.000"
"iot-device-02","1.5946289089058936E9","59.4","75.2","true","false","0.0074","0.0047","0.0197","2020-11-26T17:10:38.153+0000","{defaultclientid=iot-device-02, thingname=iot-device-02, thingid=4ae4927a-aefb-4584-a45a-fc4839feffd6, thingarn=arn:aws:iot:us-east-1:507441099951:thing/iot-device-02, thingtypename=null, attributes={installed=1593361211, latitude=32.8205865, longitude=-96.871627}, version=1, billinggroupname=null}","2020-11-26 00:00:00.000"
"iot-device-03","1.5946289100928152E9","50.5","70.52","false","false","0.0078","0.0051","0.0209","2020-11-26T17:10:38.453+0000","{defaultclientid=iot-device-03, thingname=iot-device-03, thingid=877352b9-a35d-45d3-9c98-162d89965a13, thingarn=arn:aws:iot:us-east-1:507441099951:thing/iot-device-03, thingtypename=null, attributes={installed=1592562234, latitude=37.4133144, longitude=-122.1513069}, version=1, billinggroupname=null}","2020-11-26 00:00:00.000"
"iot-device-02","1.5946289132458751E9","59.5","75.2","true","false","0.0074","0.0048","0.0198","2020-11-26T17:10:38.747+0000","{defaultclientid=iot-device-02, thingname=iot-device-02, thingid=4ae4927a-aefb-4584-a45a-fc4839feffd6, thingarn=arn:aws:iot:us-east-1:507441099951:thing/iot-device-02, thingtypename=null, attributes={installed=1593361211, latitude=32.8205865, longitude=-96.871627}, version=1, billinggroupname=null}","2020-11-26 00:00:00.000"
"iot-device-03","1.5946301872061448E9","51.6","71.06","false","false","0.0078","0.0051","0.021","2020-11-26T17:10:50.855+0000","{defaultclientid=iot-device-03, thingname=iot-device-03, thingid=877352b9-a35d-45d3-9c98-162d89965a13, thingarn=arn:aws:iot:us-east-1:507441099951:thing/iot-device-03, thingtypename=null, attributes={installed=1592562234, latitude=37.4133144, longitude=-122.1513069}, version=1, billinggroupname=null}","2020-11-26 00:00:00.000"
"iot-device-02","1.594630190762112E9","59.4","75.02","true","false","0.0073","0.0047","0.0195","2020-11-26T17:10:51.148+0000","{defaultclientid=iot-device-02, thingname=iot-device-02, thingid=4ae4927a-aefb-4584-a45a-fc4839feffd6, thingarn=arn:aws:iot:us-east-1:507441099951:thing/iot-device-02, thingtypename=null, attributes={installed=1593361211, latitude=32.8205865, longitude=-96.871627}, version=1, billinggroupname=null}","2020-11-26 00:00:00.000"
"iot-device-03","1.5946301908920147E9","51.6","71.06","false","false","0.0078","0.0051","0.0209","2020-11-26T17:10:51.440+0000","{defaultclientid=iot-device-03, thingname=iot-device-03, thingid=877352b9-a35d-45d3-9c98-162d89965a13, thingarn=arn:aws:iot:us-east-1:507441099951:thing/iot-device-03, thingtypename=null, attributes={installed=1592562234, latitude=37.4133144, longitude=-122.1513069}, version=1, billinggroupname=null}","2020-11-26 00:00:00.000"
"iot-device-01","1.594630191110729E9","75.7","67.1","false","false","0.0065","0.0039","0.017","2020-11-26T17:10:51.729+0000","{defaultclientid=iot-device-01, thingname=iot-device-01, thingid=983c2b68-f9a3-4e83-b3c6-9f6f8ad5431b, thingarn=arn:aws:iot:us-east-1:507441099951:thing/iot-device-01, thingtypename=null, attributes={installed=1594665292, latitude=37.4133144, longitude=-122.1513069}, version=1, billinggroupname=null}","2020-11-26 00:00:00.000"
"iot-device-03","1.5946301945778627E9","51.7","71.24","false","false","0.0078","0.0051","0.0209","2020-11-26T17:10:52.027+0000","{defaultclientid=iot-device-03, thingname=iot-device-03, thingid=877352b9-a35d-45d3-9c98-162d89965a13, thingarn=arn:aws:iot:us-east-1:507441099951:thing/iot-device-03, thingtypename=null, attributes={installed=1592562234, latitude=37.4133144, longitude=-122.1513069}, version=1, billinggroupname=null}","2020-11-26 00:00:00.000"
"iot-device-02","1.5946301967096865E9","59.4","75.02","true","false","0.0073","0.0047","0.0195","2020-11-26T17:10:52.394+0000","{defaultclientid=iot-device-02, thingname=iot-device-02, thingid=4ae4927a-aefb-4584-a45a-fc4839feffd6, thingarn=arn:aws:iot:us-east-1:507441099951:thing/iot-device-02, thingtypename=null, attributes={installed=1593361211, latitude=32.8205865, longitude=-96.871627}, version=1, billinggroupname=null}","2020-11-26 00:00:00.000"
"iot-device-01","1.5946301976210089E9","75.7","67.1","false","false","0.0065","0.0039","0.017","2020-11-26T17:10:52.694+0000","{defaultclientid=iot-device-01, thingname=iot-device-01, thingid=983c2b68-f9a3-4e83-b3c6-9f6f8ad5431b, thingarn=arn:aws:iot:us-east-1:507441099951:thing/iot-device-01, thingtypename=null, attributes={installed=1594665292, latitude=37.4133144, longitude=-122.1513069}, version=1, billinggroupname=null}","2020-11-26 00:00:00.000"
"iot-device-03","1.5946301982661755E9","51.7","71.24","false","false","0.0078","0.0051","0.0208","2020-11-26T17:10:52.987+0000","{defaultclientid=iot-device-03, thingname=iot-device-03, thingid=877352b9-a35d-45d3-9c98-162d89965a13, thingarn=arn:aws:iot:us-east-1:507441099951:thing/iot-device-03, thingtypename=null, attributes={installed=1592562234, latitude=37.4133144, longitude=-122.1513069}, version=1, billinggroupname=null}","2020-11-26 00:00:00.000"
"iot-device-02","1.5946302010592759E9","59.5","75.02","true","false","0.0073","0.0047","0.0195","2020-11-26T17:10:53.288+0000","{defaultclientid=iot-device-02, thingname=iot-device-02, thingid=4ae4927a-aefb-4584-a45a-fc4839feffd6, thingarn=arn:aws:iot:us-east-1:507441099951:thing/iot-device-02, thingtypename=null, attributes={installed=1593361211, latitude=32.8205865, longitude=-96.871627}, version=1, billinggroupname=null}","2020-11-26 00:00:00.000"
"iot-device-03","1.594630201953137E9","51.6","71.06","false","false","0.0079","0.0051","0.021","2020-11-26T17:10:53.581+0000","{defaultclientid=iot-device-03, thingname=iot-device-03, thingid=877352b9-a35d-45d3-9c98-162d89965a13, thingarn=arn:aws:iot:us-east-1:507441099951:thing/iot-device-03, thingtypename=null, attributes={installed=1592562234, latitude=37.4133144, longitude=-122.1513069}, version=1, billinggroupname=null}","2020-11-26 00:00:00.000"
"iot-device-01","1.594628913600411E9","74.7","66.92","false","false","0.0067","0.0041","0.0176","2020-11-26T17:10:39.060+0000","{defaultclientid=iot-device-01, thingname=iot-device-01, thingid=983c2b68-f9a3-4e83-b3c6-9f6f8ad5431b, thingarn=arn:aws:iot:us-east-1:507441099951:thing/iot-device-01, thingtypename=null, attributes={installed=1594665292, latitude=37.4133144, longitude=-122.1513069}, version=1, billinggroupname=null}","2020-11-26 00:00:00.000"
"iot-device-03","1.5946289137779458E9","50.7","70.52","false","false","0.0079","0.0051","0.021","2020-11-26T17:10:39.368+0000","{defaultclientid=iot-device-03, thingname=iot-device-03, thingid=877352b9-a35d-45d3-9c98-162d89965a13, thingarn=arn:aws:iot:us-east-1:507441099951:thing/iot-device-03, thingtypename=null, attributes={installed=1592562234, latitude=37.4133144, longitude=-122.1513069}, version=1, billinggroupname=null}","2020-11-26 00:00:00.000"
"iot-device-03","1.5946289174640086E9","50.9","70.52","false","false","0.0078","0.0051","0.0209","2020-11-26T17:10:39.665+0000","{defaultclientid=iot-device-03, thingname=iot-device-03, thingid=877352b9-a35d-45d3-9c98-162d89965a13, thingarn=arn:aws:iot:us-east-1:507441099951:thing/iot-device-03, thingtypename=null, attributes={installed=1592562234, latitude=37.4133144, longitude=-122.1513069}, version=1, billinggroupname=null}","2020-11-26 00:00:00.000"
"iot-device-02","1.5946289175869894E9","59.5","75.38","true","false","0.0074","0.0048","0.0198","2020-11-26T17:10:39.949+0000","{defaultclientid=iot-device-02, thingname=iot-device-02, thingid=4ae4927a-aefb-4584-a45a-fc4839feffd6, thingarn=arn:aws:iot:us-east-1:507441099951:thing/iot-device-02, thingtypename=null, attributes={installed=1593361211, latitude=32.8205865, longitude=-96.871627}, version=1, billinggroupname=null}","2020-11-26 00:00:00.000"
"iot-device-01","1.5946289179602668E9","74.8","66.92","false","false","0.0065","0.0039","0.017","2020-11-26T17:10:40.245+0000","{defaultclientid=iot-device-01, thingname=iot-device-01, thingid=983c2b68-f9a3-4e83-b3c6-9f6f8ad5431b, thingarn=arn:aws:iot:us-east-1:507441099951:thing/iot-device-01, thingtypename=null, attributes={installed=1594665292, latitude=37.4133144, longitude=-122.1513069}, version=1, billinggroupname=null}","2020-11-26 00:00:00.000"
"iot-device-03","1.5946289211500487E9","50.9","70.52","false","false","0.0079","0.0052","0.021","2020-11-26T17:10:40.539+0000","{defaultclientid=iot-device-03, thingname=iot-device-03, thingid=877352b9-a35d-45d3-9c98-162d89965a13, thingarn=arn:aws:iot:us-east-1:507441099951:thing/iot-device-03, thingtypename=null, attributes={installed=1592562234, latitude=37.4133144, longitude=-122.1513069}, version=1, billinggroupname=null}","2020-11-26 00:00:00.000"
"iot-device-02","1.5946289224607494E9","59.5","75.2","true","false","0.0075","0.0048","0.0199","2020-11-26T17:10:40.840+0000","{defaultclientid=iot-device-02, thingname=iot-device-02, thingid=4ae4927a-aefb-4584-a45a-fc4839feffd6, thingarn=arn:aws:iot:us-east-1:507441099951:thing/iot-device-02, thingtypename=null, attributes={installed=1593361211, latitude=32.8205865, longitude=-96.871627}, version=1, billinggroupname=null}","2020-11-26 00:00:00.000"
"iot-device-01","1.5946289244747126E9","74.9","66.92","false","false","0.0065","0.0039","0.017","2020-11-26T17:10:41.130+0000","{defaultclientid=iot-device-01, thingname=iot-device-01, thingid=983c2b68-f9a3-4e83-b3c6-9f6f8ad5431b, thingarn=arn:aws:iot:us-east-1:507441099951:thing/iot-device-01, thingtypename=null, attributes={installed=1594665292, latitude=37.4133144, longitude=-122.1513069}, version=1, billinggroupname=null}","2020-11-26 00:00:00.000"
"iot-device-03","1.5946289248365748E9","50.7","70.52","false","false","0.0078","0.0051","0.0209","2020-11-26T17:10:41.419+0000","{defaultclientid=iot-device-03, thingname=iot-device-03, thingid=877352b9-a35d-45d3-9c98-162d89965a13, thingarn=arn:aws:iot:us-east-1:507441099951:thing/iot-device-03, thingtypename=null, attributes={installed=1592562234, latitude=37.4133144, longitude=-122.1513069}, version=1, billinggroupname=null}","2020-11-26 00:00:00.000"
"iot-device-02","1.5946289262672315E9","59.5","75.2","true","false","0.0075","0.0048","0.0198","2020-11-26T17:10:41.697+0000","{defaultclientid=iot-device-02, thingname=iot-device-02, thingid=4ae4927a-aefb-4584-a45a-fc4839feffd6, thingarn=arn:aws:iot:us-east-1:507441099951:thing/iot-device-02, thingtypename=null, attributes={installed=1593361211, latitude=32.8205865, longitude=-96.871627}, version=1, billinggroupname=null}","2020-11-26 00:00:00.000"
"iot-device-03","1.5946302203544645E9","51.6","71.06","false","false","0.0079","0.0051","0.021","2020-11-26T17:10:56.839+0000","{defaultclientid=iot-device-03, thingname=iot-device-03, thingid=877352b9-a35d-45d3-9c98-162d89965a13, thingarn=arn:aws:iot:us-east-1:507441099951:thing/iot-device-03, thingtypename=null, attributes={installed=1592562234, latitude=37.4133144, longitude=-122.1513069}, version=1, billinggroupname=null}","2020-11-26 00:00:00.000"
"iot-device-01","1.5946302220566092E9","75.7","67.1","false","false","0.0064","0.0039","0.0169","2020-11-26T17:10:57.132+0000","{defaultclientid=iot-device-01, thingname=iot-device-01, thingid=983c2b68-f9a3-4e83-b3c6-9f6f8ad5431b, thingarn=arn:aws:iot:us-east-1:507441099951:thing/iot-device-01, thingtypename=null, attributes={installed=1594665292, latitude=37.4133144, longitude=-122.1513069}, version=1, billinggroupname=null}","2020-11-26 00:00:00.000"
"iot-device-03","1.5946302240404928E9","51.6","71.06","false","false","0.0079","0.0051","0.021","2020-11-26T17:10:57.423+0000","{defaultclientid=iot-device-03, thingname=iot-device-03, thingid=877352b9-a35d-45d3-9c98-162d89965a13, thingarn=arn:aws:iot:us-east-1:507441099951:thing/iot-device-03, thingtypename=null, attributes={installed=1592562234, latitude=37.4133144, longitude=-122.1513069}, version=1, billinggroupname=null}","2020-11-26 00:00:00.000"
"iot-device-03","1.5946302277264788E9","51.6","71.24","false","false","0.0078","0.0051","0.021","2020-11-26T17:10:57.741+0000","{defaultclientid=iot-device-03, thingname=iot-device-03, thingid=877352b9-a35d-45d3-9c98-162d89965a13, thingarn=arn:aws:iot:us-east-1:507441099951:thing/iot-device-03, thingtypename=null, attributes={installed=1592562234, latitude=37.4133144, longitude=-122.1513069}, version=1, billinggroupname=null}","2020-11-26 00:00:00.000"
"iot-device-01","1.5946302301681886E9","75.7","67.1","false","false","0.0065","0.0039","0.017","2020-11-26T17:10:58.027+0000","{defaultclientid=iot-device-01, thingname=iot-device-01, thingid=983c2b68-f9a3-4e83-b3c6-9f6f8ad5431b, thingarn=arn:aws:iot:us-east-1:507441099951:thing/iot-device-01, thingtypename=null, attributes={installed=1594665292, latitude=37.4133144, longitude=-122.1513069}, version=1, billinggroupname=null}","2020-11-26 00:00:00.000"
"iot-device-02","1.5946302310292025E9","59.5","75.02","true","false","0.0074","0.0048","0.0198","2020-11-26T17:10:58.308+0000","{defaultclientid=iot-device-02, thingname=iot-device-02, thingid=4ae4927a-aefb-4584-a45a-fc4839feffd6, thingarn=arn:aws:iot:us-east-1:507441099951:thing/iot-device-02, thingtypename=null, attributes={installed=1593361211, latitude=32.8205865, longitude=-96.871627}, version=1, billinggroupname=null}","2020-11-26 00:00:00.000"
"iot-device-03","1.5946302314129028E9","51.6","71.24","false","false","0.0079","0.0051","0.021","2020-11-26T17:10:58.587+0000","{defaultclientid=iot-device-03, thingname=iot-device-03, thingid=877352b9-a35d-45d3-9c98-162d89965a13, thingarn=arn:aws:iot:us-east-1:507441099951:thing/iot-device-03, thingtypename=null, attributes={installed=1592562234, latitude=37.4133144, longitude=-122.1513069}, version=1, billinggroupname=null}","2020-11-26 00:00:00.000"
"iot-device-01","1.594630233980613E9","75.7","67.1","false","false","0.0065","0.0039","0.017","2020-11-26T17:10:58.866+0000","{defaultclientid=iot-device-01, thingname=iot-device-01, thingid=983c2b68-f9a3-4e83-b3c6-9f6f8ad5431b, thingarn=arn:aws:iot:us-east-1:507441099951:thing/iot-device-01, thingtypename=null, attributes={installed=1594665292, latitude=37.4133144, longitude=-122.1513069}, version=1, billinggroupname=null}","2020-11-26 00:00:00.000"
"iot-device-03","1.5946302350989301E9","51.5","71.06","false","false","0.0078","0.0051","0.0208","2020-11-26T17:10:59.144+0000","{defaultclientid=iot-device-03, thingname=iot-device-03, thingid=877352b9-a35d-45d3-9c98-162d89965a13, thingarn=arn:aws:iot:us-east-1:507441099951:thing/iot-device-03, thingtypename=null, attributes={installed=1592562234, latitude=37.4133144, longitude=-122.1513069}, version=1, billinggroupname=null}","2020-11-26 00:00:00.000"
"iot-device-02","1.5946302380443554E9","59.5","75.02","true","false","0.0073","0.0047","0.0195","2020-11-26T17:10:59.439+0000","{defaultclientid=iot-device-02, thingname=iot-device-02, thingid=4ae4927a-aefb-4584-a45a-fc4839feffd6, thingarn=arn:aws:iot:us-east-1:507441099951:thing/iot-device-02, thingtypename=null, attributes={installed=1593361211, latitude=32.8205865, longitude=-96.871627}, version=1, billinggroupname=null}","2020-11-26 00:00:00.000"
"iot-device-03","1.5946301687756832E9","51.5","71.24","false","false","0.0078","0.0051","0.0209","2020-11-26T17:10:47.900+0000","{defaultclientid=iot-device-03, thingname=iot-device-03, thingid=877352b9-a35d-45d3-9c98-162d89965a13, thingarn=arn:aws:iot:us-east-1:507441099951:thing/iot-device-03, thingtypename=null, attributes={installed=1592562234, latitude=37.4133144, longitude=-122.1513069}, version=1, billinggroupname=null}","2020-11-26 00:00:00.000"
"iot-device-01","1.5946301715981367E9","75.7","67.1","false","false","0.0065","0.0039","0.017","2020-11-26T17:10:48.206+0000","{defaultclientid=iot-device-01, thingname=iot-device-01, thingid=983c2b68-f9a3-4e83-b3c6-9f6f8ad5431b, thingarn=arn:aws:iot:us-east-1:507441099951:thing/iot-device-01, thingtypename=null, attributes={installed=1594665292, latitude=37.4133144, longitude=-122.1513069}, version=1, billinggroupname=null}","2020-11-26 00:00:00.000"
"iot-device-03","1.594630172461785E9","51.5","71.06","false","false","0.0078","0.0051","0.0209","2020-11-26T17:10:48.490+0000","{defaultclientid=iot-device-03, thingname=iot-device-03, thingid=877352b9-a35d-45d3-9c98-162d89965a13, thingarn=arn:aws:iot:us-east-1:507441099951:thing/iot-device-03, thingtypename=null, attributes={installed=1592562234, latitude=37.4133144, longitude=-122.1513069}, version=1, billinggroupname=null}","2020-11-26 00:00:00.000"
"iot-device-03","1.5946301761479485E9","51.6","71.24","false","false","0.0078","0.0051","0.0209","2020-11-26T17:10:48.783+0000","{defaultclientid=iot-device-03, thingname=iot-device-03, thingid=877352b9-a35d-45d3-9c98-162d89965a13, thingarn=arn:aws:iot:us-east-1:507441099951:thing/iot-device-03, thingtypename=null, attributes={installed=1592562234, latitude=37.4133144, longitude=-122.1513069}, version=1, billinggroupname=null}","2020-11-26 00:00:00.000"
"iot-device-02","1.5946301767270858E9","59.5","75.02","true","false","0.0073","0.0047","0.0195","2020-11-26T17:10:49.080+0000","{defaultclientid=iot-device-02, thingname=iot-device-02, thingid=4ae4927a-aefb-4584-a45a-fc4839feffd6, thingarn=arn:aws:iot:us-east-1:507441099951:thing/iot-device-02, thingtypename=null, attributes={installed=1593361211, latitude=32.8205865, longitude=-96.871627}, version=1, billinggroupname=null}","2020-11-26 00:00:00.000"
"iot-device-01","1.5946301786397588E9","75.7","67.1","false","false","0.0065","0.004","0.0172","2020-11-26T17:10:49.370+0000","{defaultclientid=iot-device-01, thingname=iot-device-01, thingid=983c2b68-f9a3-4e83-b3c6-9f6f8ad5431b, thingarn=arn:aws:iot:us-east-1:507441099951:thing/iot-device-01, thingtypename=null, attributes={installed=1594665292, latitude=37.4133144, longitude=-122.1513069}, version=1, billinggroupname=null}","2020-11-26 00:00:00.000"
"iot-device-03","1.594630179834022E9","51.6","71.24","false","false","0.0079","0.0051","0.021","2020-11-26T17:10:49.653+0000","{defaultclientid=iot-device-03, thingname=iot-device-03, thingid=877352b9-a35d-45d3-9c98-162d89965a13, thingarn=arn:aws:iot:us-east-1:507441099951:thing/iot-device-03, thingtypename=null, attributes={installed=1592562234, latitude=37.4133144, longitude=-122.1513069}, version=1, billinggroupname=null}","2020-11-26 00:00:00.000"
"iot-device-03","1.5946301835199533E9","51.7","71.24","false","false","0.0078","0.0051","0.0209","2020-11-26T17:10:49.958+0000","{defaultclientid=iot-device-03, thingname=iot-device-03, thingid=877352b9-a35d-45d3-9c98-162d89965a13, thingarn=arn:aws:iot:us-east-1:507441099951:thing/iot-device-03, thingtypename=null, attributes={installed=1592562234, latitude=37.4133144, longitude=-122.1513069}, version=1, billinggroupname=null}","2020-11-26 00:00:00.000"
"iot-device-01","1.5946301835300982E9","75.7","67.1","false","false","0.0065","0.0039","0.017","2020-11-26T17:10:50.266+0000","{defaultclientid=iot-device-01, thingname=iot-device-01, thingid=983c2b68-f9a3-4e83-b3c6-9f6f8ad5431b, thingarn=arn:aws:iot:us-east-1:507441099951:thing/iot-device-01, thingtypename=null, attributes={installed=1594665292, latitude=37.4133144, longitude=-122.1513069}, version=1, billinggroupname=null}","2020-11-26 00:00:00.000"
"iot-device-02","1.5946301842798455E9","59.4","75.02","true","false","0.0074","0.0047","0.0196","2020-11-26T17:10:50.566+0000","{defaultclientid=iot-device-02, thingname=iot-device-02, thingid=4ae4927a-aefb-4584-a45a-fc4839feffd6, thingarn=arn:aws:iot:us-east-1:507441099951:thing/iot-device-02, thingtypename=null, attributes={installed=1593361211, latitude=32.8205865, longitude=-96.871627}, version=1, billinggroupname=null}","2020-11-26 00:00:00.000"
"iot-device-01","1.5946302046611125E9","75.6","67.1","false","false","0.0064","0.0039","0.0169","2020-11-26T17:10:53.875+0000","{defaultclientid=iot-device-01, thingname=iot-device-01, thingid=983c2b68-f9a3-4e83-b3c6-9f6f8ad5431b, thingarn=arn:aws:iot:us-east-1:507441099951:thing/iot-device-01, thingtypename=null, attributes={installed=1594665292, latitude=37.4133144, longitude=-122.1513069}, version=1, billinggroupname=null}","2020-11-26 00:00:00.000"
"iot-device-03","1.5946302056394465E9","51.6","71.06","false","false","0.0078","0.0051","0.021","2020-11-26T17:10:54.178+0000","{defaultclientid=iot-device-03, thingname=iot-device-03, thingid=877352b9-a35d-45d3-9c98-162d89965a13, thingarn=arn:aws:iot:us-east-1:507441099951:thing/iot-device-03, thingtypename=null, attributes={installed=1592562234, latitude=37.4133144, longitude=-122.1513069}, version=1, billinggroupname=null}","2020-11-26 00:00:00.000"
"iot-device-02","1.5946302086447625E9","59.5","75.02","true","false","0.0073","0.0047","0.0195","2020-11-26T17:10:54.480+0000","{defaultclientid=iot-device-02, thingname=iot-device-02, thingid=4ae4927a-aefb-4584-a45a-fc4839feffd6, thingarn=arn:aws:iot:us-east-1:507441099951:thing/iot-device-02, thingtypename=null, attributes={installed=1593361211, latitude=32.8205865, longitude=-96.871627}, version=1, billinggroupname=null}","2020-11-26 00:00:00.000"
"iot-device-03","1.5946302092853215E9","51.7","71.24","false","false","0.0079","0.0051","0.021","2020-11-26T17:10:54.788+0000","{defaultclientid=iot-device-03, thingname=iot-device-03, thingid=877352b9-a35d-45d3-9c98-162d89965a13, thingarn=arn:aws:iot:us-east-1:507441099951:thing/iot-device-03, thingtypename=null, attributes={installed=1592562234, latitude=37.4133144, longitude=-122.1513069}, version=1, billinggroupname=null}","2020-11-26 00:00:00.000"
"iot-device-01","1.594630212270092E9","76.7","67.1","false","false","0.0065","0.0039","0.017","2020-11-26T17:10:55.090+0000","{defaultclientid=iot-device-01, thingname=iot-device-01, thingid=983c2b68-f9a3-4e83-b3c6-9f6f8ad5431b, thingarn=arn:aws:iot:us-east-1:507441099951:thing/iot-device-01, thingtypename=null, attributes={installed=1594665292, latitude=37.4133144, longitude=-122.1513069}, version=1, billinggroupname=null}","2020-11-26 00:00:00.000"
"iot-device-03","1.594630212982206E9","51.7","71.24","false","false","0.0078","0.0051","0.0209","2020-11-26T17:10:55.378+0000","{defaultclientid=iot-device-03, thingname=iot-device-03, thingid=877352b9-a35d-45d3-9c98-162d89965a13, thingarn=arn:aws:iot:us-east-1:507441099951:thing/iot-device-03, thingtypename=null, attributes={installed=1592562234, latitude=37.4133144, longitude=-122.1513069}, version=1, billinggroupname=null}","2020-11-26 00:00:00.000"
"iot-device-02","1.594630214057481E9","59.5","75.02","true","false","0.0074","0.0047","0.0196","2020-11-26T17:10:55.665+0000","{defaultclientid=iot-device-02, thingname=iot-device-02, thingid=4ae4927a-aefb-4584-a45a-fc4839feffd6, thingarn=arn:aws:iot:us-east-1:507441099951:thing/iot-device-02, thingtypename=null, attributes={installed=1593361211, latitude=32.8205865, longitude=-96.871627}, version=1, billinggroupname=null}","2020-11-26 00:00:00.000"
"iot-device-03","1.5946302166682475E9","51.7","71.24","false","false","0.0078","0.0051","0.0209","2020-11-26T17:10:55.960+0000","{defaultclientid=iot-device-03, thingname=iot-device-03, thingid=877352b9-a35d-45d3-9c98-162d89965a13, thingarn=arn:aws:iot:us-east-1:507441099951:thing/iot-device-03, thingtypename=null, attributes={installed=1592562234, latitude=37.4133144, longitude=-122.1513069}, version=1, billinggroupname=null}","2020-11-26 00:00:00.000"
"iot-device-01","1.5946302171642685E9","75.7","67.1","false","false","0.0065","0.004","0.0172","2020-11-26T17:10:56.242+0000","{defaultclientid=iot-device-01, thingname=iot-device-01, thingid=983c2b68-f9a3-4e83-b3c6-9f6f8ad5431b, thingarn=arn:aws:iot:us-east-1:507441099951:thing/iot-device-01, thingtypename=null, attributes={installed=1594665292, latitude=37.4133144, longitude=-122.1513069}, version=1, billinggroupname=null}","2020-11-26 00:00:00.000"
"iot-device-02","1.5946302184006758E9","59.6","75.2","true","false","0.0074","0.0047","0.0196","2020-11-26T17:10:56.549+0000","{defaultclientid=iot-device-02, thingname=iot-device-02, thingid=4ae4927a-aefb-4584-a45a-fc4839feffd6, thingarn=arn:aws:iot:us-east-1:507441099951:thing/iot-device-02, thingtypename=null, attributes={installed=1593361211, latitude=32.8205865, longitude=-96.871627}, version=1, billinggroupname=null}","2020-11-26 00:00:00.000"
"iot-device-03","1.5946302387840204E9","51.6","71.24","false","false","0.0078","0.0051","0.0209","2020-11-26T17:10:59.733+0000","{defaultclientid=iot-device-03, thingname=iot-device-03, thingid=877352b9-a35d-45d3-9c98-162d89965a13, thingarn=arn:aws:iot:us-east-1:507441099951:thing/iot-device-03, thingtypename=null, attributes={installed=1592562234, latitude=37.4133144, longitude=-122.1513069}, version=1, billinggroupname=null}","2020-11-26 00:00:00.000"
"iot-device-01","1.5946288797165756E9","74.5","66.92","false","false","0.0065","0.004","0.0172","2020-11-26T17:10:33.058+0000","{defaultclientid=iot-device-01, thingname=iot-device-01, thingid=983c2b68-f9a3-4e83-b3c6-9f6f8ad5431b, thingarn=arn:aws:iot:us-east-1:507441099951:thing/iot-device-01, thingtypename=null, attributes={installed=1594665292, latitude=37.4133144, longitude=-122.1513069}, version=1, billinggroupname=null}","2020-11-26 00:00:00.000"
"iot-device-03","1.5946288806485226E9","49.3","70.7","false","false","0.0079","0.0051","0.021","2020-11-26T17:10:33.349+0000","{defaultclientid=iot-device-03, thingname=iot-device-03, thingid=877352b9-a35d-45d3-9c98-162d89965a13, thingarn=arn:aws:iot:us-east-1:507441099951:thing/iot-device-03, thingtypename=null, attributes={installed=1592562234, latitude=37.4133144, longitude=-122.1513069}, version=1, billinggroupname=null}","2020-11-26 00:00:00.000"
"iot-device-03","1.5946288843364494E9","49.5","70.7","false","false","0.0078","0.0051","0.0208","2020-11-26T17:10:33.639+0000","{defaultclientid=iot-device-03, thingname=iot-device-03, thingid=877352b9-a35d-45d3-9c98-162d89965a13, thingarn=arn:aws:iot:us-east-1:507441099951:thing/iot-device-03, thingtypename=null, attributes={installed=1592562234, latitude=37.4133144, longitude=-122.1513069}, version=1, billinggroupname=null}","2020-11-26 00:00:00.000"
"iot-device-02","1.5946288851166694E9","59.6","75.2","true","false","0.0074","0.0047","0.0197","2020-11-26T17:10:33.944+0000","{defaultclientid=iot-device-02, thingname=iot-device-02, thingid=4ae4927a-aefb-4584-a45a-fc4839feffd6, thingarn=arn:aws:iot:us-east-1:507441099951:thing/iot-device-02, thingtypename=null, attributes={installed=1593361211, latitude=32.8205865, longitude=-96.871627}, version=1, billinggroupname=null}","2020-11-26 00:00:00.000"
"iot-device-01","1.5946288851440446E9","74.6","66.92","false","false","0.0065","0.0039","0.017","2020-11-26T17:10:34.250+0000","{defaultclientid=iot-device-01, thingname=iot-device-01, thingid=983c2b68-f9a3-4e83-b3c6-9f6f8ad5431b, thingarn=arn:aws:iot:us-east-1:507441099951:thing/iot-device-01, thingtypename=null, attributes={installed=1594665292, latitude=37.4133144, longitude=-122.1513069}, version=1, billinggroupname=null}","2020-11-26 00:00:00.000"
"iot-device-03","1.5946288880221312E9","49.5","70.7","false","false","0.0078","0.0051","0.0209","2020-11-26T17:10:34.548+0000","{defaultclientid=iot-device-03, thingname=iot-device-03, thingid=877352b9-a35d-45d3-9c98-162d89965a13, thingarn=arn:aws:iot:us-east-1:507441099951:thing/iot-device-03, thingtypename=null, attributes={installed=1592562234, latitude=37.4133144, longitude=-122.1513069}, version=1, billinggroupname=null}","2020-11-26 00:00:00.000"
"iot-device-01","1.5946288916852794E9","74.6","66.92","false","false","0.0065","0.004","0.0172","2020-11-26T17:10:34.854+0000","{defaultclientid=iot-device-01, thingname=iot-device-01, thingid=983c2b68-f9a3-4e83-b3c6-9f6f8ad5431b, thingarn=arn:aws:iot:us-east-1:507441099951:thing/iot-device-01, thingtypename=null, attributes={installed=1594665292, latitude=37.4133144, longitude=-122.1513069}, version=1, billinggroupname=null}","2020-11-26 00:00:00.000"
"iot-device-03","1.5946288917093759E9","49.6","70.7","false","false","0.0078","0.0051","0.0209","2020-11-26T17:10:35.151+0000","{defaultclientid=iot-device-03, thingname=iot-device-03, thingid=877352b9-a35d-45d3-9c98-162d89965a13, thingarn=arn:aws:iot:us-east-1:507441099951:thing/iot-device-03, thingtypename=null, attributes={installed=1592562234, latitude=37.4133144, longitude=-122.1513069}, version=1, billinggroupname=null}","2020-11-26 00:00:00.000"
"iot-device-02","1.594628893205524E9","59.4","75.2","true","false","0.0073","0.0047","0.0195","2020-11-26T17:10:35.441+0000","{defaultclientid=iot-device-02, thingname=iot-device-02, thingid=4ae4927a-aefb-4584-a45a-fc4839feffd6, thingarn=arn:aws:iot:us-east-1:507441099951:thing/iot-device-02, thingtypename=null, attributes={installed=1593361211, latitude=32.8205865, longitude=-96.871627}, version=1, billinggroupname=null}","2020-11-26 00:00:00.000"
"iot-device-03","1.594628895395151E9","49.6","70.52","false","false","0.0078","0.0051","0.0209","2020-11-26T17:10:35.734+0000","{defaultclientid=iot-device-03, thingname=iot-device-03, thingid=877352b9-a35d-45d3-9c98-162d89965a13, thingarn=arn:aws:iot:us-east-1:507441099951:thing/iot-device-03, thingtypename=null, attributes={installed=1592562234, latitude=37.4133144, longitude=-122.1513069}, version=1, billinggroupname=null}","2020-11-26 00:00:00.000"
"iot-device-03","1.5946289285229936E9","50.7","70.52","false","false","0.0078","0.0051","0.0209","2020-11-26T17:10:41.992+0000","{defaultclientid=iot-device-03, thingname=iot-device-03, thingid=877352b9-a35d-45d3-9c98-162d89965a13, thingarn=arn:aws:iot:us-east-1:507441099951:thing/iot-device-03, thingtypename=null, attributes={installed=1592562234, latitude=37.4133144, longitude=-122.1513069}, version=1, billinggroupname=null}","2020-11-26 00:00:00.000"
"iot-device-03","1.594628932208809E9","50.5","70.52","false","false","0.0078","0.0051","0.0209","2020-11-26T17:10:42.295+0000","{defaultclientid=iot-device-03, thingname=iot-device-03, thingid=877352b9-a35d-45d3-9c98-162d89965a13, thingarn=arn:aws:iot:us-east-1:507441099951:thing/iot-device-03, thingtypename=null, attributes={installed=1592562234, latitude=37.4133144, longitude=-122.1513069}, version=1, billinggroupname=null}","2020-11-26 00:00:00.000"
"iot-device-02","1.5946289332898982E9","59.5","75.2","true","false","0.0074","0.0047","0.0197","2020-11-26T17:10:42.596+0000","{defaultclientid=iot-device-02, thingname=iot-device-02, thingid=4ae4927a-aefb-4584-a45a-fc4839feffd6, thingarn=arn:aws:iot:us-east-1:507441099951:thing/iot-device-02, thingtypename=null, attributes={installed=1593361211, latitude=32.8205865, longitude=-96.871627}, version=1, billinggroupname=null}","2020-11-26 00:00:00.000"
"iot-device-01","1.594628935276905E9","74.9","66.92","false","false","0.0067","0.0042","0.0179","2020-11-26T17:10:42.895+0000","{defaultclientid=iot-device-01, thingname=iot-device-01, thingid=983c2b68-f9a3-4e83-b3c6-9f6f8ad5431b, thingarn=arn:aws:iot:us-east-1:507441099951:thing/iot-device-01, thingtypename=null, attributes={installed=1594665292, latitude=37.4133144, longitude=-122.1513069}, version=1, billinggroupname=null}","2020-11-26 00:00:00.000"
"iot-device-03","1.5946289358950224E9","50.5","70.52","false","false","0.0078","0.0051","0.0209","2020-11-26T17:10:43.193+0000","{defaultclientid=iot-device-03, thingname=iot-device-03, thingid=877352b9-a35d-45d3-9c98-162d89965a13, thingarn=arn:aws:iot:us-east-1:507441099951:thing/iot-device-03, thingtypename=null, attributes={installed=1592562234, latitude=37.4133144, longitude=-122.1513069}, version=1, billinggroupname=null}","2020-11-26 00:00:00.000"
"iot-device-02","1.594630144372019E9","59.5","75.02","true","false","0.0074","0.0047","0.0196","2020-11-26T17:10:43.488+0000","{defaultclientid=iot-device-02, thingname=iot-device-02, thingid=4ae4927a-aefb-4584-a45a-fc4839feffd6, thingarn=arn:aws:iot:us-east-1:507441099951:thing/iot-device-02, thingtypename=null, attributes={installed=1593361211, latitude=32.8205865, longitude=-96.871627}, version=1, billinggroupname=null}","2020-11-26 00:00:00.000"
"iot-device-01","1.5946301449647784E9","75.7","67.1","false","false","0.0065","0.0039","0.017","2020-11-26T17:10:43.782+0000","{defaultclientid=iot-device-01, thingname=iot-device-01, thingid=983c2b68-f9a3-4e83-b3c6-9f6f8ad5431b, thingarn=arn:aws:iot:us-east-1:507441099951:thing/iot-device-01, thingtypename=null, attributes={installed=1594665292, latitude=37.4133144, longitude=-122.1513069}, version=1, billinggroupname=null}","2020-11-26 00:00:00.000"
"iot-device-03","1.5946301466665974E9","51.5","71.24","false","false","0.0079","0.0051","0.021","2020-11-26T17:10:44.070+0000","{defaultclientid=iot-device-03, thingname=iot-device-03, thingid=877352b9-a35d-45d3-9c98-162d89965a13, thingarn=arn:aws:iot:us-east-1:507441099951:thing/iot-device-03, thingtypename=null, attributes={installed=1592562234, latitude=37.4133144, longitude=-122.1513069}, version=1, billinggroupname=null}","2020-11-26 00:00:00.000"
"iot-device-01","1.5946301498557038E9","75.7","67.1","false","false","0.0065","0.0039","0.017","2020-11-26T17:10:44.377+0000","{defaultclientid=iot-device-01, thingname=iot-device-01, thingid=983c2b68-f9a3-4e83-b3c6-9f6f8ad5431b, thingarn=arn:aws:iot:us-east-1:507441099951:thing/iot-device-01, thingtypename=null, attributes={installed=1594665292, latitude=37.4133144, longitude=-122.1513069}, version=1, billinggroupname=null}","2020-11-26 00:00:00.000"
"iot-device-02","1.5946301503202193E9","59.5","75.02","true","false","0.0073","0.0047","0.0195","2020-11-26T17:10:44.681+0000","{defaultclientid=iot-device-02, thingname=iot-device-02, thingid=4ae4927a-aefb-4584-a45a-fc4839feffd6, thingarn=arn:aws:iot:us-east-1:507441099951:thing/iot-device-02, thingtypename=null, attributes={installed=1593361211, latitude=32.8205865, longitude=-96.871627}, version=1, billinggroupname=null}","2020-11-26 00:00:00.000"
"iot-device-01","1.59462886236321E9","74.4","66.92","false","false","0.0065","0.004","0.0172","2020-11-26T17:10:30.106+0000","{defaultclientid=iot-device-01, thingname=iot-device-01, thingid=983c2b68-f9a3-4e83-b3c6-9f6f8ad5431b, thingarn=arn:aws:iot:us-east-1:507441099951:thing/iot-device-01, thingtypename=null, attributes={installed=1594665292, latitude=37.4133144, longitude=-122.1513069}, version=1, billinggroupname=null}","2020-11-26 00:00:00.000"
"iot-device-02","1.594628865610691E9","59.6","75.2","true","false","0.0073","0.0047","0.0195","2020-11-26T17:10:30.406+0000","{defaultclientid=iot-device-02, thingname=iot-device-02, thingid=4ae4927a-aefb-4584-a45a-fc4839feffd6, thingarn=arn:aws:iot:us-east-1:507441099951:thing/iot-device-02, thingtypename=null, attributes={installed=1593361211, latitude=32.8205865, longitude=-96.871627}, version=1, billinggroupname=null}","2020-11-26 00:00:00.000"
"iot-device-03","1.5946288659010887E9","49.1","70.7","false","false","0.0079","0.0051","0.021","2020-11-26T17:10:30.723+0000","{defaultclientid=iot-device-03, thingname=iot-device-03, thingid=877352b9-a35d-45d3-9c98-162d89965a13, thingarn=arn:aws:iot:us-east-1:507441099951:thing/iot-device-03, thingtypename=null, attributes={installed=1592562234, latitude=37.4133144, longitude=-122.1513069}, version=1, billinggroupname=null}","2020-11-26 00:00:00.000"
"iot-device-03","1.5946288695873508E9","49.2","70.7","false","false","0.0078","0.0051","0.0208","2020-11-26T17:10:31.009+0000","{defaultclientid=iot-device-03, thingname=iot-device-03, thingid=877352b9-a35d-45d3-9c98-162d89965a13, thingarn=arn:aws:iot:us-east-1:507441099951:thing/iot-device-03, thingtypename=null, attributes={installed=1592562234, latitude=37.4133144, longitude=-122.1513069}, version=1, billinggroupname=null}","2020-11-26 00:00:00.000"
"iot-device-01","1.5946288704698026E9","74.5","66.92","false","false","0.0066","0.004","0.0173","2020-11-26T17:10:31.300+0000","{defaultclientid=iot-device-01, thingname=iot-device-01, thingid=983c2b68-f9a3-4e83-b3c6-9f6f8ad5431b, thingarn=arn:aws:iot:us-east-1:507441099951:thing/iot-device-01, thingtypename=null, attributes={installed=1594665292, latitude=37.4133144, longitude=-122.1513069}, version=1, billinggroupname=null}","2020-11-26 00:00:00.000"
"iot-device-02","1.5946288726282556E9","59.5","75.2","true","false","0.0074","0.0047","0.0197","2020-11-26T17:10:31.592+0000","{defaultclientid=iot-device-02, thingname=iot-device-02, thingid=4ae4927a-aefb-4584-a45a-fc4839feffd6, thingarn=arn:aws:iot:us-east-1:507441099951:thing/iot-device-02, thingtypename=null, attributes={installed=1593361211, latitude=32.8205865, longitude=-96.871627}, version=1, billinggroupname=null}","2020-11-26 00:00:00.000"
"iot-device-03","1.5946288732739651E9","49.1","70.52","false","false","0.0078","0.0051","0.021","2020-11-26T17:10:31.878+0000","{defaultclientid=iot-device-03, thingname=iot-device-03, thingid=877352b9-a35d-45d3-9c98-162d89965a13, thingarn=arn:aws:iot:us-east-1:507441099951:thing/iot-device-03, thingtypename=null, attributes={installed=1592562234, latitude=37.4133144, longitude=-122.1513069}, version=1, billinggroupname=null}","2020-11-26 00:00:00.000"
"iot-device-01","1.5946288748201337E9","74.5","66.92","false","false","0.0065","0.004","0.0172","2020-11-26T17:10:32.172+0000","{defaultclientid=iot-device-01, thingname=iot-device-01, thingid=983c2b68-f9a3-4e83-b3c6-9f6f8ad5431b, thingarn=arn:aws:iot:us-east-1:507441099951:thing/iot-device-01, thingtypename=null, attributes={installed=1594665292, latitude=37.4133144, longitude=-122.1513069}, version=1, billinggroupname=null}","2020-11-26 00:00:00.000"
"iot-device-03","1.5946288769602098E9","49.2","70.7","false","false","0.0078","0.0051","0.0209","2020-11-26T17:10:32.488+0000","{defaultclientid=iot-device-03, thingname=iot-device-03, thingid=877352b9-a35d-45d3-9c98-162d89965a13, thingarn=arn:aws:iot:us-east-1:507441099951:thing/iot-device-03, thingtypename=null, attributes={installed=1592562234, latitude=37.4133144, longitude=-122.1513069}, version=1, billinggroupname=null}","2020-11-26 00:00:00.000"
"iot-device-02","1.5946288780366151E9","59.5","75.2","true","false","0.0073","0.0047","0.0195","2020-11-26T17:10:32.770+0000","{defaultclientid=iot-device-02, thingname=iot-device-02, thingid=4ae4927a-aefb-4584-a45a-fc4839feffd6, thingarn=arn:aws:iot:us-east-1:507441099951:thing/iot-device-02, thingtypename=null, attributes={installed=1593361211, latitude=32.8205865, longitude=-96.871627}, version=1, billinggroupname=null}","2020-11-26 00:00:00.000"
"iot-device-03","1.5946456857712715E9","52.4","71.42","false","false","0.0078","0.0051","0.0208","2020-11-26T17:24:14.765+0000","{defaultclientid=iot-device-03, thingname=iot-device-03, thingid=877352b9-a35d-45d3-9c98-162d89965a13, thingarn=arn:aws:iot:us-east-1:507441099951:thing/iot-device-03, thingtypename=null, attributes={installed=1592562234, latitude=37.4133144, longitude=-122.1513069}, version=1, billinggroupname=null}","2020-11-26 00:00:00.000"
"iot-device-02","1.59464568690917E9","65.3","73.76","true","false","0.0071","0.0045","0.0188","2020-11-26T17:24:15.048+0000","{defaultclientid=iot-device-02, thingname=iot-device-02, thingid=4ae4927a-aefb-4584-a45a-fc4839feffd6, thingarn=arn:aws:iot:us-east-1:507441099951:thing/iot-device-02, thingtypename=null, attributes={installed=1593361211, latitude=32.8205865, longitude=-96.871627}, version=1, billinggroupname=null}","2020-11-26 00:00:00.000"
"iot-device-01","1.5946456881077044E9","75.7","67.1","false","false","0.0063","0.0038","0.0166","2020-11-26T17:24:15.341+0000","{defaultclientid=iot-device-01, thingname=iot-device-01, thingid=983c2b68-f9a3-4e83-b3c6-9f6f8ad5431b, thingarn=arn:aws:iot:us-east-1:507441099951:thing/iot-device-01, thingtypename=null, attributes={installed=1594665292, latitude=37.4133144, longitude=-122.1513069}, version=1, billinggroupname=null}","2020-11-26 00:00:00.000"
"iot-device-03","1.5946456894573162E9","52.4","71.42","false","false","0.0078","0.0051","0.021","2020-11-26T17:24:15.629+0000","{defaultclientid=iot-device-03, thingname=iot-device-03, thingid=877352b9-a35d-45d3-9c98-162d89965a13, thingarn=arn:aws:iot:us-east-1:507441099951:thing/iot-device-03, thingtypename=null, attributes={installed=1592562234, latitude=37.4133144, longitude=-122.1513069}, version=1, billinggroupname=null}","2020-11-26 00:00:00.000"
"iot-device-02","1.5946456928875794E9","65.3","73.76","true","false","0.0071","0.0045","0.0188","2020-11-26T17:24:15.920+0000","{defaultclientid=iot-device-02, thingname=iot-device-02, thingid=4ae4927a-aefb-4584-a45a-fc4839feffd6, thingarn=arn:aws:iot:us-east-1:507441099951:thing/iot-device-02, thingtypename=null, attributes={installed=1593361211, latitude=32.8205865, longitude=-96.871627}, version=1, billinggroupname=null}","2020-11-26 00:00:00.000"
"iot-device-03","1.5946456931431365E9","52.4","71.42","false","false","0.0078","0.0051","0.0209","2020-11-26T17:24:16.220+0000","{defaultclientid=iot-device-03, thingname=iot-device-03, thingid=877352b9-a35d-45d3-9c98-162d89965a13, thingarn=arn:aws:iot:us-east-1:507441099951:thing/iot-device-03, thingtypename=null, attributes={installed=1592562234, latitude=37.4133144, longitude=-122.1513069}, version=1, billinggroupname=null}","2020-11-26 00:00:00.000"
"iot-device-01","1.594645696818595E9","75.6","67.1","false","false","0.0063","0.0038","0.0167","2020-11-26T17:24:16.513+0000","{defaultclientid=iot-device-01, thingname=iot-device-01, thingid=983c2b68-f9a3-4e83-b3c6-9f6f8ad5431b, thingarn=arn:aws:iot:us-east-1:507441099951:thing/iot-device-01, thingtypename=null, attributes={installed=1594665292, latitude=37.4133144, longitude=-122.1513069}, version=1, billinggroupname=null}","2020-11-26 00:00:00.000"
"iot-device-03","1.5946456968290524E9","52.4","71.42","false","false","0.0078","0.0051","0.0209","2020-11-26T17:24:16.801+0000","{defaultclientid=iot-device-03, thingname=iot-device-03, thingid=877352b9-a35d-45d3-9c98-162d89965a13, thingarn=arn:aws:iot:us-east-1:507441099951:thing/iot-device-03, thingtypename=null, attributes={installed=1592562234, latitude=37.4133144, longitude=-122.1513069}, version=1, billinggroupname=null}","2020-11-26 00:00:00.000"
"iot-device-02","1.5946456988403153E9","65.3","73.76","true","false","0.0071","0.0044","0.0187","2020-11-26T17:24:17.090+0000","{defaultclientid=iot-device-02, thingname=iot-device-02, thingid=4ae4927a-aefb-4584-a45a-fc4839feffd6, thingarn=arn:aws:iot:us-east-1:507441099951:thing/iot-device-02, thingtypename=null, attributes={installed=1593361211, latitude=32.8205865, longitude=-96.871627}, version=1, billinggroupname=null}","2020-11-26 00:00:00.000"
"iot-device-03","1.594645700515112E9","52.4","71.42","false","false","0.0078","0.0051","0.0209","2020-11-26T17:24:17.369+0000","{defaultclientid=iot-device-03, thingname=iot-device-03, thingid=877352b9-a35d-45d3-9c98-162d89965a13, thingarn=arn:aws:iot:us-east-1:507441099951:thing/iot-device-03, thingtypename=null, attributes={installed=1592562234, latitude=37.4133144, longitude=-122.1513069}, version=1, billinggroupname=null}","2020-11-26 00:00:00.000"
"iot-device-01","1.594645701170417E9","75.7","67.1","false","false","0.0064","0.0038","0.0168","2020-11-26T17:24:17.659+0000","{defaultclientid=iot-device-01, thingname=iot-device-01, thingid=983c2b68-f9a3-4e83-b3c6-9f6f8ad5431b, thingarn=arn:aws:iot:us-east-1:507441099951:thing/iot-device-01, thingtypename=null, attributes={installed=1594665292, latitude=37.4133144, longitude=-122.1513069}, version=1, billinggroupname=null}","2020-11-26 00:00:00.000"
"iot-device-03","1.594645704201151E9","52.5","71.42","false","false","0.0078","0.0051","0.0209","2020-11-26T17:24:17.950+0000","{defaultclientid=iot-device-03, thingname=iot-device-03, thingid=877352b9-a35d-45d3-9c98-162d89965a13, thingarn=arn:aws:iot:us-east-1:507441099951:thing/iot-device-03, thingtypename=null, attributes={installed=1592562234, latitude=37.4133144, longitude=-122.1513069}, version=1, billinggroupname=null}","2020-11-26 00:00:00.000"
"iot-device-03","1.594645707887501E9","52.4","71.42","false","false","0.0078","0.0051","0.0209","2020-11-26T17:24:18.248+0000","{defaultclientid=iot-device-03, thingname=iot-device-03, thingid=877352b9-a35d-45d3-9c98-162d89965a13, thingarn=arn:aws:iot:us-east-1:507441099951:thing/iot-device-03, thingtypename=null, attributes={installed=1592562234, latitude=37.4133144, longitude=-122.1513069}, version=1, billinggroupname=null}","2020-11-26 00:00:00.000"
"iot-device-01","1.5946457092879546E9","75.7","67.1","false","false","0.0064","0.0038","0.0168","2020-11-26T17:24:18.540+0000","{defaultclientid=iot-device-01, thingname=iot-device-01, thingid=983c2b68-f9a3-4e83-b3c6-9f6f8ad5431b, thingarn=arn:aws:iot:us-east-1:507441099951:thing/iot-device-01, thingtypename=null, attributes={installed=1594665292, latitude=37.4133144, longitude=-122.1513069}, version=1, billinggroupname=null}","2020-11-26 00:00:00.000"
"iot-device-02","1.5946457114885006E9","65.3","73.76","true","false","0.007","0.0044","0.0187","2020-11-26T17:24:18.835+0000","{defaultclientid=iot-device-02, thingname=iot-device-02, thingid=4ae4927a-aefb-4584-a45a-fc4839feffd6, thingarn=arn:aws:iot:us-east-1:507441099951:thing/iot-device-02, thingtypename=null, attributes={installed=1593361211, latitude=32.8205865, longitude=-96.871627}, version=1, billinggroupname=null}","2020-11-26 00:00:00.000"
"iot-device-03","1.5946457115734105E9","52.4","71.42","false","false","0.0078","0.0051","0.0208","2020-11-26T17:24:19.127+0000","{defaultclientid=iot-device-03, thingname=iot-device-03, thingid=877352b9-a35d-45d3-9c98-162d89965a13, thingarn=arn:aws:iot:us-east-1:507441099951:thing/iot-device-03, thingtypename=null, attributes={installed=1592562234, latitude=37.4133144, longitude=-122.1513069}, version=1, billinggroupname=null}","2020-11-26 00:00:00.000"
"iot-device-01","1.5946457136389205E9","75.7","67.1","false","false","0.0062","0.0037","0.0164","2020-11-26T17:24:19.419+0000","{defaultclientid=iot-device-01, thingname=iot-device-01, thingid=983c2b68-f9a3-4e83-b3c6-9f6f8ad5431b, thingarn=arn:aws:iot:us-east-1:507441099951:thing/iot-device-01, thingtypename=null, attributes={installed=1594665292, latitude=37.4133144, longitude=-122.1513069}, version=1, billinggroupname=null}","2020-11-26 00:00:00.000"
"iot-device-03","1.5946457152546973E9","52.4","71.42","false","false","0.0078","0.0051","0.0209","2020-11-26T17:24:19.712+0000","{defaultclientid=iot-device-03, thingname=iot-device-03, thingid=877352b9-a35d-45d3-9c98-162d89965a13, thingarn=arn:aws:iot:us-east-1:507441099951:thing/iot-device-03, thingtypename=null, attributes={installed=1592562234, latitude=37.4133144, longitude=-122.1513069}, version=1, billinggroupname=null}","2020-11-26 00:00:00.000"
"iot-device-02","1.5946457174392555E9","65.2","73.76","true","false","0.0071","0.0045","0.0188","2020-11-26T17:24:20.028+0000","{defaultclientid=iot-device-02, thingname=iot-device-02, thingid=4ae4927a-aefb-4584-a45a-fc4839feffd6, thingarn=arn:aws:iot:us-east-1:507441099951:thing/iot-device-02, thingtypename=null, attributes={installed=1593361211, latitude=32.8205865, longitude=-96.871627}, version=1, billinggroupname=null}","2020-11-26 00:00:00.000"
"iot-device-03","1.5946457189408698E9","52.4","71.42","false","false","0.0078","0.0051","0.0209","2020-11-26T17:24:20.326+0000","{defaultclientid=iot-device-03, thingname=iot-device-03, thingid=877352b9-a35d-45d3-9c98-162d89965a13, thingarn=arn:aws:iot:us-east-1:507441099951:thing/iot-device-03, thingtypename=null, attributes={installed=1592562234, latitude=37.4133144, longitude=-122.1513069}, version=1, billinggroupname=null}","2020-11-26 00:00:00.000"
"iot-device-01","1.5946457538254578E9","75.7","67.1","false","false","0.0065","0.0039","0.017","2020-11-26T17:24:26.488+0000","{defaultclientid=iot-device-01, thingname=iot-device-01, thingid=983c2b68-f9a3-4e83-b3c6-9f6f8ad5431b, thingarn=arn:aws:iot:us-east-1:507441099951:thing/iot-device-01, thingtypename=null, attributes={installed=1594665292, latitude=37.4133144, longitude=-122.1513069}, version=1, billinggroupname=null}","2020-11-26 00:00:00.000"
"iot-device-03","1.594645755763075E9","52.5","71.42","false","false","0.0078","0.0051","0.0209","2020-11-26T17:24:26.784+0000","{defaultclientid=iot-device-03, thingname=iot-device-03, thingid=877352b9-a35d-45d3-9c98-162d89965a13, thingarn=arn:aws:iot:us-east-1:507441099951:thing/iot-device-03, thingtypename=null, attributes={installed=1592562234, latitude=37.4133144, longitude=-122.1513069}, version=1, billinggroupname=null}","2020-11-26 00:00:00.000"
"iot-device-01","1.5946457592506678E9","75.7","67.1","false","false","0.0065","0.0039","0.017","2020-11-26T17:24:27.069+0000","{defaultclientid=iot-device-01, thingname=iot-device-01, thingid=983c2b68-f9a3-4e83-b3c6-9f6f8ad5431b, thingarn=arn:aws:iot:us-east-1:507441099951:thing/iot-device-01, thingtypename=null, attributes={installed=1594665292, latitude=37.4133144, longitude=-122.1513069}, version=1, billinggroupname=null}","2020-11-26 00:00:00.000"
"iot-device-03","1.594645759443865E9","52.5","71.42","false","false","0.0078","0.0051","0.0209","2020-11-26T17:24:27.359+0000","{defaultclientid=iot-device-03, thingname=iot-device-03, thingid=877352b9-a35d-45d3-9c98-162d89965a13, thingarn=arn:aws:iot:us-east-1:507441099951:thing/iot-device-03, thingtypename=null, attributes={installed=1592562234, latitude=37.4133144, longitude=-122.1513069}, version=1, billinggroupname=null}","2020-11-26 00:00:00.000"
"iot-device-02","1.5946457606881773E9","65.2","73.76","true","false","0.0071","0.0045","0.0188","2020-11-26T17:24:27.649+0000","{defaultclientid=iot-device-02, thingname=iot-device-02, thingid=4ae4927a-aefb-4584-a45a-fc4839feffd6, thingarn=arn:aws:iot:us-east-1:507441099951:thing/iot-device-02, thingtypename=null, attributes={installed=1593361211, latitude=32.8205865, longitude=-96.871627}, version=1, billinggroupname=null}","2020-11-26 00:00:00.000"
"iot-device-03","1.5946457631289535E9","52.5","71.42","false","false","0.0078","0.0051","0.0208","2020-11-26T17:24:27.942+0000","{defaultclientid=iot-device-03, thingname=iot-device-03, thingid=877352b9-a35d-45d3-9c98-162d89965a13, thingarn=arn:aws:iot:us-east-1:507441099951:thing/iot-device-03, thingtypename=null, attributes={installed=1592562234, latitude=37.4133144, longitude=-122.1513069}, version=1, billinggroupname=null}","2020-11-26 00:00:00.000"
"iot-device-01","1.5946457641410613E9","75.7","67.1","false","false","0.0062","0.0037","0.0164","2020-11-26T17:24:28.229+0000","{defaultclientid=iot-device-01, thingname=iot-device-01, thingid=983c2b68-f9a3-4e83-b3c6-9f6f8ad5431b, thingarn=arn:aws:iot:us-east-1:507441099951:thing/iot-device-01, thingtypename=null, attributes={installed=1594665292, latitude=37.4133144, longitude=-122.1513069}, version=1, billinggroupname=null}","2020-11-26 00:00:00.000"
"iot-device-02","1.5946457644969027E9","65.2","73.76","true","false","0.0071","0.0045","0.0188","2020-11-26T17:24:28.519+0000","{defaultclientid=iot-device-02, thingname=iot-device-02, thingid=4ae4927a-aefb-4584-a45a-fc4839feffd6, thingarn=arn:aws:iot:us-east-1:507441099951:thing/iot-device-02, thingtypename=null, attributes={installed=1593361211, latitude=32.8205865, longitude=-96.871627}, version=1, billinggroupname=null}","2020-11-26 00:00:00.000"
"iot-device-03","1.5946457668124206E9","52.5","71.42","false","false","0.0078","0.0051","0.0208","2020-11-26T17:24:28.808+0000","{defaultclientid=iot-device-03, thingname=iot-device-03, thingid=877352b9-a35d-45d3-9c98-162d89965a13, thingarn=arn:aws:iot:us-east-1:507441099951:thing/iot-device-03, thingtypename=null, attributes={installed=1592562234, latitude=37.4133144, longitude=-122.1513069}, version=1, billinggroupname=null}","2020-11-26 00:00:00.000"
"iot-device-01","1.594645767956675E9","76.1","67.1","false","false","0.0063","0.0038","0.0167","2020-11-26T17:24:29.110+0000","{defaultclientid=iot-device-01, thingname=iot-device-01, thingid=983c2b68-f9a3-4e83-b3c6-9f6f8ad5431b, thingarn=arn:aws:iot:us-east-1:507441099951:thing/iot-device-01, thingtypename=null, attributes={installed=1594665292, latitude=37.4133144, longitude=-122.1513069}, version=1, billinggroupname=null}","2020-11-26 00:00:00.000"
"iot-device-03","1.5946456191806636E9","52.6","71.42","false","false","0.0078","0.0051","0.0209","2020-11-26T17:24:02.947+0000","{defaultclientid=iot-device-03, thingname=iot-device-03, thingid=877352b9-a35d-45d3-9c98-162d89965a13, thingarn=arn:aws:iot:us-east-1:507441099951:thing/iot-device-03, thingtypename=null, attributes={installed=1592562234, latitude=37.4133144, longitude=-122.1513069}, version=1, billinggroupname=null}","2020-11-26 00:00:00.000"
"iot-device-02","1.5946456213542132E9","65.7","73.76","true","false","0.007","0.0044","0.0186","2020-11-26T17:24:03.239+0000","{defaultclientid=iot-device-02, thingname=iot-device-02, thingid=4ae4927a-aefb-4584-a45a-fc4839feffd6, thingarn=arn:aws:iot:us-east-1:507441099951:thing/iot-device-02, thingtypename=null, attributes={installed=1593361211, latitude=32.8205865, longitude=-96.871627}, version=1, billinggroupname=null}","2020-11-26 00:00:00.000"
"iot-device-03","1.59464562286678E9","52.6","71.42","false","false","0.0078","0.0051","0.0209","2020-11-26T17:24:03.535+0000","{defaultclientid=iot-device-03, thingname=iot-device-03, thingid=877352b9-a35d-45d3-9c98-162d89965a13, thingarn=arn:aws:iot:us-east-1:507441099951:thing/iot-device-03, thingtypename=null, attributes={installed=1592562234, latitude=37.4133144, longitude=-122.1513069}, version=1, billinggroupname=null}","2020-11-26 00:00:00.000"
"iot-device-01","1.5946456256192198E9","75.5","67.1","false","false","0.0063","0.0038","0.0166","2020-11-26T17:24:03.833+0000","{defaultclientid=iot-device-01, thingname=iot-device-01, thingid=983c2b68-f9a3-4e83-b3c6-9f6f8ad5431b, thingarn=arn:aws:iot:us-east-1:507441099951:thing/iot-device-01, thingtypename=null, attributes={installed=1594665292, latitude=37.4133144, longitude=-122.1513069}, version=1, billinggroupname=null}","2020-11-26 00:00:00.000"
"iot-device-03","1.5946456265526018E9","52.6","71.42","false","false","0.0078","0.0051","0.0209","2020-11-26T17:24:04.129+0000","{defaultclientid=iot-device-03, thingname=iot-device-03, thingid=877352b9-a35d-45d3-9c98-162d89965a13, thingarn=arn:aws:iot:us-east-1:507441099951:thing/iot-device-03, thingtypename=null, attributes={installed=1592562234, latitude=37.4133144, longitude=-122.1513069}, version=1, billinggroupname=null}","2020-11-26 00:00:00.000"
"iot-device-03","1.5946456302384071E9","52.6","71.42","false","false","0.0079","0.0051","0.021","2020-11-26T17:24:04.421+0000","{defaultclientid=iot-device-03, thingname=iot-device-03, thingid=877352b9-a35d-45d3-9c98-162d89965a13, thingarn=arn:aws:iot:us-east-1:507441099951:thing/iot-device-03, thingtypename=null, attributes={installed=1592562234, latitude=37.4133144, longitude=-122.1513069}, version=1, billinggroupname=null}","2020-11-26 00:00:00.000"
"iot-device-02","1.5946456311025176E9","65.3","73.76","true","false","0.007","0.0044","0.0186","2020-11-26T17:24:04.716+0000","{defaultclientid=iot-device-02, thingname=iot-device-02, thingid=4ae4927a-aefb-4584-a45a-fc4839feffd6, thingarn=arn:aws:iot:us-east-1:507441099951:thing/iot-device-02, thingtypename=null, attributes={installed=1593361211, latitude=32.8205865, longitude=-96.871627}, version=1, billinggroupname=null}","2020-11-26 00:00:00.000"
"iot-device-03","1.59464563392418E9","52.6","71.42","false","false","0.0078","0.0051","0.0209","2020-11-26T17:24:05.010+0000","{defaultclientid=iot-device-03, thingname=iot-device-03, thingid=877352b9-a35d-45d3-9c98-162d89965a13, thingarn=arn:aws:iot:us-east-1:507441099951:thing/iot-device-03, thingtypename=null, attributes={installed=1592562234, latitude=37.4133144, longitude=-122.1513069}, version=1, billinggroupname=null}","2020-11-26 00:00:00.000"
"iot-device-01","1.594645634369753E9","75.5","67.1","false","false","0.0064","0.0039","0.0169","2020-11-26T17:24:05.305+0000","{defaultclientid=iot-device-01, thingname=iot-device-01, thingid=983c2b68-f9a3-4e83-b3c6-9f6f8ad5431b, thingarn=arn:aws:iot:us-east-1:507441099951:thing/iot-device-01, thingtypename=null, attributes={installed=1594665292, latitude=37.4133144, longitude=-122.1513069}, version=1, billinggroupname=null}","2020-11-26 00:00:00.000"
"iot-device-03","1.5946456376101112E9","52.6","71.42","false","false","0.0078","0.0051","0.0209","2020-11-26T17:24:05.608+0000","{defaultclientid=iot-device-03, thingname=iot-device-03, thingid=877352b9-a35d-45d3-9c98-162d89965a13, thingarn=arn:aws:iot:us-east-1:507441099951:thing/iot-device-03, thingtypename=null, attributes={installed=1592562234, latitude=37.4133144, longitude=-122.1513069}, version=1, billinggroupname=null}","2020-11-26 00:00:00.000"
"iot-device-01","1.5946456381830926E9","75.5","67.1","false","false","0.0063","0.0038","0.0166","2020-11-26T17:24:05.899+0000","{defaultclientid=iot-device-01, thingname=iot-device-01, thingid=983c2b68-f9a3-4e83-b3c6-9f6f8ad5431b, thingarn=arn:aws:iot:us-east-1:507441099951:thing/iot-device-01, thingtypename=null, attributes={installed=1594665292, latitude=37.4133144, longitude=-122.1513069}, version=1, billinggroupname=null}","2020-11-26 00:00:00.000"
"iot-device-03","1.5946456412958047E9","52.5","71.42","false","false","0.0078","0.0051","0.0209","2020-11-26T17:24:06.191+0000","{defaultclientid=iot-device-03, thingname=iot-device-03, thingid=877352b9-a35d-45d3-9c98-162d89965a13, thingarn=arn:aws:iot:us-east-1:507441099951:thing/iot-device-03, thingtypename=null, attributes={installed=1592562234, latitude=37.4133144, longitude=-122.1513069}, version=1, billinggroupname=null}","2020-11-26 00:00:00.000"
"iot-device-02","1.5946456413259215E9","65.3","73.76","true","false","0.0071","0.0044","0.0187","2020-11-26T17:24:06.479+0000","{defaultclientid=iot-device-02, thingname=iot-device-02, thingid=4ae4927a-aefb-4584-a45a-fc4839feffd6, thingarn=arn:aws:iot:us-east-1:507441099951:thing/iot-device-02, thingtypename=null, attributes={installed=1593361211, latitude=32.8205865, longitude=-96.871627}, version=1, billinggroupname=null}","2020-11-26 00:00:00.000"
"iot-device-03","1.5946456449817085E9","52.6","71.42","false","false","0.0078","0.0051","0.0209","2020-11-26T17:24:06.811+0000","{defaultclientid=iot-device-03, thingname=iot-device-03, thingid=877352b9-a35d-45d3-9c98-162d89965a13, thingarn=arn:aws:iot:us-east-1:507441099951:thing/iot-device-03, thingtypename=null, attributes={installed=1592562234, latitude=37.4133144, longitude=-122.1513069}, version=1, billinggroupname=null}","2020-11-26 00:00:00.000"
"iot-device-02","1.5946456462044413E9","52.5","50.72","true","false","0.0071","0.0045","0.0188","2020-11-26T17:24:07.109+0000","{defaultclientid=iot-device-02, thingname=iot-device-02, thingid=4ae4927a-aefb-4584-a45a-fc4839feffd6, thingarn=arn:aws:iot:us-east-1:507441099951:thing/iot-device-02, thingtypename=null, attributes={installed=1593361211, latitude=32.8205865, longitude=-96.871627}, version=1, billinggroupname=null}","2020-11-26 00:00:00.000"
"iot-device-01","1.5946456462967114E9","75.5","67.1","false","false","0.0063","0.0038","0.0167","2020-11-26T17:24:07.399+0000","{defaultclientid=iot-device-01, thingname=iot-device-01, thingid=983c2b68-f9a3-4e83-b3c6-9f6f8ad5431b, thingarn=arn:aws:iot:us-east-1:507441099951:thing/iot-device-01, thingtypename=null, attributes={installed=1594665292, latitude=37.4133144, longitude=-122.1513069}, version=1, billinggroupname=null}","2020-11-26 00:00:00.000"
"iot-device-03","1.5946456486674993E9","52.5","71.42","false","false","0.0078","0.0051","0.0208","2020-11-26T17:24:07.709+0000","{defaultclientid=iot-device-03, thingname=iot-device-03, thingid=877352b9-a35d-45d3-9c98-162d89965a13, thingarn=arn:aws:iot:us-east-1:507441099951:thing/iot-device-03, thingtypename=null, attributes={installed=1592562234, latitude=37.4133144, longitude=-122.1513069}, version=1, billinggroupname=null}","2020-11-26 00:00:00.000"
"iot-device-02","1.5946456505467596E9","65.3","73.76","true","false","0.007","0.0044","0.0185","2020-11-26T17:24:08.000+0000","{defaultclientid=iot-device-02, thingname=iot-device-02, thingid=4ae4927a-aefb-4584-a45a-fc4839feffd6, thingarn=arn:aws:iot:us-east-1:507441099951:thing/iot-device-02, thingtypename=null, attributes={installed=1593361211, latitude=32.8205865, longitude=-96.871627}, version=1, billinggroupname=null}","2020-11-26 00:00:00.000"
"iot-device-01","1.594645651194446E9","75.5","67.1","false","false","0.0063","0.0038","0.0167","2020-11-26T17:24:08.290+0000","{defaultclientid=iot-device-01, thingname=iot-device-01, thingid=983c2b68-f9a3-4e83-b3c6-9f6f8ad5431b, thingarn=arn:aws:iot:us-east-1:507441099951:thing/iot-device-01, thingtypename=null, attributes={installed=1594665292, latitude=37.4133144, longitude=-122.1513069}, version=1, billinggroupname=null}","2020-11-26 00:00:00.000"
"iot-device-03","1.5946456523533275E9","52.5","71.42","false","false","0.0079","0.0051","0.021","2020-11-26T17:24:08.584+0000","{defaultclientid=iot-device-03, thingname=iot-device-03, thingid=877352b9-a35d-45d3-9c98-162d89965a13, thingarn=arn:aws:iot:us-east-1:507441099951:thing/iot-device-03, thingtypename=null, attributes={installed=1592562234, latitude=37.4133144, longitude=-122.1513069}, version=1, billinggroupname=null}","2020-11-26 00:00:00.000"
"iot-device-02","1.5946457693724675E9","65.2","73.76","true","false","0.0071","0.0045","0.0188","2020-11-26T17:24:29.398+0000","{defaultclientid=iot-device-02, thingname=iot-device-02, thingid=4ae4927a-aefb-4584-a45a-fc4839feffd6, thingarn=arn:aws:iot:us-east-1:507441099951:thing/iot-device-02, thingtypename=null, attributes={installed=1593361211, latitude=32.8205865, longitude=-96.871627}, version=1, billinggroupname=null}","2020-11-26 00:00:00.000"
"iot-device-03","1.5946457704985874E9","52.4","71.42","false","false","0.0078","0.0051","0.0208","2020-11-26T17:24:29.690+0000","{defaultclientid=iot-device-03, thingname=iot-device-03, thingid=877352b9-a35d-45d3-9c98-162d89965a13, thingarn=arn:aws:iot:us-east-1:507441099951:thing/iot-device-03, thingtypename=null, attributes={installed=1592562234, latitude=37.4133144, longitude=-122.1513069}, version=1, billinggroupname=null}","2020-11-26 00:00:00.000"
"iot-device-02","1.5946456705911458E9","65.3","73.94","true","false","0.007","0.0044","0.0186","2020-11-26T17:24:11.818+0000","{defaultclientid=iot-device-02, thingname=iot-device-02, thingid=4ae4927a-aefb-4584-a45a-fc4839feffd6, thingarn=arn:aws:iot:us-east-1:507441099951:thing/iot-device-02, thingtypename=null, attributes={installed=1593361211, latitude=32.8205865, longitude=-96.871627}, version=1, billinggroupname=null}","2020-11-26 00:00:00.000"
"iot-device-03","1.5946456707810247E9","52.5","71.42","false","false","0.0078","0.0051","0.0209","2020-11-26T17:24:12.107+0000","{defaultclientid=iot-device-03, thingname=iot-device-03, thingid=877352b9-a35d-45d3-9c98-162d89965a13, thingarn=arn:aws:iot:us-east-1:507441099951:thing/iot-device-03, thingtypename=null, attributes={installed=1592562234, latitude=37.4133144, longitude=-122.1513069}, version=1, billinggroupname=null}","2020-11-26 00:00:00.000"
"iot-device-01","1.594645671280969E9","75.6","67.1","false","false","0.0063","0.0038","0.0166","2020-11-26T17:24:12.412+0000","{defaultclientid=iot-device-01, thingname=iot-device-01, thingid=983c2b68-f9a3-4e83-b3c6-9f6f8ad5431b, thingarn=arn:aws:iot:us-east-1:507441099951:thing/iot-device-01, thingtypename=null, attributes={installed=1594665292, latitude=37.4133144, longitude=-122.1513069}, version=1, billinggroupname=null}","2020-11-26 00:00:00.000"
"iot-device-03","1.594645674466575E9","52.5","71.42","false","false","0.0078","0.0051","0.0209","2020-11-26T17:24:12.720+0000","{defaultclientid=iot-device-03, thingname=iot-device-03, thingid=877352b9-a35d-45d3-9c98-162d89965a13, thingarn=arn:aws:iot:us-east-1:507441099951:thing/iot-device-03, thingtypename=null, attributes={installed=1592562234, latitude=37.4133144, longitude=-122.1513069}, version=1, billinggroupname=null}","2020-11-26 00:00:00.000"
"iot-device-02","1.5946456754694462E9","65.3","73.76","true","false","0.0071","0.0045","0.0188","2020-11-26T17:24:13.022+0000","{defaultclientid=iot-device-02, thingname=iot-device-02, thingid=4ae4927a-aefb-4584-a45a-fc4839feffd6, thingarn=arn:aws:iot:us-east-1:507441099951:thing/iot-device-02, thingtypename=null, attributes={installed=1593361211, latitude=32.8205865, longitude=-96.871627}, version=1, billinggroupname=null}","2020-11-26 00:00:00.000"
"iot-device-01","1.5946456783283575E9","75.7","67.1","false","false","0.0063","0.0038","0.0167","2020-11-26T17:24:13.310+0000","{defaultclientid=iot-device-01, thingname=iot-device-01, thingid=983c2b68-f9a3-4e83-b3c6-9f6f8ad5431b, thingarn=arn:aws:iot:us-east-1:507441099951:thing/iot-device-01, thingtypename=null, attributes={installed=1594665292, latitude=37.4133144, longitude=-122.1513069}, version=1, billinggroupname=null}","2020-11-26 00:00:00.000"
"iot-device-03","1.5946456783991542E9","52.5","71.42","false","false","0.0079","0.0051","0.021","2020-11-26T17:24:13.599+0000","{defaultclientid=iot-device-03, thingname=iot-device-03, thingid=877352b9-a35d-45d3-9c98-162d89965a13, thingarn=arn:aws:iot:us-east-1:507441099951:thing/iot-device-03, thingtypename=null, attributes={installed=1592562234, latitude=37.4133144, longitude=-122.1513069}, version=1, billinggroupname=null}","2020-11-26 00:00:00.000"
"iot-device-02","1.5946456792760112E9","65.3","73.76","true","false","0.0071","0.0044","0.0187","2020-11-26T17:24:13.890+0000","{defaultclientid=iot-device-02, thingname=iot-device-02, thingid=4ae4927a-aefb-4584-a45a-fc4839feffd6, thingarn=arn:aws:iot:us-east-1:507441099951:thing/iot-device-02, thingtypename=null, attributes={installed=1593361211, latitude=32.8205865, longitude=-96.871627}, version=1, billinggroupname=null}","2020-11-26 00:00:00.000"
"iot-device-03","1.5946456820854368E9","52.4","71.42","false","false","0.0078","0.0051","0.0209","2020-11-26T17:24:14.183+0000","{defaultclientid=iot-device-03, thingname=iot-device-03, thingid=877352b9-a35d-45d3-9c98-162d89965a13, thingarn=arn:aws:iot:us-east-1:507441099951:thing/iot-device-03, thingtypename=null, attributes={installed=1592562234, latitude=37.4133144, longitude=-122.1513069}, version=1, billinggroupname=null}","2020-11-26 00:00:00.000"
"iot-device-01","1.5946456826822708E9","75.7","67.1","false","false","0.0063","0.0038","0.0166","2020-11-26T17:24:14.473+0000","{defaultclientid=iot-device-01, thingname=iot-device-01, thingid=983c2b68-f9a3-4e83-b3c6-9f6f8ad5431b, thingarn=arn:aws:iot:us-east-1:507441099951:thing/iot-device-01, thingtypename=null, attributes={installed=1594665292, latitude=37.4133144, longitude=-122.1513069}, version=1, billinggroupname=null}","2020-11-26 00:00:00.000"
"iot-device-03","1.5946457373545167E9","52.5","71.42","false","false","0.0078","0.0051","0.0208","2020-11-26T17:24:23.580+0000","{defaultclientid=iot-device-03, thingname=iot-device-03, thingid=877352b9-a35d-45d3-9c98-162d89965a13, thingarn=arn:aws:iot:us-east-1:507441099951:thing/iot-device-03, thingtypename=null, attributes={installed=1592562234, latitude=37.4133144, longitude=-122.1513069}, version=1, billinggroupname=null}","2020-11-26 00:00:00.000"
"iot-device-02","1.594645737966836E9","65.2","73.76","true","false","0.0071","0.0045","0.0188","2020-11-26T17:24:23.870+0000","{defaultclientid=iot-device-02, thingname=iot-device-02, thingid=4ae4927a-aefb-4584-a45a-fc4839feffd6, thingarn=arn:aws:iot:us-east-1:507441099951:thing/iot-device-02, thingtypename=null, attributes={installed=1593361211, latitude=32.8205865, longitude=-96.871627}, version=1, billinggroupname=null}","2020-11-26 00:00:00.000"
"iot-device-03","1.5946457410367415E9","52.5","71.42","false","false","0.0078","0.0051","0.0209","2020-11-26T17:24:24.167+0000","{defaultclientid=iot-device-03, thingname=iot-device-03, thingid=877352b9-a35d-45d3-9c98-162d89965a13, thingarn=arn:aws:iot:us-east-1:507441099951:thing/iot-device-03, thingtypename=null, attributes={installed=1592562234, latitude=37.4133144, longitude=-122.1513069}, version=1, billinggroupname=null}","2020-11-26 00:00:00.000"
"iot-device-02","1.5946457417737179E9","65.2","73.76","true","false","0.0071","0.0045","0.0188","2020-11-26T17:24:24.451+0000","{defaultclientid=iot-device-02, thingname=iot-device-02, thingid=4ae4927a-aefb-4584-a45a-fc4839feffd6, thingarn=arn:aws:iot:us-east-1:507441099951:thing/iot-device-02, thingtypename=null, attributes={installed=1593361211, latitude=32.8205865, longitude=-96.871627}, version=1, billinggroupname=null}","2020-11-26 00:00:00.000"
"iot-device-01","1.5946457440173788E9","75.7","67.1","false","false","0.0065","0.0039","0.017","2020-11-26T17:24:24.750+0000","{defaultclientid=iot-device-01, thingname=iot-device-01, thingid=983c2b68-f9a3-4e83-b3c6-9f6f8ad5431b, thingarn=arn:aws:iot:us-east-1:507441099951:thing/iot-device-01, thingtypename=null, attributes={installed=1594665292, latitude=37.4133144, longitude=-122.1513069}, version=1, billinggroupname=null}","2020-11-26 00:00:00.000"
"iot-device-03","1.5946457447209425E9","52.5","71.42","false","false","0.0078","0.0051","0.0208","2020-11-26T17:24:25.048+0000","{defaultclientid=iot-device-03, thingname=iot-device-03, thingid=877352b9-a35d-45d3-9c98-162d89965a13, thingarn=arn:aws:iot:us-east-1:507441099951:thing/iot-device-03, thingtypename=null, attributes={installed=1592562234, latitude=37.4133144, longitude=-122.1513069}, version=1, billinggroupname=null}","2020-11-26 00:00:00.000"
"iot-device-02","1.5946457455879393E9","65.2","73.76","true","false","0.0071","0.0044","0.0187","2020-11-26T17:24:25.332+0000","{defaultclientid=iot-device-02, thingname=iot-device-02, thingid=4ae4927a-aefb-4584-a45a-fc4839feffd6, thingarn=arn:aws:iot:us-east-1:507441099951:thing/iot-device-02, thingtypename=null, attributes={installed=1593361211, latitude=32.8205865, longitude=-96.871627}, version=1, billinggroupname=null}","2020-11-26 00:00:00.000"
"iot-device-03","1.5946457484050353E9","52.5","71.42","false","false","0.0078","0.0051","0.0209","2020-11-26T17:24:25.634+0000","{defaultclientid=iot-device-03, thingname=iot-device-03, thingid=877352b9-a35d-45d3-9c98-162d89965a13, thingarn=arn:aws:iot:us-east-1:507441099951:thing/iot-device-03, thingtypename=null, attributes={installed=1592562234, latitude=37.4133144, longitude=-122.1513069}, version=1, billinggroupname=null}","2020-11-26 00:00:00.000"
"iot-device-02","1.594645750471048E9","65.2","73.76","true","false","0.0071","0.0045","0.0188","2020-11-26T17:24:25.919+0000","{defaultclientid=iot-device-02, thingname=iot-device-02, thingid=4ae4927a-aefb-4584-a45a-fc4839feffd6, thingarn=arn:aws:iot:us-east-1:507441099951:thing/iot-device-02, thingtypename=null, attributes={installed=1593361211, latitude=32.8205865, longitude=-96.871627}, version=1, billinggroupname=null}","2020-11-26 00:00:00.000"
"iot-device-03","1.59464575208597E9","52.5","71.42","false","false","0.0078","0.0051","0.0209","2020-11-26T17:24:26.207+0000","{defaultclientid=iot-device-03, thingname=iot-device-03, thingid=877352b9-a35d-45d3-9c98-162d89965a13, thingarn=arn:aws:iot:us-east-1:507441099951:thing/iot-device-03, thingtypename=null, attributes={installed=1592562234, latitude=37.4133144, longitude=-122.1513069}, version=1, billinggroupname=null}","2020-11-26 00:00:00.000"
"iot-device-01","1.5946455977938561E9","75.4","67.1","false","false","0.0064","0.0038","0.0168","2020-11-26T17:23:59.980+0000","{defaultclientid=iot-device-01, thingname=iot-device-01, thingid=983c2b68-f9a3-4e83-b3c6-9f6f8ad5431b, thingarn=arn:aws:iot:us-east-1:507441099951:thing/iot-device-01, thingtypename=null, attributes={installed=1594665292, latitude=37.4133144, longitude=-122.1513069}, version=1, billinggroupname=null}","2020-11-26 00:00:00.000"
"iot-device-03","1.5946456007508614E9","52.5","71.24","false","false","0.0078","0.0051","0.0209","2020-11-26T17:24:00.271+0000","{defaultclientid=iot-device-03, thingname=iot-device-03, thingid=877352b9-a35d-45d3-9c98-162d89965a13, thingarn=arn:aws:iot:us-east-1:507441099951:thing/iot-device-03, thingtypename=null, attributes={installed=1592562234, latitude=37.4133144, longitude=-122.1513069}, version=1, billinggroupname=null}","2020-11-26 00:00:00.000"
"iot-device-02","1.5946456011647055E9","65.5","73.76","true","false","0.007","0.0044","0.0186","2020-11-26T17:24:00.578+0000","{defaultclientid=iot-device-02, thingname=iot-device-02, thingid=4ae4927a-aefb-4584-a45a-fc4839feffd6, thingarn=arn:aws:iot:us-east-1:507441099951:thing/iot-device-02, thingtypename=null, attributes={installed=1593361211, latitude=32.8205865, longitude=-96.871627}, version=1, billinggroupname=null}","2020-11-26 00:00:00.000"
"iot-device-03","1.5946456044366677E9","52.5","71.24","false","false","0.0078","0.0051","0.0208","2020-11-26T17:24:00.870+0000","{defaultclientid=iot-device-03, thingname=iot-device-03, thingid=877352b9-a35d-45d3-9c98-162d89965a13, thingarn=arn:aws:iot:us-east-1:507441099951:thing/iot-device-03, thingtypename=null, attributes={installed=1592562234, latitude=37.4133144, longitude=-122.1513069}, version=1, billinggroupname=null}","2020-11-26 00:00:00.000"
"iot-device-01","1.5946456075119302E9","75.4","67.1","false","false","0.0064","0.0039","0.0169","2020-11-26T17:24:01.169+0000","{defaultclientid=iot-device-01, thingname=iot-device-01, thingid=983c2b68-f9a3-4e83-b3c6-9f6f8ad5431b, thingarn=arn:aws:iot:us-east-1:507441099951:thing/iot-device-01, thingtypename=null, attributes={installed=1594665292, latitude=37.4133144, longitude=-122.1513069}, version=1, billinggroupname=null}","2020-11-26 00:00:00.000"
"iot-device-02","1.5946456076500466E9","65.5","73.76","true","false","0.0071","0.0045","0.0188","2020-11-26T17:24:01.460+0000","{defaultclientid=iot-device-02, thingname=iot-device-02, thingid=4ae4927a-aefb-4584-a45a-fc4839feffd6, thingarn=arn:aws:iot:us-east-1:507441099951:thing/iot-device-02, thingtypename=null, attributes={installed=1593361211, latitude=32.8205865, longitude=-96.871627}, version=1, billinggroupname=null}","2020-11-26 00:00:00.000"
"iot-device-03","1.5946456081228342E9","52.6","71.42","false","false","0.0078","0.0051","0.0209","2020-11-26T17:24:01.760+0000","{defaultclientid=iot-device-03, thingname=iot-device-03, thingid=877352b9-a35d-45d3-9c98-162d89965a13, thingarn=arn:aws:iot:us-east-1:507441099951:thing/iot-device-03, thingtypename=null, attributes={installed=1592562234, latitude=37.4133144, longitude=-122.1513069}, version=1, billinggroupname=null}","2020-11-26 00:00:00.000"
"iot-device-01","1.5946456113279305E9","75.6","67.1","false","false","0.0063","0.0038","0.0167","2020-11-26T17:24:02.065+0000","{defaultclientid=iot-device-01, thingname=iot-device-01, thingid=983c2b68-f9a3-4e83-b3c6-9f6f8ad5431b, thingarn=arn:aws:iot:us-east-1:507441099951:thing/iot-device-01, thingtypename=null, attributes={installed=1594665292, latitude=37.4133144, longitude=-122.1513069}, version=1, billinggroupname=null}","2020-11-26 00:00:00.000"
"iot-device-03","1.5946456118088346E9","52.6","71.42","false","false","0.0078","0.0051","0.0209","2020-11-26T17:24:02.350+0000","{defaultclientid=iot-device-03, thingname=iot-device-03, thingid=877352b9-a35d-45d3-9c98-162d89965a13, thingarn=arn:aws:iot:us-east-1:507441099951:thing/iot-device-03, thingtypename=null, attributes={installed=1592562234, latitude=37.4133144, longitude=-122.1513069}, version=1, billinggroupname=null}","2020-11-26 00:00:00.000"
"iot-device-03","1.5946456154947245E9","52.6","71.42","false","false","0.0078","0.0051","0.0209","2020-11-26T17:24:02.656+0000","{defaultclientid=iot-device-03, thingname=iot-device-03, thingid=877352b9-a35d-45d3-9c98-162d89965a13, thingarn=arn:aws:iot:us-east-1:507441099951:thing/iot-device-03, thingtypename=null, attributes={installed=1592562234, latitude=37.4133144, longitude=-122.1513069}, version=1, billinggroupname=null}","2020-11-26 00:00:00.000"
"iot-device-01","1.5946457212165306E9","75.7","67.1","false","false","0.0065","0.0039","0.017","2020-11-26T17:24:20.619+0000","{defaultclientid=iot-device-01, thingname=iot-device-01, thingid=983c2b68-f9a3-4e83-b3c6-9f6f8ad5431b, thingarn=arn:aws:iot:us-east-1:507441099951:thing/iot-device-01, thingtypename=null, attributes={installed=1594665292, latitude=37.4133144, longitude=-122.1513069}, version=1, billinggroupname=null}","2020-11-26 00:00:00.000"
"iot-device-03","1.594645722627088E9","52.4","71.42","false","false","0.0078","0.0051","0.0209","2020-11-26T17:24:20.910+0000","{defaultclientid=iot-device-03, thingname=iot-device-03, thingid=877352b9-a35d-45d3-9c98-162d89965a13, thingarn=arn:aws:iot:us-east-1:507441099951:thing/iot-device-03, thingtypename=null, attributes={installed=1592562234, latitude=37.4133144, longitude=-122.1513069}, version=1, billinggroupname=null}","2020-11-26 00:00:00.000"
"iot-device-02","1.5946457239262269E9","65.3","73.76","true","false","0.0071","0.0045","0.0188","2020-11-26T17:24:21.259+0000","{defaultclientid=iot-device-02, thingname=iot-device-02, thingid=4ae4927a-aefb-4584-a45a-fc4839feffd6, thingarn=arn:aws:iot:us-east-1:507441099951:thing/iot-device-02, thingtypename=null, attributes={installed=1593361211, latitude=32.8205865, longitude=-96.871627}, version=1, billinggroupname=null}","2020-11-26 00:00:00.000"
"iot-device-03","1.594645726301301E9","52.5","71.42","false","false","0.0078","0.0051","0.0208","2020-11-26T17:24:21.562+0000","{defaultclientid=iot-device-03, thingname=iot-device-03, thingid=877352b9-a35d-45d3-9c98-162d89965a13, thingarn=arn:aws:iot:us-east-1:507441099951:thing/iot-device-03, thingtypename=null, attributes={installed=1592562234, latitude=37.4133144, longitude=-122.1513069}, version=1, billinggroupname=null}","2020-11-26 00:00:00.000"
"iot-device-01","1.594645726643922E9","75.7","67.1","false","false","0.0064","0.0038","0.0168","2020-11-26T17:24:21.851+0000","{defaultclientid=iot-device-01, thingname=iot-device-01, thingid=983c2b68-f9a3-4e83-b3c6-9f6f8ad5431b, thingarn=arn:aws:iot:us-east-1:507441099951:thing/iot-device-01, thingtypename=null, attributes={installed=1594665292, latitude=37.4133144, longitude=-122.1513069}, version=1, billinggroupname=null}","2020-11-26 00:00:00.000"
"iot-device-02","1.5946457298806345E9","65.2","73.76","true","false","0.0071","0.0045","0.0188","2020-11-26T17:24:22.137+0000","{defaultclientid=iot-device-02, thingname=iot-device-02, thingid=4ae4927a-aefb-4584-a45a-fc4839feffd6, thingarn=arn:aws:iot:us-east-1:507441099951:thing/iot-device-02, thingtypename=null, attributes={installed=1593361211, latitude=32.8205865, longitude=-96.871627}, version=1, billinggroupname=null}","2020-11-26 00:00:00.000"
"iot-device-03","1.5946457299853785E9","52.5","71.42","false","false","0.0078","0.0051","0.0208","2020-11-26T17:24:22.416+0000","{defaultclientid=iot-device-03, thingname=iot-device-03, thingid=877352b9-a35d-45d3-9c98-162d89965a13, thingarn=arn:aws:iot:us-east-1:507441099951:thing/iot-device-03, thingtypename=null, attributes={installed=1592562234, latitude=37.4133144, longitude=-122.1513069}, version=1, billinggroupname=null}","2020-11-26 00:00:00.000"
"iot-device-01","1.5946457331507757E9","75.7","67.1","false","false","0.0063","0.0038","0.0167","2020-11-26T17:24:22.707+0000","{defaultclientid=iot-device-01, thingname=iot-device-01, thingid=983c2b68-f9a3-4e83-b3c6-9f6f8ad5431b, thingarn=arn:aws:iot:us-east-1:507441099951:thing/iot-device-01, thingtypename=null, attributes={installed=1594665292, latitude=37.4133144, longitude=-122.1513069}, version=1, billinggroupname=null}","2020-11-26 00:00:00.000"
"iot-device-03","1.594645733669957E9","52.5","71.42","false","false","0.0078","0.0051","0.0209","2020-11-26T17:24:22.999+0000","{defaultclientid=iot-device-03, thingname=iot-device-03, thingid=877352b9-a35d-45d3-9c98-162d89965a13, thingarn=arn:aws:iot:us-east-1:507441099951:thing/iot-device-03, thingtypename=null, attributes={installed=1592562234, latitude=37.4133144, longitude=-122.1513069}, version=1, billinggroupname=null}","2020-11-26 00:00:00.000"
"iot-device-01","1.5946457369661975E9","75.7","67.1","false","false","0.0064","0.0038","0.0168","2020-11-26T17:24:23.295+0000","{defaultclientid=iot-device-01, thingname=iot-device-01, thingid=983c2b68-f9a3-4e83-b3c6-9f6f8ad5431b, thingarn=arn:aws:iot:us-east-1:507441099951:thing/iot-device-01, thingtypename=null, attributes={installed=1594665292, latitude=37.4133144, longitude=-122.1513069}, version=1, billinggroupname=null}","2020-11-26 00:00:00.000"
"iot-device-02","1.5946456554214606E9","65.3","73.76","true","false","0.007","0.0044","0.0187","2020-11-26T17:24:08.869+0000","{defaultclientid=iot-device-02, thingname=iot-device-02, thingid=4ae4927a-aefb-4584-a45a-fc4839feffd6, thingarn=arn:aws:iot:us-east-1:507441099951:thing/iot-device-02, thingtypename=null, attributes={installed=1593361211, latitude=32.8205865, longitude=-96.871627}, version=1, billinggroupname=null}","2020-11-26 00:00:00.000"
"iot-device-03","1.5946456560394824E9","52.5","71.42","false","false","0.0078","0.0051","0.0208","2020-11-26T17:24:09.156+0000","{defaultclientid=iot-device-03, thingname=iot-device-03, thingid=877352b9-a35d-45d3-9c98-162d89965a13, thingarn=arn:aws:iot:us-east-1:507441099951:thing/iot-device-03, thingtypename=null, attributes={installed=1592562234, latitude=37.4133144, longitude=-122.1513069}, version=1, billinggroupname=null}","2020-11-26 00:00:00.000"
"iot-device-01","1.5946456566207304E9","75.5","67.1","false","false","0.0063","0.0038","0.0166","2020-11-26T17:24:09.450+0000","{defaultclientid=iot-device-01, thingname=iot-device-01, thingid=983c2b68-f9a3-4e83-b3c6-9f6f8ad5431b, thingarn=arn:aws:iot:us-east-1:507441099951:thing/iot-device-01, thingtypename=null, attributes={installed=1594665292, latitude=37.4133144, longitude=-122.1513069}, version=1, billinggroupname=null}","2020-11-26 00:00:00.000"
"iot-device-03","1.5946456597253585E9","52.5","71.42","false","false","0.0078","0.0051","0.0209","2020-11-26T17:24:09.759+0000","{defaultclientid=iot-device-03, thingname=iot-device-03, thingid=877352b9-a35d-45d3-9c98-162d89965a13, thingarn=arn:aws:iot:us-east-1:507441099951:thing/iot-device-03, thingtypename=null, attributes={installed=1592562234, latitude=37.4133144, longitude=-122.1513069}, version=1, billinggroupname=null}","2020-11-26 00:00:00.000"
"iot-device-02","1.5946456619056187E9","65.3","73.76","true","false","0.007","0.0044","0.0186","2020-11-26T17:24:10.072+0000","{defaultclientid=iot-device-02, thingname=iot-device-02, thingid=4ae4927a-aefb-4584-a45a-fc4839feffd6, thingarn=arn:aws:iot:us-east-1:507441099951:thing/iot-device-02, thingtypename=null, attributes={installed=1593361211, latitude=32.8205865, longitude=-96.871627}, version=1, billinggroupname=null}","2020-11-26 00:00:00.000"
"iot-device-01","1.5946456625778935E9","75.6","67.1","false","false","0.0064","0.0038","0.0168","2020-11-26T17:24:10.350+0000","{defaultclientid=iot-device-01, thingname=iot-device-01, thingid=983c2b68-f9a3-4e83-b3c6-9f6f8ad5431b, thingarn=arn:aws:iot:us-east-1:507441099951:thing/iot-device-01, thingtypename=null, attributes={installed=1594665292, latitude=37.4133144, longitude=-122.1513069}, version=1, billinggroupname=null}","2020-11-26 00:00:00.000"
"iot-device-03","1.594645663409233E9","52.5","71.42","false","false","0.0078","0.0051","0.0209","2020-11-26T17:24:10.649+0000","{defaultclientid=iot-device-03, thingname=iot-device-03, thingid=877352b9-a35d-45d3-9c98-162d89965a13, thingarn=arn:aws:iot:us-east-1:507441099951:thing/iot-device-03, thingtypename=null, attributes={installed=1592562234, latitude=37.4133144, longitude=-122.1513069}, version=1, billinggroupname=null}","2020-11-26 00:00:00.000"
"iot-device-02","1.5946456662485E9","65.3","73.76","true","false","0.007","0.0044","0.0186","2020-11-26T17:24:10.940+0000","{defaultclientid=iot-device-02, thingname=iot-device-02, thingid=4ae4927a-aefb-4584-a45a-fc4839feffd6, thingarn=arn:aws:iot:us-east-1:507441099951:thing/iot-device-02, thingtypename=null, attributes={installed=1593361211, latitude=32.8205865, longitude=-96.871627}, version=1, billinggroupname=null}","2020-11-26 00:00:00.000"
"iot-device-03","1.594645667095162E9","52.5","71.42","false","false","0.0078","0.0051","0.0209","2020-11-26T17:24:11.238+0000","{defaultclientid=iot-device-03, thingname=iot-device-03, thingid=877352b9-a35d-45d3-9c98-162d89965a13, thingarn=arn:aws:iot:us-east-1:507441099951:thing/iot-device-03, thingtypename=null, attributes={installed=1592562234, latitude=37.4133144, longitude=-122.1513069}, version=1, billinggroupname=null}","2020-11-26 00:00:00.000"
"iot-device-01","1.5946456674667509E9","75.6","67.1","false","false","0.0063","0.0038","0.0166","2020-11-26T17:24:11.530+0000","{defaultclientid=iot-device-01, thingname=iot-device-01, thingid=983c2b68-f9a3-4e83-b3c6-9f6f8ad5431b, thingarn=arn:aws:iot:us-east-1:507441099951:thing/iot-device-01, thingtypename=null, attributes={installed=1594665292, latitude=37.4133144, longitude=-122.1513069}, version=1, billinggroupname=null}","2020-11-26 00:00:00.000"
"iot-device-03","1.5946643752070773E9","50.3","71.42","false","false","0.0078","0.0051","0.0208","2020-11-27T02:35:55.667+0000","{defaultclientid=iot-device-03, thingname=iot-device-03, thingid=877352b9-a35d-45d3-9c98-162d89965a13, thingarn=arn:aws:iot:us-east-1:507441099951:thing/iot-device-03, thingtypename=null, attributes={installed=1592562234, latitude=37.4133144, longitude=-122.1513069}, version=1, billinggroupname=null}","2020-11-27 00:00:00.000"
"iot-device-02","1.5946643772772007E9","62.1","77.18","true","false","0.0068","0.0042","0.018","2020-11-27T02:35:55.957+0000","{defaultclientid=iot-device-02, thingname=iot-device-02, thingid=4ae4927a-aefb-4584-a45a-fc4839feffd6, thingarn=arn:aws:iot:us-east-1:507441099951:thing/iot-device-02, thingtypename=null, attributes={installed=1593361211, latitude=32.8205865, longitude=-96.871627}, version=1, billinggroupname=null}","2020-11-27 00:00:00.000"
"iot-device-03","1.5946643788930864E9","50.1","71.42","false","false","0.0078","0.0051","0.0208","2020-11-27T02:35:56.246+0000","{defaultclientid=iot-device-03, thingname=iot-device-03, thingid=877352b9-a35d-45d3-9c98-162d89965a13, thingarn=arn:aws:iot:us-east-1:507441099951:thing/iot-device-03, thingtypename=null, attributes={installed=1592562234, latitude=37.4133144, longitude=-122.1513069}, version=1, billinggroupname=null}","2020-11-27 00:00:00.000"
"iot-device-03","1.5946643825763195E9","49.9","71.42","false","false","0.0078","0.0051","0.0208","2020-11-27T02:35:56.527+0000","{defaultclientid=iot-device-03, thingname=iot-device-03, thingid=877352b9-a35d-45d3-9c98-162d89965a13, thingarn=arn:aws:iot:us-east-1:507441099951:thing/iot-device-03, thingtypename=null, attributes={installed=1592562234, latitude=37.4133144, longitude=-122.1513069}, version=1, billinggroupname=null}","2020-11-27 00:00:00.000"
"iot-device-01","1.5946643857570386E9","74.8","66.2","false","false","0.0076","0.0049","0.0202","2020-11-27T02:35:56.840+0000","{defaultclientid=iot-device-01, thingname=iot-device-01, thingid=983c2b68-f9a3-4e83-b3c6-9f6f8ad5431b, thingarn=arn:aws:iot:us-east-1:507441099951:thing/iot-device-01, thingtypename=null, attributes={installed=1594665292, latitude=37.4133144, longitude=-122.1513069}, version=1, billinggroupname=null}","2020-11-27 00:00:00.000"
"iot-device-03","1.5946643862595587E9","49.9","71.42","false","false","0.0078","0.0051","0.0208","2020-11-27T02:35:57.129+0000","{defaultclientid=iot-device-03, thingname=iot-device-03, thingid=877352b9-a35d-45d3-9c98-162d89965a13, thingarn=arn:aws:iot:us-east-1:507441099951:thing/iot-device-03, thingtypename=null, attributes={installed=1592562234, latitude=37.4133144, longitude=-122.1513069}, version=1, billinggroupname=null}","2020-11-27 00:00:00.000"
"iot-device-03","1.5946643899457335E9","50.2","71.42","false","false","0.0078","0.0051","0.0209","2020-11-27T02:35:57.428+0000","{defaultclientid=iot-device-03, thingname=iot-device-03, thingid=877352b9-a35d-45d3-9c98-162d89965a13, thingarn=arn:aws:iot:us-east-1:507441099951:thing/iot-device-03, thingtypename=null, attributes={installed=1592562234, latitude=37.4133144, longitude=-122.1513069}, version=1, billinggroupname=null}","2020-11-27 00:00:00.000"
"iot-device-01","1.5946643911881757E9","74.7","66.02","false","false","0.0076","0.0049","0.0202","2020-11-27T02:35:57.736+0000","{defaultclientid=iot-device-01, thingname=iot-device-01, thingid=983c2b68-f9a3-4e83-b3c6-9f6f8ad5431b, thingarn=arn:aws:iot:us-east-1:507441099951:thing/iot-device-01, thingtypename=null, attributes={installed=1594665292, latitude=37.4133144, longitude=-122.1513069}, version=1, billinggroupname=null}","2020-11-27 00:00:00.000"
"iot-device-02","1.5946643925703466E9","62.1","77.18","true","false","0.0068","0.0042","0.018","2020-11-27T02:35:58.017+0000","{defaultclientid=iot-device-02, thingname=iot-device-02, thingid=4ae4927a-aefb-4584-a45a-fc4839feffd6, thingarn=arn:aws:iot:us-east-1:507441099951:thing/iot-device-02, thingtypename=null, attributes={installed=1593361211, latitude=32.8205865, longitude=-96.871627}, version=1, billinggroupname=null}","2020-11-27 00:00:00.000"
"iot-device-03","1.594664393631724E9","50.4","71.42","false","false","0.0078","0.0051","0.0208","2020-11-27T02:35:58.299+0000","{defaultclientid=iot-device-03, thingname=iot-device-03, thingid=877352b9-a35d-45d3-9c98-162d89965a13, thingarn=arn:aws:iot:us-east-1:507441099951:thing/iot-device-03, thingtypename=null, attributes={installed=1592562234, latitude=37.4133144, longitude=-122.1513069}, version=1, billinggroupname=null}","2020-11-27 00:00:00.000"
"iot-device-02","1.5946642802800846E9","62.2","77.18","true","false","0.0068","0.0042","0.0181","2020-11-27T02:35:41.447+0000","{defaultclientid=iot-device-02, thingname=iot-device-02, thingid=4ae4927a-aefb-4584-a45a-fc4839feffd6, thingarn=arn:aws:iot:us-east-1:507441099951:thing/iot-device-02, thingtypename=null, attributes={installed=1593361211, latitude=32.8205865, longitude=-96.871627}, version=1, billinggroupname=null}","2020-11-27 00:00:00.000"
"iot-device-01","1.5946642819936793E9","74.4","66.2","false","false","0.0076","0.0049","0.0202","2020-11-27T02:35:41.728+0000","{defaultclientid=iot-device-01, thingname=iot-device-01, thingid=983c2b68-f9a3-4e83-b3c6-9f6f8ad5431b, thingarn=arn:aws:iot:us-east-1:507441099951:thing/iot-device-01, thingtypename=null, attributes={installed=1594665292, latitude=37.4133144, longitude=-122.1513069}, version=1, billinggroupname=null}","2020-11-27 00:00:00.000"
"iot-device-03","1.5946642830354366E9","48.6","71.42","false","false","0.0078","0.0051","0.0208","2020-11-27T02:35:42.009+0000","{defaultclientid=iot-device-03, thingname=iot-device-03, thingid=877352b9-a35d-45d3-9c98-162d89965a13, thingarn=arn:aws:iot:us-east-1:507441099951:thing/iot-device-03, thingtypename=null, attributes={installed=1592562234, latitude=37.4133144, longitude=-122.1513069}, version=1, billinggroupname=null}","2020-11-27 00:00:00.000"
"iot-device-03","1.5946642867242568E9","48.6","71.42","false","false","0.0078","0.0051","0.0209","2020-11-27T02:35:42.276+0000","{defaultclientid=iot-device-03, thingname=iot-device-03, thingid=877352b9-a35d-45d3-9c98-162d89965a13, thingarn=arn:aws:iot:us-east-1:507441099951:thing/iot-device-03, thingtypename=null, attributes={installed=1592562234, latitude=37.4133144, longitude=-122.1513069}, version=1, billinggroupname=null}","2020-11-27 00:00:00.000"
"iot-device-01","1.5946642879600742E9","74.5","66.02","false","false","0.0076","0.0049","0.0202","2020-11-27T02:35:42.556+0000","{defaultclientid=iot-device-01, thingname=iot-device-01, thingid=983c2b68-f9a3-4e83-b3c6-9f6f8ad5431b, thingarn=arn:aws:iot:us-east-1:507441099951:thing/iot-device-01, thingtypename=null, attributes={installed=1594665292, latitude=37.4133144, longitude=-122.1513069}, version=1, billinggroupname=null}","2020-11-27 00:00:00.000"
"iot-device-02","1.5946642884056554E9","62.1","77.18","true","false","0.0068","0.0042","0.0181","2020-11-27T02:35:42.841+0000","{defaultclientid=iot-device-02, thingname=iot-device-02, thingid=4ae4927a-aefb-4584-a45a-fc4839feffd6, thingarn=arn:aws:iot:us-east-1:507441099951:thing/iot-device-02, thingtypename=null, attributes={installed=1593361211, latitude=32.8205865, longitude=-96.871627}, version=1, billinggroupname=null}","2020-11-27 00:00:00.000"
"iot-device-03","1.5946642904080105E9","48.5","71.24","false","false","0.0078","0.0051","0.0209","2020-11-27T02:35:43.126+0000","{defaultclientid=iot-device-03, thingname=iot-device-03, thingid=877352b9-a35d-45d3-9c98-162d89965a13, thingarn=arn:aws:iot:us-east-1:507441099951:thing/iot-device-03, thingtypename=null, attributes={installed=1592562234, latitude=37.4133144, longitude=-122.1513069}, version=1, billinggroupname=null}","2020-11-27 00:00:00.000"
"iot-device-03","1.5946642940922062E9","48.6","71.42","false","false","0.0078","0.0051","0.0209","2020-11-27T02:35:43.401+0000","{defaultclientid=iot-device-03, thingname=iot-device-03, thingid=877352b9-a35d-45d3-9c98-162d89965a13, thingarn=arn:aws:iot:us-east-1:507441099951:thing/iot-device-03, thingtypename=null, attributes={installed=1592562234, latitude=37.4133144, longitude=-122.1513069}, version=1, billinggroupname=null}","2020-11-27 00:00:00.000"
"iot-device-01","1.594664295052959E9","74.6","66.02","false","false","0.0076","0.0049","0.0202","2020-11-27T02:35:43.738+0000","{defaultclientid=iot-device-01, thingname=iot-device-01, thingid=983c2b68-f9a3-4e83-b3c6-9f6f8ad5431b, thingarn=arn:aws:iot:us-east-1:507441099951:thing/iot-device-01, thingtypename=null, attributes={installed=1594665292, latitude=37.4133144, longitude=-122.1513069}, version=1, billinggroupname=null}","2020-11-27 00:00:00.000"
"iot-device-03","1.5946642977768009E9","48.6","71.24","false","false","0.0078","0.0051","0.0209","2020-11-27T02:35:44.037+0000","{defaultclientid=iot-device-03, thingname=iot-device-03, thingid=877352b9-a35d-45d3-9c98-162d89965a13, thingarn=arn:aws:iot:us-east-1:507441099951:thing/iot-device-03, thingtypename=null, attributes={installed=1592562234, latitude=37.4133144, longitude=-122.1513069}, version=1, billinggroupname=null}","2020-11-27 00:00:00.000"
"iot-device-03","1.594664323591639E9","49.1","71.42","false","false","0.0078","0.0051","0.0208","2020-11-27T02:35:47.162+0000","{defaultclientid=iot-device-03, thingname=iot-device-03, thingid=877352b9-a35d-45d3-9c98-162d89965a13, thingarn=arn:aws:iot:us-east-1:507441099951:thing/iot-device-03, thingtypename=null, attributes={installed=1592562234, latitude=37.4133144, longitude=-122.1513069}, version=1, billinggroupname=null}","2020-11-27 00:00:00.000"
"iot-device-02","1.5946643253360474E9","62.0","77.18","true","false","0.0068","0.0042","0.0181","2020-11-27T02:35:47.445+0000","{defaultclientid=iot-device-02, thingname=iot-device-02, thingid=4ae4927a-aefb-4584-a45a-fc4839feffd6, thingarn=arn:aws:iot:us-east-1:507441099951:thing/iot-device-02, thingtypename=null, attributes={installed=1593361211, latitude=32.8205865, longitude=-96.871627}, version=1, billinggroupname=null}","2020-11-27 00:00:00.000"
"iot-device-03","1.5946643272791708E9","49.0","71.24","false","false","0.0078","0.0051","0.0209","2020-11-27T02:35:47.718+0000","{defaultclientid=iot-device-03, thingname=iot-device-03, thingid=877352b9-a35d-45d3-9c98-162d89965a13, thingarn=arn:aws:iot:us-east-1:507441099951:thing/iot-device-03, thingtypename=null, attributes={installed=1592562234, latitude=37.4133144, longitude=-122.1513069}, version=1, billinggroupname=null}","2020-11-27 00:00:00.000"
"iot-device-02","1.5946643296800206E9","62.0","77.18","true","false","0.0068","0.0042","0.0181","2020-11-27T02:35:47.997+0000","{defaultclientid=iot-device-02, thingname=iot-device-02, thingid=4ae4927a-aefb-4584-a45a-fc4839feffd6, thingarn=arn:aws:iot:us-east-1:507441099951:thing/iot-device-02, thingtypename=null, attributes={installed=1593361211, latitude=32.8205865, longitude=-96.871627}, version=1, billinggroupname=null}","2020-11-27 00:00:00.000"
"iot-device-03","1.5946643309667466E9","49.0","71.42","false","false","0.0078","0.0051","0.0209","2020-11-27T02:35:48.276+0000","{defaultclientid=iot-device-03, thingname=iot-device-03, thingid=877352b9-a35d-45d3-9c98-162d89965a13, thingarn=arn:aws:iot:us-east-1:507441099951:thing/iot-device-03, thingtypename=null, attributes={installed=1592562234, latitude=37.4133144, longitude=-122.1513069}, version=1, billinggroupname=null}","2020-11-27 00:00:00.000"
"iot-device-01","1.5946643342663505E9","74.5","66.02","false","false","0.0076","0.0049","0.0202","2020-11-27T02:35:48.548+0000","{defaultclientid=iot-device-01, thingname=iot-device-01, thingid=983c2b68-f9a3-4e83-b3c6-9f6f8ad5431b, thingarn=arn:aws:iot:us-east-1:507441099951:thing/iot-device-01, thingtypename=null, attributes={installed=1594665292, latitude=37.4133144, longitude=-122.1513069}, version=1, billinggroupname=null}","2020-11-27 00:00:00.000"
"iot-device-02","1.5946643345570705E9","62.0","77.18","true","false","0.0068","0.0042","0.0181","2020-11-27T02:35:48.828+0000","{defaultclientid=iot-device-02, thingname=iot-device-02, thingid=4ae4927a-aefb-4584-a45a-fc4839feffd6, thingarn=arn:aws:iot:us-east-1:507441099951:thing/iot-device-02, thingtypename=null, attributes={installed=1593361211, latitude=32.8205865, longitude=-96.871627}, version=1, billinggroupname=null}","2020-11-27 00:00:00.000"
"iot-device-03","1.5946643346548946E9","49.0","71.42","false","false","0.0078","0.0051","0.0209","2020-11-27T02:35:49.115+0000","{defaultclientid=iot-device-03, thingname=iot-device-03, thingid=877352b9-a35d-45d3-9c98-162d89965a13, thingarn=arn:aws:iot:us-east-1:507441099951:thing/iot-device-03, thingtypename=null, attributes={installed=1592562234, latitude=37.4133144, longitude=-122.1513069}, version=1, billinggroupname=null}","2020-11-27 00:00:00.000"
"iot-device-03","1.5946643383424046E9","48.9","71.24","false","false","0.0078","0.0051","0.0209","2020-11-27T02:35:49.399+0000","{defaultclientid=iot-device-03, thingname=iot-device-03, thingid=877352b9-a35d-45d3-9c98-162d89965a13, thingarn=arn:aws:iot:us-east-1:507441099951:thing/iot-device-03, thingtypename=null, attributes={installed=1592562234, latitude=37.4133144, longitude=-122.1513069}, version=1, billinggroupname=null}","2020-11-27 00:00:00.000"
"iot-device-01","1.594664339702091E9","74.7","66.02","false","false","0.0076","0.0049","0.0202","2020-11-27T02:35:49.677+0000","{defaultclientid=iot-device-01, thingname=iot-device-01, thingid=983c2b68-f9a3-4e83-b3c6-9f6f8ad5431b, thingarn=arn:aws:iot:us-east-1:507441099951:thing/iot-device-01, thingtypename=null, attributes={installed=1594665292, latitude=37.4133144, longitude=-122.1513069}, version=1, billinggroupname=null}","2020-11-27 00:00:00.000"
"iot-device-03","1.5946643014659047E9","48.7","71.24","false","false","0.0078","0.0051","0.0208","2020-11-27T02:35:44.321+0000","{defaultclientid=iot-device-03, thingname=iot-device-03, thingid=877352b9-a35d-45d3-9c98-162d89965a13, thingarn=arn:aws:iot:us-east-1:507441099951:thing/iot-device-03, thingtypename=null, attributes={installed=1592562234, latitude=37.4133144, longitude=-122.1513069}, version=1, billinggroupname=null}","2020-11-27 00:00:00.000"
"iot-device-01","1.5946643026270227E9","74.5","66.2","false","false","0.0075","0.0048","0.02","2020-11-27T02:35:44.599+0000","{defaultclientid=iot-device-01, thingname=iot-device-01, thingid=983c2b68-f9a3-4e83-b3c6-9f6f8ad5431b, thingarn=arn:aws:iot:us-east-1:507441099951:thing/iot-device-01, thingtypename=null, attributes={installed=1594665292, latitude=37.4133144, longitude=-122.1513069}, version=1, billinggroupname=null}","2020-11-27 00:00:00.000"
"iot-device-03","1.5946643051534655E9","48.8","71.24","false","false","0.0078","0.0051","0.0208","2020-11-27T02:35:44.886+0000","{defaultclientid=iot-device-03, thingname=iot-device-03, thingid=877352b9-a35d-45d3-9c98-162d89965a13, thingarn=arn:aws:iot:us-east-1:507441099951:thing/iot-device-03, thingtypename=null, attributes={installed=1592562234, latitude=37.4133144, longitude=-122.1513069}, version=1, billinggroupname=null}","2020-11-27 00:00:00.000"
"iot-device-01","1.594664306976973E9","74.5","66.02","false","false","0.0076","0.0049","0.0202","2020-11-27T02:35:45.168+0000","{defaultclientid=iot-device-01, thingname=iot-device-01, thingid=983c2b68-f9a3-4e83-b3c6-9f6f8ad5431b, thingarn=arn:aws:iot:us-east-1:507441099951:thing/iot-device-01, thingtypename=null, attributes={installed=1594665292, latitude=37.4133144, longitude=-122.1513069}, version=1, billinggroupname=null}","2020-11-27 00:00:00.000"
"iot-device-03","1.5946643088377867E9","48.9","71.24","false","false","0.0078","0.0051","0.0209","2020-11-27T02:35:45.459+0000","{defaultclientid=iot-device-03, thingname=iot-device-03, thingid=877352b9-a35d-45d3-9c98-162d89965a13, thingarn=arn:aws:iot:us-east-1:507441099951:thing/iot-device-03, thingtypename=null, attributes={installed=1592562234, latitude=37.4133144, longitude=-122.1513069}, version=1, billinggroupname=null}","2020-11-27 00:00:00.000"
"iot-device-01","1.594664311865556E9","74.5","66.02","false","false","0.0076","0.0049","0.0202","2020-11-27T02:35:45.751+0000","{defaultclientid=iot-device-01, thingname=iot-device-01, thingid=983c2b68-f9a3-4e83-b3c6-9f6f8ad5431b, thingarn=arn:aws:iot:us-east-1:507441099951:thing/iot-device-01, thingtypename=null, attributes={installed=1594665292, latitude=37.4133144, longitude=-122.1513069}, version=1, billinggroupname=null}","2020-11-27 00:00:00.000"
"iot-device-03","1.5946643125241404E9","48.9","71.24","false","false","0.0078","0.0051","0.0209","2020-11-27T02:35:46.027+0000","{defaultclientid=iot-device-03, thingname=iot-device-03, thingid=877352b9-a35d-45d3-9c98-162d89965a13, thingarn=arn:aws:iot:us-east-1:507441099951:thing/iot-device-03, thingtypename=null, attributes={installed=1592562234, latitude=37.4133144, longitude=-122.1513069}, version=1, billinggroupname=null}","2020-11-27 00:00:00.000"
"iot-device-03","1.5946643162121954E9","48.9","71.24","false","false","0.0078","0.0051","0.0208","2020-11-27T02:35:46.319+0000","{defaultclientid=iot-device-03, thingname=iot-device-03, thingid=877352b9-a35d-45d3-9c98-162d89965a13, thingarn=arn:aws:iot:us-east-1:507441099951:thing/iot-device-03, thingtypename=null, attributes={installed=1592562234, latitude=37.4133144, longitude=-122.1513069}, version=1, billinggroupname=null}","2020-11-27 00:00:00.000"
"iot-device-01","1.5946643162187295E9","74.7","66.02","false","false","0.0076","0.0049","0.0202","2020-11-27T02:35:46.600+0000","{defaultclientid=iot-device-01, thingname=iot-device-01, thingid=983c2b68-f9a3-4e83-b3c6-9f6f8ad5431b, thingarn=arn:aws:iot:us-east-1:507441099951:thing/iot-device-01, thingtypename=null, attributes={installed=1594665292, latitude=37.4133144, longitude=-122.1513069}, version=1, billinggroupname=null}","2020-11-27 00:00:00.000"
"iot-device-03","1.5946643199004705E9","49.0","71.24","false","false","0.0078","0.0051","0.0209","2020-11-27T02:35:46.878+0000","{defaultclientid=iot-device-03, thingname=iot-device-03, thingid=877352b9-a35d-45d3-9c98-162d89965a13, thingarn=arn:aws:iot:us-east-1:507441099951:thing/iot-device-03, thingtypename=null, attributes={installed=1592562234, latitude=37.4133144, longitude=-122.1513069}, version=1, billinggroupname=null}","2020-11-27 00:00:00.000"
"iot-device-01","1.594662714319575E9","74.6","66.2","false","false","0.0077","0.005","0.0204","2020-11-27T02:35:32.844+0000","{defaultclientid=iot-device-01, thingname=iot-device-01, thingid=983c2b68-f9a3-4e83-b3c6-9f6f8ad5431b, thingarn=arn:aws:iot:us-east-1:507441099951:thing/iot-device-01, thingtypename=null, attributes={installed=1594665292, latitude=37.4133144, longitude=-122.1513069}, version=1, billinggroupname=null}","2020-11-27 00:00:00.000"
"iot-device-03","1.5946627155230484E9","49.5","71.24","false","false","0.0078","0.0051","0.0209","2020-11-27T02:35:33.118+0000","{defaultclientid=iot-device-03, thingname=iot-device-03, thingid=877352b9-a35d-45d3-9c98-162d89965a13, thingarn=arn:aws:iot:us-east-1:507441099951:thing/iot-device-03, thingtypename=null, attributes={installed=1592562234, latitude=37.4133144, longitude=-122.1513069}, version=1, billinggroupname=null}","2020-11-27 00:00:00.000"
"iot-device-03","1.5946627192096822E9","49.5","71.06","false","false","0.0078","0.0051","0.0209","2020-11-27T02:35:33.403+0000","{defaultclientid=iot-device-03, thingname=iot-device-03, thingid=877352b9-a35d-45d3-9c98-162d89965a13, thingarn=arn:aws:iot:us-east-1:507441099951:thing/iot-device-03, thingtypename=null, attributes={installed=1592562234, latitude=37.4133144, longitude=-122.1513069}, version=1, billinggroupname=null}","2020-11-27 00:00:00.000"
"iot-device-01","1.5946627197532256E9","74.6","66.2","false","false","0.0077","0.005","0.0204","2020-11-27T02:35:33.690+0000","{defaultclientid=iot-device-01, thingname=iot-device-01, thingid=983c2b68-f9a3-4e83-b3c6-9f6f8ad5431b, thingarn=arn:aws:iot:us-east-1:507441099951:thing/iot-device-01, thingtypename=null, attributes={installed=1594665292, latitude=37.4133144, longitude=-122.1513069}, version=1, billinggroupname=null}","2020-11-27 00:00:00.000"
"iot-device-03","1.5946627228957524E9","49.5","71.06","false","false","0.0078","0.0051","0.0209","2020-11-27T02:35:33.984+0000","{defaultclientid=iot-device-03, thingname=iot-device-03, thingid=877352b9-a35d-45d3-9c98-162d89965a13, thingarn=arn:aws:iot:us-east-1:507441099951:thing/iot-device-03, thingtypename=null, attributes={installed=1592562234, latitude=37.4133144, longitude=-122.1513069}, version=1, billinggroupname=null}","2020-11-27 00:00:00.000"
"iot-device-03","1.5946627265817685E9","49.6","71.06","false","false","0.0078","0.0051","0.0209","2020-11-27T02:35:34.269+0000","{defaultclientid=iot-device-03, thingname=iot-device-03, thingid=877352b9-a35d-45d3-9c98-162d89965a13, thingarn=arn:aws:iot:us-east-1:507441099951:thing/iot-device-03, thingtypename=null, attributes={installed=1592562234, latitude=37.4133144, longitude=-122.1513069}, version=1, billinggroupname=null}","2020-11-27 00:00:00.000"
"iot-device-01","1.594662726793097E9","74.6","66.2","false","false","0.0076","0.0049","0.0204","2020-11-27T02:35:34.558+0000","{defaultclientid=iot-device-01, thingname=iot-device-01, thingid=983c2b68-f9a3-4e83-b3c6-9f6f8ad5431b, thingarn=arn:aws:iot:us-east-1:507441099951:thing/iot-device-01, thingtypename=null, attributes={installed=1594665292, latitude=37.4133144, longitude=-122.1513069}, version=1, billinggroupname=null}","2020-11-27 00:00:00.000"
"iot-device-02","1.5946627288784835E9","62.2","77.0","true","false","0.0068","0.0042","0.0181","2020-11-27T02:35:34.839+0000","{defaultclientid=iot-device-02, thingname=iot-device-02, thingid=4ae4927a-aefb-4584-a45a-fc4839feffd6, thingarn=arn:aws:iot:us-east-1:507441099951:thing/iot-device-02, thingtypename=null, attributes={installed=1593361211, latitude=32.8205865, longitude=-96.871627}, version=1, billinggroupname=null}","2020-11-27 00:00:00.000"
"iot-device-03","1.5946627302677598E9","49.7","71.24","false","false","0.0078","0.0051","0.0209","2020-11-27T02:35:35.128+0000","{defaultclientid=iot-device-03, thingname=iot-device-03, thingid=877352b9-a35d-45d3-9c98-162d89965a13, thingarn=arn:aws:iot:us-east-1:507441099951:thing/iot-device-03, thingtypename=null, attributes={installed=1592562234, latitude=37.4133144, longitude=-122.1513069}, version=1, billinggroupname=null}","2020-11-27 00:00:00.000"
"iot-device-03","1.5946627339537485E9","49.8","71.24","false","false","0.0078","0.0051","0.0209","2020-11-27T02:35:35.418+0000","{defaultclientid=iot-device-03, thingname=iot-device-03, thingid=877352b9-a35d-45d3-9c98-162d89965a13, thingarn=arn:aws:iot:us-east-1:507441099951:thing/iot-device-03, thingtypename=null, attributes={installed=1592562234, latitude=37.4133144, longitude=-122.1513069}, version=1, billinggroupname=null}","2020-11-27 00:00:00.000"
"iot-device-01","1.5946643966254547E9","74.7","66.02","false","false","0.0076","0.0049","0.0202","2020-11-27T02:35:58.577+0000","{defaultclientid=iot-device-01, thingname=iot-device-01, thingid=983c2b68-f9a3-4e83-b3c6-9f6f8ad5431b, thingarn=arn:aws:iot:us-east-1:507441099951:thing/iot-device-01, thingtypename=null, attributes={installed=1594665292, latitude=37.4133144, longitude=-122.1513069}, version=1, billinggroupname=null}","2020-11-27 00:00:00.000"
"iot-device-02","1.5946643969132054E9","62.1","77.18","true","false","0.0068","0.0042","0.0181","2020-11-27T02:35:58.934+0000","{defaultclientid=iot-device-02, thingname=iot-device-02, thingid=4ae4927a-aefb-4584-a45a-fc4839feffd6, thingarn=arn:aws:iot:us-east-1:507441099951:thing/iot-device-02, thingtypename=null, attributes={installed=1593361211, latitude=32.8205865, longitude=-96.871627}, version=1, billinggroupname=null}","2020-11-27 00:00:00.000"
"iot-device-03","1.594664397317437E9","50.5","71.42","false","false","0.0078","0.0051","0.0208","2020-11-27T02:35:59.209+0000","{defaultclientid=iot-device-03, thingname=iot-device-03, thingid=877352b9-a35d-45d3-9c98-162d89965a13, thingarn=arn:aws:iot:us-east-1:507441099951:thing/iot-device-03, thingtypename=null, attributes={installed=1592562234, latitude=37.4133144, longitude=-122.1513069}, version=1, billinggroupname=null}","2020-11-27 00:00:00.000"
"iot-device-01","1.5946644004415245E9","74.8","66.02","false","false","0.0076","0.0049","0.0202","2020-11-27T02:35:59.511+0000","{defaultclientid=iot-device-01, thingname=iot-device-01, thingid=983c2b68-f9a3-4e83-b3c6-9f6f8ad5431b, thingarn=arn:aws:iot:us-east-1:507441099951:thing/iot-device-01, thingtypename=null, attributes={installed=1594665292, latitude=37.4133144, longitude=-122.1513069}, version=1, billinggroupname=null}","2020-11-27 00:00:00.000"
"iot-device-02","1.5946644007201798E9","62.1","77.18","true","false","0.0068","0.0042","0.0181","2020-11-27T02:35:59.797+0000","{defaultclientid=iot-device-02, thingname=iot-device-02, thingid=4ae4927a-aefb-4584-a45a-fc4839feffd6, thingarn=arn:aws:iot:us-east-1:507441099951:thing/iot-device-02, thingtypename=null, attributes={installed=1593361211, latitude=32.8205865, longitude=-96.871627}, version=1, billinggroupname=null}","2020-11-27 00:00:00.000"
"iot-device-01","1.5946643581955118E9","74.7","66.02","false","false","0.0076","0.0049","0.0202","2020-11-27T02:35:52.798+0000","{defaultclientid=iot-device-01, thingname=iot-device-01, thingid=983c2b68-f9a3-4e83-b3c6-9f6f8ad5431b, thingarn=arn:aws:iot:us-east-1:507441099951:thing/iot-device-01, thingtypename=null, attributes={installed=1594665292, latitude=37.4133144, longitude=-122.1513069}, version=1, billinggroupname=null}","2020-11-27 00:00:00.000"
"iot-device-03","1.5946643604647975E9","49.1","71.24","false","false","0.0078","0.0051","0.0209","2020-11-27T02:35:53.083+0000","{defaultclientid=iot-device-03, thingname=iot-device-03, thingid=877352b9-a35d-45d3-9c98-162d89965a13, thingarn=arn:aws:iot:us-east-1:507441099951:thing/iot-device-03, thingtypename=null, attributes={installed=1592562234, latitude=37.4133144, longitude=-122.1513069}, version=1, billinggroupname=null}","2020-11-27 00:00:00.000"
"iot-device-02","1.5946643626381786E9","62.5","77.18","true","false","0.0068","0.0042","0.018","2020-11-27T02:35:53.373+0000","{defaultclientid=iot-device-02, thingname=iot-device-02, thingid=4ae4927a-aefb-4584-a45a-fc4839feffd6, thingarn=arn:aws:iot:us-east-1:507441099951:thing/iot-device-02, thingtypename=null, attributes={installed=1593361211, latitude=32.8205865, longitude=-96.871627}, version=1, billinggroupname=null}","2020-11-27 00:00:00.000"
"iot-device-03","1.5946643641509964E9","49.4","71.42","false","false","0.0078","0.0051","0.0209","2020-11-27T02:35:53.667+0000","{defaultclientid=iot-device-03, thingname=iot-device-03, thingid=877352b9-a35d-45d3-9c98-162d89965a13, thingarn=arn:aws:iot:us-east-1:507441099951:thing/iot-device-03, thingtypename=null, attributes={installed=1592562234, latitude=37.4133144, longitude=-122.1513069}, version=1, billinggroupname=null}","2020-11-27 00:00:00.000"
"iot-device-01","1.5946643668422973E9","74.7","66.02","false","false","0.0076","0.0049","0.0202","2020-11-27T02:35:53.958+0000","{defaultclientid=iot-device-01, thingname=iot-device-01, thingid=983c2b68-f9a3-4e83-b3c6-9f6f8ad5431b, thingarn=arn:aws:iot:us-east-1:507441099951:thing/iot-device-01, thingtypename=null, attributes={installed=1594665292, latitude=37.4133144, longitude=-122.1513069}, version=1, billinggroupname=null}","2020-11-27 00:00:00.000"
"iot-device-03","1.594664367836915E9","50.1","71.42","false","false","0.0078","0.0051","0.0209","2020-11-27T02:35:54.242+0000","{defaultclientid=iot-device-03, thingname=iot-device-03, thingid=877352b9-a35d-45d3-9c98-162d89965a13, thingarn=arn:aws:iot:us-east-1:507441099951:thing/iot-device-03, thingtypename=null, attributes={installed=1592562234, latitude=37.4133144, longitude=-122.1513069}, version=1, billinggroupname=null}","2020-11-27 00:00:00.000"
"iot-device-02","1.5946643685895352E9","62.1","77.18","true","false","0.0068","0.0042","0.018","2020-11-27T02:35:54.526+0000","{defaultclientid=iot-device-02, thingname=iot-device-02, thingid=4ae4927a-aefb-4584-a45a-fc4839feffd6, thingarn=arn:aws:iot:us-east-1:507441099951:thing/iot-device-02, thingtypename=null, attributes={installed=1593361211, latitude=32.8205865, longitude=-96.871627}, version=1, billinggroupname=null}","2020-11-27 00:00:00.000"
"iot-device-03","1.5946643715229619E9","50.4","71.42","false","false","0.0078","0.0051","0.0209","2020-11-27T02:35:54.812+0000","{defaultclientid=iot-device-03, thingname=iot-device-03, thingid=877352b9-a35d-45d3-9c98-162d89965a13, thingarn=arn:aws:iot:us-east-1:507441099951:thing/iot-device-03, thingtypename=null, attributes={installed=1592562234, latitude=37.4133144, longitude=-122.1513069}, version=1, billinggroupname=null}","2020-11-27 00:00:00.000"
"iot-device-02","1.5946643734716039E9","62.1","77.18","true","false","0.0068","0.0042","0.0181","2020-11-27T02:35:55.107+0000","{defaultclientid=iot-device-02, thingname=iot-device-02, thingid=4ae4927a-aefb-4584-a45a-fc4839feffd6, thingarn=arn:aws:iot:us-east-1:507441099951:thing/iot-device-02, thingtypename=null, attributes={installed=1593361211, latitude=32.8205865, longitude=-96.871627}, version=1, billinggroupname=null}","2020-11-27 00:00:00.000"
"iot-device-01","1.5946643744177818E9","74.7","66.02","false","false","0.0076","0.0049","0.0202","2020-11-27T02:35:55.379+0000","{defaultclientid=iot-device-01, thingname=iot-device-01, thingid=983c2b68-f9a3-4e83-b3c6-9f6f8ad5431b, thingarn=arn:aws:iot:us-east-1:507441099951:thing/iot-device-01, thingtypename=null, attributes={installed=1594665292, latitude=37.4133144, longitude=-122.1513069}, version=1, billinggroupname=null}","2020-11-27 00:00:00.000"
"iot-device-01","1.5946642635151894E9","74.5","66.2","false","false","0.0075","0.0048","0.02","2020-11-27T02:35:38.566+0000","{defaultclientid=iot-device-01, thingname=iot-device-01, thingid=983c2b68-f9a3-4e83-b3c6-9f6f8ad5431b, thingarn=arn:aws:iot:us-east-1:507441099951:thing/iot-device-01, thingtypename=null, attributes={installed=1594665292, latitude=37.4133144, longitude=-122.1513069}, version=1, billinggroupname=null}","2020-11-27 00:00:00.000"
"iot-device-03","1.5946642646105134E9","48.4","71.42","false","false","0.0078","0.0051","0.0208","2020-11-27T02:35:38.840+0000","{defaultclientid=iot-device-03, thingname=iot-device-03, thingid=877352b9-a35d-45d3-9c98-162d89965a13, thingarn=arn:aws:iot:us-east-1:507441099951:thing/iot-device-03, thingtypename=null, attributes={installed=1592562234, latitude=37.4133144, longitude=-122.1513069}, version=1, billinggroupname=null}","2020-11-27 00:00:00.000"
"iot-device-02","1.5946642649660518E9","62.2","77.18","true","false","0.0068","0.0042","0.018","2020-11-27T02:35:39.159+0000","{defaultclientid=iot-device-02, thingname=iot-device-02, thingid=4ae4927a-aefb-4584-a45a-fc4839feffd6, thingarn=arn:aws:iot:us-east-1:507441099951:thing/iot-device-02, thingtypename=null, attributes={installed=1593361211, latitude=32.8205865, longitude=-96.871627}, version=1, billinggroupname=null}","2020-11-27 00:00:00.000"
"iot-device-03","1.5946642682973535E9","48.4","71.42","false","false","0.0078","0.0051","0.0208","2020-11-27T02:35:39.453+0000","{defaultclientid=iot-device-03, thingname=iot-device-03, thingid=877352b9-a35d-45d3-9c98-162d89965a13, thingarn=arn:aws:iot:us-east-1:507441099951:thing/iot-device-03, thingtypename=null, attributes={installed=1592562234, latitude=37.4133144, longitude=-122.1513069}, version=1, billinggroupname=null}","2020-11-27 00:00:00.000"
"iot-device-01","1.594664269480673E9","74.4","66.2","false","false","0.0076","0.0049","0.0202","2020-11-27T02:35:39.748+0000","{defaultclientid=iot-device-01, thingname=iot-device-01, thingid=983c2b68-f9a3-4e83-b3c6-9f6f8ad5431b, thingarn=arn:aws:iot:us-east-1:507441099951:thing/iot-device-01, thingtypename=null, attributes={installed=1594665292, latitude=37.4133144, longitude=-122.1513069}, version=1, billinggroupname=null}","2020-11-27 00:00:00.000"
"iot-device-03","1.5946642719807868E9","48.4","71.42","false","false","0.0078","0.0051","0.0208","2020-11-27T02:35:40.028+0000","{defaultclientid=iot-device-03, thingname=iot-device-03, thingid=877352b9-a35d-45d3-9c98-162d89965a13, thingarn=arn:aws:iot:us-east-1:507441099951:thing/iot-device-03, thingtypename=null, attributes={installed=1592562234, latitude=37.4133144, longitude=-122.1513069}, version=1, billinggroupname=null}","2020-11-27 00:00:00.000"
"iot-device-01","1.594664274363656E9","74.4","66.2","false","false","0.0076","0.0049","0.0202","2020-11-27T02:35:40.307+0000","{defaultclientid=iot-device-01, thingname=iot-device-01, thingid=983c2b68-f9a3-4e83-b3c6-9f6f8ad5431b, thingarn=arn:aws:iot:us-east-1:507441099951:thing/iot-device-01, thingtypename=null, attributes={installed=1594665292, latitude=37.4133144, longitude=-122.1513069}, version=1, billinggroupname=null}","2020-11-27 00:00:00.000"
"iot-device-03","1.5946642756647413E9","48.4","71.42","false","false","0.0078","0.0051","0.0209","2020-11-27T02:35:40.598+0000","{defaultclientid=iot-device-03, thingname=iot-device-03, thingid=877352b9-a35d-45d3-9c98-162d89965a13, thingarn=arn:aws:iot:us-east-1:507441099951:thing/iot-device-03, thingtypename=null, attributes={installed=1592562234, latitude=37.4133144, longitude=-122.1513069}, version=1, billinggroupname=null}","2020-11-27 00:00:00.000"
"iot-device-01","1.5946642781775408E9","74.4","66.2","false","false","0.0076","0.0049","0.0202","2020-11-27T02:35:40.888+0000","{defaultclientid=iot-device-01, thingname=iot-device-01, thingid=983c2b68-f9a3-4e83-b3c6-9f6f8ad5431b, thingarn=arn:aws:iot:us-east-1:507441099951:thing/iot-device-01, thingtypename=null, attributes={installed=1594665292, latitude=37.4133144, longitude=-122.1513069}, version=1, billinggroupname=null}","2020-11-27 00:00:00.000"
"iot-device-03","1.5946642793485801E9","48.5","71.42","false","false","0.0078","0.0051","0.0209","2020-11-27T02:35:41.168+0000","{defaultclientid=iot-device-03, thingname=iot-device-03, thingid=877352b9-a35d-45d3-9c98-162d89965a13, thingarn=arn:aws:iot:us-east-1:507441099951:thing/iot-device-03, thingtypename=null, attributes={installed=1592562234, latitude=37.4133144, longitude=-122.1513069}, version=1, billinggroupname=null}","2020-11-27 00:00:00.000"
"iot-device-02","1.5946643410432904E9","62.0","77.18","true","false","0.0068","0.0042","0.018","2020-11-27T02:35:49.969+0000","{defaultclientid=iot-device-02, thingname=iot-device-02, thingid=4ae4927a-aefb-4584-a45a-fc4839feffd6, thingarn=arn:aws:iot:us-east-1:507441099951:thing/iot-device-02, thingtypename=null, attributes={installed=1593361211, latitude=32.8205865, longitude=-96.871627}, version=1, billinggroupname=null}","2020-11-27 00:00:00.000"
"iot-device-03","1.5946643420301235E9","49.0","71.42","false","false","0.0078","0.0051","0.0209","2020-11-27T02:35:50.250+0000","{defaultclientid=iot-device-03, thingname=iot-device-03, thingid=877352b9-a35d-45d3-9c98-162d89965a13, thingarn=arn:aws:iot:us-east-1:507441099951:thing/iot-device-03, thingtypename=null, attributes={installed=1592562234, latitude=37.4133144, longitude=-122.1513069}, version=1, billinggroupname=null}","2020-11-27 00:00:00.000"
"iot-device-01","1.5946643445999038E9","74.7","66.2","false","false","0.0076","0.0049","0.0202","2020-11-27T02:35:50.543+0000","{defaultclientid=iot-device-01, thingname=iot-device-01, thingid=983c2b68-f9a3-4e83-b3c6-9f6f8ad5431b, thingarn=arn:aws:iot:us-east-1:507441099951:thing/iot-device-01, thingtypename=null, attributes={installed=1594665292, latitude=37.4133144, longitude=-122.1513069}, version=1, billinggroupname=null}","2020-11-27 00:00:00.000"
"iot-device-03","1.5946643457181585E9","49.0","71.24","false","false","0.0078","0.0051","0.0209","2020-11-27T02:35:50.827+0000","{defaultclientid=iot-device-03, thingname=iot-device-03, thingid=877352b9-a35d-45d3-9c98-162d89965a13, thingarn=arn:aws:iot:us-east-1:507441099951:thing/iot-device-03, thingtypename=null, attributes={installed=1592562234, latitude=37.4133144, longitude=-122.1513069}, version=1, billinggroupname=null}","2020-11-27 00:00:00.000"
"iot-device-01","1.5946643489505336E9","74.8","66.2","false","false","0.0076","0.0049","0.0202","2020-11-27T02:35:51.109+0000","{defaultclientid=iot-device-01, thingname=iot-device-01, thingid=983c2b68-f9a3-4e83-b3c6-9f6f8ad5431b, thingarn=arn:aws:iot:us-east-1:507441099951:thing/iot-device-01, thingtypename=null, attributes={installed=1594665292, latitude=37.4133144, longitude=-122.1513069}, version=1, billinggroupname=null}","2020-11-27 00:00:00.000"
"iot-device-03","1.5946643494064415E9","49.0","71.24","false","false","0.0078","0.0051","0.0209","2020-11-27T02:35:51.390+0000","{defaultclientid=iot-device-03, thingname=iot-device-03, thingid=877352b9-a35d-45d3-9c98-162d89965a13, thingarn=arn:aws:iot:us-east-1:507441099951:thing/iot-device-03, thingtypename=null, attributes={installed=1592562234, latitude=37.4133144, longitude=-122.1513069}, version=1, billinggroupname=null}","2020-11-27 00:00:00.000"
"iot-device-02","1.5946643502174926E9","62.1","77.18","true","false","0.0068","0.0042","0.0181","2020-11-27T02:35:51.667+0000","{defaultclientid=iot-device-02, thingname=iot-device-02, thingid=4ae4927a-aefb-4584-a45a-fc4839feffd6, thingarn=arn:aws:iot:us-east-1:507441099951:thing/iot-device-02, thingtypename=null, attributes={installed=1593361211, latitude=32.8205865, longitude=-96.871627}, version=1, billinggroupname=null}","2020-11-27 00:00:00.000"
"iot-device-03","1.5946643530929055E9","49.1","71.42","false","false","0.0078","0.0051","0.0209","2020-11-27T02:35:51.948+0000","{defaultclientid=iot-device-03, thingname=iot-device-03, thingid=877352b9-a35d-45d3-9c98-162d89965a13, thingarn=arn:aws:iot:us-east-1:507441099951:thing/iot-device-03, thingtypename=null, attributes={installed=1592562234, latitude=37.4133144, longitude=-122.1513069}, version=1, billinggroupname=null}","2020-11-27 00:00:00.000"
"iot-device-02","1.5946643545593033E9","62.1","77.18","true","false","0.0068","0.0042","0.0181","2020-11-27T02:35:52.230+0000","{defaultclientid=iot-device-02, thingname=iot-device-02, thingid=4ae4927a-aefb-4584-a45a-fc4839feffd6, thingarn=arn:aws:iot:us-east-1:507441099951:thing/iot-device-02, thingtypename=null, attributes={installed=1593361211, latitude=32.8205865, longitude=-96.871627}, version=1, billinggroupname=null}","2020-11-27 00:00:00.000"
"iot-device-03","1.5946643567788193E9","49.1","71.42","false","true","0.0078","0.0051","0.0209","2020-11-27T02:35:52.510+0000","{defaultclientid=iot-device-03, thingname=iot-device-03, thingid=877352b9-a35d-45d3-9c98-162d89965a13, thingarn=arn:aws:iot:us-east-1:507441099951:thing/iot-device-03, thingtypename=null, attributes={installed=1592562234, latitude=37.4133144, longitude=-122.1513069}, version=1, billinggroupname=null}","2020-11-27 00:00:00.000"
"iot-device-01","1.5946627344036665E9","74.6","66.2","false","false","0.0077","0.005","0.0206","2020-11-27T02:35:35.705+0000","{defaultclientid=iot-device-01, thingname=iot-device-01, thingid=983c2b68-f9a3-4e83-b3c6-9f6f8ad5431b, thingarn=arn:aws:iot:us-east-1:507441099951:thing/iot-device-01, thingtypename=null, attributes={installed=1594665292, latitude=37.4133144, longitude=-122.1513069}, version=1, billinggroupname=null}","2020-11-27 00:00:00.000"
"iot-device-01","1.5946642488435786E9","74.4","66.2","false","false","0.0076","0.0049","0.0202","2020-11-27T02:35:35.987+0000","{defaultclientid=iot-device-01, thingname=iot-device-01, thingid=983c2b68-f9a3-4e83-b3c6-9f6f8ad5431b, thingarn=arn:aws:iot:us-east-1:507441099951:thing/iot-device-01, thingtypename=null, attributes={installed=1594665292, latitude=37.4133144, longitude=-122.1513069}, version=1, billinggroupname=null}","2020-11-27 00:00:00.000"
"iot-device-02","1.5946642493116648E9","62.2","77.18","true","false","0.0068","0.0042","0.0181","2020-11-27T02:35:36.267+0000","{defaultclientid=iot-device-02, thingname=iot-device-02, thingid=4ae4927a-aefb-4584-a45a-fc4839feffd6, thingarn=arn:aws:iot:us-east-1:507441099951:thing/iot-device-02, thingtypename=null, attributes={installed=1593361211, latitude=32.8205865, longitude=-96.871627}, version=1, billinggroupname=null}","2020-11-27 00:00:00.000"
"iot-device-03","1.5946642498600006E9","48.4","71.42","false","false","0.0078","0.0051","0.0209","2020-11-27T02:35:36.548+0000","{defaultclientid=iot-device-03, thingname=iot-device-03, thingid=877352b9-a35d-45d3-9c98-162d89965a13, thingarn=arn:aws:iot:us-east-1:507441099951:thing/iot-device-03, thingtypename=null, attributes={installed=1592562234, latitude=37.4133144, longitude=-122.1513069}, version=1, billinggroupname=null}","2020-11-27 00:00:00.000"
"iot-device-03","1.5946642535485475E9","48.4","71.42","false","false","0.0078","0.0051","0.0208","2020-11-27T02:35:36.830+0000","{defaultclientid=iot-device-03, thingname=iot-device-03, thingid=877352b9-a35d-45d3-9c98-162d89965a13, thingarn=arn:aws:iot:us-east-1:507441099951:thing/iot-device-03, thingtypename=null, attributes={installed=1592562234, latitude=37.4133144, longitude=-122.1513069}, version=1, billinggroupname=null}","2020-11-27 00:00:00.000"
"iot-device-01","1.5946642548100042E9","74.3","66.02","false","false","0.0076","0.0049","0.0202","2020-11-27T02:35:37.120+0000","{defaultclientid=iot-device-01, thingname=iot-device-01, thingid=983c2b68-f9a3-4e83-b3c6-9f6f8ad5431b, thingarn=arn:aws:iot:us-east-1:507441099951:thing/iot-device-01, thingtypename=null, attributes={installed=1594665292, latitude=37.4133144, longitude=-122.1513069}, version=1, billinggroupname=null}","2020-11-27 00:00:00.000"
"iot-device-03","1.5946642572340221E9","48.4","71.42","false","false","0.0078","0.0051","0.0208","2020-11-27T02:35:37.412+0000","{defaultclientid=iot-device-03, thingname=iot-device-03, thingid=877352b9-a35d-45d3-9c98-162d89965a13, thingarn=arn:aws:iot:us-east-1:507441099951:thing/iot-device-03, thingtypename=null, attributes={installed=1592562234, latitude=37.4133144, longitude=-122.1513069}, version=1, billinggroupname=null}","2020-11-27 00:00:00.000"
"iot-device-01","1.5946642591614325E9","74.5","66.2","false","false","0.0076","0.0049","0.0202","2020-11-27T02:35:37.690+0000","{defaultclientid=iot-device-01, thingname=iot-device-01, thingid=983c2b68-f9a3-4e83-b3c6-9f6f8ad5431b, thingarn=arn:aws:iot:us-east-1:507441099951:thing/iot-device-01, thingtypename=null, attributes={installed=1594665292, latitude=37.4133144, longitude=-122.1513069}, version=1, billinggroupname=null}","2020-11-27 00:00:00.000"
"iot-device-02","1.5946642595452962E9","62.2","77.18","true","false","0.0068","0.0042","0.0181","2020-11-27T02:35:37.986+0000","{defaultclientid=iot-device-02, thingname=iot-device-02, thingid=4ae4927a-aefb-4584-a45a-fc4839feffd6, thingarn=arn:aws:iot:us-east-1:507441099951:thing/iot-device-02, thingtypename=null, attributes={installed=1593361211, latitude=32.8205865, longitude=-96.871627}, version=1, billinggroupname=null}","2020-11-27 00:00:00.000"
"iot-device-03","1.5946642609220705E9","48.4","71.42","false","false","0.0078","0.0051","0.0208","2020-11-27T02:35:38.275+0000","{defaultclientid=iot-device-03, thingname=iot-device-03, thingid=877352b9-a35d-45d3-9c98-162d89965a13, thingarn=arn:aws:iot:us-east-1:507441099951:thing/iot-device-03, thingtypename=null, attributes={installed=1592562234, latitude=37.4133144, longitude=-122.1513069}, version=1, billinggroupname=null}","2020-11-27 00:00:00.000"
"iot-device-01","1.5946626991149538E9","74.5","66.2","false","false","0.0077","0.005","0.0204","2020-11-27T02:35:30.007+0000","{defaultclientid=iot-device-01, thingname=iot-device-01, thingid=983c2b68-f9a3-4e83-b3c6-9f6f8ad5431b, thingarn=arn:aws:iot:us-east-1:507441099951:thing/iot-device-01, thingtypename=null, attributes={installed=1594665292, latitude=37.4133144, longitude=-122.1513069}, version=1, billinggroupname=null}","2020-11-27 00:00:00.000"
"iot-device-02","1.5946626994337735E9","62.3","77.0","true","false","0.0068","0.0042","0.018","2020-11-27T02:35:30.289+0000","{defaultclientid=iot-device-02, thingname=iot-device-02, thingid=4ae4927a-aefb-4584-a45a-fc4839feffd6, thingarn=arn:aws:iot:us-east-1:507441099951:thing/iot-device-02, thingtypename=null, attributes={installed=1593361211, latitude=32.8205865, longitude=-96.871627}, version=1, billinggroupname=null}","2020-11-27 00:00:00.000"
"iot-device-03","1.5946627007780385E9","49.2","71.24","false","false","0.0078","0.0051","0.0209","2020-11-27T02:35:30.580+0000","{defaultclientid=iot-device-03, thingname=iot-device-03, thingid=877352b9-a35d-45d3-9c98-162d89965a13, thingarn=arn:aws:iot:us-east-1:507441099951:thing/iot-device-03, thingtypename=null, attributes={installed=1592562234, latitude=37.4133144, longitude=-122.1513069}, version=1, billinggroupname=null}","2020-11-27 00:00:00.000"
"iot-device-01","1.5946627040088387E9","74.8","66.2","false","false","0.0077","0.005","0.0204","2020-11-27T02:35:30.868+0000","{defaultclientid=iot-device-01, thingname=iot-device-01, thingid=983c2b68-f9a3-4e83-b3c6-9f6f8ad5431b, thingarn=arn:aws:iot:us-east-1:507441099951:thing/iot-device-01, thingtypename=null, attributes={installed=1594665292, latitude=37.4133144, longitude=-122.1513069}, version=1, billinggroupname=null}","2020-11-27 00:00:00.000"
"iot-device-03","1.5946627044650445E9","49.3","71.24","false","false","0.0078","0.0051","0.0209","2020-11-27T02:35:31.147+0000","{defaultclientid=iot-device-03, thingname=iot-device-03, thingid=877352b9-a35d-45d3-9c98-162d89965a13, thingarn=arn:aws:iot:us-east-1:507441099951:thing/iot-device-03, thingtypename=null, attributes={installed=1592562234, latitude=37.4133144, longitude=-122.1513069}, version=1, billinggroupname=null}","2020-11-27 00:00:00.000"
"iot-device-02","1.5946627053843124E9","62.3","77.0","true","false","0.0068","0.0042","0.018","2020-11-27T02:35:31.419+0000","{defaultclientid=iot-device-02, thingname=iot-device-02, thingid=4ae4927a-aefb-4584-a45a-fc4839feffd6, thingarn=arn:aws:iot:us-east-1:507441099951:thing/iot-device-02, thingtypename=null, attributes={installed=1593361211, latitude=32.8205865, longitude=-96.871627}, version=1, billinggroupname=null}","2020-11-27 00:00:00.000"
"iot-device-03","1.5946627081512222E9","49.4","71.24","false","false","0.0078","0.0051","0.0209","2020-11-27T02:35:31.710+0000","{defaultclientid=iot-device-03, thingname=iot-device-03, thingid=877352b9-a35d-45d3-9c98-162d89965a13, thingarn=arn:aws:iot:us-east-1:507441099951:thing/iot-device-03, thingtypename=null, attributes={installed=1592562234, latitude=37.4133144, longitude=-122.1513069}, version=1, billinggroupname=null}","2020-11-27 00:00:00.000"
"iot-device-01","1.5946627083593726E9","74.5","66.2","false","false","0.0076","0.0049","0.0204","2020-11-27T02:35:31.996+0000","{defaultclientid=iot-device-01, thingname=iot-device-01, thingid=983c2b68-f9a3-4e83-b3c6-9f6f8ad5431b, thingarn=arn:aws:iot:us-east-1:507441099951:thing/iot-device-01, thingtypename=null, attributes={installed=1594665292, latitude=37.4133144, longitude=-122.1513069}, version=1, billinggroupname=null}","2020-11-27 00:00:00.000"
"iot-device-02","1.594662709731599E9","62.3","77.0","true","false","0.0068","0.0042","0.018","2020-11-27T02:35:32.268+0000","{defaultclientid=iot-device-02, thingname=iot-device-02, thingid=4ae4927a-aefb-4584-a45a-fc4839feffd6, thingarn=arn:aws:iot:us-east-1:507441099951:thing/iot-device-02, thingtypename=null, attributes={installed=1593361211, latitude=32.8205865, longitude=-96.871627}, version=1, billinggroupname=null}","2020-11-27 00:00:00.000"
"iot-device-03","1.5946627118372214E9","49.3","71.06","false","false","0.0078","0.0051","0.021","2020-11-27T02:35:32.546+0000","{defaultclientid=iot-device-03, thingname=iot-device-03, thingid=877352b9-a35d-45d3-9c98-162d89965a13, thingarn=arn:aws:iot:us-east-1:507441099951:thing/iot-device-03, thingtypename=null, attributes={installed=1592562234, latitude=37.4133144, longitude=-122.1513069}, version=1, billinggroupname=null}","2020-11-27 00:00:00.000"
"iot-device-03","1.5946644194235234E9","51.0","71.6","false","false","0.0078","0.0051","0.0208","2020-11-27T02:36:02.927+0000","{defaultclientid=iot-device-03, thingname=iot-device-03, thingid=877352b9-a35d-45d3-9c98-162d89965a13, thingarn=arn:aws:iot:us-east-1:507441099951:thing/iot-device-03, thingtypename=null, attributes={installed=1592562234, latitude=37.4133144, longitude=-122.1513069}, version=1, billinggroupname=null}","2020-11-27 00:00:00.000"
"iot-device-02","1.5946644212711036E9","62.2","77.18","true","false","0.0068","0.0042","0.018","2020-11-27T02:36:03.218+0000","{defaultclientid=iot-device-02, thingname=iot-device-02, thingid=4ae4927a-aefb-4584-a45a-fc4839feffd6, thingarn=arn:aws:iot:us-east-1:507441099951:thing/iot-device-02, thingtypename=null, attributes={installed=1593361211, latitude=32.8205865, longitude=-96.871627}, version=1, billinggroupname=null}","2020-11-27 00:00:00.000"
"iot-device-01","1.5946644217006328E9","74.8","66.02","false","false","0.0076","0.0049","0.0202","2020-11-27T02:36:03.521+0000","{defaultclientid=iot-device-01, thingname=iot-device-01, thingid=983c2b68-f9a3-4e83-b3c6-9f6f8ad5431b, thingarn=arn:aws:iot:us-east-1:507441099951:thing/iot-device-01, thingtypename=null, attributes={installed=1594665292, latitude=37.4133144, longitude=-122.1513069}, version=1, billinggroupname=null}","2020-11-27 00:00:00.000"
"iot-device-03","1.5946644231084282E9","51.0","71.6","false","false","0.0078","0.0051","0.0209","2020-11-27T02:36:03.826+0000","{defaultclientid=iot-device-03, thingname=iot-device-03, thingid=877352b9-a35d-45d3-9c98-162d89965a13, thingarn=arn:aws:iot:us-east-1:507441099951:thing/iot-device-03, thingtypename=null, attributes={installed=1592562234, latitude=37.4133144, longitude=-122.1513069}, version=1, billinggroupname=null}","2020-11-27 00:00:00.000"
"iot-device-03","1.5946644267943788E9","51.0","71.6","false","false","0.0078","0.0051","0.0209","2020-11-27T02:36:04.108+0000","{defaultclientid=iot-device-03, thingname=iot-device-03, thingid=877352b9-a35d-45d3-9c98-162d89965a13, thingarn=arn:aws:iot:us-east-1:507441099951:thing/iot-device-03, thingtypename=null, attributes={installed=1592562234, latitude=37.4133144, longitude=-122.1513069}, version=1, billinggroupname=null}","2020-11-27 00:00:00.000"
"iot-device-01","1.594664427662833E9","74.8","66.2","false","false","0.0076","0.0049","0.0202","2020-11-27T02:36:04.405+0000","{defaultclientid=iot-device-01, thingname=iot-device-01, thingid=983c2b68-f9a3-4e83-b3c6-9f6f8ad5431b, thingarn=arn:aws:iot:us-east-1:507441099951:thing/iot-device-01, thingtypename=null, attributes={installed=1594665292, latitude=37.4133144, longitude=-122.1513069}, version=1, billinggroupname=null}","2020-11-27 00:00:00.000"
"iot-device-03","1.594664430481212E9","51.0","71.6","false","false","0.0078","0.0051","0.0209","2020-11-27T02:36:04.685+0000","{defaultclientid=iot-device-03, thingname=iot-device-03, thingid=877352b9-a35d-45d3-9c98-162d89965a13, thingarn=arn:aws:iot:us-east-1:507441099951:thing/iot-device-03, thingtypename=null, attributes={installed=1592562234, latitude=37.4133144, longitude=-122.1513069}, version=1, billinggroupname=null}","2020-11-27 00:00:00.000"
"iot-device-02","1.5946644309673712E9","62.2","77.18","true","false","0.0068","0.0042","0.0181","2020-11-27T02:36:04.957+0000","{defaultclientid=iot-device-02, thingname=iot-device-02, thingid=4ae4927a-aefb-4584-a45a-fc4839feffd6, thingarn=arn:aws:iot:us-east-1:507441099951:thing/iot-device-02, thingtypename=null, attributes={installed=1593361211, latitude=32.8205865, longitude=-96.871627}, version=1, billinggroupname=null}","2020-11-27 00:00:00.000"
"iot-device-01","1.594664432014514E9","74.9","66.2","false","false","0.0076","0.0049","0.0202","2020-11-27T02:36:05.248+0000","{defaultclientid=iot-device-01, thingname=iot-device-01, thingid=983c2b68-f9a3-4e83-b3c6-9f6f8ad5431b, thingarn=arn:aws:iot:us-east-1:507441099951:thing/iot-device-01, thingtypename=null, attributes={installed=1594665292, latitude=37.4133144, longitude=-122.1513069}, version=1, billinggroupname=null}","2020-11-27 00:00:00.000"
"iot-device-03","1.5946644341694033E9","51.0","71.6","false","false","0.0078","0.0051","0.0209","2020-11-27T02:36:05.536+0000","{defaultclientid=iot-device-03, thingname=iot-device-03, thingid=877352b9-a35d-45d3-9c98-162d89965a13, thingarn=arn:aws:iot:us-east-1:507441099951:thing/iot-device-03, thingtypename=null, attributes={installed=1592562234, latitude=37.4133144, longitude=-122.1513069}, version=1, billinggroupname=null}","2020-11-27 00:00:00.000"
"iot-device-03","1.5946644860519075E9","51.2","71.78","false","false","0.0078","0.0051","0.0209","2020-11-27T02:36:14.490+0000","{defaultclientid=iot-device-03, thingname=iot-device-03, thingid=877352b9-a35d-45d3-9c98-162d89965a13, thingarn=arn:aws:iot:us-east-1:507441099951:thing/iot-device-03, thingtypename=null, attributes={installed=1592562234, latitude=37.4133144, longitude=-122.1513069}, version=1, billinggroupname=null}","2020-11-27 00:00:00.000"
"iot-device-03","1.5946644897377865E9","51.1","71.6","false","false","0.0078","0.0051","0.0208","2020-11-27T02:36:14.795+0000","{defaultclientid=iot-device-03, thingname=iot-device-03, thingid=877352b9-a35d-45d3-9c98-162d89965a13, thingarn=arn:aws:iot:us-east-1:507441099951:thing/iot-device-03, thingtypename=null, attributes={installed=1592562234, latitude=37.4133144, longitude=-122.1513069}, version=1, billinggroupname=null}","2020-11-27 00:00:00.000"
"iot-device-02","1.5946644898754473E9","62.3","77.18","true","false","0.0068","0.0042","0.0181","2020-11-27T02:36:15.077+0000","{defaultclientid=iot-device-02, thingname=iot-device-02, thingid=4ae4927a-aefb-4584-a45a-fc4839feffd6, thingarn=arn:aws:iot:us-east-1:507441099951:thing/iot-device-02, thingtypename=null, attributes={installed=1593361211, latitude=32.8205865, longitude=-96.871627}, version=1, billinggroupname=null}","2020-11-27 00:00:00.000"
"iot-device-01","1.5946644916702714E9","74.8","66.2","false","false","0.0076","0.0049","0.0202","2020-11-27T02:36:15.368+0000","{defaultclientid=iot-device-01, thingname=iot-device-01, thingid=983c2b68-f9a3-4e83-b3c6-9f6f8ad5431b, thingarn=arn:aws:iot:us-east-1:507441099951:thing/iot-device-01, thingtypename=null, attributes={installed=1594665292, latitude=37.4133144, longitude=-122.1513069}, version=1, billinggroupname=null}","2020-11-27 00:00:00.000"
"iot-device-03","1.594664493423995E9","51.2","71.78","false","false","0.0078","0.0051","0.0209","2020-11-27T02:36:15.647+0000","{defaultclientid=iot-device-03, thingname=iot-device-03, thingid=877352b9-a35d-45d3-9c98-162d89965a13, thingarn=arn:aws:iot:us-east-1:507441099951:thing/iot-device-03, thingtypename=null, attributes={installed=1592562234, latitude=37.4133144, longitude=-122.1513069}, version=1, billinggroupname=null}","2020-11-27 00:00:00.000"
"iot-device-01","1.5946644954848099E9","74.8","66.2","false","false","0.0076","0.0049","0.0202","2020-11-27T02:36:15.939+0000","{defaultclientid=iot-device-01, thingname=iot-device-01, thingid=983c2b68-f9a3-4e83-b3c6-9f6f8ad5431b, thingarn=arn:aws:iot:us-east-1:507441099951:thing/iot-device-01, thingtypename=null, attributes={installed=1594665292, latitude=37.4133144, longitude=-122.1513069}, version=1, billinggroupname=null}","2020-11-27 00:00:00.000"
"iot-device-03","1.5946644971100984E9","51.2","71.78","false","false","0.0078","0.0051","0.0209","2020-11-27T02:36:16.227+0000","{defaultclientid=iot-device-03, thingname=iot-device-03, thingid=877352b9-a35d-45d3-9c98-162d89965a13, thingarn=arn:aws:iot:us-east-1:507441099951:thing/iot-device-03, thingtypename=null, attributes={installed=1592562234, latitude=37.4133144, longitude=-122.1513069}, version=1, billinggroupname=null}","2020-11-27 00:00:00.000"
"iot-device-03","1.5946644528502028E9","51.3","71.6","false","false","0.0078","0.0051","0.0209","2020-11-27T02:36:08.656+0000","{defaultclientid=iot-device-03, thingname=iot-device-03, thingid=877352b9-a35d-45d3-9c98-162d89965a13, thingarn=arn:aws:iot:us-east-1:507441099951:thing/iot-device-03, thingtypename=null, attributes={installed=1592562234, latitude=37.4133144, longitude=-122.1513069}, version=1, billinggroupname=null}","2020-11-27 00:00:00.000"
"iot-device-03","1.594664456548284E9","51.2","71.6","false","false","0.0078","0.0051","0.0209","2020-11-27T02:36:08.970+0000","{defaultclientid=iot-device-03, thingname=iot-device-03, thingid=877352b9-a35d-45d3-9c98-162d89965a13, thingarn=arn:aws:iot:us-east-1:507441099951:thing/iot-device-03, thingtypename=null, attributes={installed=1592562234, latitude=37.4133144, longitude=-122.1513069}, version=1, billinggroupname=null}","2020-11-27 00:00:00.000"
"iot-device-02","1.5946644569177132E9","62.3","77.18","true","false","0.0068","0.0042","0.0181","2020-11-27T02:36:09.249+0000","{defaultclientid=iot-device-02, thingname=iot-device-02, thingid=4ae4927a-aefb-4584-a45a-fc4839feffd6, thingarn=arn:aws:iot:us-east-1:507441099951:thing/iot-device-02, thingtypename=null, attributes={installed=1593361211, latitude=32.8205865, longitude=-96.871627}, version=1, billinggroupname=null}","2020-11-27 00:00:00.000"
"iot-device-01","1.5946644569306355E9","74.8","66.02","false","false","0.0076","0.0049","0.0202","2020-11-27T02:36:09.582+0000","{defaultclientid=iot-device-01, thingname=iot-device-01, thingid=983c2b68-f9a3-4e83-b3c6-9f6f8ad5431b, thingarn=arn:aws:iot:us-east-1:507441099951:thing/iot-device-01, thingtypename=null, attributes={installed=1594665292, latitude=37.4133144, longitude=-122.1513069}, version=1, billinggroupname=null}","2020-11-27 00:00:00.000"
"iot-device-03","1.5946644602407775E9","51.2","71.6","false","false","0.0078","0.0051","0.0209","2020-11-27T02:36:09.869+0000","{defaultclientid=iot-device-03, thingname=iot-device-03, thingid=877352b9-a35d-45d3-9c98-162d89965a13, thingarn=arn:aws:iot:us-east-1:507441099951:thing/iot-device-03, thingtypename=null, attributes={installed=1592562234, latitude=37.4133144, longitude=-122.1513069}, version=1, billinggroupname=null}","2020-11-27 00:00:00.000"
"iot-device-01","1.5946644612945213E9","74.9","66.2","false","false","0.0076","0.0049","0.0202","2020-11-27T02:36:10.160+0000","{defaultclientid=iot-device-01, thingname=iot-device-01, thingid=983c2b68-f9a3-4e83-b3c6-9f6f8ad5431b, thingarn=arn:aws:iot:us-east-1:507441099951:thing/iot-device-01, thingtypename=null, attributes={installed=1594665292, latitude=37.4133144, longitude=-122.1513069}, version=1, billinggroupname=null}","2020-11-27 00:00:00.000"
"iot-device-03","1.5946644639289782E9","51.2","71.6","false","false","0.0078","0.0051","0.0209","2020-11-27T02:36:10.451+0000","{defaultclientid=iot-device-03, thingname=iot-device-03, thingid=877352b9-a35d-45d3-9c98-162d89965a13, thingarn=arn:aws:iot:us-east-1:507441099951:thing/iot-device-03, thingtypename=null, attributes={installed=1592562234, latitude=37.4133144, longitude=-122.1513069}, version=1, billinggroupname=null}","2020-11-27 00:00:00.000"
"iot-device-02","1.5946644650203893E9","62.4","77.18","true","false","0.0068","0.0042","0.0181","2020-11-27T02:36:10.746+0000","{defaultclientid=iot-device-02, thingname=iot-device-02, thingid=4ae4927a-aefb-4584-a45a-fc4839feffd6, thingarn=arn:aws:iot:us-east-1:507441099951:thing/iot-device-02, thingtypename=null, attributes={installed=1593361211, latitude=32.8205865, longitude=-96.871627}, version=1, billinggroupname=null}","2020-11-27 00:00:00.000"
"iot-device-01","1.5946644672637641E9","74.9","66.2","false","false","0.0075","0.0048","0.02","2020-11-27T02:36:11.029+0000","{defaultclientid=iot-device-01, thingname=iot-device-01, thingid=983c2b68-f9a3-4e83-b3c6-9f6f8ad5431b, thingarn=arn:aws:iot:us-east-1:507441099951:thing/iot-device-01, thingtypename=null, attributes={installed=1594665292, latitude=37.4133144, longitude=-122.1513069}, version=1, billinggroupname=null}","2020-11-27 00:00:00.000"
"iot-device-03","1.5946644676170487E9","51.2","71.6","false","false","0.0078","0.0051","0.0208","2020-11-27T02:36:11.318+0000","{defaultclientid=iot-device-03, thingname=iot-device-03, thingid=877352b9-a35d-45d3-9c98-162d89965a13, thingarn=arn:aws:iot:us-east-1:507441099951:thing/iot-device-03, thingtypename=null, attributes={installed=1592562234, latitude=37.4133144, longitude=-122.1513069}, version=1, billinggroupname=null}","2020-11-27 00:00:00.000"
"iot-device-03","1.594664400992991E9","50.7","71.42","false","false","0.0078","0.0051","0.0208","2020-11-27T02:36:00.077+0000","{defaultclientid=iot-device-03, thingname=iot-device-03, thingid=877352b9-a35d-45d3-9c98-162d89965a13, thingarn=arn:aws:iot:us-east-1:507441099951:thing/iot-device-03, thingtypename=null, attributes={installed=1592562234, latitude=37.4133144, longitude=-122.1513069}, version=1, billinggroupname=null}","2020-11-27 00:00:00.000"
"iot-device-01","1.5946644042572107E9","74.8","66.2","false","false","0.0076","0.0049","0.0202","2020-11-27T02:36:00.366+0000","{defaultclientid=iot-device-01, thingname=iot-device-01, thingid=983c2b68-f9a3-4e83-b3c6-9f6f8ad5431b, thingarn=arn:aws:iot:us-east-1:507441099951:thing/iot-device-01, thingtypename=null, attributes={installed=1594665292, latitude=37.4133144, longitude=-122.1513069}, version=1, billinggroupname=null}","2020-11-27 00:00:00.000"
"iot-device-03","1.5946644046794002E9","50.8","71.42","false","false","0.0078","0.0051","0.0209","2020-11-27T02:36:00.636+0000","{defaultclientid=iot-device-03, thingname=iot-device-03, thingid=877352b9-a35d-45d3-9c98-162d89965a13, thingarn=arn:aws:iot:us-east-1:507441099951:thing/iot-device-03, thingtypename=null, attributes={installed=1592562234, latitude=37.4133144, longitude=-122.1513069}, version=1, billinggroupname=null}","2020-11-27 00:00:00.000"
"iot-device-02","1.5946644072207265E9","62.2","77.18","true","false","0.0068","0.0042","0.0181","2020-11-27T02:36:00.919+0000","{defaultclientid=iot-device-02, thingname=iot-device-02, thingid=4ae4927a-aefb-4584-a45a-fc4839feffd6, thingarn=arn:aws:iot:us-east-1:507441099951:thing/iot-device-02, thingtypename=null, attributes={installed=1593361211, latitude=32.8205865, longitude=-96.871627}, version=1, billinggroupname=null}","2020-11-27 00:00:00.000"
"iot-device-03","1.5946644083653035E9","50.9","71.42","false","false","0.0078","0.0051","0.0208","2020-11-27T02:36:01.209+0000","{defaultclientid=iot-device-03, thingname=iot-device-03, thingid=877352b9-a35d-45d3-9c98-162d89965a13, thingarn=arn:aws:iot:us-east-1:507441099951:thing/iot-device-03, thingtypename=null, attributes={installed=1592562234, latitude=37.4133144, longitude=-122.1513069}, version=1, billinggroupname=null}","2020-11-27 00:00:00.000"
"iot-device-01","1.5946644086123776E9","74.8","66.2","false","false","0.0076","0.0049","0.0202","2020-11-27T02:36:01.494+0000","{defaultclientid=iot-device-01, thingname=iot-device-01, thingid=983c2b68-f9a3-4e83-b3c6-9f6f8ad5431b, thingarn=arn:aws:iot:us-east-1:507441099951:thing/iot-device-01, thingtypename=null, attributes={installed=1594665292, latitude=37.4133144, longitude=-122.1513069}, version=1, billinggroupname=null}","2020-11-27 00:00:00.000"
"iot-device-03","1.5946644120512984E9","51.0","71.42","false","false","0.0078","0.0051","0.0209","2020-11-27T02:36:01.790+0000","{defaultclientid=iot-device-03, thingname=iot-device-03, thingid=877352b9-a35d-45d3-9c98-162d89965a13, thingarn=arn:aws:iot:us-east-1:507441099951:thing/iot-device-03, thingtypename=null, attributes={installed=1592562234, latitude=37.4133144, longitude=-122.1513069}, version=1, billinggroupname=null}","2020-11-27 00:00:00.000"
"iot-device-03","1.5946644157373018E9","51.0","71.6","false","false","0.0078","0.0051","0.0208","2020-11-27T02:36:02.071+0000","{defaultclientid=iot-device-03, thingname=iot-device-03, thingid=877352b9-a35d-45d3-9c98-162d89965a13, thingarn=arn:aws:iot:us-east-1:507441099951:thing/iot-device-03, thingtypename=null, attributes={installed=1592562234, latitude=37.4133144, longitude=-122.1513069}, version=1, billinggroupname=null}","2020-11-27 00:00:00.000"
"iot-device-02","1.5946644174629488E9","62.2","77.18","true","false","0.0068","0.0042","0.0181","2020-11-27T02:36:02.360+0000","{defaultclientid=iot-device-02, thingname=iot-device-02, thingid=4ae4927a-aefb-4584-a45a-fc4839feffd6, thingarn=arn:aws:iot:us-east-1:507441099951:thing/iot-device-02, thingtypename=null, attributes={installed=1593361211, latitude=32.8205865, longitude=-96.871627}, version=1, billinggroupname=null}","2020-11-27 00:00:00.000"
"iot-device-01","1.5946644178851185E9","74.8","66.2","false","false","0.0076","0.0049","0.0202","2020-11-27T02:36:02.649+0000","{defaultclientid=iot-device-01, thingname=iot-device-01, thingid=983c2b68-f9a3-4e83-b3c6-9f6f8ad5431b, thingarn=arn:aws:iot:us-east-1:507441099951:thing/iot-device-01, thingtypename=null, attributes={installed=1594665292, latitude=37.4133144, longitude=-122.1513069}, version=1, billinggroupname=null}","2020-11-27 00:00:00.000"
"iot-device-02","1.5946644347751558E9","62.4","77.18","true","false","0.0068","0.0042","0.0181","2020-11-27T02:36:05.819+0000","{defaultclientid=iot-device-02, thingname=iot-device-02, thingid=4ae4927a-aefb-4584-a45a-fc4839feffd6, thingarn=arn:aws:iot:us-east-1:507441099951:thing/iot-device-02, thingtypename=null, attributes={installed=1593361211, latitude=32.8205865, longitude=-96.871627}, version=1, billinggroupname=null}","2020-11-27 00:00:00.000"
"iot-device-01","1.5946644363662586E9","74.9","66.2","false","false","0.0076","0.0049","0.0202","2020-11-27T02:36:06.100+0000","{defaultclientid=iot-device-01, thingname=iot-device-01, thingid=983c2b68-f9a3-4e83-b3c6-9f6f8ad5431b, thingarn=arn:aws:iot:us-east-1:507441099951:thing/iot-device-01, thingtypename=null, attributes={installed=1594665292, latitude=37.4133144, longitude=-122.1513069}, version=1, billinggroupname=null}","2020-11-27 00:00:00.000"
"iot-device-03","1.594664437857233E9","51.1","71.6","false","false","0.0078","0.0051","0.0209","2020-11-27T02:36:06.391+0000","{defaultclientid=iot-device-03, thingname=iot-device-03, thingid=877352b9-a35d-45d3-9c98-162d89965a13, thingarn=arn:aws:iot:us-east-1:507441099951:thing/iot-device-03, thingtypename=null, attributes={installed=1592562234, latitude=37.4133144, longitude=-122.1513069}, version=1, billinggroupname=null}","2020-11-27 00:00:00.000"
"iot-device-03","1.5946644415449286E9","51.2","71.6","false","false","0.0078","0.0051","0.0209","2020-11-27T02:36:06.679+0000","{defaultclientid=iot-device-03, thingname=iot-device-03, thingid=877352b9-a35d-45d3-9c98-162d89965a13, thingarn=arn:aws:iot:us-east-1:507441099951:thing/iot-device-03, thingtypename=null, attributes={installed=1592562234, latitude=37.4133144, longitude=-122.1513069}, version=1, billinggroupname=null}","2020-11-27 00:00:00.000"
"iot-device-03","1.5946644452323582E9","51.2","71.6","false","false","0.0078","0.0051","0.0208","2020-11-27T02:36:06.960+0000","{defaultclientid=iot-device-03, thingname=iot-device-03, thingid=877352b9-a35d-45d3-9c98-162d89965a13, thingarn=arn:aws:iot:us-east-1:507441099951:thing/iot-device-03, thingtypename=null, attributes={installed=1592562234, latitude=37.4133144, longitude=-122.1513069}, version=1, billinggroupname=null}","2020-11-27 00:00:00.000"
"iot-device-02","1.5946644460784028E9","62.3","77.18","true","false","0.0068","0.0042","0.018","2020-11-27T02:36:07.247+0000","{defaultclientid=iot-device-02, thingname=iot-device-02, thingid=4ae4927a-aefb-4584-a45a-fc4839feffd6, thingarn=arn:aws:iot:us-east-1:507441099951:thing/iot-device-02, thingtypename=null, attributes={installed=1593361211, latitude=32.8205865, longitude=-96.871627}, version=1, billinggroupname=null}","2020-11-27 00:00:00.000"
"iot-device-01","1.5946644471607823E9","74.8","66.2","false","false","0.0076","0.0049","0.0202","2020-11-27T02:36:07.527+0000","{defaultclientid=iot-device-01, thingname=iot-device-01, thingid=983c2b68-f9a3-4e83-b3c6-9f6f8ad5431b, thingarn=arn:aws:iot:us-east-1:507441099951:thing/iot-device-01, thingtypename=null, attributes={installed=1594665292, latitude=37.4133144, longitude=-122.1513069}, version=1, billinggroupname=null}","2020-11-27 00:00:00.000"
"iot-device-03","1.5946644489185405E9","51.3","71.6","false","false","0.0078","0.0051","0.0208","2020-11-27T02:36:07.810+0000","{defaultclientid=iot-device-03, thingname=iot-device-03, thingid=877352b9-a35d-45d3-9c98-162d89965a13, thingarn=arn:aws:iot:us-east-1:507441099951:thing/iot-device-03, thingtypename=null, attributes={installed=1592562234, latitude=37.4133144, longitude=-122.1513069}, version=1, billinggroupname=null}","2020-11-27 00:00:00.000"
"iot-device-02","1.5946644509561045E9","62.3","77.18","true","false","0.0068","0.0042","0.0179","2020-11-27T02:36:08.108+0000","{defaultclientid=iot-device-02, thingname=iot-device-02, thingid=4ae4927a-aefb-4584-a45a-fc4839feffd6, thingarn=arn:aws:iot:us-east-1:507441099951:thing/iot-device-02, thingtypename=null, attributes={installed=1593361211, latitude=32.8205865, longitude=-96.871627}, version=1, billinggroupname=null}","2020-11-27 00:00:00.000"
"iot-device-01","1.5946644520491686E9","74.8","66.2","false","false","0.0076","0.0049","0.0202","2020-11-27T02:36:08.386+0000","{defaultclientid=iot-device-01, thingname=iot-device-01, thingid=983c2b68-f9a3-4e83-b3c6-9f6f8ad5431b, thingarn=arn:aws:iot:us-east-1:507441099951:thing/iot-device-01, thingtypename=null, attributes={installed=1594665292, latitude=37.4133144, longitude=-122.1513069}, version=1, billinggroupname=null}","2020-11-27 00:00:00.000"
"iot-device-01","1.59466447109202E9","75.0","66.2","false","false","0.0076","0.0049","0.0202","2020-11-27T02:36:11.609+0000","{defaultclientid=iot-device-01, thingname=iot-device-01, thingid=983c2b68-f9a3-4e83-b3c6-9f6f8ad5431b, thingarn=arn:aws:iot:us-east-1:507441099951:thing/iot-device-01, thingtypename=null, attributes={installed=1594665292, latitude=37.4133144, longitude=-122.1513069}, version=1, billinggroupname=null}","2020-11-27 00:00:00.000"
"iot-device-03","1.594664471305283E9","51.2","71.6","false","false","0.0078","0.0051","0.0208","2020-11-27T02:36:11.899+0000","{defaultclientid=iot-device-03, thingname=iot-device-03, thingid=877352b9-a35d-45d3-9c98-162d89965a13, thingarn=arn:aws:iot:us-east-1:507441099951:thing/iot-device-03, thingtypename=null, attributes={installed=1592562234, latitude=37.4133144, longitude=-122.1513069}, version=1, billinggroupname=null}","2020-11-27 00:00:00.000"
"iot-device-02","1.5946644747064002E9","62.3","77.18","true","false","0.0068","0.0042","0.0181","2020-11-27T02:36:12.187+0000","{defaultclientid=iot-device-02, thingname=iot-device-02, thingid=4ae4927a-aefb-4584-a45a-fc4839feffd6, thingarn=arn:aws:iot:us-east-1:507441099951:thing/iot-device-02, thingtypename=null, attributes={installed=1593361211, latitude=32.8205865, longitude=-96.871627}, version=1, billinggroupname=null}","2020-11-27 00:00:00.000"
"iot-device-03","1.594664474992284E9","51.2","71.6","false","false","0.0078","0.0051","0.0209","2020-11-27T02:36:12.467+0000","{defaultclientid=iot-device-03, thingname=iot-device-03, thingid=877352b9-a35d-45d3-9c98-162d89965a13, thingarn=arn:aws:iot:us-east-1:507441099951:thing/iot-device-03, thingtypename=null, attributes={installed=1592562234, latitude=37.4133144, longitude=-122.1513069}, version=1, billinggroupname=null}","2020-11-27 00:00:00.000"
"iot-device-03","1.5946644786797953E9","51.2","71.6","false","false","0.0078","0.0051","0.0208","2020-11-27T02:36:12.739+0000","{defaultclientid=iot-device-03, thingname=iot-device-03, thingid=877352b9-a35d-45d3-9c98-162d89965a13, thingarn=arn:aws:iot:us-east-1:507441099951:thing/iot-device-03, thingtypename=null, attributes={installed=1592562234, latitude=37.4133144, longitude=-122.1513069}, version=1, billinggroupname=null}","2020-11-27 00:00:00.000"
"iot-device-01","1.5946644792064025E9","74.8","66.2","false","false","0.0076","0.0049","0.0202","2020-11-27T02:36:13.016+0000","{defaultclientid=iot-device-01, thingname=iot-device-01, thingid=983c2b68-f9a3-4e83-b3c6-9f6f8ad5431b, thingarn=arn:aws:iot:us-east-1:507441099951:thing/iot-device-01, thingtypename=null, attributes={installed=1594665292, latitude=37.4133144, longitude=-122.1513069}, version=1, billinggroupname=null}","2020-11-27 00:00:00.000"
"iot-device-02","1.5946644806544328E9","62.3","77.18","true","false","0.0068","0.0042","0.018","2020-11-27T02:36:13.318+0000","{defaultclientid=iot-device-02, thingname=iot-device-02, thingid=4ae4927a-aefb-4584-a45a-fc4839feffd6, thingarn=arn:aws:iot:us-east-1:507441099951:thing/iot-device-02, thingtypename=null, attributes={installed=1593361211, latitude=32.8205865, longitude=-96.871627}, version=1, billinggroupname=null}","2020-11-27 00:00:00.000"
"iot-device-03","1.594664482365918E9","51.1","71.6","false","false","0.0078","0.0051","0.0209","2020-11-27T02:36:13.599+0000","{defaultclientid=iot-device-03, thingname=iot-device-03, thingid=877352b9-a35d-45d3-9c98-162d89965a13, thingarn=arn:aws:iot:us-east-1:507441099951:thing/iot-device-03, thingtypename=null, attributes={installed=1592562234, latitude=37.4133144, longitude=-122.1513069}, version=1, billinggroupname=null}","2020-11-27 00:00:00.000"
"iot-device-01","1.594664483020888E9","74.8","66.2","false","false","0.0076","0.0049","0.0202","2020-11-27T02:36:13.880+0000","{defaultclientid=iot-device-01, thingname=iot-device-01, thingid=983c2b68-f9a3-4e83-b3c6-9f6f8ad5431b, thingarn=arn:aws:iot:us-east-1:507441099951:thing/iot-device-01, thingtypename=null, attributes={installed=1594665292, latitude=37.4133144, longitude=-122.1513069}, version=1, billinggroupname=null}","2020-11-27 00:00:00.000"
"iot-device-02","1.5946644849987786E9","62.3","77.18","true","false","0.0068","0.0042","0.0181","2020-11-27T02:36:14.192+0000","{defaultclientid=iot-device-02, thingname=iot-device-02, thingid=4ae4927a-aefb-4584-a45a-fc4839feffd6, thingarn=arn:aws:iot:us-east-1:507441099951:thing/iot-device-02, thingtypename=null, attributes={installed=1593361211, latitude=32.8205865, longitude=-96.871627}, version=1, billinggroupname=null}","2020-11-27 00:00:00.000"
"iot-device-03","1.5946544830131044E9","49.9","70.7","false","false","0.0079","0.0052","0.0211","2020-11-26T17:26:56.714+0000","{defaultclientid=iot-device-03, thingname=iot-device-03, thingid=877352b9-a35d-45d3-9c98-162d89965a13, thingarn=arn:aws:iot:us-east-1:507441099951:thing/iot-device-03, thingtypename=null, attributes={installed=1592562234, latitude=37.4133144, longitude=-122.1513069}, version=1, billinggroupname=null}","2020-11-26 00:00:00.000"
"iot-device-02","1.5946544842661953E9","61.9","75.2","true","false","0.0069","0.0043","0.0183","2020-11-26T17:26:57.012+0000","{defaultclientid=iot-device-02, thingname=iot-device-02, thingid=4ae4927a-aefb-4584-a45a-fc4839feffd6, thingarn=arn:aws:iot:us-east-1:507441099951:thing/iot-device-02, thingtypename=null, attributes={installed=1593361211, latitude=32.8205865, longitude=-96.871627}, version=1, billinggroupname=null}","2020-11-26 00:00:00.000"
"iot-device-01","1.5946544845769346E9","74.2","66.38","false","false","0.0067","0.0042","0.0179","2020-11-26T17:26:57.303+0000","{defaultclientid=iot-device-01, thingname=iot-device-01, thingid=983c2b68-f9a3-4e83-b3c6-9f6f8ad5431b, thingarn=arn:aws:iot:us-east-1:507441099951:thing/iot-device-01, thingtypename=null, attributes={installed=1594665292, latitude=37.4133144, longitude=-122.1513069}, version=1, billinggroupname=null}","2020-11-26 00:00:00.000"
"iot-device-03","1.5946544866993306E9","50.0","70.7","false","false","0.0079","0.0052","0.021","2020-11-26T17:26:57.600+0000","{defaultclientid=iot-device-03, thingname=iot-device-03, thingid=877352b9-a35d-45d3-9c98-162d89965a13, thingarn=arn:aws:iot:us-east-1:507441099951:thing/iot-device-03, thingtypename=null, attributes={installed=1592562234, latitude=37.4133144, longitude=-122.1513069}, version=1, billinggroupname=null}","2020-11-26 00:00:00.000"
"iot-device-01","1.5946544889305134E9","74.2","66.38","false","false","0.0067","0.0042","0.0179","2020-11-26T17:26:57.889+0000","{defaultclientid=iot-device-01, thingname=iot-device-01, thingid=983c2b68-f9a3-4e83-b3c6-9f6f8ad5431b, thingarn=arn:aws:iot:us-east-1:507441099951:thing/iot-device-01, thingtypename=null, attributes={installed=1594665292, latitude=37.4133144, longitude=-122.1513069}, version=1, billinggroupname=null}","2020-11-26 00:00:00.000"
"iot-device-02","1.5946544891451108E9","62.0","75.2","true","false","0.0069","0.0043","0.0183","2020-11-26T17:26:58.184+0000","{defaultclientid=iot-device-02, thingname=iot-device-02, thingid=4ae4927a-aefb-4584-a45a-fc4839feffd6, thingarn=arn:aws:iot:us-east-1:507441099951:thing/iot-device-02, thingtypename=null, attributes={installed=1593361211, latitude=32.8205865, longitude=-96.871627}, version=1, billinggroupname=null}","2020-11-26 00:00:00.000"
"iot-device-03","1.5946544903853455E9","50.3","70.7","false","false","0.0079","0.0052","0.0211","2020-11-26T17:26:58.470+0000","{defaultclientid=iot-device-03, thingname=iot-device-03, thingid=877352b9-a35d-45d3-9c98-162d89965a13, thingarn=arn:aws:iot:us-east-1:507441099951:thing/iot-device-03, thingtypename=null, attributes={installed=1592562234, latitude=37.4133144, longitude=-122.1513069}, version=1, billinggroupname=null}","2020-11-26 00:00:00.000"
"iot-device-01","1.5946544938189821E9","74.3","66.38","false","false","0.0067","0.0042","0.0179","2020-11-26T17:26:58.767+0000","{defaultclientid=iot-device-01, thingname=iot-device-01, thingid=983c2b68-f9a3-4e83-b3c6-9f6f8ad5431b, thingarn=arn:aws:iot:us-east-1:507441099951:thing/iot-device-01, thingtypename=null, attributes={installed=1594665292, latitude=37.4133144, longitude=-122.1513069}, version=1, billinggroupname=null}","2020-11-26 00:00:00.000"
"iot-device-03","1.594654494071335E9","50.5","70.7","false","false","0.0079","0.0052","0.0211","2020-11-26T17:26:59.080+0000","{defaultclientid=iot-device-03, thingname=iot-device-03, thingid=877352b9-a35d-45d3-9c98-162d89965a13, thingarn=arn:aws:iot:us-east-1:507441099951:thing/iot-device-03, thingtypename=null, attributes={installed=1592562234, latitude=37.4133144, longitude=-122.1513069}, version=1, billinggroupname=null}","2020-11-26 00:00:00.000"
"iot-device-02","1.5946544961617684E9","62.0","75.2","true","false","0.0069","0.0043","0.0183","2020-11-26T17:26:59.378+0000","{defaultclientid=iot-device-02, thingname=iot-device-02, thingid=4ae4927a-aefb-4584-a45a-fc4839feffd6, thingarn=arn:aws:iot:us-east-1:507441099951:thing/iot-device-02, thingtypename=null, attributes={installed=1593361211, latitude=32.8205865, longitude=-96.871627}, version=1, billinggroupname=null}","2020-11-26 00:00:00.000"
"iot-device-03","1.594654357714825E9","49.0","70.88","false","false","0.0079","0.0052","0.021","2020-11-26T17:26:35.909+0000","{defaultclientid=iot-device-03, thingname=iot-device-03, thingid=877352b9-a35d-45d3-9c98-162d89965a13, thingarn=arn:aws:iot:us-east-1:507441099951:thing/iot-device-03, thingtypename=null, attributes={installed=1592562234, latitude=37.4133144, longitude=-122.1513069}, version=1, billinggroupname=null}","2020-11-26 00:00:00.000"
"iot-device-01","1.594654358004703E9","74.0","66.38","false","false","0.0066","0.0041","0.0175","2020-11-26T17:26:36.200+0000","{defaultclientid=iot-device-01, thingname=iot-device-01, thingid=983c2b68-f9a3-4e83-b3c6-9f6f8ad5431b, thingarn=arn:aws:iot:us-east-1:507441099951:thing/iot-device-01, thingtypename=null, attributes={installed=1594665292, latitude=37.4133144, longitude=-122.1513069}, version=1, billinggroupname=null}","2020-11-26 00:00:00.000"
"iot-device-02","1.5946543603865275E9","61.6","75.02","true","false","0.0069","0.0043","0.0183","2020-11-26T17:26:36.487+0000","{defaultclientid=iot-device-02, thingname=iot-device-02, thingid=4ae4927a-aefb-4584-a45a-fc4839feffd6, thingarn=arn:aws:iot:us-east-1:507441099951:thing/iot-device-02, thingtypename=null, attributes={installed=1593361211, latitude=32.8205865, longitude=-96.871627}, version=1, billinggroupname=null}","2020-11-26 00:00:00.000"
"iot-device-03","1.5946543614007325E9","49.0","70.88","false","false","0.0079","0.0052","0.0212","2020-11-26T17:26:36.783+0000","{defaultclientid=iot-device-03, thingname=iot-device-03, thingid=877352b9-a35d-45d3-9c98-162d89965a13, thingarn=arn:aws:iot:us-east-1:507441099951:thing/iot-device-03, thingtypename=null, attributes={installed=1592562234, latitude=37.4133144, longitude=-122.1513069}, version=1, billinggroupname=null}","2020-11-26 00:00:00.000"
"iot-device-01","1.5946543623573635E9","74.0","66.38","false","false","0.0066","0.004","0.0173","2020-11-26T17:26:37.079+0000","{defaultclientid=iot-device-01, thingname=iot-device-01, thingid=983c2b68-f9a3-4e83-b3c6-9f6f8ad5431b, thingarn=arn:aws:iot:us-east-1:507441099951:thing/iot-device-01, thingtypename=null, attributes={installed=1594665292, latitude=37.4133144, longitude=-122.1513069}, version=1, billinggroupname=null}","2020-11-26 00:00:00.000"
"iot-device-03","1.5946543650865138E9","49.0","70.88","false","false","0.0079","0.0052","0.0212","2020-11-26T17:26:37.370+0000","{defaultclientid=iot-device-03, thingname=iot-device-03, thingid=877352b9-a35d-45d3-9c98-162d89965a13, thingarn=arn:aws:iot:us-east-1:507441099951:thing/iot-device-03, thingtypename=null, attributes={installed=1592562234, latitude=37.4133144, longitude=-122.1513069}, version=1, billinggroupname=null}","2020-11-26 00:00:00.000"
"iot-device-01","1.5946543677836704E9","74.1","66.38","false","false","0.0067","0.0041","0.0177","2020-11-26T17:26:37.668+0000","{defaultclientid=iot-device-01, thingname=iot-device-01, thingid=983c2b68-f9a3-4e83-b3c6-9f6f8ad5431b, thingarn=arn:aws:iot:us-east-1:507441099951:thing/iot-device-01, thingtypename=null, attributes={installed=1594665292, latitude=37.4133144, longitude=-122.1513069}, version=1, billinggroupname=null}","2020-11-26 00:00:00.000"
"iot-device-03","1.594654368772483E9","49.0","70.88","false","false","0.0079","0.0052","0.0212","2020-11-26T17:26:37.958+0000","{defaultclientid=iot-device-03, thingname=iot-device-03, thingid=877352b9-a35d-45d3-9c98-162d89965a13, thingarn=arn:aws:iot:us-east-1:507441099951:thing/iot-device-03, thingtypename=null, attributes={installed=1592562234, latitude=37.4133144, longitude=-122.1513069}, version=1, billinggroupname=null}","2020-11-26 00:00:00.000"
"iot-device-03","1.594654372458417E9","49.0","70.88","false","false","0.0079","0.0052","0.0211","2020-11-26T17:26:38.250+0000","{defaultclientid=iot-device-03, thingname=iot-device-03, thingid=877352b9-a35d-45d3-9c98-162d89965a13, thingarn=arn:aws:iot:us-east-1:507441099951:thing/iot-device-03, thingtypename=null, attributes={installed=1592562234, latitude=37.4133144, longitude=-122.1513069}, version=1, billinggroupname=null}","2020-11-26 00:00:00.000"
"iot-device-02","1.5946543724683876E9","61.7","75.2","true","false","0.0069","0.0043","0.0183","2020-11-26T17:26:38.541+0000","{defaultclientid=iot-device-02, thingname=iot-device-02, thingid=4ae4927a-aefb-4584-a45a-fc4839feffd6, thingarn=arn:aws:iot:us-east-1:507441099951:thing/iot-device-02, thingtypename=null, attributes={installed=1593361211, latitude=32.8205865, longitude=-96.871627}, version=1, billinggroupname=null}","2020-11-26 00:00:00.000"
"iot-device-03","1.5946544093053215E9","49.0","70.88","false","false","0.0079","0.0052","0.0211","2020-11-26T17:26:44.768+0000","{defaultclientid=iot-device-03, thingname=iot-device-03, thingid=877352b9-a35d-45d3-9c98-162d89965a13, thingarn=arn:aws:iot:us-east-1:507441099951:thing/iot-device-03, thingtypename=null, attributes={installed=1592562234, latitude=37.4133144, longitude=-122.1513069}, version=1, billinggroupname=null}","2020-11-26 00:00:00.000"
"iot-device-01","1.5946544101365108E9","74.1","66.38","false","false","0.0066","0.004","0.0173","2020-11-26T17:26:45.065+0000","{defaultclientid=iot-device-01, thingname=iot-device-01, thingid=983c2b68-f9a3-4e83-b3c6-9f6f8ad5431b, thingarn=arn:aws:iot:us-east-1:507441099951:thing/iot-device-01, thingtypename=null, attributes={installed=1594665292, latitude=37.4133144, longitude=-122.1513069}, version=1, billinggroupname=null}","2020-11-26 00:00:00.000"
"iot-device-03","1.5946544129918847E9","49.0","70.88","false","false","0.0079","0.0051","0.021","2020-11-26T17:26:45.349+0000","{defaultclientid=iot-device-03, thingname=iot-device-03, thingid=877352b9-a35d-45d3-9c98-162d89965a13, thingarn=arn:aws:iot:us-east-1:507441099951:thing/iot-device-03, thingtypename=null, attributes={installed=1592562234, latitude=37.4133144, longitude=-122.1513069}, version=1, billinggroupname=null}","2020-11-26 00:00:00.000"
"iot-device-02","1.5946544158681462E9","61.8","75.2","true","false","0.0069","0.0043","0.0183","2020-11-26T17:26:45.641+0000","{defaultclientid=iot-device-02, thingname=iot-device-02, thingid=4ae4927a-aefb-4584-a45a-fc4839feffd6, thingarn=arn:aws:iot:us-east-1:507441099951:thing/iot-device-02, thingtypename=null, attributes={installed=1593361211, latitude=32.8205865, longitude=-96.871627}, version=1, billinggroupname=null}","2020-11-26 00:00:00.000"
"iot-device-03","1.594654416678228E9","49.0","70.88","false","false","0.0079","0.0052","0.0212","2020-11-26T17:26:45.928+0000","{defaultclientid=iot-device-03, thingname=iot-device-03, thingid=877352b9-a35d-45d3-9c98-162d89965a13, thingarn=arn:aws:iot:us-east-1:507441099951:thing/iot-device-03, thingtypename=null, attributes={installed=1592562234, latitude=37.4133144, longitude=-122.1513069}, version=1, billinggroupname=null}","2020-11-26 00:00:00.000"
"iot-device-01","1.5946544182488904E9","73.9","66.38","false","false","0.0067","0.0041","0.0177","2020-11-26T17:26:46.221+0000","{defaultclientid=iot-device-01, thingname=iot-device-01, thingid=983c2b68-f9a3-4e83-b3c6-9f6f8ad5431b, thingarn=arn:aws:iot:us-east-1:507441099951:thing/iot-device-01, thingtypename=null, attributes={installed=1594665292, latitude=37.4133144, longitude=-122.1513069}, version=1, billinggroupname=null}","2020-11-26 00:00:00.000"
"iot-device-03","1.5946544203645592E9","49.1","70.88","false","false","0.0079","0.0052","0.0211","2020-11-26T17:26:46.509+0000","{defaultclientid=iot-device-03, thingname=iot-device-03, thingid=877352b9-a35d-45d3-9c98-162d89965a13, thingarn=arn:aws:iot:us-east-1:507441099951:thing/iot-device-03, thingtypename=null, attributes={installed=1592562234, latitude=37.4133144, longitude=-122.1513069}, version=1, billinggroupname=null}","2020-11-26 00:00:00.000"
"iot-device-01","1.594654423147351E9","73.9","66.38","false","false","0.0067","0.0041","0.0177","2020-11-26T17:26:46.808+0000","{defaultclientid=iot-device-01, thingname=iot-device-01, thingid=983c2b68-f9a3-4e83-b3c6-9f6f8ad5431b, thingarn=arn:aws:iot:us-east-1:507441099951:thing/iot-device-01, thingtypename=null, attributes={installed=1594665292, latitude=37.4133144, longitude=-122.1513069}, version=1, billinggroupname=null}","2020-11-26 00:00:00.000"
"iot-device-03","1.5946544240485435E9","49.0","70.7","false","false","0.0079","0.0052","0.021","2020-11-26T17:26:47.100+0000","{defaultclientid=iot-device-03, thingname=iot-device-03, thingid=877352b9-a35d-45d3-9c98-162d89965a13, thingarn=arn:aws:iot:us-east-1:507441099951:thing/iot-device-03, thingtypename=null, attributes={installed=1592562234, latitude=37.4133144, longitude=-122.1513069}, version=1, billinggroupname=null}","2020-11-26 00:00:00.000"
"iot-device-03","1.5946544277325475E9","49.1","70.88","false","false","0.0079","0.0052","0.0211","2020-11-26T17:26:47.390+0000","{defaultclientid=iot-device-03, thingname=iot-device-03, thingid=877352b9-a35d-45d3-9c98-162d89965a13, thingarn=arn:aws:iot:us-east-1:507441099951:thing/iot-device-03, thingtypename=null, attributes={installed=1592562234, latitude=37.4133144, longitude=-122.1513069}, version=1, billinggroupname=null}","2020-11-26 00:00:00.000"
"iot-device-03","1.5946544461613655E9","49.1","70.7","false","false","0.0079","0.0052","0.0211","2020-11-26T17:26:50.620+0000","{defaultclientid=iot-device-03, thingname=iot-device-03, thingid=877352b9-a35d-45d3-9c98-162d89965a13, thingarn=arn:aws:iot:us-east-1:507441099951:thing/iot-device-03, thingtypename=null, attributes={installed=1592562234, latitude=37.4133144, longitude=-122.1513069}, version=1, billinggroupname=null}","2020-11-26 00:00:00.000"
"iot-device-02","1.5946544468998034E9","61.7","75.2","true","false","0.0069","0.0043","0.0183","2020-11-26T17:26:50.921+0000","{defaultclientid=iot-device-02, thingname=iot-device-02, thingid=4ae4927a-aefb-4584-a45a-fc4839feffd6, thingarn=arn:aws:iot:us-east-1:507441099951:thing/iot-device-02, thingtypename=null, attributes={installed=1593361211, latitude=32.8205865, longitude=-96.871627}, version=1, billinggroupname=null}","2020-11-26 00:00:00.000"
"iot-device-03","1.5946544498473597E9","49.1","70.7","false","false","0.0079","0.0052","0.0211","2020-11-26T17:26:51.220+0000","{defaultclientid=iot-device-03, thingname=iot-device-03, thingid=877352b9-a35d-45d3-9c98-162d89965a13, thingarn=arn:aws:iot:us-east-1:507441099951:thing/iot-device-03, thingtypename=null, attributes={installed=1592562234, latitude=37.4133144, longitude=-122.1513069}, version=1, billinggroupname=null}","2020-11-26 00:00:00.000"
"iot-device-02","1.594654452854943E9","61.6","75.02","true","false","0.0069","0.0043","0.0183","2020-11-26T17:26:51.520+0000","{defaultclientid=iot-device-02, thingname=iot-device-02, thingid=4ae4927a-aefb-4584-a45a-fc4839feffd6, thingarn=arn:aws:iot:us-east-1:507441099951:thing/iot-device-02, thingtypename=null, attributes={installed=1593361211, latitude=32.8205865, longitude=-96.871627}, version=1, billinggroupname=null}","2020-11-26 00:00:00.000"
"iot-device-03","1.594654453545992E9","49.2","70.88","false","false","0.0079","0.0052","0.0211","2020-11-26T17:26:51.808+0000","{defaultclientid=iot-device-03, thingname=iot-device-03, thingid=877352b9-a35d-45d3-9c98-162d89965a13, thingarn=arn:aws:iot:us-east-1:507441099951:thing/iot-device-03, thingtypename=null, attributes={installed=1592562234, latitude=37.4133144, longitude=-122.1513069}, version=1, billinggroupname=null}","2020-11-26 00:00:00.000"
"iot-device-01","1.594654456200245E9","74.0","66.38","false","false","0.0067","0.0042","0.0179","2020-11-26T17:26:52.099+0000","{defaultclientid=iot-device-01, thingname=iot-device-01, thingid=983c2b68-f9a3-4e83-b3c6-9f6f8ad5431b, thingarn=arn:aws:iot:us-east-1:507441099951:thing/iot-device-01, thingtypename=null, attributes={installed=1594665292, latitude=37.4133144, longitude=-122.1513069}, version=1, billinggroupname=null}","2020-11-26 00:00:00.000"
"iot-device-03","1.5946544572336714E9","49.2","70.7","false","false","0.0079","0.0052","0.0212","2020-11-26T17:26:52.389+0000","{defaultclientid=iot-device-03, thingname=iot-device-03, thingid=877352b9-a35d-45d3-9c98-162d89965a13, thingarn=arn:aws:iot:us-east-1:507441099951:thing/iot-device-03, thingtypename=null, attributes={installed=1592562234, latitude=37.4133144, longitude=-122.1513069}, version=1, billinggroupname=null}","2020-11-26 00:00:00.000"
"iot-device-02","1.5946544588003886E9","61.7","75.2","true","false","0.0069","0.0043","0.0183","2020-11-26T17:26:52.700+0000","{defaultclientid=iot-device-02, thingname=iot-device-02, thingid=4ae4927a-aefb-4584-a45a-fc4839feffd6, thingarn=arn:aws:iot:us-east-1:507441099951:thing/iot-device-02, thingtypename=null, attributes={installed=1593361211, latitude=32.8205865, longitude=-96.871627}, version=1, billinggroupname=null}","2020-11-26 00:00:00.000"
"iot-device-03","1.5946544609211454E9","49.2","70.7","false","false","0.0079","0.0052","0.0212","2020-11-26T17:26:52.996+0000","{defaultclientid=iot-device-03, thingname=iot-device-03, thingid=877352b9-a35d-45d3-9c98-162d89965a13, thingarn=arn:aws:iot:us-east-1:507441099951:thing/iot-device-03, thingtypename=null, attributes={installed=1592562234, latitude=37.4133144, longitude=-122.1513069}, version=1, billinggroupname=null}","2020-11-26 00:00:00.000"
"iot-device-01","1.594654462699174E9","74.1","66.38","false","false","0.0067","0.0042","0.0179","2020-11-26T17:26:53.292+0000","{defaultclientid=iot-device-01, thingname=iot-device-01, thingid=983c2b68-f9a3-4e83-b3c6-9f6f8ad5431b, thingarn=arn:aws:iot:us-east-1:507441099951:thing/iot-device-01, thingtypename=null, attributes={installed=1594665292, latitude=37.4133144, longitude=-122.1513069}, version=1, billinggroupname=null}","2020-11-26 00:00:00.000"
"iot-device-01","1.5946544976373322E9","74.3","66.38","false","false","0.0067","0.0041","0.0177","2020-11-26T17:26:59.671+0000","{defaultclientid=iot-device-01, thingname=iot-device-01, thingid=983c2b68-f9a3-4e83-b3c6-9f6f8ad5431b, thingarn=arn:aws:iot:us-east-1:507441099951:thing/iot-device-01, thingtypename=null, attributes={installed=1594665292, latitude=37.4133144, longitude=-122.1513069}, version=1, billinggroupname=null}","2020-11-26 00:00:00.000"
"iot-device-01","1.5946543732172475E9","74.1","66.38","false","false","0.0067","0.0041","0.0177","2020-11-26T17:26:38.844+0000","{defaultclientid=iot-device-01, thingname=iot-device-01, thingid=983c2b68-f9a3-4e83-b3c6-9f6f8ad5431b, thingarn=arn:aws:iot:us-east-1:507441099951:thing/iot-device-01, thingtypename=null, attributes={installed=1594665292, latitude=37.4133144, longitude=-122.1513069}, version=1, billinggroupname=null}","2020-11-26 00:00:00.000"
"iot-device-03","1.5946543761446722E9","49.0","70.88","false","false","0.0079","0.0052","0.0211","2020-11-26T17:26:39.132+0000","{defaultclientid=iot-device-03, thingname=iot-device-03, thingid=877352b9-a35d-45d3-9c98-162d89965a13, thingarn=arn:aws:iot:us-east-1:507441099951:thing/iot-device-03, thingtypename=null, attributes={installed=1592562234, latitude=37.4133144, longitude=-122.1513069}, version=1, billinggroupname=null}","2020-11-26 00:00:00.000"
"iot-device-02","1.594654377346522E9","61.7","75.02","true","false","0.0069","0.0043","0.0183","2020-11-26T17:26:39.441+0000","{defaultclientid=iot-device-02, thingname=iot-device-02, thingid=4ae4927a-aefb-4584-a45a-fc4839feffd6, thingarn=arn:aws:iot:us-east-1:507441099951:thing/iot-device-02, thingtypename=null, attributes={installed=1593361211, latitude=32.8205865, longitude=-96.871627}, version=1, billinggroupname=null}","2020-11-26 00:00:00.000"
"iot-device-01","1.5946543775809052E9","74.2","66.38","false","false","0.0067","0.0041","0.0177","2020-11-26T17:26:39.737+0000","{defaultclientid=iot-device-01, thingname=iot-device-01, thingid=983c2b68-f9a3-4e83-b3c6-9f6f8ad5431b, thingarn=arn:aws:iot:us-east-1:507441099951:thing/iot-device-01, thingtypename=null, attributes={installed=1594665292, latitude=37.4133144, longitude=-122.1513069}, version=1, billinggroupname=null}","2020-11-26 00:00:00.000"
"iot-device-03","1.594654379828607E9","49.0","70.88","false","false","0.0079","0.0052","0.0212","2020-11-26T17:26:40.038+0000","{defaultclientid=iot-device-03, thingname=iot-device-03, thingid=877352b9-a35d-45d3-9c98-162d89965a13, thingarn=arn:aws:iot:us-east-1:507441099951:thing/iot-device-03, thingtypename=null, attributes={installed=1592562234, latitude=37.4133144, longitude=-122.1513069}, version=1, billinggroupname=null}","2020-11-26 00:00:00.000"
"iot-device-03","1.5946543835148635E9","49.0","70.88","false","false","0.0079","0.0052","0.0211","2020-11-26T17:26:40.342+0000","{defaultclientid=iot-device-03, thingname=iot-device-03, thingid=877352b9-a35d-45d3-9c98-162d89965a13, thingarn=arn:aws:iot:us-east-1:507441099951:thing/iot-device-03, thingtypename=null, attributes={installed=1592562234, latitude=37.4133144, longitude=-122.1513069}, version=1, billinggroupname=null}","2020-11-26 00:00:00.000"
"iot-device-01","1.5946543856903305E9","74.2","66.38","false","false","0.0067","0.0042","0.0179","2020-11-26T17:26:40.650+0000","{defaultclientid=iot-device-01, thingname=iot-device-01, thingid=983c2b68-f9a3-4e83-b3c6-9f6f8ad5431b, thingarn=arn:aws:iot:us-east-1:507441099951:thing/iot-device-01, thingtypename=null, attributes={installed=1594665292, latitude=37.4133144, longitude=-122.1513069}, version=1, billinggroupname=null}","2020-11-26 00:00:00.000"
"iot-device-03","1.594654387200924E9","49.0","70.88","false","false","0.0079","0.0052","0.021","2020-11-26T17:26:40.930+0000","{defaultclientid=iot-device-03, thingname=iot-device-03, thingid=877352b9-a35d-45d3-9c98-162d89965a13, thingarn=arn:aws:iot:us-east-1:507441099951:thing/iot-device-03, thingtypename=null, attributes={installed=1592562234, latitude=37.4133144, longitude=-122.1513069}, version=1, billinggroupname=null}","2020-11-26 00:00:00.000"
"iot-device-02","1.5946543875953925E9","61.7","75.02","true","false","0.0069","0.0043","0.0183","2020-11-26T17:26:41.218+0000","{defaultclientid=iot-device-02, thingname=iot-device-02, thingid=4ae4927a-aefb-4584-a45a-fc4839feffd6, thingarn=arn:aws:iot:us-east-1:507441099951:thing/iot-device-02, thingtypename=null, attributes={installed=1593361211, latitude=32.8205865, longitude=-96.871627}, version=1, billinggroupname=null}","2020-11-26 00:00:00.000"
"iot-device-01","1.5946543905774984E9","74.2","66.38","false","false","0.0067","0.0042","0.0179","2020-11-26T17:26:41.510+0000","{defaultclientid=iot-device-01, thingname=iot-device-01, thingid=983c2b68-f9a3-4e83-b3c6-9f6f8ad5431b, thingarn=arn:aws:iot:us-east-1:507441099951:thing/iot-device-01, thingtypename=null, attributes={installed=1594665292, latitude=37.4133144, longitude=-122.1513069}, version=1, billinggroupname=null}","2020-11-26 00:00:00.000"
"iot-device-01","1.5946543221369338E9","74.1","66.38","false","false","0.0066","0.0041","0.0175","2020-11-26T17:26:30.079+0000","{defaultclientid=iot-device-01, thingname=iot-device-01, thingid=983c2b68-f9a3-4e83-b3c6-9f6f8ad5431b, thingarn=arn:aws:iot:us-east-1:507441099951:thing/iot-device-01, thingtypename=null, attributes={installed=1594665292, latitude=37.4133144, longitude=-122.1513069}, version=1, billinggroupname=null}","2020-11-26 00:00:00.000"
"iot-device-03","1.5946543245440538E9","49.3","70.88","false","false","0.0079","0.0052","0.0211","2020-11-26T17:26:30.378+0000","{defaultclientid=iot-device-03, thingname=iot-device-03, thingid=877352b9-a35d-45d3-9c98-162d89965a13, thingarn=arn:aws:iot:us-east-1:507441099951:thing/iot-device-03, thingtypename=null, attributes={installed=1592562234, latitude=37.4133144, longitude=-122.1513069}, version=1, billinggroupname=null}","2020-11-26 00:00:00.000"
"iot-device-01","1.5946543259496212E9","74.1","66.56","false","false","0.0066","0.004","0.0173","2020-11-26T17:26:30.669+0000","{defaultclientid=iot-device-01, thingname=iot-device-01, thingid=983c2b68-f9a3-4e83-b3c6-9f6f8ad5431b, thingarn=arn:aws:iot:us-east-1:507441099951:thing/iot-device-01, thingtypename=null, attributes={installed=1594665292, latitude=37.4133144, longitude=-122.1513069}, version=1, billinggroupname=null}","2020-11-26 00:00:00.000"
"iot-device-02","1.594654327216994E9","61.8","75.02","true","false","0.0068","0.0042","0.0181","2020-11-26T17:26:30.960+0000","{defaultclientid=iot-device-02, thingname=iot-device-02, thingid=4ae4927a-aefb-4584-a45a-fc4839feffd6, thingarn=arn:aws:iot:us-east-1:507441099951:thing/iot-device-02, thingtypename=null, attributes={installed=1593361211, latitude=32.8205865, longitude=-96.871627}, version=1, billinggroupname=null}","2020-11-26 00:00:00.000"
"iot-device-03","1.5946543282278564E9","49.4","71.06","false","false","0.0079","0.0052","0.0211","2020-11-26T17:26:31.248+0000","{defaultclientid=iot-device-03, thingname=iot-device-03, thingid=877352b9-a35d-45d3-9c98-162d89965a13, thingarn=arn:aws:iot:us-east-1:507441099951:thing/iot-device-03, thingtypename=null, attributes={installed=1592562234, latitude=37.4133144, longitude=-122.1513069}, version=1, billinggroupname=null}","2020-11-26 00:00:00.000"
"iot-device-01","1.594654331388294E9","73.9","66.38","false","false","0.0067","0.0042","0.0179","2020-11-26T17:26:31.539+0000","{defaultclientid=iot-device-01, thingname=iot-device-01, thingid=983c2b68-f9a3-4e83-b3c6-9f6f8ad5431b, thingarn=arn:aws:iot:us-east-1:507441099951:thing/iot-device-01, thingtypename=null, attributes={installed=1594665292, latitude=37.4133144, longitude=-122.1513069}, version=1, billinggroupname=null}","2020-11-26 00:00:00.000"
"iot-device-03","1.5946543319137876E9","49.3","71.06","false","false","0.0079","0.0052","0.0211","2020-11-26T17:26:31.828+0000","{defaultclientid=iot-device-03, thingname=iot-device-03, thingid=877352b9-a35d-45d3-9c98-162d89965a13, thingarn=arn:aws:iot:us-east-1:507441099951:thing/iot-device-03, thingtypename=null, attributes={installed=1592562234, latitude=37.4133144, longitude=-122.1513069}, version=1, billinggroupname=null}","2020-11-26 00:00:00.000"
"iot-device-02","1.5946543321240742E9","61.8","75.2","true","false","0.0068","0.0042","0.0181","2020-11-26T17:26:32.119+0000","{defaultclientid=iot-device-02, thingname=iot-device-02, thingid=4ae4927a-aefb-4584-a45a-fc4839feffd6, thingarn=arn:aws:iot:us-east-1:507441099951:thing/iot-device-02, thingtypename=null, attributes={installed=1593361211, latitude=32.8205865, longitude=-96.871627}, version=1, billinggroupname=null}","2020-11-26 00:00:00.000"
"iot-device-03","1.5946543355997446E9","49.3","71.06","false","false","0.0079","0.0052","0.0211","2020-11-26T17:26:32.408+0000","{defaultclientid=iot-device-03, thingname=iot-device-03, thingid=877352b9-a35d-45d3-9c98-162d89965a13, thingarn=arn:aws:iot:us-east-1:507441099951:thing/iot-device-03, thingtypename=null, attributes={installed=1592562234, latitude=37.4133144, longitude=-122.1513069}, version=1, billinggroupname=null}","2020-11-26 00:00:00.000"
"iot-device-01","1.5946543357471678E9","74.0","66.56","false","false","0.0066","0.0041","0.0175","2020-11-26T17:26:32.710+0000","{defaultclientid=iot-device-01, thingname=iot-device-01, thingid=983c2b68-f9a3-4e83-b3c6-9f6f8ad5431b, thingarn=arn:aws:iot:us-east-1:507441099951:thing/iot-device-01, thingtypename=null, attributes={installed=1594665292, latitude=37.4133144, longitude=-122.1513069}, version=1, billinggroupname=null}","2020-11-26 00:00:00.000"
"iot-device-03","1.594654390886968E9","49.0","70.88","false","false","0.0079","0.0052","0.0212","2020-11-26T17:26:41.798+0000","{defaultclientid=iot-device-03, thingname=iot-device-03, thingid=877352b9-a35d-45d3-9c98-162d89965a13, thingarn=arn:aws:iot:us-east-1:507441099951:thing/iot-device-03, thingtypename=null, attributes={installed=1592562234, latitude=37.4133144, longitude=-122.1513069}, version=1, billinggroupname=null}","2020-11-26 00:00:00.000"
"iot-device-01","1.5946543943904946E9","74.2","66.38","false","false","0.0067","0.0041","0.0177","2020-11-26T17:26:42.116+0000","{defaultclientid=iot-device-01, thingname=iot-device-01, thingid=983c2b68-f9a3-4e83-b3c6-9f6f8ad5431b, thingarn=arn:aws:iot:us-east-1:507441099951:thing/iot-device-01, thingtypename=null, attributes={installed=1594665292, latitude=37.4133144, longitude=-122.1513069}, version=1, billinggroupname=null}","2020-11-26 00:00:00.000"
"iot-device-03","1.5946543945730293E9","49.0","70.88","false","false","0.0079","0.0052","0.0211","2020-11-26T17:26:42.430+0000","{defaultclientid=iot-device-03, thingname=iot-device-03, thingid=877352b9-a35d-45d3-9c98-162d89965a13, thingarn=arn:aws:iot:us-east-1:507441099951:thing/iot-device-03, thingtypename=null, attributes={installed=1592562234, latitude=37.4133144, longitude=-122.1513069}, version=1, billinggroupname=null}","2020-11-26 00:00:00.000"
"iot-device-03","1.5946543982568512E9","49.0","70.88","false","false","0.0079","0.0051","0.021","2020-11-26T17:26:42.722+0000","{defaultclientid=iot-device-03, thingname=iot-device-03, thingid=877352b9-a35d-45d3-9c98-162d89965a13, thingarn=arn:aws:iot:us-east-1:507441099951:thing/iot-device-03, thingtypename=null, attributes={installed=1592562234, latitude=37.4133144, longitude=-122.1513069}, version=1, billinggroupname=null}","2020-11-26 00:00:00.000"
"iot-device-01","1.5946544008962455E9","74.3","66.38","false","false","0.0068","0.0042","0.0181","2020-11-26T17:26:43.009+0000","{defaultclientid=iot-device-01, thingname=iot-device-01, thingid=983c2b68-f9a3-4e83-b3c6-9f6f8ad5431b, thingarn=arn:aws:iot:us-east-1:507441099951:thing/iot-device-01, thingtypename=null, attributes={installed=1594665292, latitude=37.4133144, longitude=-122.1513069}, version=1, billinggroupname=null}","2020-11-26 00:00:00.000"
"iot-device-03","1.5946544019335954E9","49.0","70.88","false","false","0.0079","0.0052","0.0211","2020-11-26T17:26:43.299+0000","{defaultclientid=iot-device-03, thingname=iot-device-03, thingid=877352b9-a35d-45d3-9c98-162d89965a13, thingarn=arn:aws:iot:us-east-1:507441099951:thing/iot-device-03, thingtypename=null, attributes={installed=1592562234, latitude=37.4133144, longitude=-122.1513069}, version=1, billinggroupname=null}","2020-11-26 00:00:00.000"
"iot-device-02","1.5946544028912873E9","61.7","75.02","true","false","0.0069","0.0043","0.0183","2020-11-26T17:26:43.591+0000","{defaultclientid=iot-device-02, thingname=iot-device-02, thingid=4ae4927a-aefb-4584-a45a-fc4839feffd6, thingarn=arn:aws:iot:us-east-1:507441099951:thing/iot-device-02, thingtypename=null, attributes={installed=1593361211, latitude=32.8205865, longitude=-96.871627}, version=1, billinggroupname=null}","2020-11-26 00:00:00.000"
"iot-device-03","1.5946544056190026E9","49.0","70.88","false","false","0.0079","0.0052","0.0211","2020-11-26T17:26:43.879+0000","{defaultclientid=iot-device-03, thingname=iot-device-03, thingid=877352b9-a35d-45d3-9c98-162d89965a13, thingarn=arn:aws:iot:us-east-1:507441099951:thing/iot-device-03, thingtypename=null, attributes={installed=1592562234, latitude=37.4133144, longitude=-122.1513069}, version=1, billinggroupname=null}","2020-11-26 00:00:00.000"
"iot-device-01","1.5946544057864852E9","74.2","66.38","false","false","0.0067","0.0042","0.0179","2020-11-26T17:26:44.177+0000","{defaultclientid=iot-device-01, thingname=iot-device-01, thingid=983c2b68-f9a3-4e83-b3c6-9f6f8ad5431b, thingarn=arn:aws:iot:us-east-1:507441099951:thing/iot-device-01, thingtypename=null, attributes={installed=1594665292, latitude=37.4133144, longitude=-122.1513069}, version=1, billinggroupname=null}","2020-11-26 00:00:00.000"
"iot-device-02","1.5946544083016305E9","61.7","75.2","true","false","0.0069","0.0043","0.0183","2020-11-26T17:26:44.470+0000","{defaultclientid=iot-device-02, thingname=iot-device-02, thingid=4ae4927a-aefb-4584-a45a-fc4839feffd6, thingarn=arn:aws:iot:us-east-1:507441099951:thing/iot-device-02, thingtypename=null, attributes={installed=1593361211, latitude=32.8205865, longitude=-96.871627}, version=1, billinggroupname=null}","2020-11-26 00:00:00.000"
"iot-device-01","1.5946544280372505E9","73.9","66.38","false","false","0.0067","0.0042","0.0179","2020-11-26T17:26:47.680+0000","{defaultclientid=iot-device-01, thingname=iot-device-01, thingid=983c2b68-f9a3-4e83-b3c6-9f6f8ad5431b, thingarn=arn:aws:iot:us-east-1:507441099951:thing/iot-device-01, thingtypename=null, attributes={installed=1594665292, latitude=37.4133144, longitude=-122.1513069}, version=1, billinggroupname=null}","2020-11-26 00:00:00.000"
"iot-device-02","1.5946544306288323E9","61.7","75.2","true","false","0.0069","0.0043","0.0183","2020-11-26T17:26:47.968+0000","{defaultclientid=iot-device-02, thingname=iot-device-02, thingid=4ae4927a-aefb-4584-a45a-fc4839feffd6, thingarn=arn:aws:iot:us-east-1:507441099951:thing/iot-device-02, thingtypename=null, attributes={installed=1593361211, latitude=32.8205865, longitude=-96.871627}, version=1, billinggroupname=null}","2020-11-26 00:00:00.000"
"iot-device-03","1.5946544314169884E9","49.0","70.7","false","false","0.0079","0.0052","0.0211","2020-11-26T17:26:48.281+0000","{defaultclientid=iot-device-03, thingname=iot-device-03, thingid=877352b9-a35d-45d3-9c98-162d89965a13, thingarn=arn:aws:iot:us-east-1:507441099951:thing/iot-device-03, thingtypename=null, attributes={installed=1592562234, latitude=37.4133144, longitude=-122.1513069}, version=1, billinggroupname=null}","2020-11-26 00:00:00.000"
"iot-device-01","1.5946544345479937E9","74.0","66.38","false","false","0.0067","0.0042","0.0179","2020-11-26T17:26:48.569+0000","{defaultclientid=iot-device-01, thingname=iot-device-01, thingid=983c2b68-f9a3-4e83-b3c6-9f6f8ad5431b, thingarn=arn:aws:iot:us-east-1:507441099951:thing/iot-device-01, thingtypename=null, attributes={installed=1594665292, latitude=37.4133144, longitude=-122.1513069}, version=1, billinggroupname=null}","2020-11-26 00:00:00.000"
"iot-device-03","1.5946544351030939E9","49.0","70.7","false","false","0.0079","0.0052","0.0212","2020-11-26T17:26:48.859+0000","{defaultclientid=iot-device-03, thingname=iot-device-03, thingid=877352b9-a35d-45d3-9c98-162d89965a13, thingarn=arn:aws:iot:us-east-1:507441099951:thing/iot-device-03, thingtypename=null, attributes={installed=1592562234, latitude=37.4133144, longitude=-122.1513069}, version=1, billinggroupname=null}","2020-11-26 00:00:00.000"
"iot-device-02","1.5946544355104294E9","61.7","75.02","true","false","0.0069","0.0043","0.0183","2020-11-26T17:26:49.149+0000","{defaultclientid=iot-device-02, thingname=iot-device-02, thingid=4ae4927a-aefb-4584-a45a-fc4839feffd6, thingarn=arn:aws:iot:us-east-1:507441099951:thing/iot-device-02, thingtypename=null, attributes={installed=1593361211, latitude=32.8205865, longitude=-96.871627}, version=1, billinggroupname=null}","2020-11-26 00:00:00.000"
"iot-device-03","1.5946544387890918E9","49.0","70.88","false","false","0.0079","0.0052","0.0212","2020-11-26T17:26:49.442+0000","{defaultclientid=iot-device-03, thingname=iot-device-03, thingid=877352b9-a35d-45d3-9c98-162d89965a13, thingarn=arn:aws:iot:us-east-1:507441099951:thing/iot-device-03, thingtypename=null, attributes={installed=1592562234, latitude=37.4133144, longitude=-122.1513069}, version=1, billinggroupname=null}","2020-11-26 00:00:00.000"
"iot-device-02","1.5946544419873414E9","61.7","75.2","true","false","0.0069","0.0043","0.0182","2020-11-26T17:26:49.748+0000","{defaultclientid=iot-device-02, thingname=iot-device-02, thingid=4ae4927a-aefb-4584-a45a-fc4839feffd6, thingarn=arn:aws:iot:us-east-1:507441099951:thing/iot-device-02, thingtypename=null, attributes={installed=1593361211, latitude=32.8205865, longitude=-96.871627}, version=1, billinggroupname=null}","2020-11-26 00:00:00.000"
"iot-device-03","1.5946544424753144E9","49.1","70.7","false","false","0.0079","0.0052","0.0211","2020-11-26T17:26:50.031+0000","{defaultclientid=iot-device-03, thingname=iot-device-03, thingid=877352b9-a35d-45d3-9c98-162d89965a13, thingarn=arn:aws:iot:us-east-1:507441099951:thing/iot-device-03, thingtypename=null, attributes={installed=1592562234, latitude=37.4133144, longitude=-122.1513069}, version=1, billinggroupname=null}","2020-11-26 00:00:00.000"
"iot-device-01","1.5946544448142898E9","74.0","66.38","false","false","0.0067","0.0042","0.0179","2020-11-26T17:26:50.321+0000","{defaultclientid=iot-device-01, thingname=iot-device-01, thingid=983c2b68-f9a3-4e83-b3c6-9f6f8ad5431b, thingarn=arn:aws:iot:us-east-1:507441099951:thing/iot-device-01, thingtypename=null, attributes={installed=1594665292, latitude=37.4133144, longitude=-122.1513069}, version=1, billinggroupname=null}","2020-11-26 00:00:00.000"
"iot-device-03","1.5946544646088102E9","49.3","70.7","false","false","0.0079","0.0052","0.0212","2020-11-26T17:26:53.588+0000","{defaultclientid=iot-device-03, thingname=iot-device-03, thingid=877352b9-a35d-45d3-9c98-162d89965a13, thingarn=arn:aws:iot:us-east-1:507441099951:thing/iot-device-03, thingtypename=null, attributes={installed=1592562234, latitude=37.4133144, longitude=-122.1513069}, version=1, billinggroupname=null}","2020-11-26 00:00:00.000"
"iot-device-02","1.5946544663530276E9","61.8","75.2","true","false","0.0069","0.0043","0.0183","2020-11-26T17:26:53.878+0000","{defaultclientid=iot-device-02, thingname=iot-device-02, thingid=4ae4927a-aefb-4584-a45a-fc4839feffd6, thingarn=arn:aws:iot:us-east-1:507441099951:thing/iot-device-02, thingtypename=null, attributes={installed=1593361211, latitude=32.8205865, longitude=-96.871627}, version=1, billinggroupname=null}","2020-11-26 00:00:00.000"
"iot-device-03","1.5946544682633185E9","49.5","70.7","false","false","0.0079","0.0052","0.0211","2020-11-26T17:26:54.193+0000","{defaultclientid=iot-device-03, thingname=iot-device-03, thingid=877352b9-a35d-45d3-9c98-162d89965a13, thingarn=arn:aws:iot:us-east-1:507441099951:thing/iot-device-03, thingtypename=null, attributes={installed=1592562234, latitude=37.4133144, longitude=-122.1513069}, version=1, billinggroupname=null}","2020-11-26 00:00:00.000"
"iot-device-01","1.594654469202512E9","74.2","66.38","false","false","0.0067","0.0041","0.0177","2020-11-26T17:26:54.480+0000","{defaultclientid=iot-device-01, thingname=iot-device-01, thingid=983c2b68-f9a3-4e83-b3c6-9f6f8ad5431b, thingarn=arn:aws:iot:us-east-1:507441099951:thing/iot-device-01, thingtypename=null, attributes={installed=1594665292, latitude=37.4133144, longitude=-122.1513069}, version=1, billinggroupname=null}","2020-11-26 00:00:00.000"
"iot-device-02","1.5946544701581259E9","61.8","75.2","true","false","0.0069","0.0043","0.0183","2020-11-26T17:26:54.837+0000","{defaultclientid=iot-device-02, thingname=iot-device-02, thingid=4ae4927a-aefb-4584-a45a-fc4839feffd6, thingarn=arn:aws:iot:us-east-1:507441099951:thing/iot-device-02, thingtypename=null, attributes={installed=1593361211, latitude=32.8205865, longitude=-96.871627}, version=1, billinggroupname=null}","2020-11-26 00:00:00.000"
"iot-device-03","1.5946544719548097E9","49.5","70.7","false","false","0.0079","0.0052","0.0211","2020-11-26T17:26:55.129+0000","{defaultclientid=iot-device-03, thingname=iot-device-03, thingid=877352b9-a35d-45d3-9c98-162d89965a13, thingarn=arn:aws:iot:us-east-1:507441099951:thing/iot-device-03, thingtypename=null, attributes={installed=1592562234, latitude=37.4133144, longitude=-122.1513069}, version=1, billinggroupname=null}","2020-11-26 00:00:00.000"
"iot-device-02","1.5946544750350142E9","61.9","75.2","true","false","0.0069","0.0043","0.0183","2020-11-26T17:26:55.420+0000","{defaultclientid=iot-device-02, thingname=iot-device-02, thingid=4ae4927a-aefb-4584-a45a-fc4839feffd6, thingarn=arn:aws:iot:us-east-1:507441099951:thing/iot-device-02, thingtypename=null, attributes={installed=1593361211, latitude=32.8205865, longitude=-96.871627}, version=1, billinggroupname=null}","2020-11-26 00:00:00.000"
"iot-device-03","1.5946544756407669E9","49.6","70.7","false","false","0.0079","0.0052","0.0211","2020-11-26T17:26:55.720+0000","{defaultclientid=iot-device-03, thingname=iot-device-03, thingid=877352b9-a35d-45d3-9c98-162d89965a13, thingarn=arn:aws:iot:us-east-1:507441099951:thing/iot-device-03, thingtypename=null, attributes={installed=1592562234, latitude=37.4133144, longitude=-122.1513069}, version=1, billinggroupname=null}","2020-11-26 00:00:00.000"
"iot-device-03","1.5946544793268914E9","49.8","70.7","false","false","0.0079","0.0052","0.0211","2020-11-26T17:26:56.131+0000","{defaultclientid=iot-device-03, thingname=iot-device-03, thingid=877352b9-a35d-45d3-9c98-162d89965a13, thingarn=arn:aws:iot:us-east-1:507441099951:thing/iot-device-03, thingtypename=null, attributes={installed=1592562234, latitude=37.4133144, longitude=-122.1513069}, version=1, billinggroupname=null}","2020-11-26 00:00:00.000"
"iot-device-02","1.594654480455924E9","61.9","75.2","true","false","0.0069","0.0043","0.0183","2020-11-26T17:26:56.423+0000","{defaultclientid=iot-device-02, thingname=iot-device-02, thingid=4ae4927a-aefb-4584-a45a-fc4839feffd6, thingarn=arn:aws:iot:us-east-1:507441099951:thing/iot-device-02, thingtypename=null, attributes={installed=1593361211, latitude=32.8205865, longitude=-96.871627}, version=1, billinggroupname=null}","2020-11-26 00:00:00.000"
"iot-device-03","1.5946543392855573E9","49.3","71.06","false","false","0.0079","0.0052","0.0212","2020-11-26T17:26:33.002+0000","{defaultclientid=iot-device-03, thingname=iot-device-03, thingid=877352b9-a35d-45d3-9c98-162d89965a13, thingarn=arn:aws:iot:us-east-1:507441099951:thing/iot-device-03, thingtypename=null, attributes={installed=1592562234, latitude=37.4133144, longitude=-122.1513069}, version=1, billinggroupname=null}","2020-11-26 00:00:00.000"
"iot-device-01","1.5946543422508867E9","74.1","66.56","false","false","0.0067","0.0041","0.0177","2020-11-26T17:26:33.289+0000","{defaultclientid=iot-device-01, thingname=iot-device-01, thingid=983c2b68-f9a3-4e83-b3c6-9f6f8ad5431b, thingarn=arn:aws:iot:us-east-1:507441099951:thing/iot-device-01, thingtypename=null, attributes={installed=1594665292, latitude=37.4133144, longitude=-122.1513069}, version=1, billinggroupname=null}","2020-11-26 00:00:00.000"
"iot-device-03","1.594654342971414E9","49.2","71.06","false","false","0.0079","0.0052","0.0211","2020-11-26T17:26:33.593+0000","{defaultclientid=iot-device-03, thingname=iot-device-03, thingid=877352b9-a35d-45d3-9c98-162d89965a13, thingarn=arn:aws:iot:us-east-1:507441099951:thing/iot-device-03, thingtypename=null, attributes={installed=1592562234, latitude=37.4133144, longitude=-122.1513069}, version=1, billinggroupname=null}","2020-11-26 00:00:00.000"
"iot-device-03","1.5946543466572971E9","49.1","71.06","false","false","0.0079","0.0052","0.0212","2020-11-26T17:26:33.895+0000","{defaultclientid=iot-device-03, thingname=iot-device-03, thingid=877352b9-a35d-45d3-9c98-162d89965a13, thingarn=arn:aws:iot:us-east-1:507441099951:thing/iot-device-03, thingtypename=null, attributes={installed=1592562234, latitude=37.4133144, longitude=-122.1513069}, version=1, billinggroupname=null}","2020-11-26 00:00:00.000"
"iot-device-01","1.5946543498268602E9","73.9","66.38","false","false","0.0067","0.0041","0.0177","2020-11-26T17:26:34.176+0000","{defaultclientid=iot-device-01, thingname=iot-device-01, thingid=983c2b68-f9a3-4e83-b3c6-9f6f8ad5431b, thingarn=arn:aws:iot:us-east-1:507441099951:thing/iot-device-01, thingtypename=null, attributes={installed=1594665292, latitude=37.4133144, longitude=-122.1513069}, version=1, billinggroupname=null}","2020-11-26 00:00:00.000"
"iot-device-02","1.594654350100259E9","61.8","75.2","true","false","0.0069","0.0043","0.0183","2020-11-26T17:26:34.470+0000","{defaultclientid=iot-device-02, thingname=iot-device-02, thingid=4ae4927a-aefb-4584-a45a-fc4839feffd6, thingarn=arn:aws:iot:us-east-1:507441099951:thing/iot-device-02, thingtypename=null, attributes={installed=1593361211, latitude=32.8205865, longitude=-96.871627}, version=1, billinggroupname=null}","2020-11-26 00:00:00.000"
"iot-device-03","1.5946543503431494E9","49.1","71.06","false","false","0.0079","0.0052","0.0211","2020-11-26T17:26:34.757+0000","{defaultclientid=iot-device-03, thingname=iot-device-03, thingid=877352b9-a35d-45d3-9c98-162d89965a13, thingarn=arn:aws:iot:us-east-1:507441099951:thing/iot-device-03, thingtypename=null, attributes={installed=1592562234, latitude=37.4133144, longitude=-122.1513069}, version=1, billinggroupname=null}","2020-11-26 00:00:00.000"
"iot-device-03","1.5946543540289953E9","49.0","70.88","false","false","0.0079","0.0052","0.0211","2020-11-26T17:26:35.041+0000","{defaultclientid=iot-device-03, thingname=iot-device-03, thingid=877352b9-a35d-45d3-9c98-162d89965a13, thingarn=arn:aws:iot:us-east-1:507441099951:thing/iot-device-03, thingtypename=null, attributes={installed=1592562234, latitude=37.4133144, longitude=-122.1513069}, version=1, billinggroupname=null}","2020-11-26 00:00:00.000"
"iot-device-01","1.5946543541821089E9","74.0","66.38","false","false","0.0067","0.0041","0.0177","2020-11-26T17:26:35.328+0000","{defaultclientid=iot-device-01, thingname=iot-device-01, thingid=983c2b68-f9a3-4e83-b3c6-9f6f8ad5431b, thingarn=arn:aws:iot:us-east-1:507441099951:thing/iot-device-01, thingtypename=null, attributes={installed=1594665292, latitude=37.4133144, longitude=-122.1513069}, version=1, billinggroupname=null}","2020-11-26 00:00:00.000"
"iot-device-02","1.5946543565809925E9","61.7","75.2","true","false","0.0069","0.0043","0.0183","2020-11-26T17:26:35.618+0000","{defaultclientid=iot-device-02, thingname=iot-device-02, thingid=4ae4927a-aefb-4584-a45a-fc4839feffd6, thingarn=arn:aws:iot:us-east-1:507441099951:thing/iot-device-02, thingtypename=null, attributes={installed=1593361211, latitude=32.8205865, longitude=-96.871627}, version=1, billinggroupname=null}","2020-11-26 00:00:00.000"
"iot-device-01","1.5946345798169498E9","75.8","67.46","false","false","0.0065","0.0039","0.017","2020-11-26T17:15:39.012+0000","{defaultclientid=iot-device-01, thingname=iot-device-01, thingid=983c2b68-f9a3-4e83-b3c6-9f6f8ad5431b, thingarn=arn:aws:iot:us-east-1:507441099951:thing/iot-device-01, thingtypename=null, attributes={installed=1594665292, latitude=37.4133144, longitude=-122.1513069}, version=1, billinggroupname=null}","2020-11-26 00:00:00.000"
"iot-device-03","1.5946345810518587E9","51.8","71.06","false","false","0.0078","0.0051","0.021","2020-11-26T17:15:39.304+0000","{defaultclientid=iot-device-03, thingname=iot-device-03, thingid=877352b9-a35d-45d3-9c98-162d89965a13, thingarn=arn:aws:iot:us-east-1:507441099951:thing/iot-device-03, thingtypename=null, attributes={installed=1592562234, latitude=37.4133144, longitude=-122.1513069}, version=1, billinggroupname=null}","2020-11-26 00:00:00.000"
"iot-device-01","1.5946345841674173E9","75.8","67.28","false","false","0.0063","0.0038","0.0167","2020-11-26T17:15:39.612+0000","{defaultclientid=iot-device-01, thingname=iot-device-01, thingid=983c2b68-f9a3-4e83-b3c6-9f6f8ad5431b, thingarn=arn:aws:iot:us-east-1:507441099951:thing/iot-device-01, thingtypename=null, attributes={installed=1594665292, latitude=37.4133144, longitude=-122.1513069}, version=1, billinggroupname=null}","2020-11-26 00:00:00.000"
"iot-device-03","1.594634584738547E9","51.8","71.06","false","false","0.0079","0.0051","0.021","2020-11-26T17:15:39.908+0000","{defaultclientid=iot-device-03, thingname=iot-device-03, thingid=877352b9-a35d-45d3-9c98-162d89965a13, thingarn=arn:aws:iot:us-east-1:507441099951:thing/iot-device-03, thingtypename=null, attributes={installed=1592562234, latitude=37.4133144, longitude=-122.1513069}, version=1, billinggroupname=null}","2020-11-26 00:00:00.000"
"iot-device-02","1.5946345871648471E9","59.7","74.66","true","false","0.0072","0.0046","0.0191","2020-11-26T17:15:40.200+0000","{defaultclientid=iot-device-02, thingname=iot-device-02, thingid=4ae4927a-aefb-4584-a45a-fc4839feffd6, thingarn=arn:aws:iot:us-east-1:507441099951:thing/iot-device-02, thingtypename=null, attributes={installed=1593361211, latitude=32.8205865, longitude=-96.871627}, version=1, billinggroupname=null}","2020-11-26 00:00:00.000"
"iot-device-03","1.5946345884206426E9","51.8","70.88","false","false","0.0078","0.0051","0.0209","2020-11-26T17:15:40.502+0000","{defaultclientid=iot-device-03, thingname=iot-device-03, thingid=877352b9-a35d-45d3-9c98-162d89965a13, thingarn=arn:aws:iot:us-east-1:507441099951:thing/iot-device-03, thingtypename=null, attributes={installed=1592562234, latitude=37.4133144, longitude=-122.1513069}, version=1, billinggroupname=null}","2020-11-26 00:00:00.000"
"iot-device-01","1.5946345890570555E9","75.8","67.46","false","false","0.0062","0.0037","0.0164","2020-11-26T17:15:40.846+0000","{defaultclientid=iot-device-01, thingname=iot-device-01, thingid=983c2b68-f9a3-4e83-b3c6-9f6f8ad5431b, thingarn=arn:aws:iot:us-east-1:507441099951:thing/iot-device-01, thingtypename=null, attributes={installed=1594665292, latitude=37.4133144, longitude=-122.1513069}, version=1, billinggroupname=null}","2020-11-26 00:00:00.000"
"iot-device-02","1.5946345915055244E9","59.5","74.66","true","false","0.0073","0.0046","0.0194","2020-11-26T17:15:41.151+0000","{defaultclientid=iot-device-02, thingname=iot-device-02, thingid=4ae4927a-aefb-4584-a45a-fc4839feffd6, thingarn=arn:aws:iot:us-east-1:507441099951:thing/iot-device-02, thingtypename=null, attributes={installed=1593361211, latitude=32.8205865, longitude=-96.871627}, version=1, billinggroupname=null}","2020-11-26 00:00:00.000"
"iot-device-03","1.5946345921019278E9","51.8","70.88","false","false","0.0078","0.0051","0.021","2020-11-26T17:15:41.441+0000","{defaultclientid=iot-device-03, thingname=iot-device-03, thingid=877352b9-a35d-45d3-9c98-162d89965a13, thingarn=arn:aws:iot:us-east-1:507441099951:thing/iot-device-03, thingtypename=null, attributes={installed=1592562234, latitude=37.4133144, longitude=-122.1513069}, version=1, billinggroupname=null}","2020-11-26 00:00:00.000"
"iot-device-01","1.5946345955801866E9","75.8","67.28","false","false","0.0064","0.0038","0.0168","2020-11-26T17:15:41.729+0000","{defaultclientid=iot-device-01, thingname=iot-device-01, thingid=983c2b68-f9a3-4e83-b3c6-9f6f8ad5431b, thingarn=arn:aws:iot:us-east-1:507441099951:thing/iot-device-01, thingtypename=null, attributes={installed=1594665292, latitude=37.4133144, longitude=-122.1513069}, version=1, billinggroupname=null}","2020-11-26 00:00:00.000"
"iot-device-03","1.5946345589407065E9","51.7","70.88","false","false","0.0078","0.0051","0.021","2020-11-26T17:15:36.059+0000","{defaultclientid=iot-device-03, thingname=iot-device-03, thingid=877352b9-a35d-45d3-9c98-162d89965a13, thingarn=arn:aws:iot:us-east-1:507441099951:thing/iot-device-03, thingtypename=null, attributes={installed=1592562234, latitude=37.4133144, longitude=-122.1513069}, version=1, billinggroupname=null}","2020-11-26 00:00:00.000"
"iot-device-02","1.5946345621099286E9","59.5","74.66","true","false","0.0073","0.0046","0.0194","2020-11-26T17:15:36.352+0000","{defaultclientid=iot-device-02, thingname=iot-device-02, thingid=4ae4927a-aefb-4584-a45a-fc4839feffd6, thingarn=arn:aws:iot:us-east-1:507441099951:thing/iot-device-02, thingtypename=null, attributes={installed=1593361211, latitude=32.8205865, longitude=-96.871627}, version=1, billinggroupname=null}","2020-11-26 00:00:00.000"
"iot-device-03","1.5946345626272929E9","51.8","71.06","false","false","0.0078","0.0051","0.0209","2020-11-26T17:15:36.639+0000","{defaultclientid=iot-device-03, thingname=iot-device-03, thingid=877352b9-a35d-45d3-9c98-162d89965a13, thingarn=arn:aws:iot:us-east-1:507441099951:thing/iot-device-03, thingtypename=null, attributes={installed=1592562234, latitude=37.4133144, longitude=-122.1513069}, version=1, billinggroupname=null}","2020-11-26 00:00:00.000"
"iot-device-01","1.5946345627804224E9","76.0","67.28","false","false","0.0064","0.0038","0.0168","2020-11-26T17:15:36.940+0000","{defaultclientid=iot-device-01, thingname=iot-device-01, thingid=983c2b68-f9a3-4e83-b3c6-9f6f8ad5431b, thingarn=arn:aws:iot:us-east-1:507441099951:thing/iot-device-01, thingtypename=null, attributes={installed=1594665292, latitude=37.4133144, longitude=-122.1513069}, version=1, billinggroupname=null}","2020-11-26 00:00:00.000"
"iot-device-03","1.5946345663134274E9","51.8","70.88","false","false","0.0078","0.0051","0.0209","2020-11-26T17:15:37.248+0000","{defaultclientid=iot-device-03, thingname=iot-device-03, thingid=877352b9-a35d-45d3-9c98-162d89965a13, thingarn=arn:aws:iot:us-east-1:507441099951:thing/iot-device-03, thingtypename=null, attributes={installed=1592562234, latitude=37.4133144, longitude=-122.1513069}, version=1, billinggroupname=null}","2020-11-26 00:00:00.000"
"iot-device-01","1.594634567670164E9","75.8","67.28","false","false","0.0062","0.0037","0.0164","2020-11-26T17:15:37.541+0000","{defaultclientid=iot-device-01, thingname=iot-device-01, thingid=983c2b68-f9a3-4e83-b3c6-9f6f8ad5431b, thingarn=arn:aws:iot:us-east-1:507441099951:thing/iot-device-01, thingtypename=null, attributes={installed=1594665292, latitude=37.4133144, longitude=-122.1513069}, version=1, billinggroupname=null}","2020-11-26 00:00:00.000"
"iot-device-03","1.5946345699992714E9","51.8","71.06","false","false","0.0079","0.0051","0.021","2020-11-26T17:15:37.828+0000","{defaultclientid=iot-device-03, thingname=iot-device-03, thingid=877352b9-a35d-45d3-9c98-162d89965a13, thingarn=arn:aws:iot:us-east-1:507441099951:thing/iot-device-03, thingtypename=null, attributes={installed=1592562234, latitude=37.4133144, longitude=-122.1513069}, version=1, billinggroupname=null}","2020-11-26 00:00:00.000"
"iot-device-03","1.594634573683107E9","51.9","71.06","false","false","0.0078","0.0051","0.0209","2020-11-26T17:15:38.131+0000","{defaultclientid=iot-device-03, thingname=iot-device-03, thingid=877352b9-a35d-45d3-9c98-162d89965a13, thingarn=arn:aws:iot:us-east-1:507441099951:thing/iot-device-03, thingtypename=null, attributes={installed=1592562234, latitude=37.4133144, longitude=-122.1513069}, version=1, billinggroupname=null}","2020-11-26 00:00:00.000"
"iot-device-03","1.5946345773680725E9","51.8","70.88","false","false","0.0078","0.0051","0.0209","2020-11-26T17:15:38.422+0000","{defaultclientid=iot-device-03, thingname=iot-device-03, thingid=877352b9-a35d-45d3-9c98-162d89965a13, thingarn=arn:aws:iot:us-east-1:507441099951:thing/iot-device-03, thingtypename=null, attributes={installed=1592562234, latitude=37.4133144, longitude=-122.1513069}, version=1, billinggroupname=null}","2020-11-26 00:00:00.000"
"iot-device-02","1.5946345774182928E9","59.5","74.66","true","false","0.0073","0.0046","0.0193","2020-11-26T17:15:38.718+0000","{defaultclientid=iot-device-02, thingname=iot-device-02, thingid=4ae4927a-aefb-4584-a45a-fc4839feffd6, thingarn=arn:aws:iot:us-east-1:507441099951:thing/iot-device-02, thingtypename=null, attributes={installed=1593361211, latitude=32.8205865, longitude=-96.871627}, version=1, billinggroupname=null}","2020-11-26 00:00:00.000"
"iot-device-03","1.5946346141674712E9","51.9","71.06","false","false","0.0078","0.0051","0.0208","2020-11-26T17:15:44.989+0000","{defaultclientid=iot-device-03, thingname=iot-device-03, thingid=877352b9-a35d-45d3-9c98-162d89965a13, thingarn=arn:aws:iot:us-east-1:507441099951:thing/iot-device-03, thingtypename=null, attributes={installed=1592562234, latitude=37.4133144, longitude=-122.1513069}, version=1, billinggroupname=null}","2020-11-26 00:00:00.000"
"iot-device-01","1.5946346156263044E9","75.8","67.28","false","false","0.0063","0.0038","0.0166","2020-11-26T17:15:45.278+0000","{defaultclientid=iot-device-01, thingname=iot-device-01, thingid=983c2b68-f9a3-4e83-b3c6-9f6f8ad5431b, thingarn=arn:aws:iot:us-east-1:507441099951:thing/iot-device-01, thingtypename=null, attributes={installed=1594665292, latitude=37.4133144, longitude=-122.1513069}, version=1, billinggroupname=null}","2020-11-26 00:00:00.000"
"iot-device-02","1.5946346168903801E9","59.6","74.66","true","false","0.0073","0.0046","0.0194","2020-11-26T17:15:45.569+0000","{defaultclientid=iot-device-02, thingname=iot-device-02, thingid=4ae4927a-aefb-4584-a45a-fc4839feffd6, thingarn=arn:aws:iot:us-east-1:507441099951:thing/iot-device-02, thingtypename=null, attributes={installed=1593361211, latitude=32.8205865, longitude=-96.871627}, version=1, billinggroupname=null}","2020-11-26 00:00:00.000"
"iot-device-03","1.5946346178533945E9","51.9","71.06","false","false","0.0078","0.0051","0.0209","2020-11-26T17:15:45.858+0000","{defaultclientid=iot-device-03, thingname=iot-device-03, thingid=877352b9-a35d-45d3-9c98-162d89965a13, thingarn=arn:aws:iot:us-east-1:507441099951:thing/iot-device-03, thingtypename=null, attributes={installed=1592562234, latitude=37.4133144, longitude=-122.1513069}, version=1, billinggroupname=null}","2020-11-26 00:00:00.000"
"iot-device-01","1.594634620515226E9","75.8","67.28","false","false","0.0064","0.0039","0.0169","2020-11-26T17:15:46.151+0000","{defaultclientid=iot-device-01, thingname=iot-device-01, thingid=983c2b68-f9a3-4e83-b3c6-9f6f8ad5431b, thingarn=arn:aws:iot:us-east-1:507441099951:thing/iot-device-01, thingtypename=null, attributes={installed=1594665292, latitude=37.4133144, longitude=-122.1513069}, version=1, billinggroupname=null}","2020-11-26 00:00:00.000"
"iot-device-03","1.5946346215027366E9","51.9","71.06","false","false","0.0078","0.0051","0.0209","2020-11-26T17:15:46.440+0000","{defaultclientid=iot-device-03, thingname=iot-device-03, thingid=877352b9-a35d-45d3-9c98-162d89965a13, thingarn=arn:aws:iot:us-east-1:507441099951:thing/iot-device-03, thingtypename=null, attributes={installed=1592562234, latitude=37.4133144, longitude=-122.1513069}, version=1, billinggroupname=null}","2020-11-26 00:00:00.000"
"iot-device-02","1.594634623376997E9","59.6","74.66","true","false","0.0073","0.0046","0.0194","2020-11-26T17:15:46.729+0000","{defaultclientid=iot-device-02, thingname=iot-device-02, thingid=4ae4927a-aefb-4584-a45a-fc4839feffd6, thingarn=arn:aws:iot:us-east-1:507441099951:thing/iot-device-02, thingtypename=null, attributes={installed=1593361211, latitude=32.8205865, longitude=-96.871627}, version=1, billinggroupname=null}","2020-11-26 00:00:00.000"
"iot-device-03","1.5946346251934125E9","51.9","71.06","false","false","0.0078","0.0051","0.0209","2020-11-26T17:15:47.035+0000","{defaultclientid=iot-device-03, thingname=iot-device-03, thingid=877352b9-a35d-45d3-9c98-162d89965a13, thingarn=arn:aws:iot:us-east-1:507441099951:thing/iot-device-03, thingtypename=null, attributes={installed=1592562234, latitude=37.4133144, longitude=-122.1513069}, version=1, billinggroupname=null}","2020-11-26 00:00:00.000"
"iot-device-02","1.5946346277180324E9","59.6","74.66","true","false","0.0073","0.0046","0.0194","2020-11-26T17:15:47.320+0000","{defaultclientid=iot-device-02, thingname=iot-device-02, thingid=4ae4927a-aefb-4584-a45a-fc4839feffd6, thingarn=arn:aws:iot:us-east-1:507441099951:thing/iot-device-02, thingtypename=null, attributes={installed=1593361211, latitude=32.8205865, longitude=-96.871627}, version=1, billinggroupname=null}","2020-11-26 00:00:00.000"
"iot-device-03","1.5946346288796813E9","51.9","71.06","false","false","0.0078","0.0051","0.0209","2020-11-26T17:15:47.608+0000","{defaultclientid=iot-device-03, thingname=iot-device-03, thingid=877352b9-a35d-45d3-9c98-162d89965a13, thingarn=arn:aws:iot:us-east-1:507441099951:thing/iot-device-03, thingtypename=null, attributes={installed=1592562234, latitude=37.4133144, longitude=-122.1513069}, version=1, billinggroupname=null}","2020-11-26 00:00:00.000"
"iot-device-03","1.5946346620172408E9","51.9","71.06","false","false","0.0078","0.0051","0.021","2020-11-26T17:15:53.843+0000","{defaultclientid=iot-device-03, thingname=iot-device-03, thingid=877352b9-a35d-45d3-9c98-162d89965a13, thingarn=arn:aws:iot:us-east-1:507441099951:thing/iot-device-03, thingtypename=null, attributes={installed=1592562234, latitude=37.4133144, longitude=-122.1513069}, version=1, billinggroupname=null}","2020-11-26 00:00:00.000"
"iot-device-01","1.5946346652698376E9","75.8","67.28","false","false","0.0062","0.0037","0.0164","2020-11-26T17:15:54.145+0000","{defaultclientid=iot-device-01, thingname=iot-device-01, thingid=983c2b68-f9a3-4e83-b3c6-9f6f8ad5431b, thingarn=arn:aws:iot:us-east-1:507441099951:thing/iot-device-01, thingtypename=null, attributes={installed=1594665292, latitude=37.4133144, longitude=-122.1513069}, version=1, billinggroupname=null}","2020-11-26 00:00:00.000"
"iot-device-03","1.5946346657039678E9","51.9","71.06","false","false","0.0078","0.0051","0.0209","2020-11-26T17:15:54.430+0000","{defaultclientid=iot-device-03, thingname=iot-device-03, thingid=877352b9-a35d-45d3-9c98-162d89965a13, thingarn=arn:aws:iot:us-east-1:507441099951:thing/iot-device-03, thingtypename=null, attributes={installed=1592562234, latitude=37.4133144, longitude=-122.1513069}, version=1, billinggroupname=null}","2020-11-26 00:00:00.000"
"iot-device-02","1.5946346672995493E9","59.7","74.66","true","false","0.0073","0.0047","0.0195","2020-11-26T17:15:54.734+0000","{defaultclientid=iot-device-02, thingname=iot-device-02, thingid=4ae4927a-aefb-4584-a45a-fc4839feffd6, thingarn=arn:aws:iot:us-east-1:507441099951:thing/iot-device-02, thingtypename=null, attributes={installed=1593361211, latitude=32.8205865, longitude=-96.871627}, version=1, billinggroupname=null}","2020-11-26 00:00:00.000"
"iot-device-03","1.5946346693900206E9","51.9","71.06","false","false","0.0078","0.0051","0.0209","2020-11-26T17:15:55.048+0000","{defaultclientid=iot-device-03, thingname=iot-device-03, thingid=877352b9-a35d-45d3-9c98-162d89965a13, thingarn=arn:aws:iot:us-east-1:507441099951:thing/iot-device-03, thingtypename=null, attributes={installed=1592562234, latitude=37.4133144, longitude=-122.1513069}, version=1, billinggroupname=null}","2020-11-26 00:00:00.000"
"iot-device-01","1.5946346707128868E9","75.8","67.46","false","false","0.0064","0.0039","0.0169","2020-11-26T17:15:55.328+0000","{defaultclientid=iot-device-01, thingname=iot-device-01, thingid=983c2b68-f9a3-4e83-b3c6-9f6f8ad5431b, thingarn=arn:aws:iot:us-east-1:507441099951:thing/iot-device-01, thingtypename=null, attributes={installed=1594665292, latitude=37.4133144, longitude=-122.1513069}, version=1, billinggroupname=null}","2020-11-26 00:00:00.000"
"iot-device-03","1.5946349754895144E9","51.9","71.06","false","false","0.0078","0.0051","0.0208","2020-11-26T17:15:55.627+0000","{defaultclientid=iot-device-03, thingname=iot-device-03, thingid=877352b9-a35d-45d3-9c98-162d89965a13, thingarn=arn:aws:iot:us-east-1:507441099951:thing/iot-device-03, thingtypename=null, attributes={installed=1592562234, latitude=37.4133144, longitude=-122.1513069}, version=1, billinggroupname=null}","2020-11-26 00:00:00.000"
"iot-device-02","1.594634977910243E9","59.6","74.66","true","false","0.0072","0.0046","0.0192","2020-11-26T17:15:55.908+0000","{defaultclientid=iot-device-02, thingname=iot-device-02, thingid=4ae4927a-aefb-4584-a45a-fc4839feffd6, thingarn=arn:aws:iot:us-east-1:507441099951:thing/iot-device-02, thingtypename=null, attributes={installed=1593361211, latitude=32.8205865, longitude=-96.871627}, version=1, billinggroupname=null}","2020-11-26 00:00:00.000"
"iot-device-03","1.5946349791731925E9","51.9","71.06","false","false","0.0078","0.0051","0.0209","2020-11-26T17:15:56.215+0000","{defaultclientid=iot-device-03, thingname=iot-device-03, thingid=877352b9-a35d-45d3-9c98-162d89965a13, thingarn=arn:aws:iot:us-east-1:507441099951:thing/iot-device-03, thingtypename=null, attributes={installed=1592562234, latitude=37.4133144, longitude=-122.1513069}, version=1, billinggroupname=null}","2020-11-26 00:00:00.000"
"iot-device-01","1.5946349792357955E9","75.9","67.46","false","false","0.0063","0.0038","0.0167","2020-11-26T17:15:56.510+0000","{defaultclientid=iot-device-01, thingname=iot-device-01, thingid=983c2b68-f9a3-4e83-b3c6-9f6f8ad5431b, thingarn=arn:aws:iot:us-east-1:507441099951:thing/iot-device-01, thingtypename=null, attributes={installed=1594665292, latitude=37.4133144, longitude=-122.1513069}, version=1, billinggroupname=null}","2020-11-26 00:00:00.000"
"iot-device-03","1.5946345957214804E9","51.8","70.88","false","false","0.0078","0.0051","0.0209","2020-11-26T17:15:42.022+0000","{defaultclientid=iot-device-03, thingname=iot-device-03, thingid=877352b9-a35d-45d3-9c98-162d89965a13, thingarn=arn:aws:iot:us-east-1:507441099951:thing/iot-device-03, thingtypename=null, attributes={installed=1592562234, latitude=37.4133144, longitude=-122.1513069}, version=1, billinggroupname=null}","2020-11-26 00:00:00.000"
"iot-device-02","1.5946345990539002E9","59.6","74.66","true","false","0.0072","0.0046","0.0192","2020-11-26T17:15:42.319+0000","{defaultclientid=iot-device-02, thingname=iot-device-02, thingid=4ae4927a-aefb-4584-a45a-fc4839feffd6, thingarn=arn:aws:iot:us-east-1:507441099951:thing/iot-device-02, thingtypename=null, attributes={installed=1593361211, latitude=32.8205865, longitude=-96.871627}, version=1, billinggroupname=null}","2020-11-26 00:00:00.000"
"iot-device-03","1.5946345994175663E9","51.9","71.06","false","false","0.0078","0.0051","0.021","2020-11-26T17:15:42.646+0000","{defaultclientid=iot-device-03, thingname=iot-device-03, thingid=877352b9-a35d-45d3-9c98-162d89965a13, thingarn=arn:aws:iot:us-east-1:507441099951:thing/iot-device-03, thingtypename=null, attributes={installed=1592562234, latitude=37.4133144, longitude=-122.1513069}, version=1, billinggroupname=null}","2020-11-26 00:00:00.000"
"iot-device-01","1.5946345999328756E9","75.8","67.28","false","false","0.0062","0.0037","0.0164","2020-11-26T17:15:42.941+0000","{defaultclientid=iot-device-01, thingname=iot-device-01, thingid=983c2b68-f9a3-4e83-b3c6-9f6f8ad5431b, thingarn=arn:aws:iot:us-east-1:507441099951:thing/iot-device-01, thingtypename=null, attributes={installed=1594665292, latitude=37.4133144, longitude=-122.1513069}, version=1, billinggroupname=null}","2020-11-26 00:00:00.000"
"iot-device-02","1.5946346028607266E9","59.6","74.66","true","false","0.0073","0.0046","0.0193","2020-11-26T17:15:43.245+0000","{defaultclientid=iot-device-02, thingname=iot-device-02, thingid=4ae4927a-aefb-4584-a45a-fc4839feffd6, thingarn=arn:aws:iot:us-east-1:507441099951:thing/iot-device-02, thingtypename=null, attributes={installed=1593361211, latitude=32.8205865, longitude=-96.871627}, version=1, billinggroupname=null}","2020-11-26 00:00:00.000"
"iot-device-03","1.594634603105269E9","51.8","70.88","false","false","0.0078","0.0051","0.0209","2020-11-26T17:15:43.541+0000","{defaultclientid=iot-device-03, thingname=iot-device-03, thingid=877352b9-a35d-45d3-9c98-162d89965a13, thingarn=arn:aws:iot:us-east-1:507441099951:thing/iot-device-03, thingtypename=null, attributes={installed=1592562234, latitude=37.4133144, longitude=-122.1513069}, version=1, billinggroupname=null}","2020-11-26 00:00:00.000"
"iot-device-03","1.5946346067929418E9","51.9","71.06","false","false","0.0079","0.0051","0.021","2020-11-26T17:15:43.829+0000","{defaultclientid=iot-device-03, thingname=iot-device-03, thingid=877352b9-a35d-45d3-9c98-162d89965a13, thingarn=arn:aws:iot:us-east-1:507441099951:thing/iot-device-03, thingtypename=null, attributes={installed=1592562234, latitude=37.4133144, longitude=-122.1513069}, version=1, billinggroupname=null}","2020-11-26 00:00:00.000"
"iot-device-01","1.5946346069766965E9","75.8","67.28","false","false","0.0063","0.0038","0.0165","2020-11-26T17:15:44.121+0000","{defaultclientid=iot-device-01, thingname=iot-device-01, thingid=983c2b68-f9a3-4e83-b3c6-9f6f8ad5431b, thingarn=arn:aws:iot:us-east-1:507441099951:thing/iot-device-01, thingtypename=null, attributes={installed=1594665292, latitude=37.4133144, longitude=-122.1513069}, version=1, billinggroupname=null}","2020-11-26 00:00:00.000"
"iot-device-02","1.5946346098757415E9","59.7","74.66","true","false","0.0073","0.0046","0.0194","2020-11-26T17:15:44.411+0000","{defaultclientid=iot-device-02, thingname=iot-device-02, thingid=4ae4927a-aefb-4584-a45a-fc4839feffd6, thingarn=arn:aws:iot:us-east-1:507441099951:thing/iot-device-02, thingtypename=null, attributes={installed=1593361211, latitude=32.8205865, longitude=-96.871627}, version=1, billinggroupname=null}","2020-11-26 00:00:00.000"
"iot-device-03","1.594634610480491E9","51.9","71.06","false","false","0.0078","0.0051","0.0209","2020-11-26T17:15:44.701+0000","{defaultclientid=iot-device-03, thingname=iot-device-03, thingid=877352b9-a35d-45d3-9c98-162d89965a13, thingarn=arn:aws:iot:us-east-1:507441099951:thing/iot-device-03, thingtypename=null, attributes={installed=1592562234, latitude=37.4133144, longitude=-122.1513069}, version=1, billinggroupname=null}","2020-11-26 00:00:00.000"
"iot-device-03","1.5946349976006298E9","51.9","71.06","false","false","0.0078","0.0051","0.021","2020-11-26T17:15:59.748+0000","{defaultclientid=iot-device-03, thingname=iot-device-03, thingid=877352b9-a35d-45d3-9c98-162d89965a13, thingarn=arn:aws:iot:us-east-1:507441099951:thing/iot-device-03, thingtypename=null, attributes={installed=1592562234, latitude=37.4133144, longitude=-122.1513069}, version=1, billinggroupname=null}","2020-11-26 00:00:00.000"
"iot-device-03","1.5946346472771964E9","51.9","70.88","false","false","0.0078","0.0051","0.0209","2020-11-26T17:15:50.929+0000","{defaultclientid=iot-device-03, thingname=iot-device-03, thingid=877352b9-a35d-45d3-9c98-162d89965a13, thingarn=arn:aws:iot:us-east-1:507441099951:thing/iot-device-03, thingtypename=null, attributes={installed=1592562234, latitude=37.4133144, longitude=-122.1513069}, version=1, billinggroupname=null}","2020-11-26 00:00:00.000"
"iot-device-02","1.594634648859284E9","59.6","74.66","true","false","0.0073","0.0046","0.0193","2020-11-26T17:15:51.219+0000","{defaultclientid=iot-device-02, thingname=iot-device-02, thingid=4ae4927a-aefb-4584-a45a-fc4839feffd6, thingarn=arn:aws:iot:us-east-1:507441099951:thing/iot-device-02, thingtypename=null, attributes={installed=1593361211, latitude=32.8205865, longitude=-96.871627}, version=1, billinggroupname=null}","2020-11-26 00:00:00.000"
"iot-device-03","1.5946346509638596E9","51.9","70.88","false","false","0.0078","0.0051","0.0209","2020-11-26T17:15:51.514+0000","{defaultclientid=iot-device-03, thingname=iot-device-03, thingid=877352b9-a35d-45d3-9c98-162d89965a13, thingarn=arn:aws:iot:us-east-1:507441099951:thing/iot-device-03, thingtypename=null, attributes={installed=1592562234, latitude=37.4133144, longitude=-122.1513069}, version=1, billinggroupname=null}","2020-11-26 00:00:00.000"
"iot-device-02","1.5946346526684642E9","59.6","74.66","true","false","0.0072","0.0046","0.0192","2020-11-26T17:15:51.818+0000","{defaultclientid=iot-device-02, thingname=iot-device-02, thingid=4ae4927a-aefb-4584-a45a-fc4839feffd6, thingarn=arn:aws:iot:us-east-1:507441099951:thing/iot-device-02, thingtypename=null, attributes={installed=1593361211, latitude=32.8205865, longitude=-96.871627}, version=1, billinggroupname=null}","2020-11-26 00:00:00.000"
"iot-device-03","1.5946346546487005E9","51.9","70.88","false","false","0.0078","0.0051","0.021","2020-11-26T17:15:52.098+0000","{defaultclientid=iot-device-03, thingname=iot-device-03, thingid=877352b9-a35d-45d3-9c98-162d89965a13, thingarn=arn:aws:iot:us-east-1:507441099951:thing/iot-device-03, thingtypename=null, attributes={installed=1592562234, latitude=37.4133144, longitude=-122.1513069}, version=1, billinggroupname=null}","2020-11-26 00:00:00.000"
"iot-device-01","1.594634654943891E9","75.9","67.28","false","false","0.0063","0.0038","0.0166","2020-11-26T17:15:52.389+0000","{defaultclientid=iot-device-01, thingname=iot-device-01, thingid=983c2b68-f9a3-4e83-b3c6-9f6f8ad5431b, thingarn=arn:aws:iot:us-east-1:507441099951:thing/iot-device-01, thingtypename=null, attributes={installed=1594665292, latitude=37.4133144, longitude=-122.1513069}, version=1, billinggroupname=null}","2020-11-26 00:00:00.000"
"iot-device-02","1.5946346570104446E9","59.6","74.66","true","false","0.0073","0.0047","0.0195","2020-11-26T17:15:52.686+0000","{defaultclientid=iot-device-02, thingname=iot-device-02, thingid=4ae4927a-aefb-4584-a45a-fc4839feffd6, thingarn=arn:aws:iot:us-east-1:507441099951:thing/iot-device-02, thingtypename=null, attributes={installed=1593361211, latitude=32.8205865, longitude=-96.871627}, version=1, billinggroupname=null}","2020-11-26 00:00:00.000"
"iot-device-03","1.5946346583327243E9","51.9","71.06","false","false","0.0078","0.0051","0.021","2020-11-26T17:15:52.977+0000","{defaultclientid=iot-device-03, thingname=iot-device-03, thingid=877352b9-a35d-45d3-9c98-162d89965a13, thingarn=arn:aws:iot:us-east-1:507441099951:thing/iot-device-03, thingtypename=null, attributes={installed=1592562234, latitude=37.4133144, longitude=-122.1513069}, version=1, billinggroupname=null}","2020-11-26 00:00:00.000"
"iot-device-01","1.594634659834444E9","75.8","67.46","false","false","0.0064","0.0038","0.0168","2020-11-26T17:15:53.269+0000","{defaultclientid=iot-device-01, thingname=iot-device-01, thingid=983c2b68-f9a3-4e83-b3c6-9f6f8ad5431b, thingarn=arn:aws:iot:us-east-1:507441099951:thing/iot-device-01, thingtypename=null, attributes={installed=1594665292, latitude=37.4133144, longitude=-122.1513069}, version=1, billinggroupname=null}","2020-11-26 00:00:00.000"
"iot-device-02","1.594634661354191E9","59.7","74.66","true","false","0.0073","0.0046","0.0193","2020-11-26T17:15:53.548+0000","{defaultclientid=iot-device-02, thingname=iot-device-02, thingid=4ae4927a-aefb-4584-a45a-fc4839feffd6, thingarn=arn:aws:iot:us-east-1:507441099951:thing/iot-device-02, thingtypename=null, attributes={installed=1593361211, latitude=32.8205865, longitude=-96.871627}, version=1, billinggroupname=null}","2020-11-26 00:00:00.000"
"iot-device-03","1.594634632565915E9","51.9","71.06","false","false","0.0078","0.0051","0.0209","2020-11-26T17:15:47.902+0000","{defaultclientid=iot-device-03, thingname=iot-device-03, thingid=877352b9-a35d-45d3-9c98-162d89965a13, thingarn=arn:aws:iot:us-east-1:507441099951:thing/iot-device-03, thingtypename=null, attributes={installed=1592562234, latitude=37.4133144, longitude=-122.1513069}, version=1, billinggroupname=null}","2020-11-26 00:00:00.000"
"iot-device-01","1.5946346342677119E9","75.8","67.28","false","false","0.0063","0.0038","0.0166","2020-11-26T17:15:48.189+0000","{defaultclientid=iot-device-01, thingname=iot-device-01, thingid=983c2b68-f9a3-4e83-b3c6-9f6f8ad5431b, thingarn=arn:aws:iot:us-east-1:507441099951:thing/iot-device-01, thingtypename=null, attributes={installed=1594665292, latitude=37.4133144, longitude=-122.1513069}, version=1, billinggroupname=null}","2020-11-26 00:00:00.000"
"iot-device-02","1.5946346358065546E9","59.6","74.66","true","false","0.0073","0.0046","0.0194","2020-11-26T17:15:48.478+0000","{defaultclientid=iot-device-02, thingname=iot-device-02, thingid=4ae4927a-aefb-4584-a45a-fc4839feffd6, thingarn=arn:aws:iot:us-east-1:507441099951:thing/iot-device-02, thingtypename=null, attributes={installed=1593361211, latitude=32.8205865, longitude=-96.871627}, version=1, billinggroupname=null}","2020-11-26 00:00:00.000"
"iot-device-03","1.594634636252331E9","51.9","71.06","false","false","0.0078","0.0051","0.0209","2020-11-26T17:15:48.770+0000","{defaultclientid=iot-device-03, thingname=iot-device-03, thingid=877352b9-a35d-45d3-9c98-162d89965a13, thingarn=arn:aws:iot:us-east-1:507441099951:thing/iot-device-03, thingtypename=null, attributes={installed=1592562234, latitude=37.4133144, longitude=-122.1513069}, version=1, billinggroupname=null}","2020-11-26 00:00:00.000"
"iot-device-01","1.594634639161175E9","75.8","67.46","false","false","0.0064","0.0038","0.0168","2020-11-26T17:15:49.070+0000","{defaultclientid=iot-device-01, thingname=iot-device-01, thingid=983c2b68-f9a3-4e83-b3c6-9f6f8ad5431b, thingarn=arn:aws:iot:us-east-1:507441099951:thing/iot-device-01, thingtypename=null, attributes={installed=1594665292, latitude=37.4133144, longitude=-122.1513069}, version=1, billinggroupname=null}","2020-11-26 00:00:00.000"
"iot-device-03","1.5946346399350731E9","51.9","71.06","false","false","0.0078","0.0051","0.0209","2020-11-26T17:15:49.359+0000","{defaultclientid=iot-device-03, thingname=iot-device-03, thingid=877352b9-a35d-45d3-9c98-162d89965a13, thingarn=arn:aws:iot:us-east-1:507441099951:thing/iot-device-03, thingtypename=null, attributes={installed=1592562234, latitude=37.4133144, longitude=-122.1513069}, version=1, billinggroupname=null}","2020-11-26 00:00:00.000"
"iot-device-02","1.59463464014985E9","59.6","74.66","true","false","0.0072","0.0046","0.0192","2020-11-26T17:15:49.744+0000","{defaultclientid=iot-device-02, thingname=iot-device-02, thingid=4ae4927a-aefb-4584-a45a-fc4839feffd6, thingarn=arn:aws:iot:us-east-1:507441099951:thing/iot-device-02, thingtypename=null, attributes={installed=1593361211, latitude=32.8205865, longitude=-96.871627}, version=1, billinggroupname=null}","2020-11-26 00:00:00.000"
"iot-device-03","1.5946346436167376E9","51.9","71.06","false","false","0.0078","0.0051","0.0209","2020-11-26T17:15:50.038+0000","{defaultclientid=iot-device-03, thingname=iot-device-03, thingid=877352b9-a35d-45d3-9c98-162d89965a13, thingarn=arn:aws:iot:us-east-1:507441099951:thing/iot-device-03, thingtypename=null, attributes={installed=1592562234, latitude=37.4133144, longitude=-122.1513069}, version=1, billinggroupname=null}","2020-11-26 00:00:00.000"
"iot-device-02","1.5946346445117016E9","59.6","74.66","true","false","0.0073","0.0046","0.0194","2020-11-26T17:15:50.329+0000","{defaultclientid=iot-device-02, thingname=iot-device-02, thingid=4ae4927a-aefb-4584-a45a-fc4839feffd6, thingarn=arn:aws:iot:us-east-1:507441099951:thing/iot-device-02, thingtypename=null, attributes={installed=1593361211, latitude=32.8205865, longitude=-96.871627}, version=1, billinggroupname=null}","2020-11-26 00:00:00.000"
"iot-device-01","1.5946346446004891E9","75.7","67.28","false","false","0.0062","0.0037","0.0164","2020-11-26T17:15:50.631+0000","{defaultclientid=iot-device-01, thingname=iot-device-01, thingid=983c2b68-f9a3-4e83-b3c6-9f6f8ad5431b, thingarn=arn:aws:iot:us-east-1:507441099951:thing/iot-device-01, thingtypename=null, attributes={installed=1594665292, latitude=37.4133144, longitude=-122.1513069}, version=1, billinggroupname=null}","2020-11-26 00:00:00.000"
"iot-device-02","1.5946349817207384E9","59.6","74.66","true","false","0.0072","0.0046","0.0192","2020-11-26T17:15:56.811+0000","{defaultclientid=iot-device-02, thingname=iot-device-02, thingid=4ae4927a-aefb-4584-a45a-fc4839feffd6, thingarn=arn:aws:iot:us-east-1:507441099951:thing/iot-device-02, thingtypename=null, attributes={installed=1593361211, latitude=32.8205865, longitude=-96.871627}, version=1, billinggroupname=null}","2020-11-26 00:00:00.000"
"iot-device-03","1.5946349828569198E9","51.9","71.06","false","false","0.0078","0.0051","0.0209","2020-11-26T17:15:57.100+0000","{defaultclientid=iot-device-03, thingname=iot-device-03, thingid=877352b9-a35d-45d3-9c98-162d89965a13, thingarn=arn:aws:iot:us-east-1:507441099951:thing/iot-device-03, thingtypename=null, attributes={installed=1592562234, latitude=37.4133144, longitude=-122.1513069}, version=1, billinggroupname=null}","2020-11-26 00:00:00.000"
"iot-device-02","1.5946349855303545E9","59.7","74.66","true","false","0.0071","0.0045","0.0189","2020-11-26T17:15:57.390+0000","{defaultclientid=iot-device-02, thingname=iot-device-02, thingid=4ae4927a-aefb-4584-a45a-fc4839feffd6, thingarn=arn:aws:iot:us-east-1:507441099951:thing/iot-device-02, thingtypename=null, attributes={installed=1593361211, latitude=32.8205865, longitude=-96.871627}, version=1, billinggroupname=null}","2020-11-26 00:00:00.000"
"iot-device-03","1.5946349865428898E9","51.9","71.06","false","false","0.0078","0.0051","0.0209","2020-11-26T17:15:57.691+0000","{defaultclientid=iot-device-03, thingname=iot-device-03, thingid=877352b9-a35d-45d3-9c98-162d89965a13, thingarn=arn:aws:iot:us-east-1:507441099951:thing/iot-device-03, thingtypename=null, attributes={installed=1592562234, latitude=37.4133144, longitude=-122.1513069}, version=1, billinggroupname=null}","2020-11-26 00:00:00.000"
"iot-device-03","1.5946349902287312E9","51.9","71.06","false","false","0.0078","0.0051","0.0209","2020-11-26T17:15:57.991+0000","{defaultclientid=iot-device-03, thingname=iot-device-03, thingid=877352b9-a35d-45d3-9c98-162d89965a13, thingarn=arn:aws:iot:us-east-1:507441099951:thing/iot-device-03, thingtypename=null, attributes={installed=1592562234, latitude=37.4133144, longitude=-122.1513069}, version=1, billinggroupname=null}","2020-11-26 00:00:00.000"
"iot-device-02","1.5946349904102807E9","59.7","74.66","true","false","0.0072","0.0045","0.0191","2020-11-26T17:15:58.280+0000","{defaultclientid=iot-device-02, thingname=iot-device-02, thingid=4ae4927a-aefb-4584-a45a-fc4839feffd6, thingarn=arn:aws:iot:us-east-1:507441099951:thing/iot-device-02, thingtypename=null, attributes={installed=1593361211, latitude=32.8205865, longitude=-96.871627}, version=1, billinggroupname=null}","2020-11-26 00:00:00.000"
"iot-device-01","1.5946349905708475E9","75.8","67.46","false","false","0.0064","0.0039","0.0169","2020-11-26T17:15:58.576+0000","{defaultclientid=iot-device-01, thingname=iot-device-01, thingid=983c2b68-f9a3-4e83-b3c6-9f6f8ad5431b, thingarn=arn:aws:iot:us-east-1:507441099951:thing/iot-device-01, thingtypename=null, attributes={installed=1594665292, latitude=37.4133144, longitude=-122.1513069}, version=1, billinggroupname=null}","2020-11-26 00:00:00.000"
"iot-device-03","1.5946349939146302E9","51.9","70.88","false","false","0.0078","0.0051","0.0209","2020-11-26T17:15:58.869+0000","{defaultclientid=iot-device-03, thingname=iot-device-03, thingid=877352b9-a35d-45d3-9c98-162d89965a13, thingarn=arn:aws:iot:us-east-1:507441099951:thing/iot-device-03, thingtypename=null, attributes={installed=1592562234, latitude=37.4133144, longitude=-122.1513069}, version=1, billinggroupname=null}","2020-11-26 00:00:00.000"
"iot-device-02","1.5946349952881002E9","59.7","74.66","true","false","0.0072","0.0046","0.0192","2020-11-26T17:15:59.171+0000","{defaultclientid=iot-device-02, thingname=iot-device-02, thingid=4ae4927a-aefb-4584-a45a-fc4839feffd6, thingarn=arn:aws:iot:us-east-1:507441099951:thing/iot-device-02, thingtypename=null, attributes={installed=1593361211, latitude=32.8205865, longitude=-96.871627}, version=1, billinggroupname=null}","2020-11-26 00:00:00.000"
"iot-device-01","1.5946349965364053E9","75.8","67.46","false","false","0.0062","0.0037","0.0164","2020-11-26T17:15:59.460+0000","{defaultclientid=iot-device-01, thingname=iot-device-01, thingid=983c2b68-f9a3-4e83-b3c6-9f6f8ad5431b, thingarn=arn:aws:iot:us-east-1:507441099951:thing/iot-device-01, thingtypename=null, attributes={installed=1594665292, latitude=37.4133144, longitude=-122.1513069}, version=1, billinggroupname=null}","2020-11-26 00:00:00.000"
"iot-device-03","1.594634522094322E9","51.7","70.88","false","false","0.0078","0.0051","0.0209","2020-11-26T17:15:30.104+0000","{defaultclientid=iot-device-03, thingname=iot-device-03, thingid=877352b9-a35d-45d3-9c98-162d89965a13, thingarn=arn:aws:iot:us-east-1:507441099951:thing/iot-device-03, thingtypename=null, attributes={installed=1592562234, latitude=37.4133144, longitude=-122.1513069}, version=1, billinggroupname=null}","2020-11-26 00:00:00.000"
"iot-device-01","1.5946345253547602E9","75.7","67.28","false","false","0.0063","0.0038","0.0167","2020-11-26T17:15:30.417+0000","{defaultclientid=iot-device-01, thingname=iot-device-01, thingid=983c2b68-f9a3-4e83-b3c6-9f6f8ad5431b, thingarn=arn:aws:iot:us-east-1:507441099951:thing/iot-device-01, thingtypename=null, attributes={installed=1594665292, latitude=37.4133144, longitude=-122.1513069}, version=1, billinggroupname=null}","2020-11-26 00:00:00.000"
"iot-device-03","1.5946345257801304E9","51.8","71.06","false","false","0.0078","0.0051","0.021","2020-11-26T17:15:30.712+0000","{defaultclientid=iot-device-03, thingname=iot-device-03, thingid=877352b9-a35d-45d3-9c98-162d89965a13, thingarn=arn:aws:iot:us-east-1:507441099951:thing/iot-device-03, thingtypename=null, attributes={installed=1592562234, latitude=37.4133144, longitude=-122.1513069}, version=1, billinggroupname=null}","2020-11-26 00:00:00.000"
"iot-device-01","1.5946345291697586E9","75.7","67.28","false","false","0.0063","0.0038","0.0166","2020-11-26T17:15:31.001+0000","{defaultclientid=iot-device-01, thingname=iot-device-01, thingid=983c2b68-f9a3-4e83-b3c6-9f6f8ad5431b, thingarn=arn:aws:iot:us-east-1:507441099951:thing/iot-device-01, thingtypename=null, attributes={installed=1594665292, latitude=37.4133144, longitude=-122.1513069}, version=1, billinggroupname=null}","2020-11-26 00:00:00.000"
"iot-device-03","1.594634529466317E9","51.8","71.06","false","false","0.0079","0.0051","0.021","2020-11-26T17:15:31.299+0000","{defaultclientid=iot-device-03, thingname=iot-device-03, thingid=877352b9-a35d-45d3-9c98-162d89965a13, thingarn=arn:aws:iot:us-east-1:507441099951:thing/iot-device-03, thingtypename=null, attributes={installed=1592562234, latitude=37.4133144, longitude=-122.1513069}, version=1, billinggroupname=null}","2020-11-26 00:00:00.000"
"iot-device-02","1.594634529508701E9","59.6","74.66","true","false","0.0072","0.0046","0.0193","2020-11-26T17:15:31.595+0000","{defaultclientid=iot-device-02, thingname=iot-device-02, thingid=4ae4927a-aefb-4584-a45a-fc4839feffd6, thingarn=arn:aws:iot:us-east-1:507441099951:thing/iot-device-02, thingtypename=null, attributes={installed=1593361211, latitude=32.8205865, longitude=-96.871627}, version=1, billinggroupname=null}","2020-11-26 00:00:00.000"
"iot-device-03","1.59463453315265E9","51.7","70.88","false","false","0.0078","0.0051","0.0209","2020-11-26T17:15:31.889+0000","{defaultclientid=iot-device-03, thingname=iot-device-03, thingid=877352b9-a35d-45d3-9c98-162d89965a13, thingarn=arn:aws:iot:us-east-1:507441099951:thing/iot-device-03, thingtypename=null, attributes={installed=1592562234, latitude=37.4133144, longitude=-122.1513069}, version=1, billinggroupname=null}","2020-11-26 00:00:00.000"
"iot-device-02","1.5946345365272305E9","59.7","74.66","true","false","0.0072","0.0046","0.0192","2020-11-26T17:15:32.192+0000","{defaultclientid=iot-device-02, thingname=iot-device-02, thingid=4ae4927a-aefb-4584-a45a-fc4839feffd6, thingarn=arn:aws:iot:us-east-1:507441099951:thing/iot-device-02, thingtypename=null, attributes={installed=1593361211, latitude=32.8205865, longitude=-96.871627}, version=1, billinggroupname=null}","2020-11-26 00:00:00.000"
"iot-device-03","1.594634536837809E9","51.8","71.06","false","false","0.0078","0.0051","0.0209","2020-11-26T17:15:32.494+0000","{defaultclientid=iot-device-03, thingname=iot-device-03, thingid=877352b9-a35d-45d3-9c98-162d89965a13, thingarn=arn:aws:iot:us-east-1:507441099951:thing/iot-device-03, thingtypename=null, attributes={installed=1592562234, latitude=37.4133144, longitude=-122.1513069}, version=1, billinggroupname=null}","2020-11-26 00:00:00.000"
"iot-device-01","1.594634538909077E9","75.7","67.28","false","false","0.0065","0.0039","0.017","2020-11-26T17:15:32.793+0000","{defaultclientid=iot-device-01, thingname=iot-device-01, thingid=983c2b68-f9a3-4e83-b3c6-9f6f8ad5431b, thingarn=arn:aws:iot:us-east-1:507441099951:thing/iot-device-01, thingtypename=null, attributes={installed=1594665292, latitude=37.4133144, longitude=-122.1513069}, version=1, billinggroupname=null}","2020-11-26 00:00:00.000"
"iot-device-03","1.5946345405238564E9","51.8","70.88","false","false","0.0078","0.0051","0.0209","2020-11-26T17:15:33.079+0000","{defaultclientid=iot-device-03, thingname=iot-device-03, thingid=877352b9-a35d-45d3-9c98-162d89965a13, thingarn=arn:aws:iot:us-east-1:507441099951:thing/iot-device-03, thingtypename=null, attributes={installed=1592562234, latitude=37.4133144, longitude=-122.1513069}, version=1, billinggroupname=null}","2020-11-26 00:00:00.000"
"iot-device-02","1.5946345408709204E9","59.6","74.66","true","false","0.0073","0.0046","0.0193","2020-11-26T17:15:33.369+0000","{defaultclientid=iot-device-02, thingname=iot-device-02, thingid=4ae4927a-aefb-4584-a45a-fc4839feffd6, thingarn=arn:aws:iot:us-east-1:507441099951:thing/iot-device-02, thingtypename=null, attributes={installed=1593361211, latitude=32.8205865, longitude=-96.871627}, version=1, billinggroupname=null}","2020-11-26 00:00:00.000"
"iot-device-03","1.5946345442098124E9","51.8","70.88","false","false","0.0079","0.0051","0.021","2020-11-26T17:15:33.670+0000","{defaultclientid=iot-device-03, thingname=iot-device-03, thingid=877352b9-a35d-45d3-9c98-162d89965a13, thingarn=arn:aws:iot:us-east-1:507441099951:thing/iot-device-03, thingtypename=null, attributes={installed=1592562234, latitude=37.4133144, longitude=-122.1513069}, version=1, billinggroupname=null}","2020-11-26 00:00:00.000"
"iot-device-01","1.5946345454229016E9","75.7","67.28","false","false","0.0063","0.0038","0.0166","2020-11-26T17:15:33.959+0000","{defaultclientid=iot-device-01, thingname=iot-device-01, thingid=983c2b68-f9a3-4e83-b3c6-9f6f8ad5431b, thingarn=arn:aws:iot:us-east-1:507441099951:thing/iot-device-01, thingtypename=null, attributes={installed=1594665292, latitude=37.4133144, longitude=-122.1513069}, version=1, billinggroupname=null}","2020-11-26 00:00:00.000"
"iot-device-02","1.594634546813498E9","59.6","74.66","true","false","0.0072","0.0045","0.019","2020-11-26T17:15:34.291+0000","{defaultclientid=iot-device-02, thingname=iot-device-02, thingid=4ae4927a-aefb-4584-a45a-fc4839feffd6, thingarn=arn:aws:iot:us-east-1:507441099951:thing/iot-device-02, thingtypename=null, attributes={installed=1593361211, latitude=32.8205865, longitude=-96.871627}, version=1, billinggroupname=null}","2020-11-26 00:00:00.000"
"iot-device-03","1.594634547895565E9","51.8","71.06","false","false","0.0078","0.0051","0.0209","2020-11-26T17:15:34.591+0000","{defaultclientid=iot-device-03, thingname=iot-device-03, thingid=877352b9-a35d-45d3-9c98-162d89965a13, thingarn=arn:aws:iot:us-east-1:507441099951:thing/iot-device-03, thingtypename=null, attributes={installed=1592562234, latitude=37.4133144, longitude=-122.1513069}, version=1, billinggroupname=null}","2020-11-26 00:00:00.000"
"iot-device-01","1.5946345492363186E9","75.8","67.46","false","false","0.0063","0.0038","0.0166","2020-11-26T17:15:34.889+0000","{defaultclientid=iot-device-01, thingname=iot-device-01, thingid=983c2b68-f9a3-4e83-b3c6-9f6f8ad5431b, thingarn=arn:aws:iot:us-east-1:507441099951:thing/iot-device-01, thingtypename=null, attributes={installed=1594665292, latitude=37.4133144, longitude=-122.1513069}, version=1, billinggroupname=null}","2020-11-26 00:00:00.000"
"iot-device-03","1.5946345515813575E9","51.8","71.06","false","false","0.0078","0.0051","0.0209","2020-11-26T17:15:35.182+0000","{defaultclientid=iot-device-03, thingname=iot-device-03, thingid=877352b9-a35d-45d3-9c98-162d89965a13, thingarn=arn:aws:iot:us-east-1:507441099951:thing/iot-device-03, thingtypename=null, attributes={installed=1592562234, latitude=37.4133144, longitude=-122.1513069}, version=1, billinggroupname=null}","2020-11-26 00:00:00.000"
"iot-device-01","1.5946345536023288E9","75.6","67.28","false","false","0.0063","0.0038","0.0166","2020-11-26T17:15:35.471+0000","{defaultclientid=iot-device-01, thingname=iot-device-01, thingid=983c2b68-f9a3-4e83-b3c6-9f6f8ad5431b, thingarn=arn:aws:iot:us-east-1:507441099951:thing/iot-device-01, thingtypename=null, attributes={installed=1594665292, latitude=37.4133144, longitude=-122.1513069}, version=1, billinggroupname=null}","2020-11-26 00:00:00.000"
"iot-device-03","1.5946345552674925E9","51.8","70.88","false","false","0.0078","0.0051","0.0209","2020-11-26T17:15:35.771+0000","{defaultclientid=iot-device-03, thingname=iot-device-03, thingid=877352b9-a35d-45d3-9c98-162d89965a13, thingarn=arn:aws:iot:us-east-1:507441099951:thing/iot-device-03, thingtypename=null, attributes={installed=1592562234, latitude=37.4133144, longitude=-122.1513069}, version=1, billinggroupname=null}","2020-11-26 00:00:00.000"
